848
848
848
848
848
848
848
848
848
838
818
818
818
818
818
818
804
804
780
780
773
773
773
773
741
741
741
741
741
741
741
741
741
741
741
741
741
737
737
737
737
737
737
737
737
737
737
737
737
737
707
707
707
707
707
707
707
707
707
707
707
707
707
707
707
707
707
707
707
707
707
707
652
645
645
645
645
645
645
625
625
625
625
625
625
625
620
606
606
606
606
606
606
619
619
619
619
619
619
619
619
619
619
619
619
619
619
619
619
619
619
619
619
619
619
619
615
615
615
615
615
612
612
612
612
612
612
604
604
604
604
604
604
604
604
546
546
546
546
546
541
541
545
545
545
545
545
545
545
545
545
545
545
545
524
524
524
524
524
524
524
524
524
524
470
470
470
470
470
470
470
470
470
470
470
470
470
470
470
468
468
468
468
468
468
468
468
468
468
468
468
468
468
468
468
468
468
468
468
468
468
468
468
468
468
468
468
468
468
468
468
468
468
468
468
468
468
468
468
468
468
468
468
468
468
468
459
459
459
460
460
460
460
460
460
460
422
422
422
422
422
422
422
422
422
422
422
422
417
417
417
384
384
384
384
384
384
384
384
384
384
384
383
383
383
383
383
383
383
383
383
383
383
383
383
383
383
383
383
314
314
314
314
314
314
314
314
314
314
314
314
314
314
314
314
314
310
310
310
310
310
310
310
310
310
310
310
310
310
310
310
310
307
307
307
307
307
307
307
307
307
307
307
307
307
307
307
307
307
307
307
307
307
307
307
307
292
292
292
292
292
292
292
292
292
292
292
292
292
292
292
292
292
292
292
292
292
292
292
292
292
292
292
292
281
281
281
281
281
281
281
281
281
279
279
279
279
279
279
279
279
279
279
279
279
279
279
279
279
279
279
279
279
279
279
279
279
279
279
279
279
279
279
279
279
279
279
279
279
279
279
279
279
279
279
279
279
279
279
279
279
279
279
279
279
279
279
279
279
279
279
281
281
281
281
281
281
281
281
281
281
281
281
281
281
281
281
281
281
281
281
281
281
281
281
281
281
281
281
281
281
281
281
281
281
281
281
281
281
281
281
281
281
281
281
281
157
157
157
157
157
157
157
157
157
157
157
157
157
157
157
157
157
157
157
157
157
157
157
157
157
157
157
157
157
157
157
157
157
157
157
157
157
157
157
157
157
157
157
157
157
157
157
157
157
157
157
157
157
157
157
157
157
157
157
157
157
157
157
157
161
161
161
161
161
161
161
161
161
161
161
161
161
161
161
161
161
161
161
161
161
161
161
161
161
161
161
161
161
161
161
161
161
161
161
161
161
161
161
161
161
161
161
161
161
159
159
159
159
159
159
159
159
159
159
159
159
159
159
159
159
159
159
159
159
159
159
159
159
159
159
159
159
159
159
159
159
159
159
159
159
159
159
159
159
159
159
159
159
159
159
159
159
159
159
159
159
159
159
159
159
159
159
159
159
159
159
159
159
159
159
159
159
159
159
159
159
159
159
154
154
154
154
154
154
154
154
154
154
154
154
154
154
154
154
154
157
157
157
155
155
155
155
155
155
155
155
155
155
155
155
155
152
152
152
150
150
150
150
150
150
152
148
146
146
146
146
146
146
146
146
146
146
146
146
146
146
146
146
142
142
142
142
142
142
142
142
142
142
142
142
142
142
142
142
142
142
142
142
142
142
142
142
142
142
142
142
142
142
142
142
142
142
142
142
142
142
146
146
146
146
146
146
146
146
146
146
146
146
146
146
146
146
146
146
146
146
146
146
146
146
146
146
146
146
146
146
146
146
146
146
146
146
146
146
146
146
146
146
146
146
146
146
146
146
146
146
146
146
146
146
146
146
146
146
146
146
146
146
146
146
146
146
146
146
146
146
146
146
146
146
146
146
146
146
146
146
146
146
146
146
146
146
146
146
146
146
146
146
146
146
146
145
145
145
145
145
145
145
145
145
145
145
143
143
143
143
143
143
143
143
143
143
143
143
143
143
143
143
143
143
143
145
145
145
145
145
145
145
145
145
145
145
145
145
145
145
145
145
145
