1000334 467 41
724 169 6500
962 358 1478
145 705 4464
961 827 3281
942 995 491
391 436 4827
153 902 4604
421 382 292
895 718 8716
771 726 5447
912 869 1538
35 299 5667
811 703 9894
673 333 1322
711 141 4664
547 868 8253
757 662 7644
723 859 37
778 529 9741
190 35 2316
106 288 1842
264 942 9040
805 446 2648
370 729 5890
101 6 5350
629 548 4393
954 84 2623
966 840 8756
308 931 7376
626 439 6944
538 537 1323
929 82 6118
115 833 6541
704 658 4639
306 977 9930
21 386 1673
72 924 8745
777 829 6270
512 97 5573
161 290 3986
767 355 8636
31 574 3655
150 350 2052
966 724 6941
191 107 3430
457 337 8007
383 753 2287
209 909 4945
588 221 9758
506 946 6422
168 413 3030
762 591 900
359 410 1655
548 537 7624
41 595 6483
291 350 3602
20 374 836
348 21 4596
484 668 3199
53 734 8281
938 418 1999
127 788 6900
893 728 467
807 483 4648
617 310 2421
309 514 2813
451 935 7616
519 249 600
303 798 1556
844 8 6224
702 989 2609
93 485 3195
587 523 4343
448 503 9314
618 458 5200
798 796 580
798 589 5281
472 157 8009
292 538 3622
190 179 6038
191 958 9657
156 888 9815
634 202 1511
328 55 4272
886 362 2646
869 433 8875
416 844 142
322 998 1881
699 21 8651
892 476 3557
712 75 4389
3 510 2600
688 861 6869
255 789 3401
585 2 6423
88 285 4182
757 617 1426
169 932 9832
189 721 2154
368 329 9976
555 425 8692
441 549 3434
60 145 9512
139 753 1718
996 279 2423
549 529 6687
949 866 7437
297 195 193
105 286 416
455 282 4488
701 114 5734
786 671 1316
355 313 2263
912 53 1185
945 832 808
321 756 4313
982 646 9558
196 144 481
161 129 222
173 450 5535
659 44 466
253 439 6292
510 154 24
186 649 4745
22 474 8313
787 18 2168
391 958 9905
477 625 202
824 314 4414
372 874 9334
70 833 159
518 297 7487
270 773 8177
192 668 1763
480 102 3985
802 627 9213
625 527 4099
23 924 1543
181 61 9972
505 432 1003
31 725 7593
222 142 8492
900 64 1286
413 360 9187
170 270 974
711 833 235
667 896 5760
140 550 7285
624 695 3694
576 125 8019
302 658 1694
678 466 7371
484 851 2593
119 464 1018
87 800 3152
10 926 1060
315 170 4757
43 227 9576
109 164 2758
565 86 7882
474 577 3487
629 627 2625
520 423 1928
123 962 6902
261 737 4596
264 525 195
116 202 8260
11 326 5030
547 411 771
790 520 1153
763 188 4924
662 851 4940
713 900 3829
365 578 8958
200 477 3007
303 439 6058
324 357 2760
113 108 6477
850 801 4887
993 428 4460
540 405 7384
835 704 1111
350 72 2356
556 485 8823
357 626 3216
337 357 8526
361 869 3271
617 22 2896
696 717 112
423 41 1585
565 229 4129
296 932 6559
962 53 9855
654 734 3584
369 457 6972
607 963 2532
635 911 2483
675 848 67
142 223 2938
741 511 3754
825 459 175
626 870 3221
783 205 1934
279 398 3850
734 193 2701
556 534 1637
705 176 1993
881 548 6962
641 413 300
142 855 9855
877 611 1462
752 678 424
673 296 8443
875 313 40
610 818 72
112 932 1017
831 169 695
685 488 40
589 497 9090
353 145 5990
740 651 9314
335 258 2044
605 192 8759
503 181 5264
608 775 3829
549 997 9292
627 561 9556
129 541 6467
174 813 1240
215 77 601
992 213 8683
392 601 5824
428 670 5759
75 84 8027
970 498 8786
604 847 6287
663 221 503
10 363 5706
240 489 2171
619 542 2164
704 591 913
750 232 1818
539 975 5205
98 422 303
648 584 1247
913 864 2971
712 545 1075
769 678 7546
985 519 5262
865 944 8289
508 245 8540
601 870 8318
472 132 8323
570 87 7152
103 901 9763
600 527 4423
565 15 6969
347 543 28
637 943 2088
49 463 2409
342 588 4681
221 60 608
888 954 1758
949 690 4146
620 430 2843
536 67 748
226 35 783
853 38 5185
748 224 5629
257 359 9923
955 944 4766
411 726 3318
1 355 1025
584 496 2549
342 964 9515
142 913 8075
72 948 1196
173 606 426
705 404 4429
375 812 626
36 565 93
814 141 4736
652 256 5994
482 838 3936
131 15 1355
625 841 8230
186 637 2011
662 650 9690
353 893 1634
8 452 1416
454 233 7262
303 634 6303
124 148 4256
109 213 2317
80 200 4028
50 858 1318
264 361 4155
643 676 1903
561 902 6909
282 948 8489
220 674 3653
831 923 5402
259 878 9369
971 619 9008
781 945 3
685 392 6504
589 698 5313
37 938 2722
234 461 6410
959 961 2508
269 515 6493
58 869 4937
264 971 4700
555 215 5117
39 330 7815
82 288 212
710 85 1954
380 774 4484
541 951 9815
110 679 8115
788 73 5898
956 132 3977
8 113 8689
723 790 2941
184 28 1363
71 200 4778
71 974 1885
153 867 1333
825 168 4295
650 629 9676
693 309 2598
116 80 4686
528 667 2249
421 864 6679
816 826 8405
666 726 7516
964 681 9087
21 686 1340
64 721 1662
902 415 9309
941 124 9873
423 762 2745
268 806 7531
907 602 9318
12 481 4307
114 630 1136
556 84 6809
996 293 2290
345 54 9152
491 248 4708
114 131 3712
722 958 6439
52 995 9704
238 479 5269
866 918 6423
486 498 7659
633 462 1196
146 22 2158
925 37 8392
602 458 647
830 98 807
278 600 9292
448 352 799
315 540 3882
567 762 4575
418 397 2336
851 828 9897
449 230 6816
229 658 6925
560 940 4520
655 162 5147
361 792 675
146 398 1754
188 946 8714
663 638 9569
521 515 5075
528 615 475
905 570 3234
962 557 9464
549 524 4161
923 330 7469
925 333 8350
336 737 910
393 278 8337
164 714 7636
135 949 1591
4 337 2505
664 623 6337
568 608 9970
152 85 9281
194 652 8373
396 826 9876
640 249 7572
943 819 9174
289 941 2611
805 565 8419
450 216 7585
64 609 1615
74 893 9166
695 300 3509
161 589 9573
358 968 1172
426 268 6031
774 422 8510
552 910 8779
495 391 4182
364 874 5764
460 255 4902
821 972 474
577 547 6122
195 605 9789
343 950 7594
12 481 754
428 439 1672
967 762 5912
908 415 4408
434 759 7223
319 486 5204
806 945 958
367 700 8166
532 787 7692
447 974 556
222 283 5021
583 376 9331
982 723 6948
220 776 2018
856 182 1111
324 925 9490
969 677 6486
677 534 1643
991 68 2668
828 783 2196
871 426 7727
703 612 697
545 408 1027
238 185 9508
313 443 4237
128 850 2501
149 650 2111
869 454 1192
267 465 681
634 793 7713
830 972 5472
177 442 4901
702 770 3877
590 381 4364
23 237 8823
169 595 2179
310 42 2327
926 58 8182
528 670 9487
213 258 5651
286 783 9860
472 610 2742
841 434 7128
867 503 718
881 938 4865
614 750 9257
661 458 8598
807 756 6063
435 489 278
586 75 6365
360 833 1386
928 48 3330
840 433 9492
810 735 6766
892 837 1599
352 328 1982
794 244 1369
647 252 6608
208 535 7432
243 497 3264
841 15 7649
812 100 189
851 523 648
891 633 4474
990 854 7200
780 919 5697
544 931 2578
899 487 3340
538 483 2525
252 193 7492
834 560 5011
785 497 1840
805 540 8529
210 392 8791
979 578 3549
73 277 971
497 620 193
790 276 3826
159 578 6582
159 489 418
72 924 3449
967 8 380
503 477 208
196 607 5370
611 722 2074
56 761 9019
683 163 2890
452 932 3716
813 954 2741
460 396 2862
599 904 615
198 680 136
584 387 7032
6 517 7240
882 241 8670
758 523 5249
95 621 2105
678 916 7296
58 579 178
7 750 7577
995 81 3729
753 676 2678
565 784 899
172 608 3093
514 929 1243
191 55 168
748 922 5973
144 986 5651
517 577 6446
874 916 4629
912 469 5791
91 693 8146
857 949 9815
236 52 640
226 487 8551
183 955 8162
97 180 8394
513 65 3065
78 578 9261
611 140 6878
170 445 1947
750 489 9975
865 333 6149
7 282 2214
367 896 7432
810 882 8522
187 231 7641
321 479 6705
447 351 6538
276 646 4208
422 189 5759
455 486 7666
860 614 2028
348 777 9253
431 861 2503
197 455 9082
821 752 2106
21 281 7296
124 947 4455
376 135 8318
998 859 1774
922 253 2074
888 643 635
747 232 8153
678 926 8680
961 801 6450
363 855 4199
561 573 5716
274 473 3245
181 353 1550
110 699 4287
172 465 8643
112 981 2529
247 381 3476
805 671 6890
989 32 2372
431 165 9320
206 293 9658
206 948 6578
396 166 7171
694 20 6697
109 788 5529
978 969 7984
626 15 1617
906 168 3684
118 97 5928
785 199 4390
420 199 4486
813 271 710
318 85 7415
267 331 3580
186 444 8387
827 360 4507
152 431 8074
693 268 271
311 337 9885
406 677 7604
413 22 7768
537 542 5000
355 388 38
181 647 3289
987 584 3093
217 493 761
447 482 9501
104 753 5665
525 95 5084
781 964 221
656 106 4872
80 593 3343
411 868 6080
251 968 3713
768 79 7216
933 531 7040
259 663 3779
95 936 6653
720 874 4365
976 680 6835
71 725 8455
156 559 4808
905 832 5602
562 375 440
80 962 2885
202 797 1836
340 80 508
493 58 2076
474 546 7740
880 97 4773
400 72 3335
666 955 707
481 588 4141
396 315 7168
12 9 6225
762 455 8136
21 742 5043
248 512 7922
717 368 6018
290 650 9714
169 759 3335
640 303 1895
105 199 1979
681 661 4791
33 753 3652
42 987 2029
420 83 6253
244 718 5814
652 229 1063
470 769 8864
594 47 5005
276 326 1487
679 540 1323
710 588 3990
221 945 9271
589 183 8470
779 978 3955
135 262 5006
33 196 3487
779 935 2088
962 790 5993
105 1 8965
669 567 1807
457 671 3134
597 545 2998
844 838 4218
28 563 7372
723 801 9264
601 604 3490
692 197 4227
301 363 9771
565 721 2363
610 445 7421
22 741 495
15 151 1812
738 393 8055
608 882 5279
707 822 2654
144 338 4245
154 339 2290
225 623 4604
981 724 78
223 733 2330
846 130 594
805 445 4987
489 750 8616
135 963 7338
630 209 4697
737 908 3224
372 920 4474
734 855 293
606 56 9561
382 75 8184
432 741 4119
279 779 4684
836 667 8283
737 118 4125
577 119 8028
556 91 737
901 60 2795
136 432 8793
907 875 4580
719 74 1184
41 476 6790
290 329 3351
591 72 2974
490 787 2189
53 893 3239
903 681 7063
479 176 7005
468 139 1695
639 83 3998
993 621 9515
838 722 5826
399 581 4828
23 891 8978
243 834 6943
707 702 7349
687 141 502
637 891 8346
816 400 8413
935 162 1690
877 410 9126
189 260 1382
663 874 6705
566 195 722
588 38 6360
467 245 7811
189 867 2425
547 63 542
99 617 502
203 226 5023
570 51 48
967 458 8636
531 405 8456
975 819 9962
495 531 556
803 591 8044
450 915 3388
791 272 2319
775 133 9383
300 569 4642
585 78 7954
893 333 2257
750 103 490
271 722 7233
338 990 9611
47 258 1641
479 658 2352
990 683 5302
422 568 2
8 135 6895
194 742 2361
178 188 3699
941 357 4042
345 469 1847
964 913 4380
385 61 5710
462 504 73
69 102 2703
552 529 5154
730 149 2074
49 844 2244
363 65 4118
470 773 9552
511 747 9731
498 398 5869
679 352 7103
522 43 8053
834 563 1088
240 22 9850
651 492 1911
616 477 8580
220 178 9876
798 348 4615
857 635 2179
902 662 2883
770 420 8262
841 273 9022
917 888 2686
698 892 1717
65 749 1267
619 932 389
130 3 6081
589 631 3028
172 630 3152
295 407 9864
490 681 5428
71 177 6610
643 459 5236
37 633 6840
274 630 3893
203 782 2993
662 290 7461
151 997 2307
717 890 8423
566 703 6640
659 661 4883
651 386 8245
840 601 2765
283 497 7209
421 58 9250
787 581 175
999 287 3271
138 979 2504
461 530 700
540 205 2118
622 459 8828
98 760 4398
614 481 2935
596 493 9567
538 746 9161
476 538 7670
371 917 1555
758 752 6760
65 255 5433
34 401 726
548 393 2759
193 792 7273
103 137 2933
694 211 3690
498 627 4668
879 248 989
931 149 1647
598 875 669
599 436 5449
731 443 123
434 861 8154
816 967 9385
866 704 1393
223 308 953
667 792 8684
930 469 48
90 814 811
604 743 5427
195 474 599
589 158 506
889 809 9858
818 40 1447
26 975 9364
66 503 5089
570 840 6412
641 395 4676
109 651 9986
85 83 8187
686 250 3390
128 381 4755
862 277 5502
872 565 6424
428 885 832
478 889 6646
265 925 883
778 45 1260
520 855 5821
134 773 2927
336 675 7251
737 1 6334
590 974 9310
80 71 356
282 145 935
573 718 1825
998 37 4712
717 162 9905
47 539 8692
231 103 946
858 839 4115
394 645 829
272 645 7199
72 862 675
238 480 3773
608 542 6897
125 277 9203
78 401 134
736 169 8382
138 939 7478
663 426 8721
724 575 1677
961 700 5981
448 2 8862
16 684 5095
993 507 5137
259 944 1284
643 58 821
119 677 7668
891 41 9857
915 623 5264
841 929 8072
536 615 4715
700 759 4957
241 93 3452
227 448 1829
324 224 1798
885 133 2274
862 170 5038
909 84 2629
85 923 4878
193 24 9400
765 412 3105
677 407 5767
790 704 3784
621 891 9834
190 734 8085
86 998 542
424 621 2018
254 376 2597
927 108 9669
366 68 2493
600 438 9102
290 318 819
556 339 4984
478 632 5808
239 787 6814
827 20 8074
441 988 2554
2 642 6798
946 104 6321
833 509 7056
533 761 7708
385 804 686
260 842 142
343 620 2161
113 187 9578
934 591 3063
761 656 415
959 411 5012
370 738 6251
7 507 6124
101 951 7584
441 958 4489
412 13 1790
93 60 4855
676 402 8472
266 373 3543
528 275 7651
469 761 532
107 729 2503
953 451 7892
519 570 8392
494 407 9472
383 440 9505
607 409 4262
471 360 8038
947 654 1171
229 523 1514
887 766 489
470 632 9756
522 666 5739
553 160 7283
259 91 4705
629 687 5386
45 317 42
452 388 2356
833 466 3154
631 919 7760
776 267 6738
320 314 1098
469 7 3053
842 722 4216
260 463 9007
630 793 947
376 43 8717
117 626 5314
171 620 1334
154 964 6792
664 693 8866
212 0 3775
476 551 1100
877 943 6379
385 361 3789
144 434 8272
504 563 9561
308 888 2946
123 430 2157
346 74 6464
318 981 3837
591 292 6611
461 123 3832
330 461 6991
291 369 8498
117 179 8400
595 914 2317
867 936 1441
909 453 7028
503 981 3973
883 816 6569
402 385 5367
681 157 5230
866 310 5567
477 171 3687
238 764 1245
115 47 7671
657 311 4592
171 53 1405
530 740 580
790 320 3675
586 998 3377
631 489 1604
610 388 9744
259 919 8718
119 609 5927
300 716 1479
458 853 1396
806 593 830
272 854 9849
54 294 6160
229 146 6333
559 428 471
688 421 2241
685 33 6366
261 329 2270
5 360982 208506 162979 878887 897469 538