49 50
2 1
3 2
4 3
5 4
6 5
7 6
8 7
9 8
10 9
11 10
12 11
13 12
14 13
15 14
16 15
17 16
18 17
19 18
20 19
21 20
22 21
23 22
24 23
25 24
26 25
27 26
28 27
29 28
30 29
31 30
32 31
33 32
34 33
35 34
36 35
37 36
38 37
39 38
40 39
41 40
44 41
43 44
42 43
45 42
46 45
47 46
48 47
49 48
2 1
3 2
4 3
5 4
6 5
7 6
8 7
9 8
10 9
11 10
12 11
13 12
41 13
15 41
16 15
17 16
18 17
19 18
20 19
21 20
22 21
23 22
24 23
25 24
26 25
27 26
28 27
29 28
30 29
31 30
32 31
33 32
34 33
35 34
36 35
37 36
38 37
39 38
40 39
14 40
44 14
43 44
42 43
45 42
46 45
47 46
48 47
49 48
2 1
3 2
4 3
5 4
6 5
7 6
8 7
9 8
10 9
45 10
12 45
13 12
41 13
15 41
16 15
17 16
18 17
19 18
20 19
21 20
22 21
23 22
24 23
25 24
26 25
27 26
28 27
29 28
30 29
31 30
32 31
33 32
34 33
35 34
36 35
37 36
38 37
39 38
40 39
14 40
44 14
43 44
42 43
11 42
46 11
47 46
48 47
49 48
2 1
3 2
4 3
5 4
6 5
7 6
13 7
9 13
10 9
45 10
12 45
8 12
41 8
15 41
16 15
17 16
18 17
19 18
20 19
21 20
22 21
23 22
24 23
25 24
26 25
27 26
28 27
29 28
30 29
31 30
32 31
33 32
34 33
35 34
36 35
37 36
38 37
39 38
40 39
14 40
44 14
43 44
42 43
11 42
46 11
47 46
48 47
49 48
2 1
3 2
4 3
5 4
6 5
7 6
13 7
9 13
10 9
45 10
12 45
41 12
8 41
15 8
16 15
17 16
18 17
19 18
20 19
21 20
22 21
23 22
24 23
25 24
26 25
27 26
28 27
29 28
30 29
31 30
32 31
33 32
34 33
35 34
36 35
37 36
38 37
39 38
40 39
14 40
44 14
43 44
42 43
11 42
46 11
47 46
48 47
49 48
2 1
3 2
4 3
5 4
6 5
7 6
13 7
9 13
10 9
45 10
12 45
41 12
8 41
15 8
16 15
17 16
18 17
19 18
22 19
21 22
20 21
23 20
24 23
25 24
26 25
27 26
28 27
29 28
30 29
31 30
32 31
33 32
34 33
35 34
36 35
37 36
38 37
39 38
40 39
14 40
44 14
43 44
42 43
11 42
46 11
47 46
48 47
49 48
2 1
3 2
4 3
5 4
6 5
21 6
13 21
9 13
10 9
45 10
12 45
41 12
8 41
15 8
16 15
17 16
18 17
19 18
22 19
7 22
20 7
23 20
24 23
25 24
26 25
27 26
28 27
29 28
30 29
31 30
32 31
33 32
34 33
35 34
36 35
37 36
38 37
39 38
40 39
14 40
44 14
43 44
42 43
11 42
46 11
47 46
48 47
49 48
15 1
3 15
4 3
5 4
6 5
21 6
13 21
9 13
10 9
45 10
12 45
41 12
8 41
2 8
16 2
17 16
18 17
19 18
22 19
7 22
20 7
23 20
24 23
25 24
26 25
27 26
28 27
29 28
30 29
31 30
32 31
33 32
34 33
35 34
36 35
37 36
38 37
39 38
40 39
14 40
44 14
43 44
42 43
11 42
46 11
47 46
48 47
49 48
15 1
3 15
4 3
5 4
6 5
36 6
13 36
9 13
10 9
45 10
12 45
41 12
8 41
2 8
16 2
17 16
18 17
19 18
22 19
7 22
20 7
23 20
24 23
25 24
26 25
27 26
28 27
29 28
30 29
31 30
32 31
33 32
34 33
35 34
21 35
37 21
38 37
39 38
40 39
14 40
44 14
43 44
42 43
11 42
46 11
47 46
48 47
49 48
15 1
3 15
4 3
5 4
6 5
36 6
13 36
9 13
10 9
45 10
12 45
41 12
8 41
2 8
16 2
17 16
18 17
19 18
22 19
7 22
20 7
23 20
24 23
25 24
47 25
27 47
28 27
29 28
30 29
31 30
32 31
33 32
34 33
35 34
21 35
37 21
38 37
39 38
40 39
14 40
44 14
43 44
42 43
11 42
46 11
26 46
48 26
49 48
15 1
3 15
4 3
5 4
6 5
36 6
13 36
9 13
10 9
45 10
12 45
41 12
8 41
2 8
16 2
17 16
18 17
19 18
22 19
7 22
20 7
23 20
24 23
25 24
47 25
27 47
28 27
29 28
30 29
31 30
32 31
33 32
34 33
35 34
21 35
37 21
38 37
39 38
40 39
14 40
44 14
43 44
42 43
11 42
46 11
26 46
48 26
49 48
15 1
3 15
4 3
5 4
6 5
32 6
13 32
9 13
10 9
45 10
12 45
41 12
8 41
2 8
16 2
17 16
18 17
19 18
22 19
7 22
20 7
23 20
24 23
25 24
47 25
27 47
28 27
29 28
30 29
31 30
36 31
33 36
34 33
35 34
21 35
37 21
38 37
39 38
40 39
14 40
44 14
43 44
42 43
11 42
46 11
26 46
48 26
49 48
15 1
3 15
4 3
5 4
6 5
32 6
13 32
9 13
10 9
45 10
12 45
41 12
8 41
2 8
16 2
17 16
18 17
19 18
22 19
7 22
20 7
23 20
24 23
25 24
47 25
27 47
28 27
29 28
30 29
31 30
36 31
33 36
34 33
48 34
21 48
37 21
38 37
39 38
40 39
14 40
44 14
43 44
42 43
11 42
46 11
26 46
35 26
49 35
15 1
3 15
4 3
5 4
6 5
32 6
13 32
9 13
10 9
45 10
12 45
41 12
8 41
2 8
16 2
17 16
18 17
19 18
22 19
7 22
20 7
23 20
24 23
25 24
47 25
35 47
28 35
29 28
30 29
31 30
36 31
33 36
34 33
48 34
21 48
37 21
38 37
39 38
40 39
14 40
44 14
43 44
42 43
11 42
46 11
26 46
27 26
49 27
7 1
3 7
4 3
5 4
6 5
32 6
13 32
9 13
10 9
45 10
12 45
41 12
8 41
2 8
16 2
17 16
18 17
19 18
22 19
15 22
20 15
23 20
24 23
25 24
47 25
35 47
28 35
29 28
30 29
31 30
36 31
33 36
34 33
48 34
21 48
37 21
38 37
39 38
40 39
14 40
44 14
43 44
42 43
11 42
46 11
26 46
27 26
49 27
7 1
3 7
4 3
5 4
6 5
32 6
13 32
22 13
10 22
45 10
12 45
41 12
8 41
2 8
16 2
17 16
18 17
19 18
9 19
15 9
20 15
23 20
24 23
25 24
47 25
35 47
28 35
29 28
30 29
31 30
36 31
33 36
34 33
48 34
21 48
37 21
38 37
39 38
40 39
14 40
44 14
43 44
42 43
11 42
46 11
26 46
27 26
49 27
7 1
3 7
4 3
5 4
6 5
32 6
13 32
22 13
10 22
45 10
12 45
41 12
8 41
2 8
16 2
17 16
18 17
19 18
9 19
15 9
20 15
24 20
23 24
25 23
47 25
35 47
28 35
29 28
30 29
31 30
36 31
33 36
34 33
48 34
21 48
37 21
38 37
39 38
40 39
14 40
44 14
43 44
42 43
11 42
46 11
26 46
27 26
49 27
7 1
3 7
4 3
5 4
6 5
32 6
19 32
22 19
10 22
45 10
12 45
41 12
8 41
2 8
16 2
17 16
18 17
13 18
9 13
15 9
20 15
24 20
23 24
25 23
47 25
35 47
28 35
29 28
30 29
31 30
36 31
33 36
34 33
48 34
21 48
37 21
38 37
39 38
40 39
14 40
44 14
43 44
42 43
11 42
46 11
26 46
27 26
49 27
7 1
3 7
4 3
5 4
6 5
32 6
19 32
22 19
10 22
45 10
12 45
41 12
8 41
2 8
16 2
17 16
18 17
13 18
9 13
15 9
20 15
24 20
23 24
25 23
47 25
35 47
28 35
29 28
30 29
31 30
36 31
33 36
34 33
48 34
14 48
37 14
38 37
39 38
40 39
21 40
44 21
43 44
42 43
11 42
46 11
26 46
27 26
49 27
7 1
3 7
4 3
5 4
6 5
32 6
19 32
22 19
10 22
45 10
12 45
41 12
8 41
2 8
16 2
17 16
18 17
13 18
9 13
15 9
20 15
24 20
23 24
25 23
47 25
35 47
28 35
29 28
30 29
31 30
36 31
46 36
34 46
48 34
14 48
37 14
38 37
39 38
40 39
21 40
44 21
43 44
42 43
11 42
33 11
26 33
27 26
49 27
7 1
3 7
4 3
5 4
6 5
32 6
19 32
22 19
10 22
45 10
12 45
41 12
8 41
2 8
16 2
17 16
18 17
13 18
9 13
15 9
20 15
24 20
23 24
25 23
47 25
35 47
28 35
29 28
30 29
31 30
36 31
46 36
34 46
48 34
14 48
37 14
38 37
26 38
40 26
21 40
44 21
43 44
42 43
11 42
33 11
39 33
27 39
49 27
7 1
12 7
4 12
5 4
6 5
32 6
19 32
22 19
10 22
45 10
3 45
41 3
8 41
2 8
16 2
17 16
18 17
13 18
9 13
15 9
20 15
24 20
23 24
25 23
47 25
35 47
28 35
29 28
30 29
31 30
36 31
46 36
34 46
48 34
14 48
37 14
38 37
26 38
40 26
21 40
44 21
43 44
42 43
11 42
33 11
39 33
27 39
49 27
7 1
12 7
4 12
5 4
6 5
32 6
19 32
22 19
34 22
45 34
3 45
41 3
8 41
2 8
16 2
17 16
18 17
13 18
9 13
15 9
20 15
24 20
23 24
25 23
47 25
35 47
28 35
29 28
30 29
31 30
36 31
46 36
10 46
48 10
14 48
37 14
38 37
26 38
40 26
21 40
44 21
43 44
42 43
11 42
33 11
39 33
27 39
49 27
7 13
12 7
4 12
5 4
6 5
32 6
19 32
22 19
34 22
45 34
3 45
41 3
8 41
2 8
16 2
17 16
18 17
1 18
9 1
15 9
20 15
24 20
23 24
25 23
47 25
35 47
28 35
29 28
30 29
31 30
36 31
46 36
10 46
48 10
14 48
37 14
38 37
26 38
40 26
21 40
44 21
43 44
42 43
11 42
33 11
39 33
27 39
49 27
7 13
12 7
4 12
5 4
6 5
32 6
19 32
30 19
34 30
45 34
3 45
41 3
8 41
2 8
16 2
17 16
18 17
1 18
9 1
15 9
20 15
24 20
23 24
25 23
47 25
35 47
28 35
29 28
22 29
31 22
36 31
46 36
10 46
48 10
14 48
37 14
38 37
26 38
40 26
21 40
44 21
43 44
42 43
11 42
33 11
39 33
27 39
49 27
7 13
12 7
4 12
5 4
6 5
32 6
19 32
1 19
34 1
45 34
3 45
41 3
8 41
2 8
16 2
17 16
18 17
30 18
9 30
15 9
20 15
24 20
23 24
25 23
47 25
35 47
28 35
29 28
22 29
31 22
36 31
46 36
10 46
48 10
14 48
37 14
38 37
26 38
40 26
21 40
44 21
43 44
42 43
11 42
33 11
39 33
27 39
49 27
7 13
12 7
4 12
5 4
6 5
32 6
19 32
1 19
34 1
45 34
3 45
41 3
8 41
2 8
16 2
17 16
18 17
30 18
9 30
15 9
20 15
24 20
23 24
25 23
29 25
35 29
28 35
47 28
22 47
31 22
36 31
46 36
10 46
48 10
14 48
37 14
38 37
26 38
40 26
21 40
44 21
43 44
42 43
11 42
33 11
39 33
27 39
49 27
7 13
12 7
4 12
5 4
6 5
32 6
19 32
1 19
34 1
45 34
3 45
41 3
8 41
2 8
16 2
17 16
18 17
30 18
9 30
15 9
33 15
24 33
23 24
25 23
29 25
35 29
28 35
47 28
22 47
31 22
36 31
46 36
10 46
48 10
14 48
37 14
38 37
26 38
40 26
21 40
44 21
43 44
42 43
11 42
20 11
39 20
27 39
49 27
40 13
12 40
4 12
5 4
6 5
32 6
19 32
1 19
34 1
45 34
3 45
41 3
8 41
2 8
16 2
17 16
18 17
30 18
9 30
15 9
33 15
24 33
23 24
25 23
29 25
35 29
28 35
47 28
22 47
31 22
36 31
46 36
10 46
48 10
14 48
37 14
38 37
26 38
7 26
21 7
44 21
43 44
42 43
11 42
20 11
39 20
27 39
49 27
40 13
12 40
4 12
5 4
6 5
32 6
19 32
1 19
34 1
45 34
3 45
41 3
8 41
2 8
16 2
17 16
18 17
30 18
9 30
15 9
33 15
24 33
23 24
25 23
29 25
35 29
28 35
47 28
22 47
31 22
36 31
46 36
10 46
48 10
14 48
37 14
38 37
26 38
7 26
42 7
44 42
43 44
21 43
11 21
20 11
39 20
27 39
49 27
40 13
12 40
4 12
5 4
6 5
32 6
19 32
1 19
34 1
45 34
3 45
41 3
8 41
2 8
16 2
17 16
39 17
30 39
9 30
15 9
33 15
24 33
23 24
25 23
29 25
35 29
28 35
47 28
22 47
31 22
36 31
46 36
10 46
48 10
14 48
37 14
38 37
26 38
7 26
42 7
44 42
43 44
21 43
11 21
20 11
18 20
27 18
49 27
40 13
12 40
4 12
5 4
6 5
32 6
19 32
1 19
34 1
45 34
3 45
41 3
8 41
2 8
16 2
17 16
39 17
30 39
9 30
15 9
33 15
24 33
23 24
25 23
29 25
35 29
28 35
47 28
43 47
31 43
36 31
46 36
10 46
48 10
14 48
37 14
38 37
26 38
7 26
42 7
44 42
22 44
21 22
11 21
20 11
18 20
27 18
49 27
40 13
12 40
4 12
5 4
6 5
32 6
19 32
1 19
34 1
45 34
3 45
41 3
8 41
2 8
16 2
17 16
39 17
30 39
9 30
21 9
33 21
24 33
23 24
25 23
29 25
35 29
28 35
47 28
43 47
31 43
36 31
46 36
10 46
48 10
14 48
37 14
38 37
26 38
7 26
42 7
44 42
22 44
15 22
11 15
20 11
18 20
27 18
49 27
40 13
12 40
4 12
5 4
6 5
32 6
19 32
1 19
34 1
45 34
3 45
41 3
8 41
2 8
16 2
17 16
39 17
30 39
9 30
21 9
33 21
24 33
23 24
25 23
29 25
35 29
28 35
47 28
43 47
31 43
36 31
46 36
10 46
48 10
14 48
37 14
38 37
26 38
7 26
42 7
44 42
22 44
15 22
11 15
20 11
18 20
27 18
49 27
40 13
12 40
4 12
5 4
6 5
32 6
45 32
1 45
34 1
19 34
3 19
41 3
8 41
2 8
16 2
17 16
39 17
30 39
9 30
21 9
33 21
24 33
23 24
25 23
29 25
35 29
28 35
47 28
43 47
31 43
36 31
46 36
10 46
48 10
14 48
37 14
38 37
26 38
7 26
42 7
44 42
22 44
15 22
11 15
20 11
18 20
27 18
49 27
40 13
12 40
4 12
5 4
6 5
42 6
45 42
1 45
34 1
19 34
3 19
41 3
8 41
2 8
16 2
17 16
39 17
30 39
9 30
21 9
33 21
24 33
23 24
25 23
29 25
35 29
28 35
47 28
43 47
31 43
36 31
46 36
10 46
48 10
14 48
37 14
38 37
26 38
7 26
32 7
44 32
22 44
15 22
11 15
20 11
18 20
27 18
49 27
40 13
12 40
4 12
5 4
6 5
42 6
45 42
1 45
34 1
19 34
3 19
41 3
8 41
17 8
16 17
2 16
39 2
30 39
9 30
21 9
33 21
24 33
23 24
25 23
29 25
35 29
28 35
47 28
43 47
31 43
36 31
46 36
10 46
48 10
14 48
37 14
38 37
26 38
7 26
32 7
44 32
22 44
15 22
11 15
20 11
18 20
27 18
49 27
40 13
12 40
4 12
5 4
6 5
42 6
45 42
1 45
34 1
19 34
3 19
41 3
39 41
17 39
16 17
2 16
8 2
30 8
9 30
21 9
33 21
24 33
23 24
25 23
29 25
35 29
28 35
47 28
43 47
31 43
36 31
46 36
10 46
48 10
14 48
37 14
38 37
26 38
7 26
32 7
44 32
22 44
15 22
11 15
20 11
18 20
27 18
49 27
40 13
12 40
4 12
5 4
6 5
42 6
45 42
1 45
34 1
19 34
3 19
14 3
39 14
17 39
16 17
2 16
8 2
30 8
9 30
21 9
33 21
24 33
23 24
25 23
29 25
35 29
28 35
47 28
43 47
31 43
36 31
46 36
10 46
48 10
41 48
37 41
38 37
26 38
7 26
32 7
44 32
22 44
15 22
11 15
20 11
18 20
27 18
49 27
40 13
12 40
4 12
5 4
6 5
42 6
45 42
1 45
34 1
19 34
3 19
14 3
39 14
17 39
16 17
2 16
8 2
30 8
9 30
32 9
33 32
24 33
23 24
25 23
29 25
35 29
28 35
47 28
43 47
31 43
36 31
46 36
10 46
48 10
41 48
37 41
38 37
26 38
7 26
21 7
44 21
22 44
15 22
11 15
20 11
18 20
27 18
49 27
40 13
12 40
4 12
5 4
6 5
42 6
45 42
1 45
34 1
19 34
3 19
14 3
39 14
17 39
16 17
2 16
8 2
30 8
9 30
32 9
33 32
24 33
23 24
25 23
29 25
35 29
28 35
47 28
31 47
43 31
36 43
46 36
10 46
48 10
41 48
37 41
38 37
26 38
7 26
21 7
44 21
22 44
15 22
11 15
20 11
18 20
27 18
49 27
40 13
12 40
4 12
5 4
6 5
42 6
45 42
1 45
34 1
19 34
29 19
14 29
39 14
17 39
16 17
2 16
8 2
30 8
9 30
32 9
33 32
24 33
23 24
25 23
3 25
35 3
28 35
47 28
31 47
43 31
36 43
46 36
10 46
48 10
41 48
37 41
38 37
26 38
7 26
21 7
44 21
22 44
15 22
11 15
20 11
18 20
27 18
49 27
40 13
12 40
4 12
5 4
6 5
42 6
45 42
1 45
34 1
19 34
29 19
14 29
39 14
17 39
16 17
2 16
8 2
30 8
9 30
32 9
33 32
24 33
23 24
25 23
3 25
35 3
28 35
47 28
31 47
43 31
26 43
46 26
10 46
48 10
41 48
37 41
38 37
36 38
7 36
21 7
44 21
22 44
15 22
11 15
20 11
18 20
27 18
49 27
40 13
12 40
4 12
5 4
6 5
42 6
45 42
1 45
34 1
19 34
29 19
14 29
39 14
17 39
16 17
2 16
35 2
30 35
9 30
32 9
33 32
24 33
23 24
25 23
3 25
8 3
28 8
47 28
31 47
43 31
26 43
46 26
10 46
48 10
41 48
37 41
38 37
36 38
7 36
21 7
44 21
22 44
15 22
11 15
20 11
18 20
27 18
49 27
40 13
12 40
4 12
5 4
6 5
42 6
45 42
1 45
34 1
19 34
29 19
14 29
39 14
17 39
11 17
2 11
35 2
30 35
9 30
32 9
33 32
24 33
23 24
25 23
3 25
8 3
28 8
47 28
31 47
43 31
26 43
46 26
10 46
48 10
41 48
37 41
38 37
36 38
7 36
21 7
44 21
22 44
15 22
16 15
20 16
18 20
27 18
49 27
7 13
12 7
4 12
5 4
6 5
42 6
45 42
1 45
34 1
19 34
29 19
14 29
39 14
17 39
11 17
2 11
35 2
30 35
9 30
32 9
33 32
24 33
23 24
25 23
3 25
8 3
28 8
47 28
31 47
43 31
26 43
46 26
10 46
48 10
41 48
37 41
38 37
36 38
40 36
21 40
44 21
22 44
15 22
16 15
20 16
18 20
27 18
49 27
7 13
12 7
4 12
47 4
6 47
42 6
45 42
1 45
34 1
19 34
29 19
14 29
39 14
17 39
11 17
2 11
35 2
30 35
9 30
32 9
33 32
24 33
23 24
25 23
3 25
8 3
28 8
5 28
31 5
43 31
26 43
46 26
10 46
48 10
41 48
37 41
38 37
36 38
40 36
21 40
44 21
22 44
15 22
16 15
20 16
18 20
27 18
49 27
7 28
12 7
4 12
47 4
6 47
42 6
45 42
1 45
34 1
19 34
29 19
14 29
39 14
17 39
11 17
2 11
35 2
30 35
9 30
32 9
33 32
24 33
23 24
25 23
3 25
8 3
13 8
5 13
31 5
43 31
26 43
46 26
10 46
48 10
41 48
37 41
38 37
36 38
40 36
21 40
44 21
22 44
15 22
16 15
20 16
18 20
27 18
49 27
7 28
12 7
4 12
47 4
6 47
42 6
45 42
1 45
34 1
19 34
29 19
14 29
39 14
17 39
11 17
2 11
35 2
30 35
9 30
32 9
33 32
24 33
23 24
18 23
3 18
8 3
13 8
5 13
31 5
43 31
26 43
46 26
10 46
48 10
41 48
37 41
38 37
36 38
40 36
21 40
44 21
22 44
15 22
16 15
20 16
25 20
27 25
49 27
7 28
12 7
4 12
47 4
6 47
42 6
45 42
1 45
34 1
19 34
29 19
14 29
39 14
17 39
11 17
2 11
35 2
30 35
9 30
32 9
33 32
24 33
23 24
18 23
3 18
8 3
13 8
25 13
31 25
43 31
26 43
46 26
10 46
48 10
41 48
37 41
38 37
36 38
40 36
21 40
44 21
22 44
15 22
16 15
20 16
5 20
27 5
49 27
