200 1928 8
71 51 181 184 121 158 146 96 
1 2 43833
1 3 50143
1 4 36161
1 5 36401
1 6 79341
4 7 80345
1 8 70740
1 9 90466
3 10 49087
7 11 55551
4 12 93131
4 13 13265
6 14 87897
3 15 11607
1 16 42420
13 17 73917
4 18 90621
16 19 22615
6 20 61025
6 21 15492
8 22 36339
12 23 94344
8 24 3085
18 25 31348
14 26 50782
25 27 23641
1 28 41922
5 29 43500
27 30 3457
13 31 62890
5 32 50125
20 33 41201
6 34 61326
15 35 50875
16 36 61031
9 37 59610
11 38 41321
16 39 33865
7 40 31526
6 41 15716
30 42 52651
1 43 81001
23 44 81785
37 45 75189
31 46 54253
13 47 32521
33 48 35711
4 49 96435
33 50 15933
1 51 18077
22 52 62944
13 53 83804
6 54 26991
23 55 84113
17 56 29933
23 57 35927
8 58 47721
37 59 19163
31 60 85021
43 61 56161
59 62 59507
57 63 39294
1 64 89713
21 65 80581
9 66 17611
61 67 72377
52 68 98559
57 69 47469
23 70 16857
16 71 5049
10 72 12673
51 73 4529
44 74 89709
57 75 33028
13 76 11463
45 77 55581
56 78 31494
37 79 1459
66 80 16581
11 81 73736
28 82 58481
32 83 39825
13 84 70089
71 85 50801
85 86 28271
35 87 4889
16 88 41761
28 89 4035
56 90 50080
28 91 28079
71 92 49595
69 93 73951
61 94 67401
84 95 84089
72 96 57581
49 97 21241
43 98 61651
35 99 6841
82 100 86531
81 101 99901
31 102 65585
53 103 81873
73 104 87201
21 105 80305
31 106 33961
105 107 29289
92 108 9041
82 109 30877
37 110 1799
38 111 99007
3 112 60961
48 113 27561
17 114 18413
49 115 97105
106 116 76301
1 117 3209
10 118 49301
48 119 71698
33 120 34203
73 121 76935
118 122 96673
50 123 42252
63 124 1280
116 125 42762
18 126 44047
53 127 44409
22 128 31425
26 129 49169
109 130 44041
7 131 19545
60 132 52693
73 133 22001
75 134 69776
41 135 31721
47 136 9808
61 137 8090
5 138 66477
47 139 5605
71 140 70765
75 141 80598
63 142 81651
137 143 45913
76 144 40193
61 145 63817
56 146 38091
86 147 67057
105 148 40546
117 149 57805
49 150 82069
41 151 73244
50 152 38205
9 153 7753
115 154 4033
50 155 86251
134 156 47076
46 157 81738
126 158 5478
1 159 18381
156 160 55551
48 161 96561
1 162 89417
139 163 80121
44 164 37492
117 165 44745
84 166 16329
102 167 97905
133 168 24294
41 169 91088
143 170 54681
132 171 6446
145 172 87409
34 173 60673
168 174 52551
159 175 8844
40 176 24803
156 177 98146
163 178 33377
127 179 25313
60 180 41711
1 181 83397
21 182 30919
27 183 22149
129 184 26943
177 185 7517
3 186 71442
70 187 19146
29 188 75681
33 189 39621
46 190 38432
102 191 47989
158 192 42231
1 193 90921
186 194 34087
75 195 17551
100 196 25498
190 197 82589
14 198 82268
154 199 23241
6 200 6121
192 60 75713
103 33 42014
157 81 95002
87 53 89169
101 193 92713
174 116 61910
160 117 36001
140 137 43566
107 117 61955
121 181 59817
134 121 65219
83 89 80487
93 49 94593
17 23 7425
101 125 35321
3 156 99765
25 145 53168
121 7 46698
191 101 23828
13 177 65361
16 81 79501
69 115 19570
71 11 61251
175 177 54989
17 1 71451
54 89 40953
179 85 38776
131 88 10853
69 125 47073
125 71 46657
156 191 89001
106 65 61367
195 45 67307
79 101 92369
156 174 19181
12 123 2613
109 95 41179
22 114 23045
163 101 18170
19 190 8885
117 23 23553
88 46 88313
162 20 31579
161 81 28481
70 43 65071
101 9 631
58 141 51886
38 157 76185
111 161 20662
113 81 30399
47 67 65341
46 105 99691
19 91 99361
183 90 3101
111 145 84644
91 59 46421
97 15 60649
131 132 16906
107 76 38676
133 199 86467
159 33 67571
27 26 35983
21 49 70709
78 126 42245
151 142 68025
17 60 67761
44 101 24050
169 154 48713
51 57 20276
105 41 61226
41 177 92006
161 10 56519
193 141 95513
161 60 77811
106 13 17213
39 169 57627
167 185 54580
93 145 7385
195 62 58496
119 29 75441
65 136 96249
120 135 2401
1 141 32119
100 97 77177
89 9 29369
40 81 13813
147 17 98201
199 85 93922
39 127 3457
57 53 72369
145 21 71049
139 53 12974
40 155 14525
33 68 86091
105 95 82851
193 131 27371
79 31 49635
65 70 96295
157 98 59243
87 171 81111
37 1 61945
123 159 432
180 139 92605
15 87 76905
146 121 39181
169 83 16341
171 191 1601
20 176 15937
125 169 24171
133 190 15037
176 146 77648
137 6 98327
91 120 42043
145 153 49817
21 89 20809
111 14 85468
169 139 78830
81 31 7241
113 97 51721
149 35 45009
81 75 70210
51 141 61891
81 163 56885
116 47 60041
11 196 20657
39 136 52905
43 184 75090
151 81 97509
5 141 41681
161 29 33805
97 53 44081
51 103 94337
93 181 15981
124 42 52205
32 81 3121
196 162 15921
88 151 17767
181 176 48021
57 101 3235
41 159 41592
177 3 11951
49 163 64993
91 4 897
14 77 65461
53 17 29873
111 20 92289
99 38 59887
33 59 87655
17 101 76251
101 135 37901
33 16 19885
136 121 84721
131 121 67069
27 148 80386
171 23 23245
95 1 90890
191 91 39757
56 45 92119
137 79 28983
71 121 27689
131 73 89034
83 180 39201
187 25 93272
65 117 60469
135 85 54593
121 55 6521
25 13 44378
113 65 28041
20 173 96161
124 21 14145
14 171 22556
101 65 43036
56 107 1762
1 161 77541
164 129 75865
29 111 57921
80 73 88021
97 191 3569
1 129 10029
121 81 54081
101 60 52551
166 149 77277
35 101 69921
141 73 65047
174 34 68540
189 57 90093
13 120 9145
198 45 25881
165 81 92223
191 141 78371
15 4 16868
101 127 27291
89 172 10379
131 169 71531
25 97 27283
182 189 87326
116 199 44090
5 84 48961
73 85 12840
37 142 6116
44 103 88542
38 61 86278
51 93 40421
106 97 70483
33 167 12321
41 121 51649
89 161 48673
46 34 82693
46 21 3599
81 12 27079
25 9 49
39 143 94401
106 181 25701
134 21 84301
196 126 89481
183 135 22602
30 167 94496
65 164 76001
107 173 86669
56 109 92055
180 79 13641
185 4 16552
141 185 40177
77 2 30201
89 153 43253
66 81 72176
1 33 30731
35 198 32101
17 129 83600
171 97 56501
126 101 58071
169 155 47649
199 200 59643
151 2 55833
14 39 87271
113 51 24273
65 112 99511
69 51 25225
36 20 27761
31 45 70201
169 106 19969
45 177 35552
33 157 42605
1 190 18085
60 20 75169
176 136 97939
97 174 77701
25 148 95786
51 157 6448
193 154 16127
123 61 78176
185 196 49170
161 30 9009
9 74 22984
118 1 13802
111 169 67971
63 151 50957
76 169 63025
131 109 84116
125 14 3909
137 33 19217
41 81 95131
139 185 96697
153 177 72621
117 33 3962
4 77 64613
162 138 16344
101 77 91985
166 59 19801
69 181 75757
97 41 91899
73 25 49089
56 185 98757
12 129 69112
115 41 23561
41 158 24706
51 189 77356
139 109 87843
137 87 55359
140 118 25733
105 149 71625
172 29 82442
66 1 52451
139 59 72012
49 169 96598
165 120 62416
1 97 60981
61 198 60332
121 189 62401
60 131 1443
169 165 979
109 29 66653
38 89 86940
145 97 27501
33 130 39841
111 155 21093
41 63 52929
18 117 72337
141 161 3973
151 57 70361
136 161 74985
141 14 35905
25 165 22641
113 108 69877
72 5 34441
105 5 33197
103 105 98924
11 169 38877
101 38 927
147 38 24102
188 27 13839
63 180 48261
113 41 68065
41 73 20969
115 73 46191
91 185 88631
39 200 30981
57 93 14263
56 141 58011
131 195 86002
171 189 17886
188 199 25366
19 93 49521
119 3 98648
153 41 50801
145 155 78818
31 157 72137
2 79 37141
1 106 94216
127 70 62500
112 55 44941
19 20 79115
185 65 51087
26 185 54238
185 110 94189
38 65 57687
1 82 41239
79 63 51517
9 49 45921
111 132 8311
149 127 21137
57 89 33305
47 141 72549
15 117 48159
17 133 61616
195 151 87496
179 57 44695
193 7 34501
126 41 39536
65 89 51210
99 23 99153
121 155 1217
186 157 12001
152 106 4001
111 1 14849
146 169 35009
100 151 64661
148 1 73317
171 143 2331
137 145 36311
57 59 69715
95 75 9810
37 107 38495
177 65 80660
161 158 47990
24 121 43973
51 9 68985
121 169 46265
87 107 49109
63 145 82351
167 61 59951
181 117 76321
75 151 21824
36 63 66501
195 122 94612
3 2 40481
19 70 4806
34 101 23973
126 21 32701
26 121 79665
174 61 57498
163 138 24801
33 37 39301
163 146 76268
181 41 57821
71 118 90446
121 170 15986
81 193 56373
85 126 33525
185 34 23484
17 121 66866
77 164 22877
166 169 25521
46 55 79913
104 15 20841
6 121 15001
65 67 77279
177 171 69685
87 147 88069
16 107 12041
59 49 12733
111 83 85391
141 57 11769
21 139 48946
67 10 50761
41 161 17487
147 6 28289
89 137 27902
165 181 24001
52 105 25911
151 52 89495
42 86 79568
129 7 18850
89 191 26442
81 105 80249
145 29 32001
124 200 15597
65 125 86833
73 77 14513
40 65 54566
193 113 4357
174 177 82990
1 124 34255
167 145 74167
101 159 97318
195 73 52492
45 86 24847
54 41 85681
98 40 68968
57 73 26551
121 89 36668
45 126 4636
169 1 60186
111 101 509
51 81 61783
160 51 75775
65 196 82329
49 48 7473
129 153 82311
195 70 39622
182 141 51090
31 190 78801
177 105 64780
151 192 10501
126 22 9605
173 41 98641
145 17 83513
51 121 58519
63 31 42461
181 83 87321
181 81 60517
11 121 20117
3 49 43851
139 151 70601
39 19 40726
33 184 56055
137 121 69737
117 171 86093
109 129 41925
131 101 73360
117 61 71707
192 113 50407
151 17 59818
41 136 22053
123 49 8013
110 181 9447
115 161 10177
145 183 41025
141 101 2527
131 21 71461
119 101 52251
161 151 95074
1 108 66406
121 70 13301
9 173 55851
1 81 24465
31 141 97185
3 181 25535
49 101 88403
46 82 31492
56 145 38226
170 120 38601
58 176 28638
175 139 23515
121 177 36091
67 93 36351
79 157 83179
32 129 25836
101 71 62126
37 36 75938
171 113 59086
163 41 20826
2 25 58601
172 81 30321
136 153 75703
41 83 66561
153 189 91772
79 69 19969
109 166 49651
57 41 3263
171 61 74293
19 189 89421
101 180 10391
149 157 85513
24 87 32641
131 171 38829
97 16 47403
64 5 95551
105 129 69521
128 155 83101
105 169 87089
81 85 93199
143 13 69403
76 128 73325
83 113 1154
161 159 12121
159 13 17237
26 106 91161
17 89 59523
31 128 38649
183 97 60517
200 118 77361
81 97 37883
88 99 68093
29 125 94773
151 35 68109
26 46 74264
75 104 82977
185 35 35841
21 138 80325
25 1 98045
145 13 49291
65 49 71203
173 191 85969
14 137 19281
31 129 23011
119 77 28049
16 46 55381
137 161 1878
46 101 84955
5 185 50790
121 115 33762
73 31 66100
187 19 34553
111 183 81089
98 151 46296
105 147 22897
17 6 79692
115 159 34021
46 40 60666
141 107 28343
121 60 15959
152 107 46241
23 43 37132
181 189 35855
163 153 99315
55 89 29313
41 157 81891
105 136 52597
56 26 90723
55 9 66353
114 98 69128
6 181 38812
97 36 65201
153 5 22490
189 48 85815
191 176 50624
175 25 81197
151 183 6796
8 117 68911
37 25 9773
101 133 87776
167 81 596
193 181 87263
26 81 33337
91 102 19563
17 169 40941
196 199 38767
175 176 8914
65 143 95091
35 137 88297
117 172 80539
101 83 16661
155 116 57222
153 32 73333
82 73 35403
25 129 94752
196 81 62717
117 108 94981
131 59 79959
177 143 85353
192 1 78196
21 147 86386
121 191 39243
171 181 19484
9 180 3815
88 78 25056
166 134 16743
177 28 31851
109 70 8679
115 94 84893
45 55 37531
61 99 2737
77 118 42101
129 121 58491
193 171 2230
63 59 13126
166 31 65493
55 151 16735
33 21 90871
181 155 78501
102 106 82995
163 65 26824
185 81 20917
40 130 41895
103 167 67457
191 187 64859
63 71 95041
193 196 61003
186 192 3325
183 161 78901
53 101 87966
176 35 96586
21 185 17426
35 184 64631
64 100 59141
179 189 8747
61 147 9331
101 149 38833
51 35 27251
115 174 63925
30 33 52477
136 147 93771
185 116 77817
157 193 51483
36 51 13804
184 31 95108
1 199 46153
171 51 5409
11 3 89565
76 8 86801
97 141 13861
41 195 71603
71 143 10001
161 105 95727
147 91 98681
112 110 1947
129 200 55932
46 189 9607
71 126 94609
81 119 20241
151 49 39937
96 9 33578
65 137 20301
181 185 20242
195 161 73281
193 144 39113
153 126 54705
76 23 6695
51 161 29755
141 41 96671
11 90 3538
41 16 51595
117 59 24558
76 181 91639
49 190 21841
11 25 22942
17 9 66346
61 41 52891
84 151 40689
135 181 1457
121 18 57183
92 51 87301
69 161 82997
106 24 53225
130 92 50701
11 111 59281
76 113 13038
181 80 15505
107 59 13150
24 9 63351
150 57 31937
47 54 28391
89 1 92699
121 160 88576
57 111 29991
113 45 45357
41 197 24137
136 183 50589
73 169 45661
112 146 43855
145 33 34178
126 121 98499
178 17 62697
149 103 32313
10 104 8126
57 49 93027
187 89 78999
25 125 75457
19 169 24167
1 121 92449
122 81 611
125 185 4431
104 35 20418
101 177 11670
170 1 7977
17 118 45561
47 101 63751
77 95 43947
97 62 73261
33 101 91109
1 174 18127
51 61 66953
95 111 20231
169 28 62673
109 96 44343
71 181 31361
41 1 54065
79 56 22901
113 79 31969
5 161 4901
186 76 13825
181 58 62605
9 81 78817
9 31 63509
121 45 34304
14 73 90145
177 25 34800
10 183 35549
185 45 59142
179 148 40961
68 146 28774
134 1 42196
161 32 37784
177 155 15869
198 41 31953
181 149 7105
173 1 30401
197 36 54145
119 46 7286
153 101 11377
151 127 58451
39 101 24591
137 56 65405
196 80 46833
83 36 36783
21 181 19642
43 29 19166
190 115 95520
1 21 24474
55 58 68114
125 149 70252
45 187 47913
25 161 41785
171 77 40723
69 193 18479
102 24 93973
145 177 39545
185 193 84255
6 159 77087
119 177 86041
71 137 96827
15 36 7611
39 146 3987
131 150 23901
62 151 74471
20 197 38167
85 193 10240
37 90 8502
121 84 63209
82 200 14593
189 151 58721
17 21 69526
88 139 71352
180 133 30961
84 57 47226
1 137 16435
113 173 23105
65 187 20625
159 69 70470
1 54 26609
16 154 40724
7 169 90841
185 49 39281
193 87 52577
89 36 83268
193 133 62135
78 161 26001
126 181 30206
131 1 2500
114 5 47886
7 123 16703
113 1 84099
61 1 22401
96 58 1031
85 99 97323
35 33 27342
11 100 3409
105 89 71116
193 190 30576
108 71 67001
145 91 85759
101 176 11911
89 142 20544
126 76 38809
153 61 43306
134 13 51251
126 81 41671
150 48 37551
80 34 59601
66 85 3622
73 178 78801
185 101 10801
6 199 49928
129 169 15857
126 95 78251
160 144 25403
193 94 40341
80 133 22766
17 161 85321
194 189 25673
163 58 10323
141 89 57340
161 96 2362
29 61 63682
175 110 89677
129 50 28994
149 57 64146
49 129 44786
195 199 78497
126 51 72459
51 175 25513
141 179 26345
114 153 26171
47 63 39109
129 46 15205
101 199 40051
157 1 67973
81 195 95171
110 1 50806
9 196 36137
33 69 19329
129 51 62219
1 56 56281
177 61 42179
111 185 6219
64 181 19289
97 9 31599
46 11 69223
105 97 26759
9 46 60467
154 93 86198
119 131 81923
139 153 28311
26 114 37961
71 49 36339
18 151 32483
99 165 92839
33 65 2465
1 125 76211
143 138 44765
19 75 26562
39 89 65065
121 56 49726
191 81 82697
1 166 45516
65 6 65956
189 126 69609
57 91 90001
59 48 35233
152 165 18993
79 194 16893
41 92 76473
176 31 34244
197 145 6618
14 99 76601
189 61 87069
109 192 21666
5 81 59927
13 157 93946
177 49 16208
167 150 50431
29 51 43139
33 141 20706
111 63 83186
87 191 228
95 13 56314
123 1 63081
183 109 21575
53 185 54129
97 157 44377
51 11 17753
126 28 23703
151 163 94919
66 197 56437
67 81 80253
9 185 10686
136 16 20549
54 169 91121
41 170 90636
39 22 35812
73 143 4043
155 43 31651
193 105 9946
81 89 74101
106 43 89015
18 1 69523
121 25 57421
1 171 25741
56 196 65785
163 126 15217
38 109 99441
101 194 86721
73 188 40611
30 105 16065
43 105 51633
130 15 2591
73 1 78708
75 145 40569
73 130 47761
61 72 29425
153 99 25601
126 169 66811
157 110 95199
175 157 24905
193 143 61345
166 129 5629
156 152 41441
185 121 78410
15 137 17585
121 151 32881
137 136 36524
170 171 44433
81 136 16725
75 47 36683
149 116 47043
138 89 87709
127 26 55445
61 129 66561
179 93 82454
193 103 15196
180 49 22305
25 89 93781
150 133 95199
189 145 41921
185 150 52649
37 41 72478
1 142 96591
36 193 76153
131 129 41985
51 31 40937
160 161 82121
172 161 71645
123 55 88819
176 69 41333
159 151 87999
121 161 76050
35 188 46569
89 185 25921
107 85 94229
94 4 98711
199 110 17665
129 137 17209
69 151 63681
133 49 66351
171 176 82871
80 115 80913
30 162 9957
177 131 59624
117 69 59506
30 45 72681
51 50 63068
106 51 7470
51 156 36337
61 103 95241
199 37 24141
57 21 91753
13 14 2011
39 27 52061
182 41 56651
165 57 78577
153 81 58355
168 141 41331
141 189 835
12 184 24457
157 40 41329
136 61 75081
135 11 66080
5 26 54197
109 97 83041
77 167 65645
56 33 40002
9 184 98545
16 185 5841
106 107 39361
193 71 79385
185 135 5777
145 121 26127
165 193 28851
157 76 94699
101 51 11045
51 177 62393
121 106 5661
136 164 65974
186 161 66020
43 126 85165
48 47 58818
106 109 21419
72 131 46855
129 174 35286
51 5 86825
179 1 15497
47 137 95891
1 183 86436
107 169 37611
51 41 60915
25 115 27073
73 112 60348
157 23 13657
144 137 90593
60 167 80369
1 68 76785
169 151 8993
121 109 6698
27 65 22005
21 175 32412
199 9 47166
15 51 67803
97 31 95745
101 89 84457
26 193 35105
194 105 64938
157 169 45129
91 21 49549
193 95 23401
89 31 35145
41 154 63256
68 145 16530
127 136 90201
1 146 97073
126 154 9755
59 103 9455
65 87 96145
164 193 39080
81 127 10200
55 49 69462
153 169 21101
135 27 53886
197 183 73211
15 81 61616
147 89 41
1 34 54936
127 21 79961
71 141 20068
151 109 38934
165 157 43009
61 192 6097
121 143 75721
183 160 17217
163 159 5105
57 132 83445
145 22 22881
10 9 59275
137 98 44001
31 57 25301
161 194 42132
73 106 20914
195 166 34961
118 75 11711
44 161 78903
165 101 63533
52 75 45988
156 55 53041
87 101 39217
48 198 38729
166 185 39853
72 151 99316
87 109 28039
11 87 55007
157 195 48696
15 191 44675
177 141 53292
176 85 72487
198 49 47956
43 140 85701
111 102 84494
145 31 75477
101 137 23146
177 151 15956
125 32 91745
59 81 81261
15 146 80809
199 76 84073
123 53 46140
134 177 43389
129 197 62701
155 113 33421
139 74 48990
9 15 20839
45 193 80435
127 191 10778
153 44 7041
107 88 28003
126 166 23456
61 56 77281
161 33 821
9 77 61872
35 71 20599
61 112 94456
116 147 14260
55 35 23729
57 130 70650
89 180 9881
26 141 94112
80 200 33828
1 11 46001
33 127 43453
99 173 61200
26 103 75521
101 105 8233
17 69 7511
179 121 30101
153 125 29463
49 16 77701
105 200 19579
153 18 48510
111 79 77211
123 81 38401
124 47 74423
17 173 13503
143 33 35230
71 161 10353
161 169 52538
85 161 53201
153 97 89053
18 183 40497
69 135 82488
183 165 57655
197 61 29106
45 58 10081
80 103 24336
47 56 97127
101 166 62001
156 131 75861
35 159 77851
94 136 33065
161 147 27321
97 136 6445
64 73 89241
149 41 26471
19 101 96295
105 137 63853
131 86 97109
18 49 11355
196 63 83263
167 41 82497
174 165 40609
62 41 93636
7 101 41207
126 93 48917
99 19 93201
37 35 13809
171 9 56437
17 76 25173
126 197 3321
99 1 26948
12 138 31781
106 23 28661
161 36 91373
47 26 44841
200 131 97057
97 51 29257
161 185 54052
123 161 43189
71 131 6114
156 184 59777
126 193 93761
36 121 5411
137 141 9782
165 134 43068
145 81 88510
33 84 19486
61 76 15420
185 31 51675
195 14 76427
161 154 85065
120 51 46910
37 185 19426
169 113 18361
117 39 72173
16 69 29582
133 55 6601
172 77 53409
97 121 92346
123 121 92044
99 13 16482
142 21 28233
193 96 96050
32 57 41601
166 26 51813
49 60 54273
170 45 41499
99 121 97731
23 69 70615
60 126 39069
101 169 95823
193 60 48782
161 59 24580
179 30 85181
200 191 88850
192 36 96581
98 187 31103
81 106 98624
41 129 76399
115 103 14096
41 18 97239
2 21 93042
153 23 30365
95 25 2201
166 55 99512
51 54 6617
91 22 43649
161 133 49083
92 75 58353
1 36 26524
149 113 40053
113 37 24570
183 144 50757
173 27 87921
151 5 13413
136 57 5822
102 27 15145
111 19 85019
34 120 31648
89 79 1036
148 106 8546
61 185 3811
98 150 86386
176 170 62676
41 111 46121
133 110 26049
96 25 99358
89 113 88321
124 125 25990
91 51 17491
89 163 84075
182 136 65081
45 138 59481
49 61 89382
62 143 57921
94 81 16333
61 113 61721
73 175 88561
159 102 54685
173 177 70991
19 171 90771
186 1 96335
47 57 61330
181 157 11757
41 95 91507
193 49 40282
65 41 73567
76 141 12709
148 91 87590
41 139 97203
180 53 96463
137 146 54237
169 64 6307
149 137 26349
41 93 59153
1 55 17261
165 97 91431
57 77 15654
187 116 16429
15 140 93219
199 97 45341
122 1 60618
184 120 19926
133 89 93780
73 55 61625
63 153 14436
37 54 53380
38 187 54956
146 23 652
145 133 19531
137 54 77929
19 63 43085
9 119 29655
47 182 80355
141 82 27861
49 157 10829
1 191 13199
163 18 51977
56 81 34903
185 48 64483
36 163 96041
53 79 18339
68 26 78881
183 189 93146
176 177 81141
171 103 51137
13 75 88937
140 131 64113
73 155 61986
154 181 28516
20 138 25404
1 100 89821
176 167 11169
192 94 50409
67 131 1266
19 161 78781
1 50 51316
133 9 5456
93 63 23063
77 117 48182
47 81 18461
80 139 23220
17 28 43612
122 94 7201
113 196 50925
161 113 44066
176 129 46272
10 89 46777
145 69 24555
16 137 20409
135 36 29485
115 61 305
51 148 97197
96 153 28756
169 61 58649
137 196 11077
89 164 85126
130 141 27398
33 139 47621
185 30 39331
113 186 36168
157 130 79423
161 156 86737
11 133 47701
121 66 61669
77 51 10776
186 131 84018
84 187 77205
36 149 24891
65 9 77001
63 21 77203
185 7 41297
17 189 69281
88 137 83426
186 9 5301
103 94 34333
181 130 4711
121 87 85377
19 26 76251
186 35 8801
86 185 57401
174 181 30799
81 197 81301
41 21 4915
71 81 19025
82 101 35175
91 34 38345
187 168 11311
25 29 22354
117 53 22903
112 177 20801
117 141 46121
161 91 73403
10 121 67913
7 150 25136
155 91 71183
121 48 26393
141 169 86861
102 51 23201
11 15 85233
73 21 69699
81 61 7257
59 101 46151
113 70 12777
137 187 59228
59 141 47760
93 193 67107
53 9 15115
150 121 36014
11 131 32161
165 111 40406
65 45 33441
1 133 95145
1 151 91511
81 134 84807
129 23 69513
29 126 31729
119 38 91875
129 145 59221
53 169 62753
89 53 57075
113 109 77717
197 153 75243
91 133 28385
75 133 21201
160 17 62977
45 82 30801
46 81 38595
57 81 19046
33 9 69256
76 11 13345
85 186 8045
145 82 209
166 121 86401
190 75 96711
75 169 93569
1 147 95757
69 129 12819
191 124 79898
86 80 63494
41 11 77692
55 81 7075
141 100 2775
104 11 1437
141 64 11466
104 57 75597
156 59 8971
49 51 81063
171 138 54678
34 123 79265
153 196 2751
154 9 7075
91 109 15745
153 37 94262
31 137 68826
166 20 43401
137 73 7422
111 105 3325
33 19 56891
109 17 91087
85 56 60401
159 105 56929
141 45 60084
97 193 65409
182 76 23940
134 76 12958
136 75 82125
9 176 81070
161 49 21608
49 58 93185
136 141 42001
175 9 21618
87 3 71485
38 9 52257
186 181 51926
138 49 88497
25 134 18142
55 136 32416
49 187 93099
20 127 13185
137 17 91525
166 57 23841
152 86 60393
105 2 66933
82 51 6151
97 129 77689
107 119 78150
41 33 68585
33 49 35109
31 131 70461
186 135 58345
56 118 43591
119 141 25587
13 73 40056
43 82 54167
155 41 72041
32 61 705
135 46 26251
101 15 84757
181 49 20625
87 130 92003
181 105 14167
96 18 9085
18 145 54381
112 145 35126
30 25 673
137 132 15577
25 143 97321
35 116 91457
179 45 42881
145 165 59001
103 183 74337
185 137 29471
109 45 80881
25 57 32946
97 161 42721
143 97 88169
39 81 70156
131 184 14301
198 153 65275
185 32 94033
173 136 87061
76 1 69009
93 125 19822
165 85 59975
151 129 65867
176 141 62935
109 65 77133
40 49 66709
171 21 98271
61 139 14674
33 91 15936
7 177 87824
178 49 11773
101 145 17709
17 168 47184
181 39 15085
33 57 17862
45 165 91881
91 58 3087
87 56 6981
43 165 24323
85 69 31716
177 129 77397
87 41 28134
17 166 75585
144 81 75640
64 95 3875
25 191 47573
37 189 73217
152 11 25677
1 47 68785
81 72 18502
82 188 66889
151 11 56725
86 61 45793
12 71 35609
91 45 53942
105 131 8991
47 131 20401
71 67 95570
197 85 31503
5 130 14766
13 97 79851
56 144 30873
69 36 73855
69 14 21569
30 103 19389
101 151 81787
67 51 65411
68 121 47218
121 88 6636
54 111 13833
41 100 39266
197 5 86187
71 167 87859
57 19 81057
97 197 57529
199 60 66599
42 171 88444
41 3 43001
96 51 6183
89 69 31655
185 1 52321
185 96 61196
177 189 77247
108 106 57562
193 116 91378
81 98 6746
117 109 53841
23 191 90000
185 159 27821
166 76 24491
159 22 87849
163 161 6622
79 110 62795
196 33 17351
163 185 12777
85 14 59026
189 129 8389
17 96 65689
21 166 63619
143 49 99026
191 194 81617
55 177 25145
37 161 55793
112 37 40401
101 41 53679
83 85 96491
178 1 38289
101 183 99256
89 145 1443
47 41 51223
41 8 33251
141 198 94896
151 59 17976
39 62 27725
21 97 18323
19 184 29966
177 179 24149
26 149 18830
7 57 73138
27 73 66016
16 121 43581
65 95 77454
23 136 26460
169 3 24026
185 195 5421
1 182 27649
129 21 57776
43 167 327
11 34 80679
100 153 78724
153 91 33005
104 176 84751
97 159 16516
129 55 83089
85 181 2465
3 46 45241
191 12 69811
21 153 9455
3 16 83656
27 147 27261
129 91 30452
145 119 18442
109 187 19670
97 35 24998
126 25 1801
14 101 21277
89 32 71509
133 179 58944
106 49 46601
194 190 22681
1 176 6097
67 173 27751
61 35 79681
65 51 1921
27 56 53237
41 123 99433
177 107 57875
121 57 78811
56 49 74485
105 48 92610
189 41 90195
46 120 92638
193 70 21715
75 161 33297
61 127 52805
95 17 21927
124 159 46569
51 176 93343
129 101 80225
123 196 22123
115 117 18057
81 175 95751
30 65 50825
100 129 555
51 75 45979
111 16 78901
71 21 9465
40 9 52587
76 161 72648
59 125 25921
43 90 79612
64 92 74091
105 27 58908
177 4 26379
75 54 87831
136 13 56837
101 88 31193
113 179 78163
169 186 66217
110 26 28701
83 1 62546
96 149 16383
40 71 79521
57 34 85431
124 145 64790
6 28 91515
37 117 98864
55 105 75493
111 126 53417
67 185 91251
188 109 57811
50 17 89521
176 59 76381
129 173 94589
95 163 66919
146 89 23987
97 17 94364
25 12 34806
181 133 38453
175 130 79671
52 185 80035
179 89 64801
63 1 17553
73 9 43577
131 167 21888
161 188 43457
161 117 7356
89 64 37985
149 76 55133
31 115 89521
95 169 4301
68 61 57562
195 58 68710
159 187 88021
115 1 35513
3 35 21351
85 21 29221
165 161 58873
3 113 79925
94 49 94250
180 39 9771
153 56 87305
130 25 10993
187 161 39033
117 25 59554
101 1 94184
73 69 76425
131 89 54636
8 197 82837
155 185 14611
160 166 93055
62 101 69657
193 151 54597
91 10 16793
89 8 95189
151 6 24269
146 161 38213
81 164 82081
33 176 82141
133 176 70507
155 156 60697
