78401
70377
79722
79938
87282
95197
96679
95202
99675
92187
91492
90616
89000
88953
86664
78401
71186
66574
66414
58543
58543
66337
67159
87842
87812
90932
99714
98880
96945
96110
88736
87942
80621
78401
76468
84538
89199
86097
89169
72549
70778
61286
78401
74401
89889
90177
96354
97870
97752
97760
90114
86062
80608
82617
78401
70377
64917
76633
85241
78208
94936
96007
92819
94735
89786
88609
78401
86717
84235
80893
89791
90297
86043
85926
85828
78401
87877
95596
95020
98125
95945
91385
93301
81513
80701
83823
83127
78401
72185
71791
87483
85086
86289
89825
92117
92759
96658
95860
99990
101964
102084
104889
104828
106173
106337
106698
106567
107514
108746
108884
109269
109679
109911
112170
113156
113468
113528
113537
114605
114822
115733
115809
115845
116001
116103
116167
116212
116066
116304
116495
116497
116968
116817
116785
117160
117256
117524
117593
117359
117449
117615
117658
117659
117633
117676
117872
117729
117751
117786
118013
118052
118070
118306
118379
118389
118503
118523
118543
118880
118928
118935
119065
119190
119206
119224
119295
119354
119411
119341
119280
119349
119362
119339
119346
119368
119420
119434
119427
119461
119564
119657
119795
119722
119772
119843
119721
119746
119739
119781
119843
119883
119907
119884
120019
120018
120034
120126
120247
120299
120298
120327
120335
120335
120343
120355
120374
120403
120364
120357
120369
120371
120433
120410
120420
120426
120380
120325
120354
120294
120332
120312
120243
120169
120094
120087
120055
119786
119815
119834
119882
119904
119957
119921
119945
119962
119934
119918
119915
119910
119925
119926
119904
119881
119909
119914
119877
119887
119855
119819
119791
119769
119728
119742
119805
119836
119797
119713
119787
119774
119849
119833
119864
120033
120075
120013
119994
119988
120039
120107
119976
119920
119855
119933
119910
119974
120015
120055
120082
120059
119990
119943
120107
120088
120062
120070
120125
120198
120276
120273
120261
120267
120280
120288
120212
120203
120199
120199
120142
120109
120125
120110
120055
120037
120017
120059
120037
120001
119967
119936
119895
119741
119735
119749
119675
119571
119502
119376
119393
119338
119353
119351
119303
119223
119310
119265
119263
119215
119015
118817
118744
118689
118727
118628
118566
118507
118614
118547
118434
118567
118369
118418
118386
118333
118284
118344
118206
118076
118054
118030
118010
117991
117825
117699
117604
117489
117559
117327
117345
117113
117149
116959
116797
116820
116765
116599
116451
116803
116616
116503
116231
116158
116097
116263
116236
116245
116167
116206
115559
115018
114917
114446
114131
114071
113639
113594
112535
112178
112139
111467
111627
111001
110859
111031
110621
109088
107192
106740
105313
102466
102659
102084
103909
104092
107485
107588
107531
109306
109808
109984
110257
110336
110536
110424
110899
111055
110078
111468
112451
112661
113252
113556
113607
114847
114481
114388
114487
114537
115052
115655
116119
116551
116628
116474
116560
116261
116256
116344
116332
116483
116679
117055
117113
117286
117277
117331
117522
117587
117577
117511
117345
117326
117632
117702
117745
117816
117815
117857
117896
118043
117938
118104
118160
118277
118280
118398
118373
118410
118539
118639
118612
118695
118692
118876
118918
119122
119081
119087
119094
119055
119179
119239
119321
119266
119181
119201
119357
119451
119634
119636
119615
119732
119767
119686
119680
119753
119872
119877
119929
119973
119971
120009
