497 500
0 0 0 0 0 0 0 2 2 2 2 2 2 2 2 2 2 2 2 2 2 2 2 2 2 2 2 2 2 2 2 2 2 2 2 2 2 2 2 2 2 2 2 2 2 2 2 2 2 2 1 1 1 1 1 1 1 1 1 1 1 1 1 1 1 1 1 1 1 1 1 1 1 1 1 1 1 1 1 1 1 1 1 1 1 1 1 1 1 1 1 1 1 1 1 1 1 1 1 1 1 1 1 1 1 1 1 1 1 1 1 1 1 1 1 1 1 1 1 1 1 1 1 1 1 1 1 1 1 1 1 1 1 1 1 1 1 1 1 1 1 1 1 1 1 1 1 1 1 1 1 1 1 1 1 0 0 0 0 0 0 0 0 0 0 0 0 0 0 0 0 0 0 0 0 0 0 0 0 0 0 0 0 0 0 0 0 0 0 0 0 0 0 0 0 0 0 0 0 0 0 0 0 0 0 0 0 0 0 0 0 0 0 0 0 0 0 0 0 0 0 0 0 0 0 0 0 0 0 0 0 0 0 0 0 0 0 0 0 0 0 0 0 0 0 0 0 2 2 2 2 2 2 2 2 2 2 2 2 2 2 2 2 2 2 2 2 2 2 2 2 2 2 2 2 2 2 2 2 2 2 2 2 2 2 2 2 2 2 2 2 2 2 2 2 2 2 2 2 2 2 2 2 2 2 2 2 2 2 2 2 2 2 2 2 2 2 2 2 2 2 2 2 1 1 1 1 1 1 1 1 1 1 1 1 1 1 1 1 1 1 1 1 1 1 1 1 0 0 0 0 1 1 1 1 1 1 1 1 1 1 1 1 1 1 1 1 1 1 1 1 1 1 1 1 1 1 1 0 0 0 0 0 0 0 0 0 0 0 1 1 1 1 2 2 2 2 2 2 2 2 2 2 2 2 2 2 2 2 2 2 2 2 2 2 2 2 2 2 2 2 2 2 2 2 2 2 2 2 2 2 2 2 2 2 2 2 2 2 2 2 2 2 2 2 2 2 2 2 2 2 2 2 2 2 2 2 2 2 2 2 2 2 2 2 2 2 2 2 2 2 2 2 2 2 2 2 2 2 2 2 2 2 2 2 2 0 0 0 0 0 0 0 0 0 0 0 
238 480
39 227
253 256
83 152
22 273
253 256
22 273
39 227
83 152
238 480
83 152
253 256
22 273
39 227
238 480
245 374
307 352
367 462
104 400
59 93
322 388
367 462
59 93
322 388
307 352
245 374
104 400
59 93
367 462
104 400
307 352
245 374
322 388
291 388
292 374
51 196
292 374
291 388
51 196
291 388
292 374
51 196
86 423
92 301
298 429
38 159
298 429
86 423
92 301
38 159
86 423
92 301
38 159
298 429
162 443
140 325
46 268
38 310
38 310
162 443
46 268
140 325
140 325
46 268
38 310
162 443
10 176
161 256
324 465
10 176
324 465
161 256
10 176
324 465
161 256
127 153
79 229
49 398
31 412
31 412
79 229
49 398
127 153
127 153
79 229
31 412
49 398
185 325
321 494
211 487
156 432
288 478
215 377
108 198
422 485
186 436
35 428
59 391
19 348
351 382
80 321
184 401
61 409
13 153
214 367
171 295
177 217
135 209
16 433
169 209
23 472
160 416
277 445
133 412
40 189
198 362
48 117
16 246
174 313
106 442
210 224
182 355
29 111
138 329
54 251
143 350
112 163
161 437
150 395
413 476
81 172
309 491
363 393
170 312
128 274
159 290
182 473
350 409
168 293
10 237
154 386
288 374
175 213
70 306
96 406
373 377
104 185
142 474
195 226
319 346
161 185
410 449
154 220
315 495
32 356
269 420
365 381
269 476
28 400
154 328
102 261
276 288
246 296
480 486
149 222
286 461
310 476
164 432
396 491
50 282
318 326
12 328
138 155
335 414
46 227
302 383
27 382
189 242
296 370
420 460
342 428
248 442
103 373
20 200
202 449
141 453
195 351
236 248
9 255
115 157
216 223
259 352
365 443
163 169
67 107
125 319
390 454
85 415
155 350
284 376
210 224
177 217
125 319
16 433
16 246
50 282
296 370
143 350
10 237
318 326
9 255
276 288
309 491
248 442
169 209
80 321
310 476
182 355
112 163
335 414
128 274
236 248
29 111
142 474
350 409
85 415
155 350
170 312
168 293
174 313
198 362
154 386
410 449
70 306
27 382
363 393
214 367
104 185
54 251
302 383
138 155
12 328
13 153
373 377
269 420
319 346
135 209
141 453
164 432
40 189
23 472
246 296
133 412
480 486
171 295
46 227
48 117
28 400
259 352
315 495
159 290
81 172
67 107
96 406
154 220
61 409
396 491
195 226
365 443
286 461
115 157
390 454
138 329
175 213
365 381
160 416
413 476
103 373
284 376
154 328
277 445
269 476
149 222
342 428
288 374
420 460
182 473
102 261
161 185
32 356
202 449
195 351
161 437
106 442
163 169
184 401
189 242
20 200
150 395
216 223
70 306
16 246
170 312
106 442
103 373
150 395
350 409
246 296
32 356
269 420
143 350
318 326
128 274
135 209
159 290
142 474
161 437
420 460
182 473
269 476
302 383
54 251
259 352
189 242
154 386
85 415
248 442
309 491
23 472
155 350
195 351
288 374
164 432
28 400
138 155
195 226
335 414
16 433
81 172
413 476
50 282
40 189
29 111
171 295
27 382
46 227
319 346
161 185
154 328
396 491
480 486
236 248
175 213
390 454
365 381
141 453
315 495
310 476
216 223
96 406
80 321
13 153
174 313
198 362
363 393
20 200
296 370
12 328
184 401
10 237
163 169
214 367
115 157
284 376
112 163
286 461
102 261
61 409
138 329
125 319
133 412
210 224
149 222
373 377
277 445
177 217
182 355
154 220
202 449
160 416
276 288
342 428
365 443
48 117
169 209
9 255
104 185
168 293
410 449
67 107
5 235
456 481
98 129
343 467
20 62
32 113
193 280
166 447
17 470
6 492
8 452
120 160
96 393
398 478
159 407
152 178
29 62
16 164
41 399
217 229
350 482
250 278
155 325
60 295
37 167
24 471
164 295
131 324
108 383
127 391
345 479
59 229
202 488
345 470
183 393
274 336
104 301
327 450
207 427
151 246
144 488
91 160
151 420
10 396
82 175
242 477
17 480
416 427
114 227
347 492
182 303
110 190
38 347
158 400
392 396
113 346
94 449
229 423
23 143
138 250
100 309
135 244
333 396
149 460
374 492
188 223
46 345
87 179
17 131
73 320
181 354
263 353
299 397
253 426
114 256
104 109
175 281
20 107
192 438
65 439
8 252
31 121
372 400
147 298
393 407
284 463
266 418
93 93
249 410
107 334
196 470
41 63
227 434
69 425
126 324
380 455
48 425
44 425
150 154
134 333
