60 60
165 7 241 35 170 300 3 73 168 196 94 248 97 248 67 42 251 223 116 216 227 7 59 252 268 6 241 244 133 229 121 296 99 232 239 25 49 14 119 135 180 58 247 188 1 74 204 262 116 96 163 27 111 198 270 295 64 257 240 38 
227 65 223 266 144 106 12 111 276 75 121 33 173 232 238 290 187 185 60 237 272 250 113 190 140 227 151 235 61 104 21 78 276 145 31 243 85 30 158 193 112 231 159 4 268 178 115 270 196 117 83 283 136 101 92 97 225 83 169 123 
60 238 204 260 260 293 59 11 34 195 124 122 188 136 51 284 245 182 74 300 176 252 221 47 147 153 3 127 54 193 292 217 284 243 193 295 194 282 153 90 158 121 202 139 13 296 283 181 239 26 159 135 214 216 86 254 134 143 129 81 
88 33 288 239 250 300 208 284 238 159 127 32 81 61 39 136 234 291 69 39 279 289 98 152 175 248 222 224 252 34 276 243 263 23 54 254 62 79 85 48 125 84 124 232 56 154 61 257 8 179 124 37 148 7 135 147 258 128 209 121 
278 19 27 85 154 28 88 26 151 54 40 256 195 30 87 284 187 276 143 270 163 230 63 260 55 149 294 4 44 253 219 205 248 81 82 66 110 91 187 122 270 189 273 171 127 12 226 186 238 191 9 58 170 195 232 260 100 274 215 23 
49 94 265 243 21 268 89 164 22 232 248 116 130 7 233 204 46 226 248 238 163 164 267 127 137 199 242 93 70 75 123 195 264 68 185 72 46 24 48 277 187 52 129 14 100 228 250 186 43 176 261 114 209 182 173 167 86 13 37 19 
13 98 156 262 89 101 85 265 198 86 204 190 77 258 159 261 3 68 206 270 123 215 269 153 210 230 264 55 206 53 261 133 35 193 236 118 229 71 71 163 274 217 19 7 71 74 31 237 292 172 195 28 229 138 212 66 127 54 226 258 
264 247 90 68 129 300 197 144 264 293 149 245 261 14 6 151 54 201 204 125 207 75 95 184 111 86 226 166 275 96 196 258 98 36 96 260 214 285 93 43 217 64 285 262 40 295 225 168 121 250 65 15 175 277 132 118 26 242 179 205 
262 192 227 125 224 35 188 81 231 14 26 237 13 291 85 197 147 146 285 220 37 109 72 61 120 7 16 225 272 138 244 235 122 37 149 184 227 73 236 171 251 111 46 264 224 126 248 239 109 243 144 124 213 147 248 92 188 219 106 91 
157 182 283 279 241 222 216 179 39 224 145 242 28 62 184 121 189 102 74 112 274 192 144 84 62 243 145 168 180 232 173 286 292 159 165 199 299 70 22 270 159 106 288 209 110 49 156 288 292 58 163 44 119 295 239 256 107 21 151 157 
123 23 43 135 166 168 255 221 101 94 185 77 264 183 263 289 270 15 125 297 26 82 247 234 144 180 235 283 77 49 250 294 135 266 151 45 202 217 115 14 38 72 131 167 37 61 207 138 172 229 105 204 187 6 254 148 236 69 55 226 
212 176 226 121 256 196 153 118 273 263 79 78 299 240 242 229 71 62 289 12 299 26 23 180 146 239 48 24 176 116 99 137 255 293 263 76 119 42 85 132 219 33 6 52 256 296 77 39 161 114 204 70 196 130 92 187 184 236 57 35 
236 100 286 116 122 269 209 40 80 95 131 160 23 75 223 246 208 170 12 61 248 227 87 78 267 197 2 203 152 30 209 25 7 30 86 119 243 218 12 193 250 275 160 90 74 42 192 38 48 249 107 275 212 23 300 2 98 44 262 160 
279 131 28 274 77 141 14 54 180 2 20 222 33 294 186 266 3 200 72 241 119 18 270 216 36 297 74 43 44 150 164 12 65 61 243 297 55 297 202 284 9 57 110 281 227 65 142 248 283 196 219 43 262 88 257 206 284 62 269 277 
7 119 49 98 285 120 140 183 273 58 167 22 211 98 228 28 46 287 244 187 57 83 25 296 5 31 40 187 222 105 181 179 152 288 35 41 19 255 145 252 54 277 35 136 73 253 84 256 166 60 53 216 278 263 278 23 199 15 107 152 
59 126 202 127 234 184 63 290 61 254 112 32 115 137 55 82 92 26 220 297 188 145 215 159 173 183 134 21 88 205 263 248 46 101 224 71 229 231 154 73 104 85 163 183 260 47 119 100 36 69 178 150 135 29 260 24 43 32 145 186 
106 256 226 45 69 255 239 196 143 250 107 178 155 196 284 273 115 245 8 149 116 43 33 89 88 28 163 71 128 12 199 18 274 120 97 261 228 119 135 58 198 84 141 240 88 276 61 33 171 165 112 210 281 88 220 16 19 87 47 115 
143 237 12 121 279 114 29 137 292 142 37 181 278 77 190 285 59 29 77 272 2 203 72 51 158 154 49 244 187 77 158 157 277 31 137 267 22 209 252 133 241 10 263 160 92 66 5 123 125 33 116 230 209 177 113 224 244 103 155 117 
49 98 219 217 193 97 256 199 134 45 16 129 294 261 34 261 71 114 114 119 186 150 62 251 151 41 210 237 47 178 142 55 44 14 266 171 96 51 250 98 69 119 283 25 176 207 171 282 37 281 32 288 217 215 295 50 9 275 214 82 
10 96 110 206 109 14 291 11 61 249 168 212 103 90 203 272 286 6 24 64 67 187 189 136 298 109 27 245 222 249 31 70 189 188 163 129 168 49 162 117 241 164 88 93 173 146 135 211 201 28 43 210 299 49 164 18 219 258 274 154 
155 1 216 2 145 94 97 81 268 300 99 288 128 210 124 165 135 36 123 34 200 153 78 2 229 242 149 145 73 237 12 270 127 26 1 162 46 70 80 58 281 274 170 45 121 250 119 251 172 170 263 253 40 139 111 150 105 7 157 178 
267 191 185 185 51 149 6 158 135 145 176 192 272 239 195 128 192 253 16 80 293 223 227 200 17 92 289 139 202 175 142 69 107 82 270 130 127 257 263 245 93 130 182 218 61 227 170 261 91 169 93 184 125 24 175 58 134 91 124 122 
20 142 181 117 13 49 141 271 282 30 256 237 247 45 292 174 259 63 48 91 171 193 289 31 225 139 279 169 199 233 128 220 16 296 62 248 210 276 7 278 132 276 13 264 158 91 204 66 267 234 255 284 295 266 44 193 5 255 163 87 
2 153 245 96 170 190 294 268 262 24 273 288 251 68 118 179 266 75 40 107 277 188 208 158 96 3 98 41 64 57 131 193 128 267 219 8 285 135 127 6 244 68 77 13 269 69 131 18 282 121 298 45 139 270 168 50 121 100 23 189 
198 191 35 14 16 271 58 26 290 139 135 278 201 56 25 65 242 108 264 272 227 262 264 228 160 83 145 220 252 165 255 183 124 199 148 272 268 138 170 216 236 71 300 284 88 89 220 223 283 171 278 119 60 177 200 211 70 59 1 279 
246 83 131 240 282 217 84 1 200 183 27 251 300 26 60 47 266 270 129 77 259 176 147 21 213 54 125 151 258 27 179 25 2 285 285 112 103 239 112 58 65 71 237 238 249 164 62 241 270 187 154 277 299 267 133 163 132 262 130 108 
35 42 166 8 124 144 118 190 276 259 49 255 191 204 37 123 140 138 174 124 109 236 30 84 287 282 206 149 195 80 1 210 38 88 8 65 162 246 30 267 249 265 225 220 149 173 261 188 289 126 43 13 235 94 221 26 230 223 92 67 
26 32 125 93 58 10 224 188 133 25 86 108 57 35 290 269 80 3 183 282 31 143 67 108 3 12 159 98 261 154 193 92 254 86 186 157 216 14 186 21 300 21 148 75 160 247 203 273 267 204 33 293 298 222 25 28 278 259 208 270 
35 93 299 189 219 91 36 241 183 171 82 291 29 120 250 204 11 73 180 153 103 194 281 13 76 97 145 15 131 274 96 112 1 98 45 274 128 170 159 254 260 174 248 84 128 24 251 137 86 111 244 53 51 40 225 202 242 95 271 259 
143 113 19 97 226 44 251 147 101 260 36 76 67 249 268 2 50 9 246 112 248 155 77 233 284 147 31 255 31 105 232 209 233 108 137 69 275 76 85 132 132 176 213 255 219 247 78 2 183 229 229 111 22 60 66 277 14 205 262 73 
133 173 98 29 194 172 43 75 164 129 227 137 219 78 139 43 53 84 227 292 158 218 59 248 255 211 23 184 28 246 14 128 164 249 130 107 193 124 95 97 236 299 113 89 2 102 126 259 228 69 113 35 12 219 92 272 284 250 168 180 
86 276 282 224 165 237 300 46 39 32 18 289 224 146 255 5 262 265 287 196 165 137 117 13 224 57 20 38 73 188 9 235 189 21 228 137 300 103 265 139 216 77 101 140 119 59 85 17 54 26 28 182 171 221 236 28 247 199 99 140 
105 122 267 178 181 12 11 146 120 113 127 166 111 278 198 242 202 217 15 181 175 225 195 13 79 179 216 1 141 189 249 268 224 218 144 224 242 226 124 300 174 255 208 91 21 207 199 191 276 265 6 137 93 179 94 57 213 169 51 76 
205 51 190 155 31 131 261 107 163 53 257 19 193 47 142 198 85 41 91 18 106 141 68 212 251 283 267 217 120 71 83 144 147 222 178 201 150 113 119 13 140 227 299 59 74 71 83 259 112 271 289 193 112 111 294 19 134 241 153 234 
4 263 274 255 216 281 161 42 128 181 168 83 78 160 6 208 164 235 262 65 189 233 247 186 101 271 93 294 65 5 124 285 194 251 63 243 68 220 160 117 238 6 42 177 189 275 134 197 172 141 295 193 209 276 116 274 141 275 287 89 
145 172 216 148 146 202 142 129 266 8 253 104 43 128 187 243 24 208 136 224 162 155 13 107 4 123 176 133 126 241 118 276 46 249 32 39 232 145 15 253 279 92 293 249 296 144 69 45 43 103 230 155 21 268 298 191 149 278 275 10 
69 281 241 83 279 89 110 80 154 103 205 143 19 133 125 133 209 245 266 102 48 121 2 295 197 169 213 249 57 89 129 59 45 269 191 53 300 255 50 157 71 260 282 42 237 133 264 44 249 155 76 55 145 29 266 252 160 5 102 36 
251 285 182 130 15 107 90 55 202 19 82 63 97 196 234 255 57 74 153 201 41 155 142 28 14 75 276 1 3 288 225 297 92 233 78 116 234 290 205 73 221 5 7 94 104 20 59 99 248 19 238 266 300 55 56 69 12 251 11 92 
277 122 226 160 51 286 297 209 80 111 256 179 300 10 257 150 90 135 178 80 114 105 162 265 135 130 62 274 135 62 219 239 124 108 198 109 105 34 248 40 53 57 275 164 120 9 260 63 240 2 55 290 70 47 200 63 73 209 116 62 
86 24 111 295 108 241 79 280 238 219 37 143 83 272 210 210 172 23 281 4 201 15 106 11 105 273 294 96 139 258 226 239 109 27 201 152 154 9 94 92 209 125 173 284 15 268 293 243 289 18 178 50 38 228 64 205 78 192 251 268 
276 196 180 195 21 77 132 233 242 97 248 159 114 46 229 272 259 182 4 184 39 172 281 45 246 89 39 125 62 18 143 18 253 211 282 175 82 125 180 104 175 284 295 171 262 188 243 215 79 145 239 137 237 173 212 201 7 240 61 11 
96 82 74 259 98 148 289 142 124 264 189 295 250 278 73 113 165 103 221 193 63 218 11 225 167 187 201 170 293 287 208 287 133 57 16 104 126 214 267 82 286 300 131 275 82 180 232 152 78 53 198 53 22 87 278 294 91 60 234 39 
169 62 42 197 65 129 206 271 178 178 269 297 48 183 215 248 52 221 210 42 62 280 241 149 260 38 49 206 274 47 237 198 91 59 102 272 187 293 242 76 53 170 128 144 31 177 243 226 255 125 54 125 253 4 56 67 238 147 185 78 
27 217 29 173 202 268 215 30 108 193 193 281 140 116 26 35 167 221 256 16 52 145 163 262 58 219 238 132 140 20 124 46 96 81 266 161 7 72 87 109 139 146 160 8 50 236 65 198 219 299 191 135 291 64 255 265 229 3 23 39 
205 259 124 34 105 299 300 193 197 284 141 298 233 251 273 290 256 144 287 49 67 207 14 36 7 222 125 170 123 43 275 154 34 192 56 285 15 104 183 275 225 143 49 8 253 284 97 223 250 150 94 59 161 222 163 68 133 192 153 197 
4 36 90 75 250 41 7 260 134 10 299 109 130 17 231 37 32 66 61 211 151 25 193 81 191 63 136 26 20 4 267 217 211 224 96 276 198 260 147 243 69 143 164 40 145 203 55 67 146 128 296 126 300 2 48 95 21 258 67 69 
45 220 243 192 221 230 25 27 149 28 163 170 172 207 62 112 26 23 209 267 278 146 93 43 164 8 35 293 192 152 187 260 11 128 209 168 157 287 133 72 132 254 287 229 205 181 173 41 184 299 125 61 216 45 114 39 264 131 78 191 
147 31 227 132 175 279 142 9 276 37 285 93 231 273 271 28 165 225 110 211 92 279 255 257 262 256 218 67 83 88 153 224 8 94 49 89 84 49 28 269 282 103 267 273 189 249 179 162 295 11 19 77 109 270 28 19 81 55 297 172 
158 25 16 114 268 250 116 139 215 146 44 155 282 253 172 263 107 42 59 212 105 20 177 296 188 208 94 262 224 234 139 145 16 280 239 103 29 21 188 222 64 103 11 190 256 232 125 152 140 205 175 146 287 147 197 64 104 93 15 219 
73 294 300 277 278 257 178 116 199 74 193 17 82 183 99 87 30 195 212 136 269 221 40 20 234 196 185 77 222 18 69 82 56 214 236 95 120 283 169 136 194 86 119 242 150 210 30 178 33 178 255 207 133 198 280 6 150 152 51 103 
102 138 86 23 106 183 35 96 109 150 165 197 36 211 162 247 203 237 270 79 136 126 241 164 29 77 8 199 246 110 102 277 287 101 108 206 299 36 213 80 134 42 100 185 156 120 74 121 234 175 141 297 48 298 53 244 240 189 149 212 
171 6 77 109 217 151 29 242 282 21 158 51 246 208 291 9 60 54 48 155 58 300 106 122 24 30 45 84 179 263 177 46 16 229 214 73 290 229 188 268 176 62 55 148 282 155 207 293 125 207 102 179 284 217 216 32 22 134 300 26 
146 253 18 86 114 105 152 250 55 135 76 5 80 196 282 281 105 55 158 85 202 146 125 223 76 221 237 256 242 103 266 114 100 45 42 239 137 45 191 256 23 195 167 90 63 270 93 96 168 37 114 117 151 83 202 88 289 72 148 46 
226 140 159 230 154 118 7 100 132 130 103 142 196 203 16 54 268 244 298 210 51 128 150 76 74 43 283 146 104 58 145 105 119 262 91 156 215 145 48 212 19 26 252 233 62 274 91 276 248 55 79 107 85 284 230 135 77 297 54 237 
120 28 272 123 11 92 42 182 248 93 120 8 27 108 174 186 106 57 80 187 94 50 146 210 30 185 29 118 208 289 62 36 202 125 25 10 298 238 256 130 273 294 57 208 256 196 201 131 132 122 51 208 208 225 113 45 4 176 177 5 
156 216 190 93 65 122 180 95 116 112 245 192 65 205 178 284 49 87 262 64 203 44 57 179 259 185 155 238 244 296 249 28 216 276 220 190 286 17 162 194 107 111 86 234 96 13 283 259 55 192 55 255 207 248 160 260 65 177 247 122 
149 146 133 70 94 156 195 180 228 40 277 210 258 74 185 22 23 230 20 15 233 164 9 42 22 164 245 194 78 165 31 133 205 153 273 105 31 113 163 119 116 47 82 165 259 49 83 158 130 300 153 146 212 201 53 267 82 143 209 115 
62 21 214 38 192 141 89 123 213 153 232 266 230 189 18 1 111 33 21 148 224 128 231 205 64 249 145 240 211 1 298 9 183 262 36 83 179 26 254 69 164 159 214 119 141 110 71 147 149 65 37 101 170 77 180 64 168 64 279 173 
194 15 241 213 20 151 133 142 58 89 18 206 220 224 117 140 10 118 11 83 158 297 69 96 255 207 213 78 108 208 13 20 238 20 283 251 123 61 109 64 280 5 254 220 15 155 281 2 188 150 256 113 189 26 220 283 292 43 158 161 
282 131 237 100 172 52 119 170 16 10 37 297 18 74 47 113 300 268 14 141 20 232 176 56 71 91 257 112 285 264 224 39 287 253 274 268 220 172 220 300 65 65 47 197 39 61 127 143 29 227 21 65 37 295 185 54 171 12 50 72 
