11070
22680
34290
45900
57510
69120
80730
92340
103950
115560
127170
138780
150390
162000
173610
185220
196830
208440
220050
231660
243270
254880
266490
278100
289710
301320
312930
324540
336150
347760
359370
370980
382590
394200
405810
417420
429030
440640
452250
463860
475470
487080
498690
510300
521910
533520
545130
556740
568350
579960
591570
603180
614790
626400
638010
649620
661230
672840
684450
696060
707670
719280
730890
742500
754110
765720
777330
788940
800550
812160
823770
835380
846990
858600
870210
881820
893430
905040
916650
928260
939870
951480
963090
974700
986310
997920
1009530
1021140
1032750
1044360
1055970
1067580
1079190
1090800
1102410
1114020
1125630
1137240
1148850
1160460
1172070
1183680
1195290
1206900
1218510
1230120
1241730
