114 100 102
0 72 70 99
1 97 86 106
0 94 76 98
1 4 82 86
0 82 4 4
1 4 82 84
0 41 80 96
1 91 41 44
0 28 18 52
0 65 22 51
1 21 48 75
0 65 6 29
0 49 90 96
1 90 43 49
0 44 47 95
0 28 79 94
1 78 28 32
0 32 72 83
0 62 11 81
1 10 54 84
0 65 10 94
0 106 15 37
0 67 4 72
1 41 52 82
0 59 22 58
1 85 37 49
0 41 82 96
1 75 28 33
0 29 12 94
0 106 17 61
0 13 13 90
0 72 46 84
0 69 11 81
1 38 60 85
0 59 3 57
0 10 35 100
1 7 69 69
0 69 6 82
1 83 62 72
1 23 54 78
1 77 3 21
0 5 75 86
1 85 2 13
1 68 75 83
0 83 19 99
1 100 83 98
0 26 14 61
0 107 20 86
0 38 70 79
1 72 38 38
0 38 72 88
0 107 6 89
1 89 107 113
0 111 65 93
0 110 1 13
1 19 7 14
0 27 22 61
1 62 26 28
0 54 9 70
1 58 54 81
0 27 9 56
1 57 26 29
0 20 18 93
1 22 17 26
1 93 59 79
1 71 13 26
0 26 71 77
0 11 33 83
1 65 3 26
0 22 63 74
0 83 59 87
1 58 66 83
0 81 45 77
1 74 1 15
0 106 12 60
1 28 101 112
0 100 28 28
1 47 61 85
0 86 47 47
1 84 28 32
0 33 13 98
1 89 29 33
1 5 43 70
0 44 3 7
1 8 44 55
0 3 2 11
0 9 30 82
0 64 16 93
0 49 3 13
1 6 48 80
0 79 4 18
0 37 41 64
1 40 33 48
0 39 29 96
0 4 1 85
1 86 2 13
1 51 52 71
0 56 46 66
1 47 51 62
0 53 16 52
0 25 73 75
1 76 8 25
