114 100 102
0 53 4 39
1 12 48 97
1 25 47 69
0 7 15 77
1 63 1 13
1 30 41 71
1 95 19 25
0 18 86 95
1 51 31 60
1 53 37 83
0 63 24 97
1 29 42 95
0 84 8 66
1 55 37 112
0 106 45 71
1 63 6 13
0 43 94 97
0 51 54 98
0 79 13 52
1 50 56 84
0 40 71 73
0 23 59 79
1 62 23 33
0 67 7 34
0 7 7 30
0 102 74 99
0 103 39 88
0 72 8 70
1 71 71 74
1 37 49 93
0 94 16 72
0 42 83 84
0 100 8 55
0 77 17 74
0 61 1 12
1 13 51 80
1 76 50 79
1 88 71 101
0 68 1 40
1 6 40 73
1 9 58 87
0 71 7 27
0 89 36 68
1 17 62 77
0 61 9 44
1 62 47 106
0 92 35 65
1 96 56 85
0 55 26 96
1 96 9 11
0 72 28 54
1 52 55 101
1 83 64 90
1 75 3 4
0 16 65 79
0 88 35 59
1 58 74 104
0 11 76 91
1 82 50 77
0 49 40 100
0 73 41 69
1 90 16 34
1 63 41 113
0 95 20 87
1 99 84 114
0 107 65 99
0 26 15 37
1 16 24 30
1 44 6 11
1 10 64 91
0 66 7 58
0 23 15 29
0 80 23 54
1 45 73 89
1 73 9 19
0 42 47 74
1 53 41 43
0 68 47 75
1 47 46 90
0 63 18 99
1 17 57 91
0 16 16 76
0 76 51 100
1 32 18 18
0 18 31 35
1 95 59 97
1 18 53 67
0 65 2 47
0 73 19 86
0 59 7 87
1 9 47 79
1 69 49 93
0 113 6 35
0 6 29 72
0 100 7 39
1 85 21 33
1 14 22 33
1 81 2 7
1 95 3 5
0 61 14 56
1 46 49 72
0 67 22 66
