413
314
328
540
543
198
456
259
4
228
135
122
105
24
33
79
85
112
54
107
35
104
220
25
389
21
258
143
80
639
37
450
362
334
42
162
226
36
142
110
269
102
521
55
9
424
140
351
54
11
73
52
462
47
9
422
243
81
450
60
433
10
62
138
184
345
95
397
439
134
91
511
666
3
584
257
112
414
87
123
540
158
209
86
408
381
22
461
651
240
387
178
55
346
102
156
391
273
256
121
425
14
293
430
398
596
307
413
149
582
274
219
683
119
41
13
105
358
126
47
478
236
167
50
155
221
258
104
273
471
87
28
49
337
277
242
280
74
378
89
584
558
541
121
60
183
173
607
69
21
95
429
275
40
369
271
484
236
341
39
307
613
242
209
8
369
186
30
187
69
10
195
274
326
246
505
480
430
535
247
6
211
43
86
231
410
91
316
30
76
325
505
246
418
100
92
280
123
266
350
492
25
137
523
338
141
279
530
13
554
50
251
180
611
123
220
73
110
119
225
232
74
243
643
348
187
464
506
54
641
527
158
374
206
270
37
97
437
168
125
243
37
121
105
92
37
474
608
98
100
228
625
511
92
332
81
417
215
626
127
59
62
276
355
56
2
143
239
480
316
629
11
63
198
226
560
201
23
110
422
256
9
245
252
346
441
306
477
189
299
256
215
389
410
352
346
167
220
131
208
115
482
343
49
18
365
196
515
467
207
174
195
427
366
121
130
138
54
423
166
78
345
591
215
241
187
176
123
88
279
298
190
505
462
147
365
176
487
197
68
422
41
191
9
374
149
185
35
143
305
190
200
78
29
299
57
443
455
136
370
104
222
367
453
272
547
41
495
425
67
51
405
158
476
252
270
350
8
333
220
45
601
178
456
12
234
73
483
68
5
491
328
72
270
224
111
547
171
133
21
345
282
427
292
305
388
21
298
310
337
503
123
615
319
214
31
368
143
269
327
133
189
90
393
139
21
193
415
401
515
209
268
331
548
138
0
155
219
129
202
194
402
108
35
377
130
101
291
493
326
38
188
214
215
32
3
236
64
87
118
516
695
494
164
230
150
12
305
32
298
227
505
307
147
90
297
69
121
192
69
142
35
122
273
289
292
375
140
525
42
493
30
150
219
550
5
451
296
643
66
190
71
308
126
561
184
363
67
460
455
305
449
363
330
51
609
69
662
29
60
327
150
369
378
64
168
85
265
41
332
213
567
269
22
155
272
624
389
195
250
583
269
166
304
42
542
341
181
287
79
182
68
290
114
101
382
419
82
155
4
337
555
237
620
105
362
29
109
121
196
271
245
493
79
336
229
424
291
626
159
212
80
435
282
183
417
46
205
283
538
115
44
111
134
196
78
374
518
47
37
133
2
142
210
145
448
210
572
45
143
78
204
11
10
117
127
107
15
4
27
40
3
54
564
115
291
535
7
11
434
183
633
111
100
470
576
451
291
200
87
53
100
287
168
253
295
85
93
175
587
53
129
82
372
281
154
219
413
552
364
264
107
105
266
378
564
284
381
254
268
30
10
252
8
530
175
123
21
4
458
141
571
325
312
241
219
92
194
428
307
137
308
474
230
146
458
106
201
73
194
4
147
36
146
16
30
87
129
128
124
94
516
408
365
458
102
111
293
384
180
15
416
122
544
407
31
50
600
166
68
82
99
517
272
50
573
83
267
415
207
243
348
33
168
85
318
163
99
272
10
319
184
120
507
163
131
60
450
555
477
173
93
75
406
16
35
236
14
379
150
476
11
57
173
85
244
124
131
9
153
402
192
28
319
61
103
157
457
104
240
269
123
87
34
110
391
21
411
33
491
54
211
25
191
344
527
26
48
252
411
238
59
383
524
246
193
349
29
254
7
230
572
56
41
564
365
528
509
119
618
477
42
156
42
61
137
493
62
106
409
84
144
249
95
115
394
377
24
210
78
2
254
546
102
301
534
591
53
231
179
237
88
228
94
98
337
13
131
369
255
555
110
100
193
98
116
579
192
419
416
42
89
7
647
173
130
419
315
404
459
160
139
107
446
221
273
28
479
446
575
183
99
76
207
122
621
96
189
531
79
567
171
206
343
398
31
473
58
624
285
246
198
131
283
663
25
75
315
316
344
79
17
121
212
102
437
234
2
342
103
246
88
296
91
538
367
138
414
248
439
50
230
254
249
377
61
337
150
78
156
87
225
145
114
32
404
289
73
176
60
111
229
337
306
411
116
143
80
377
46
129
9
47
442
192
219
6
226
395
325
183
379
275
127
366
215
80
366
76
171
624
176
197
20
38
121
298
130
219
212
188
163
336
41
266
92
179
0
210
315
193
716
417
30
550
32
277
189
622
365
121
361
71
95
39
227
245
239
394
155
440
144
733
95
411
302
318
309
164
306
332
85
37
112
236
465
235
287
216
101
233
158
410
145
508
229
133
197
657
69
256
243
271
97
177
112
489
257
408
75
290
162
595
139
555
453
511
539
63
129
57
179
344
111
117
59
186
260
109
262
589
521
361
472
260
180
452
162
151
309
527
619
142
251
162
210
241
384
462
258
72
235
113
347
72
67
137
129
43
16
229
197
1
114
381
284
17
8
192
217
525
573
28
92
187
332
11
402
406
423
108
458
610
33
87
104
14
56
109
303
220
72
151
142
354
87
259
217
322
121
78
470
94
279
136
218
425
129
287
409
22
18
102
154
38
236
278
416
294
208
361
163
191
67
24
104
121
292
301
129
346
532
258
171
301
33
70
568
566
141
481
290
28
368
298
184
335
217
344
56
205
401
680
199
175
25
385
297
280
53
103
211
100
246
264
405
326
279
119
145
18
38
119
500
87
298
170
9
259
280
248
196
3
121
166
122
253
269
237
367
392
334
183
119
359
18
313
46
240
77
64
71
50
23
422
308
452
34
366
244
550
186
127
193
424
145
196
80
301
586
53
164
289
187
477
304
87
635
573
614
481
489
61
582
218
246
52
223
367
61
147
260
192
255
126
372
367
103
132
766
472
184
193
211
92
1
222
339
297
23
328
151
174
70
388
543
246
315
127
326
166
354
593
172
503
496
144
382
475
77
113
67
86
135
121
204
582
138
635
81
324
49
112
253
489
411
168
261
454
477
259
532
51
71
13
69
263
155
432
178
222
22
393
31
50
33
292
219
22
188
354
471
454
189
19
22
43
333
126
331
656
469
191
88
119
437
490
290
250
347
31
386
81
304
134
127
648
584
85
295
68
267
292
155
4
62
125
472
113
457
29
45
117
174
184
275
268
400
305
453
112
371
185
473
74
235
279
3
367
184
321
484
84
220
252
441
307
273
240
196
262
217
564
400
16
166
97
450
70
241
546
342
389
386
306
301
290
547
458
682
516
247
611
79
301
367
13
27
509
538
21
270
89
424
253
598
59
179
379
76
280
758
172
97
382
179
358
232
90
90
518
271
162
66
51
214
404
245
534
449
332
37
31
218
56
215
86
318
202
143
371
54
184
179
98
211
532
30
102
598
266
436
234
339
387
74
115
43
113
333
217
438
626
473
377
42
416
213
92
59
455
109
66
99
677
269
79
138
24
122
227
21
268
140
240
565
75
254
395
10
80
132
265
126
669
379
628
364
193
49
42
644
425
350
328
82
298
495
171
148
238
529
317
294
235
24
546
172
134
116
309
249
227
282
42
38
242
480
37
457
210
291
646
430
173
424
340
12
354
123
182
152
49
602
157
334
335
255
212
197
279
227
333
426
37
323
72
215
451
153
107
31
298
421
212
451
4
406
458
326
208
39
489
403
408
190
495
259
201
411
42
383
147
136
86
157
28
124
225
353
8
302
618
15
417
60
23
306
47
32
580
317
308
479
14
202
196
262
202
288
19
280
22
74
213
153
226
128
442
263
348
444
249
42
8
508
231
121
186
205
288
271
220
29
614
22
105
617
159
96
194
137
127
189
398
295
374
241
133
14
130
47
117
47
153
304
140
333
220
381
120
65
292
316
322
88
420
259
388
228
26
183
45
245
45
462
59
382
77
267
304
224
72
265
19
224
28
291
27
401
304
117
320
110
463
24
20
148
21
296
431
298
231
176
373
225
321
286
159
248
416
443
76
126
484
140
56
264
282
371
171
335
245
504
538
5
94
443
250
408
54
234
5
17
108
135
336
81
230
491
64
236
97
148
173
368
471
326
62
282
212
45
131
16
344
239
177
409
78
243
6
272
25
324
1
193
110
27
232
175
486
401
209
488
204
524
97
151
140
611
441
190
291
72
283
490
340
515
389
190
258
122
616
520
236
121
254
286
66
157
67
19
55
199
39
103
56
362
105
21
183
309
573
594
215
439
401
118
404
113
218
27
32
269
161
121
240
430
262
543
255
628
14
387
169
180
210
120
102
178
232
135
112
402
126
184
321
147
145
362
32
476
595
264
6
357
186
353
11
111
94
357
240
67
333
381
223
136
1
116
164
529
448
574
90
274
622
281
299
296
184
204
357
234
85
311
62
381
77
216
79
13
407
134
251
46
524
393
71
171
491
258
671
149
438
246
451
219
412
299
259
505
219
82
148
6
164
566
33
260
393
49
213
88
256
53
617
56
322
132
444
301
188
337
457
76
63
393
157
314
708
32
186
315
88
269
87
256
91
127
40
172
377
32
426
662
334
36
458
59
259
433
50
46
175
166
199
83
119
19
458
146
42
368
233
394
402
116
511
16
131
534
83
256
188
146
67
38
11
8
253
526
315
151
42
303
23
212
196
24
25
486
154
430
168
34
90
398
171
67
599
225
288
63
129
103
256
183
20
227
553
44
474
163
54
385
27
440
288
460
513
345
607
202
-1
37
595
475
127
127
155
92
443
165
15
73
280
102
44
70
160
306
246
99
140
72
110
412
346
84
223
45
53
509
402
337
166
494
165
34
276
178
369
109
97
11
5
52
197
205
193
349
466
616
157
22
198
32
120
251
227
104
306
196
318
332
483
411
265
27
655
78
340
425
234
559
483
31
298
455
92
187
417
102
391
204
92
277
311
340
322
546
476
46
286
53
258
476
418
384
121
33
345
151
52
436
390
82
79
189
478
222
281
144
466
598
174
352
114
284
474
37
329
302
158
129
470
358
171
311
148
27
343
275
141
301
250
93
232
425
333
138
280
541
349
451
529
381
478
83
38
302
77
406
45
420
80
310
2
100
110
464
184
85
619
180
404
367
178
8
52
2
88
461
260
199
264
138
332
115
182
540
509
435
580
87
132
351
290
198
66
204
66
59
83
522
141
324
242
19
307
116
217
138
414
19
369
273
462
3
214
112
260
187
70
157
485
30
78
586
63
380
28
6
208
322
367
120
161
123
351
206
594
18
186
341
420
178
54
248
454
164
157
103
373
409
344
399
52
277
198
307
31
38
313
309
223
289
146
31
254
152
27
360
233
579
65
728
527
37
363
222
-1
454
199
662
50
178
151
159
203
403
10
401
12
551
416
260
152
67
442
277
181
18
298
132
353
468
385
41
16
491
105
223
21
113
133
138
116
150
199
89
266
67
241
90
248
171
570
467
632
562
297
73
195
310
9
244
167
504
327
25
303
179
25
207
130
166
26
406
288
151
3
135
75
380
622
96
460
256
305
441
124
412
208
282
39
90
92
445
65
201
60
315
216
498
231
9
133
401
217
516
252
159
496
121
403
625
141
368
458
47
534
319
414
278
442
25
92
110
201
214
449
16
167
12
171
676
121
308
21
480
533
313
133
471
224
64
270
151
22
562
75
1
232
373
80
170
219
114
14
238
293
610
246
124
387
584
669
157
289
396
74
198
4
418
224
55
344
24
27
86
27
279
335
154
43
262
90
362
424
548
161
42
66
397
67
21
193
333
344
176
182
525
22
185
335
385
275
286
177
50
399
653
344
59
272
125
63
410
152
264
244
603
312
607
419
498
289
89
195
127
282
277
325
324
404
83
442
161
83
121
496
276
221
217
123
90
268
150
68
512
5
675
379
256
294
214
323
25
88
424
343
112
407
263
74
7
219
81
204
17
339
579
341
380
502
36
60
219
191
184
388
251
109
54
86
271
553
267
291
150
378
563
409
469
578
43
246
532
429
403
350
152
187
23
247
409
118
23
375
447
125
313
175
374
475
108
55
216
80
349
235
258
253
600
221
318
59
167
54
56
86
81
210
74
63
265
360
159
30
435
60
173
149
124
29
5
107
272
388
168
24
176
447
133
106
412
272
426
186
286
40
33
565
126
169
214
31
552
158
12
291
18
31
266
249
54
8
625
430
14
142
210
4
79
429
538
273
250
49
122
126
464
59
421
371
548
99
292
679
121
424
514
372
427
353
174
347
130
112
512
254
71
417
128
301
408
266
482
160
216
302
443
176
116
280
307
451
619
446
55
206
335
249
541
289
627
74
114
421
711
48
330
406
603
317
135
28
29
471
237
421
4
381
329
361
608
181
74
586
362
111
94
26
397
70
253
187
229
128
373
237
74
311
304
581
673
266
116
255
213
154
115
323
540
206
303
208
559
262
63
202
147
261
472
276
44
26
36
15
503
3
169
67
278
110
293
123
550
63
93
109
236
21
283
494
277
102
200
493
502
383
72
96
266
115
50
533
507
127
138
608
499
462
209
343
385
103
330
422
73
370
12
232
434
407
134
56
79
146
26
374
310
347
38
164
138
239
196
39
110
172
121
387
354
162
47
48
12
37
264
62
237
236
201
114
461
119
284
240
96
81
2
344
289
542
95
73
316
254
195
484
452
269
241
311
47
65
18
25
119
377
177
174
165
43
326
132
339
395
192
69
392
75
62
61
417
471
486
96
332
68
201
446
176
85
285
679
503
597
409
266
255
385
22
52
226
379
185
136
5
530
405
496
415
133
111
180
169
200
426
631
38
243
581
264
313
321
122
42
58
373
18
242
188
351
667
716
303
5
144
269
35
7
540
70
313
696
247
298
134
493
114
149
429
455
160
37
388
461
343
404
369
91
493
70
473
351
191
111
241
575
427
578
161
668
456
376
18
108
105
456
119
302
201
132
245
610
27
62
319
92
10
292
118
140
63
243
219
286
289
148
317
179
272
300
202
404
323
245
397
99
201
433
34
576
48
273
43
166
250
293
94
66
329
519
252
485
150
531
23
383
143
124
271
52
148
523
291
159
674
356
576
220
24
457
429
231
86
272
198
486
371
251
63
583
89
328
28
181
378
18
351
163
272
331
126
438
36
279
449
493
220
536
321
158
113
46
129
505
165
304
471
518
372
71
276
286
25
550
258
156
7
64
211
-1
684
2
449
590
42
535
79
301
266
334
263
326
410
154
188
537
42
295
162
151
433
50
684
199
66
221
47
442
61
309
23
357
110
15
30
123
245
8
262
472
-1
35
83
301
437
257
409
209
6
553
112
400
100
491
570
329
187
176
253
112
76
317
545
320
451
97
188
282
347
88
167
36
283
369
119
287
543
105
196
529
605
369
440
398
504
146
232
472
358
154
27
277
175
138
153
90
119
136
390
250
172
46
26
332
290
32
124
322
124
580
70
222
234
46
209
21
11
108
580
445
412
495
138
95
35
121
411
359
170
466
125
669
469
23
115
540
540
13
570
396
106
145
42
44
235
3
80
349
70
414
52
15
165
38
2
99
63
136
528
80
179
554
395
494
241
158
702
78
353
227
278
536
19
39
204
146
213
76
415
508
160
220
192
136
133
318
33
222
478
340
396
89
422
435
55
392
644
468
81
172
438
66
85
350
178
157
391
4
6
356
400
109
100
461
391
49
596
191
204
150
251
139
159
418
570
504
281
268
195
-1
618
503
476
431
538
239
443
255
122
193
92
497
214
537
412
4
276
55
138
496
674
609
258
66
14
46
109
133
126
28
83
47
454
157
12
248
47
141
357
366
128
19
39
61
562
54
48
228
156
477
312
175
648
260
113
2
454
530
345
22
7
71
454
533
159
28
109
316
87
243
421
533
364
147
337
291
99
70
157
129
112
118
259
68
304
90
111
195
319
323
356
87
121
151
223
324
232
189
119
336
529
181
242
206
12
180
70
61
441
247
318
427
244
49
151
236
139
68
432
115
39
439
610
42
388
201
294
372
485
204
24
142
169
356
353
435
472
164
201
37
25
144
566
270
229
13
402
225
680
449
165
289
319
294
66
270
176
363
182
512
463
276
563
55
62
34
221
110
47
220
366
-1
49
176
151
249
95
406
342
254
188
238
635
207
246
47
449
314
106
512
710
138
38
8
387
269
539
455
657
140
576
189
56
594
200
414
97
321
352
473
617
61
184
333
205
267
485
446
405
149
3
53
328
8
431
136
120
190
384
9
99
142
149
385
224
347
328
36
409
58
502
542
17
124
256
200
514
61
292
278
170
293
107
237
264
73
291
173
188
395
365
405
183
150
182
120
89
266
279
292
147
66
561
408
370
188
559
101
525
145
176
260
380
70
321
181
493
44
580
378
376
730
72
318
40
12
175
41
232
2
368
42
622
199
141
31
156
140
255
166
166
107
306
420
408
216
-1
450
168
281
507
248
229
133
22
358
288
130
90
454
233
173
238
152
628
307
506
71
368
73
348
100
19
164
18
85
10
21
200
138
547
354
410
117
35
42
113
209
35
405
24
217
228
49
256
32
552
58
358
191
93
662
528
315
256
545
221
419
424
187
413
399
413
136
124
516
246
241
511
160
153
160
335
165
239
181
230
5
128
407
233
86
377
111
206
329
164
251
13
57
318
93
140
474
49
185
-1
326
160
101
316
80
151
75
240
469
17
90
374
78
11
280
108
433
371
101
183
141
38
215
253
148
97
141
38
550
43
232
461
501
304
703
116
539
119
133
275
63
270
25
411
560
263
175
466
137
54
137
449
251
181
338
82
271
18
27
426
96
208
446
109
356
117
12
90
234
59
349
225
394
117
325
88
18
242
171
217
111
355
356
181
52
28
354
407
41
337
692
398
46
37
64
138
330
62
400
320
161
433
181
75
303
35
174
612
427
258
9
65
168
157
347
588
346
216
28
265
612
175
36
196
108
102
33
349
445
31
407
225
21
94
112
464
124
475
602
37
212
242
196
122
491
474
66
64
276
558
237
30
49
10
102
102
89
281
286
282
310
162
269
143
449
312
108
419
298
91
43
119
725
130
266
159
374
364
553
50
583
147
160
224
84
348
211
644
340
496
248
130
101
499
210
128
166
448
401
359
47
125
570
349
85
83
334
199
280
206
218
32
13
356
562
142
114
36
320
241
368
93
494
45
316
546
595
200
238
282
58
90
415
186
24
233
428
330
189
271
40
12
354
273
350
364
365
29
87
11
31
90
188
43
351
203
223
258
167
203
117
64
155
221
604
33
7
90
107
569
22
276
505
21
503
102
337
46
53
149
531
202
120
37
199
255
204
106
416
360
622
108
174
279
153
133
162
129
81
72
148
178
205
333
239
141
284
458
35
306
350
167
9
134
185
316
384
356
187
69
230
119
72
188
442
25
60
41
122
69
343
359
607
100
506
46
598
269
262
25
288
446
632
446
12
47
130
171
547
15
9
282
332
5
72
177
325
169
170
143
105
33
95
301
106
384
203
122
226
624
219
498
50
227
441
278
376
225
412
231
155
72
562
187
486
733
257
167
50
28
509
128
254
293
319
226
671
261
487
194
139
574
128
263
307
196
397
114
140
330
14
159
105
201
584
25
447
44
94
73
250
93
109
201
295
207
150
28
468
139
138
88
332
145
319
60
392
400
180
110
100
167
52
133
206
402
414
109
353
97
177
222
427
133
230
332
4
17
29
389
276
274
168
152
156
553
247
138
571
414
43
19
136
70
160
392
6
37
274
116
162
202
293
158
50
108
594
608
261
333
30
34
470
20
287
157
8
129
150
359
532
33
156
76
359
90
578
650
146
230
21
7
29
374
441
99
34
83
68
172
332
71
520
440
499
399
114
254
53
46
329
122
397
456
424
464
117
121
229
304
40
582
15
235
258
282
423
327
5
257
125
13
205
408
269
425
176
323
513
204
156
218
222
22
187
48
136
225
343
117
203
45
147
687
194
285
453
502
326
161
150
369
405
347
229
248
377
209
608
30
13
54
56
174
373
253
274
137
292
179
171
189
569
360
125
442
87
445
72
222
171
234
375
305
26
168
227
97
85
95
341
54
125
106
70
67
126
151
581
24
122
434
365
154
343
85
161
462
272
44
252
165
136
365
65
66
24
84
238
93
371
407
258
639
157
73
386
71
136
163
136
10
722
19
516
293
618
641
250
210
537
189
33
220
561
74
368
207
241
105
316
219
187
17
372
293
150
165
15
358
105
328
127
244
516
34
179
169
25
366
83
51
276
546
215
69
189
482
87
139
183
379
495
118
114
3
134
334
324
32
255
252
59
330
85
142
33
486
524
594
111
517
149
538
84
148
11
129
180
500
216
17
512
414
395
651
340
449
407
168
73
291
419
538
265
13
434
394
48
345
171
30
97
234
345
238
220
57
126
621
144
137
48
72
487
135
631
404
175
517
357
343
183
122
654
191
112
255
269
248
125
238
37
273
358
730
76
473
186
28
56
65
140
136
90
149
641
38
100
302
149
6
130
572
6
378
151
323
608
295
498
296
85
253
355
388
301
332
456
320
260
517
321
576
471
117
328
162
141
398
448
182
180
21
188
499
188
286
703
90
450
618
366
469
419
201
423
12
129
192
25
206
79
269
41
84
181
589
161
96
208
366
445
332
494
358
8
746
325
131
257
115
23
72
414
242
316
236
376
18
499
265
114
262
34
91
509
157
376
23
40
152
426
192
90
188
190
102
36
199
50
14
571
373
547
283
50
391
390
102
102
561
191
357
454
8
207
7
378
272
160
391
414
87
492
156
385
119
653
32
108
488
181
428
435
202
5
212
81
108
191
217
363
410
53
53
447
283
282
284
25
292
506
63
33
147
175
278
199
272
130
490
506
277
20
37
13
90
180
522
261
682
219
156
395
425
238
208
4
252
5
269
92
50
98
283
249
214
287
2
140
167
452
21
226
51
264
253
504
20
144
487
223
514
41
181
376
195
74
554
537
430
65
36
592
82
177
488
419
296
636
395
174
343
7
27
94
204
73
16
185
161
502
388
157
164
281
165
20
611
91
494
233
371
455
47
66
399
73
462
616
248
388
429
31
106
453
364
666
365
567
40
224
119
389
357
405
4
158
299
299
278
77
288
155
137
125
309
18
142
219
434
202
352
277
372
439
331
134
431
478
49
166
170
140
98
223
283
385
553
125
117
353
446
268
124
362
184
54
272
372
96
17
64
227
6
262
347
305
428
89
468
228
293
338
296
284
118
5
79
182
290
574
528
370
30
373
87
152
210
243
467
2
213
47
492
320
343
254
369
254
473
565
523
70
367
90
145
210
40
81
173
438
289
8
229
33
649
195
347
355
122
51
528
194
249
599
597
321
19
588
176
544
107
68
335
228
103
470
50
544
72
361
263
240
620
145
237
247
384
521
274
229
198
19
43
692
541
193
298
32
215
101
424
171
100
71
448
441
310
82
49
306
176
194
210
303
4
395
157
260
276
145
61
342
372
508
160
86
512
496
121
166
444
248
313
586
247
527
20
136
64
181
20
62
36
221
667
423
98
224
85
330
343
76
392
380
354
269
325
364
212
417
104
344
108
603
80
79
177
158
18
263
400
344
30
58
422
44
90
476
244
259
593
396
19
338
74
293
214
499
30
208
56
125
638
137
44
3
69
8
347
193
136
335
356
422
96
305
276
599
278
337
243
45
280
515
4
301
350
318
178
107
126
252
459
118
279
319
343
128
154
74
125
226
551
511
24
297
714
167
94
278
45
438
453
40
621
382
34
26
152
35
193
359
131
204
72
445
516
14
61
440
73
89
34
147
246
413
378
174
425
96
452
383
99
256
451
418
359
85
359
289
385
368
40
449
208
434
226
131
566
12
185
509
51
86
33
520
265
335
16
13
103
413
432
571
106
14
309
18
364
357
89
35
419
218
364
63
172
8
137
412
412
214
432
307
232
159
152
474
370
126
33
67
385
40
50
5
523
14
110
165
403
51
172
161
5
258
590
128
43
297
312
132
6
21
123
123
509
190
137
146
88
562
304
226
521
299
616
125
-1
200
40
329
71
182
203
410
220
410
174
361
188
98
14
569
139
527
88
496
388
686
138
319
68
475
372
-1
372
36
287
311
150
263
190
27
305
121
112
428
620
570
168
258
206
193
169
507
86
96
314
59
57
486
270
56
83
162
184
191
331
155
97
19
299
205
425
39
201
145
2
516
495
190
1
621
112
120
358
717
284
140
394
379
98
32
307
186
225
348
147
513
351
237
258
383
141
170
438
171
467
16
385
81
45
375
115
534
186
170
161
90
572
281
350
134
100
47
51
105
425
26
383
264
194
232
61
80
75
69
289
67
85
102
329
52
95
226
308
388
343
632
502
142
41
313
111
456
95
294
31
85
48
331
4
539
510
221
409
239
126
666
36
388
181
9
384
194
373
93
512
124
129
156
521
374
399
557
273
524
180
252
328
418
17
482
20
159
48
13
161
138
13
94
330
443
58
295
502
628
177
258
528
248
219
421
57
374
523
259
182
685
337
277
169
469
63
137
355
684
167
397
265
290
44
225
154
94
177
263
136
42
104
554
156
393
98
602
550
114
359
208
580
261
352
262
72
513
27
71
85
599
10
385
580
253
466
228
298
66
264
97
77
139
207
117
638
20
284
586
40
488
545
65
633
29
508
104
49
268
297
146
51
35
55
465
74
158
461
158
622
639
129
68
200
573
130
116
205
213
489
270
94
46
248
247
251
188
135
137
230
134
580
140
438
55
9
414
407
381
44
433
87
308
335
153
46
284
365
270
269
226
33
282
458
194
134
471
372
3
235
66
253
95
328
19
311
194
534
174
325
186
329
448
181
89
111
95
434
317
326
568
486
707
577
146
213
23
190
384
384
631
197
153
306
278
137
19
349
59
79
251
133
524
224
519
4
389
16
332
175
4
138
155
17
5
286
360
196
116
645
486
300
58
372
507
169
30
278
716
228
299
266
115
351
69
114
293
581
21
289
338
480
335
552
185
207
117
268
514
152
67
369
364
364
379
502
345
39
186
577
26
131
523
12
267
189
182
216
649
91
32
104
165
372
134
16
500
201
108
188
136
20
628
654
522
229
131
59
373
138
305
211
106
512
109
260
109
281
360
231
382
215
130
138
476
91
134
377
2
246
117
299
240
199
349
14
583
73
657
92
244
361
112
206
134
280
129
177
729
229
118
69
57
290
259
383
62
107
100
307
133
475
81
117
90
-1
343
188
89
305
253
107
357
327
65
51
8
286
113
441
241
436
65
45
90
138
229
233
10
562
404
328
455
575
247
196
458
9
126
296
407
317
46
32
24
173
24
113
204
116
165
424
20
146
312
573
240
92
263
12
38
340
150
40
666
70
31
215
381
55
121
86
283
312
383
623
343
100
11
163
550
127
155
112
305
139
296
262
262
351
519
309
426
53
2
148
58
77
99
407
416
318
453
66
258
367
60
464
121
21
101
346
19
493
329
27
254
42
416
267
200
84
320
300
332
180
98
114
43
225
85
44
124
389
164
274
616
45
269
483
328
604
537
613
165
207
377
230
41
152
31
66
173
256
53
500
114
425
443
92
379
406
380
53
10
390
426
437
195
583
275
17
604
100
181
119
336
162
88
25
457
307
22
152
158
201
245
137
515
270
25
345
609
40
6
197
261
306
115
24
82
381
231
367
85
267
147
385
99
41
189
713
26
58
128
589
6
385
39
276
115
3
224
91
243
415
51
240
48
204
20
120
353
190
379
385
239
397
82
118
370
695
32
459
525
382
256
102
435
212
308
147
388
568
214
111
631
359
60
298
84
436
327
146
122
456
87
205
304
207
452
604
298
405
35
461
244
318
556
231
71
65
144
281
75
520
203
57
38
238
463
459
9
553
98
542
29
193
59
49
47
711
38
440
228
136
484
100
676
260
29
156
639
407
354
331
358
405
334
190
101
277
418
374
355
607
110
373
24
287
289
150
7
172
296
430
138
22
340
248
460
320
518
48
369
495
163
185
305
188
369
499
94
216
114
45
35
664
38
78
589
36
182
463
132
341
188
379
117
375
53
517
-1
396
270
3
591
30
661
490
248
84
214
633
361
266
22
580
314
263
96
30
253
247
44
535
318
365
389
535
202
140
348
96
164
122
130
531
159
87
21
252
68
122
419
299
260
263
616
140
219
188
22
269
415
107
234
258
63
394
305
395
433
366
428
238
402
426
68
429
3
404
64
40
182
207
67
401
56
251
414
109
192
189
277
74
417
180
11
303
66
22
217
55
136
496
502
137
361
390
174
448
601
101
180
53
88
107
248
218
225
119
36
129
216
177
203
192
163
339
4
40
357
36
426
278
5
519
96
41
58
18
41
396
28
415
376
121
365
378
32
17
246
310
260
168
368
320
55
295
56
56
140
72
277
321
360
334
140
63
474
148
15
31
138
46
292
329
381
287
317
574
364
83
531
79
101
425
277
286
148
574
625
206
329
100
555
561
56
25
265
2
446
96
13
575
485
171
54
361
390
324
60
26
234
110
379
-1
14
281
353
234
151
654
114
201
407
205
57
66
215
391
181
161
244
430
451
133
25
112
591
613
90
119
331
43
122
111
103
152
316
268
577
55
453
467
498
432
127
21
377
344
429
460
490
518
165
163
145
257
293
28
254
555
377
307
139
347
405
101
160
51
61
437
405
154
293
612
160
599
53
160
314
444
445
270
384
409
445
53
300
295
190
408
154
322
425
162
216
340
552
55
232
131
475
196
161
311
16
176
486
523
238
354
326
54
260
507
550
496
540
307
289
443
113
459
381
338
48
281
77
447
297
245
583
218
305
201
137
96
616
7
182
233
89
165
223
136
23
23
49
38
302
82
320
25
397
51
257
386
157
109
259
80
190
502
327
501
389
192
23
2
140
104
645
11
374
122
202
371
379
437
41
531
78
132
432
170
206
5
248
53
134
508
230
191
92
434
288
278
242
335
246
338
305
36
507
14
411
126
249
76
446
492
137
11
548
104
56
303
265
252
36
638
579
510
100
553
605
48
58
121
28
82
182
313
51
26
3
360
95
127
99
74
7
26
218
3
469
314
419
67
322
70
372
495
7
25
260
201
107
274
434
39
276
33
161
48
220
91
78
191
143
250
12
21
62
477
484
238
11
470
511
225
678
154
91
134
58
140
421
337
519
30
418
342
139
382
63
71
219
522
163
415
283
281
335
3
111
5
104
361
327
313
321
187
377
27
13
188
45
211
80
143
59
377
298
22
413
360
169
287
6
376
79
368
233
540
30
467
22
109
467
375
66
408
101
139
264
110
383
73
310
27
3
211
102
708
384
341
398
346
5
120
487
99
285
40
396
403
49
187
278
687
138
710
82
300
688
647
483
247
287
432
470
459
302
191
306
120
425
513
444
563
70
93
404
303
155
140
596
11
419
233
375
214
85
216
406
311
139
605
113
6
173
41
61
652
338
426
407
266
373
365
321
315
192
390
24
78
161
290
95
313
166
324
158
42
182
7
509
203
178
115
240
291
188
155
601
560
93
131
71
543
741
100
285
9
34
462
314
329
58
206
323
60
333
125
64
515
134
573
155
540
198
19
551
318
314
72
247
220
138
53
471
209
50
61
58
472
191
126
165
295
19
315
108
402
125
350
174
33
30
18
252
273
93
181
468
72
126
72
16
288
642
171
121
164
131
279
428
27
135
467
282
714
271
244
166
228
72
250
1
261
465
95
290
62
14
3
183
384
142
248
173
208
146
23
317
423
173
15
282
72
126
286
223
41
430
17
54
51
433
562
89
96
74
230
466
104
266
257
395
417
445
444
754
143
142
213
259
413
105
36
49
378
230
279
276
127
320
209
67
621
73
160
652
618
235
292
225
216
96
132
269
162
315
460
633
247
164
397
655
485
269
68
11
317
12
275
418
140
281
80
577
525
479
360
570
134
424
329
402
630
158
266
606
46
280
272
85
30
291
87
25
177
245
485
231
53
575
35
348
123
626
294
168
125
395
404
208
427
171
255
306
565
341
51
358
504
152
119
96
84
308
421
124
275
483
617
152
187
42
130
85
199
239
197
279
15
21
176
66
255
88
152
109
72
264
209
212
41
608
208
385
425
94
263
506
69
16
65
304
339
347
12
32
190
17
151
179
29
295
179
394
627
116
103
490
503
626
138
292
291
138
229
372
182
267
564
114
87
484
148
137
149
159
244
263
70
312
328
146
72
291
216
197
103
588
139
170
57
160
193
403
293
115
188
32
500
341
699
271
515
593
321
333
61
5
242
263
30
90
559
236
59
243
243
123
519
31
315
107
269
279
171
63
51
130
118
70
55
120
303
263
75
566
92
276
168
233
124
182
195
366
396
584
118
189
184
196
389
205
294
39
492
79
359
224
137
667
126
384
28
156
158
15
33
580
713
455
379
69
105
213
311
440
86
395
114
154
159
462
112
22
401
115
128
138
281
98
54
337
645
143
182
194
29
405
221
451
432
84
348
220
192
152
133
598
147
226
312
206
217
275
400
29
242
368
122
167
322
190
413
423
106
537
231
201
4
198
13
65
615
378
94
638
125
92
495
323
267
109
39
190
677
406
437
300
164
92
529
161
194
15
435
84
466
440
281
232
290
102
285
356
336
430
325
202
24
334
403
210
139
474
72
187
171
272
143
296
43
309
138
209
378
4
80
163
151
480
202
492
530
265
39
161
189
45
81
702
131
559
159
337
453
28
391
181
278
368
87
262
38
559
290
273
81
154
148
15
164
705
415
475
285
356
8
310
357
51
222
394
350
103
366
159
157
318
453
321
271
290
658
64
415
233
225
133
327
59
154
501
88
216
415
243
163
323
282
498
14
159
207
181
617
487
196
253
420
374
229
486
15
12
192
165
48
219
176
65
132
192
20
645
104
67
483
210
24
587
583
7
189
155
180
157
167
66
660
362
31
435
140
313
85
130
267
224
151
30
192
388
244
346
328
606
415
119
228
343
400
760
6
89
147
223
139
356
238
130
248
155
407
131
253
155
61
117
5
172
196
43
187
180
20
475
273
25
296
112
235
118
123
143
98
128
378
103
128
611
333
68
242
46
447
143
50
469
533
132
56
421
264
101
24
101
227
51
66
137
48
347
183
10
67
61
154
175
247
18
127
248
532
298
39
24
216
50
359
9
22
98
88
405
262
152
486
724
17
424
3
301
21
477
228
62
459
77
285
367
624
36
533
130
338
510
101
293
239
395
197
117
173
317
30
113
223
440
529
25
387
88
37
123
136
301
295
408
384
212
30
722
143
75
65
267
14
325
222
87
144
265
323
684
80
57
131
54
511
316
409
507
192
452
449
634
25
226
159
9
107
21
364
144
343
103
10
646
44
187
319
584
51
66
49
233
433
114
69
150
114
21
126
377
11
109
332
307
10
112
-1
338
495
388
41
412
111
231
234
391
305
118
464
12
173
4
127
178
475
102
215
179
33
268
88
243
213
279
208
19
417
43
363
134
237
215
148
205
93
106
497
287
394
230
201
502
8
402
500
191
520
545
233
348
32
628
331
424
164
436
432
79
235
109
371
3
131
181
532
152
286
345
153
3
580
84
192
344
392
80
528
556
312
470
156
134
126
270
324
205
130
335
644
328
391
49
118
218
150
64
11
261
206
535
344
66
46
86
261
64
538
316
473
394
409
176
206
688
389
306
48
198
61
42
238
564
294
39
209
509
243
94
268
537
272
275
126
132
226
174
178
366
259
267
23
48
96
42
282
427
9
171
239
72
57
442
63
91
311
338
406
225
610
128
281
539
70
96
229
195
345
50
502
95
105
241
67
363
273
371
73
217
17
48
194
195
359
55
42
50
186
181
21
21
109
289
86
155
184
468
157
324
174
445
334
171
41
372
186
82
250
276
432
100
172
25
100
187
230
324
126
88
173
178
108
140
53
506
310
115
80
70
37
23
49
217
37
54
236
125
215
224
601
480
120
301
367
143
524
551
13
217
9
126
210
494
89
187
217
331
84
185
135
241
84
374
174
169
476
5
343
38
66
51
204
395
575
401
66
355
329
561
14
286
89
210
29
13
504
118
124
480
428
232
560
215
364
26
189
542
317
243
178
51
111
80
404
88
141
363
392
424
506
328
539
459
73
37
474
180
242
220
465
477
48
421
95
237
103
97
556
81
523
17
49
509
14
546
123
65
90
40
141
475
460
23
160
289
136
97
89
310
233
522
186
183
65
63
176
3
495
421
324
76
317
557
150
374
382
442
125
293
456
409
493
332
226
136
494
487
38
399
317
2
418
195
323
147
107
66
379
575
469
387
90
221
233
163
266
144
197
317
135
135
27
167
1
285
15
154
708
657
365
235
154
65
40
202
446
356
22
34
175
112
303
369
346
214
282
573
266
118
222
51
299
567
114
17
95
191
416
487
253
395
34
130
341
13
120
232
20
72
74
22
146
88
370
573
493
156
135
345
52
304
194
292
259
380
141
268
18
169
399
293
330
21
289
114
2
153
238
242
575
26
252
34
390
432
82
581
387
97
328
86
626
177
464
161
651
305
25
76
133
403
30
18
151
6
273
257
453
22
42
380
429
222
222
189
510
264
76
492
6
632
509
541
27
85
299
301
486
74
111
246
405
376
164
362
57
89
609
15
258
470
42
563
200
545
282
373
52
318
345
200
492
281
376
42
327
378
356
49
260
81
162
375
55
215
388
71
145
196
294
65
7
45
367
152
293
12
273
547
268
544
146
60
275
428
494
98
6
33
72
314
269
419
155
49
431
7
224
324
563
274
366
152
98
435
297
336
289
246
38
44
572
19
191
85
309
145
402
36
562
517
52
202
143
127
401
58
475
340
33
275
164
100
43
37
87
171
287
293
504
121
169
240
106
146
230
181
190
178
464
348
241
427
5
311
495
312
411
476
119
9
108
161
87
563
370
151
75
367
509
182
199
249
22
49
336
657
362
303
304
450
396
489
152
102
178
108
562
361
218
563
378
745
14
438
221
30
314
312
548
97
233
83
126
155
114
27
2
439
534
2
505
259
49
347
160
523
228
236
346
548
704
101
62
186
502
306
236
329
215
258
673
164
570
230
495
117
199
304
107
630
201
135
273
23
313
16
393
330
617
212
56
113
229
448
510
54
58
18
66
179
29
529
103
426
487
585
381
178
484
141
311
475
244
-1
318
450
149
83
127
435
175
430
49
220
256
401
234
98
114
459
408
267
120
422
138
122
525
209
367
20
243
388
37
141
204
24
234
117
450
203
658
288
386
36
365
421
160
21
227
39
85
116
385
418
77
349
78
136
157
341
143
373
192
544
433
57
504
189
487
237
9
486
548
491
215
171
63
468
45
263
350
26
170
150
353
221
306
361
67
278
284
108
224
79
251
47
29
595
102
36
497
409
383
5
50
60
338
144
123
108
252
131
435
581
106
614
305
521
212
251
349
221
33
267
265
384
676
188
466
585
122
141
43
327
387
303
193
121
159
680
115
191
274
288
286
285
154
658
172
388
428
167
101
111
273
268
284
33
268
186
458
215
466
57
102
31
299
450
7
304
107
174
273
365
266
350
139
75
261
267
459
33
60
727
163
114
159
61
71
4
39
550
574
46
369
28
165
191
368
179
201
540
31
147
173
435
13
264
482
537
316
343
149
492
712
325
125
118
73
67
59
551
290
90
475
625
478
38
453
249
148
143
217
205
365
413
453
100
115
93
222
83
206
126
192
41
417
158
88
504
104
164
117
10
34
27
292
506
349
342
93
93
95
230
405
612
368
24
626
177
366
296
525
162
364
368
303
13
135
35
274
644
289
149
358
369
85
355
397
331
61
392
113
127
90
345
153
8
367
277
382
510
143
111
167
163
171
106
324
151
340
43
7
460
120
370
715
350
285
519
376
210
391
479
325
306
542
535
137
52
306
139
460
598
21
602
154
305
77
46
468
173
361
4
126
174
337
141
330
86
168
603
96
333
278
344
97
700
176
240
124
234
26
2
323
175
91
185
69
181
281
280
166
121
631
215
54
87
508
447
112
401
274
407
246
7
82
334
172
30
238
245
37
93
89
260
234
350
339
573
103
150
93
113
322
454
8
75
155
128
61
590
310
119
283
122
263
159
587
96
17
296
705
564
430
74
253
176
288
368
268
414
526
176
292
157
294
16
165
82
541
173
42
346
203
456
21
20
242
157
451
305
117
58
209
3
77
377
14
56
408
256
452
282
373
418
306
605
190
690
139
38
295
367
230
176
145
653
498
291
87
371
318
211
438
667
67
36
375
349
205
181
449
76
116
149
183
318
158
70
339
189
173
133
107
416
289
171
322
544
118
456
287
54
623
350
249
449
295
31
187
364
351
148
48
118
113
30
158
156
191
159
308
432
123
189
349
38
500
50
103
82
405
169
132
23
244
333
651
50
276
257
514
329
12
30
282
116
78
408
119
66
320
242
538
530
145
339
229
191
148
493
130
245
697
215
89
62
513
237
173
433
368
129
343
234
199
116
561
361
462
135
444
277
173
49
246
352
209
506
215
229
286
238
397
578
22
109
203
23
626
61
120
82
414
488
164
121
73
37
56
483
80
92
320
70
29
177
266
5
126
202
586
594
498
410
37
362
127
128
61
144
213
49
717
533
29
460
289
494
174
523
61
501
332
50
274
155
263
165
20
608
369
354
209
226
180
432
451
307
155
111
477
233
347
18
284
39
180
193
551
162
245
334
194
119
69
392
31
62
121
14
263
34
582
178
554
132
220
73
311
79
212
206
98
269
308
54
39
334
166
131
44
92
448
31
111
166
298
327
17
190
29
397
219
402
64
433
530
94
70
424
83
110
52
188
149
558
117
206
411
223
42
339
358
198
186
47
241
394
62
301
422
223
229
464
521
170
389
160
194
80
59
265
105
108
19
7
188
178
410
357
260
272
80
41
18
407
48
3
370
508
15
354
133
530
174
549
141
167
96
279
501
396
95
141
565
678
250
298
13
102
313
53
238
133
6
354
314
508
74
216
461
62
482
28
78
13
308
405
444
391
77
358
267
193
223
259
254
328
224
56
38
70
338
420
405
79
250
390
137
24
274
487
188
67
111
311
362
105
199
130
337
343
93
62
431
660
61
83
75
223
55
389
525
505
359
276
419
504
23
231
184
386
289
73
233
604
179
446
320
193
174
181
100
7
349
9
115
190
15
162
258
5
190
231
492
426
234
241
461
272
386
522
96
179
119
604
141
180
494
503
258
197
169
204
353
482
327
274
173
68
374
579
394
513
26
52
216
156
226
292
558
367
27
20
170
314
17
296
540
59
243
197
182
395
160
426
141
317
309
52
467
403
56
219
218
386
34
445
108
199
77
51
77
275
105
54
259
595
518
189
52
474
568
428
372
96
35
48
131
476
396
270
111
437
634
184
182
9
550
90
85
244
433
395
352
226
82
204
289
162
198
473
520
242
268
499
372
128
210
38
600
339
305
408
159
209
511
139
116
26
288
472
54
350
300
295
14
174
184
548
474
90
529
498
448
331
271
177
53
186
112
134
372
505
367
4
183
254
247
361
327
437
90
227
592
162
545
105
22
504
396
208
239
495
121
528
15
-1
231
309
123
323
465
317
407
267
217
418
346
18
519
133
116
210
329
34
137
221
38
313
80
317
39
301
69
299
311
298
278
426
111
79
490
35
37
23
193
114
120
276
76
43
443
1
270
298
252
63
208
475
352
102
187
104
112
428
362
273
304
8
599
34
342
147
132
44
304
198
596
375
486
405
181
171
634
9
301
290
191
458
-1
391
33
44
430
289
30
216
140
199
266
194
8
134
83
271
81
368
234
160
430
202
556
157
184
213
46
45
186
20
516
190
332
220
335
145
177
227
175
82
372
518
265
456
128
44
5
104
18
202
257
126
11
222
210
329
325
183
473
412
154
148
286
158
238
491
252
109
82
283
653
159
266
147
341
401
199
380
469
81
154
85
30
118
455
31
241
326
190
51
387
170
59
481
171
579
201
109
62
23
620
369
147
278
62
292
84
380
126
267
10
613
265
401
54
12
86
364
281
176
160
200
161
563
621
270
196
475
305
165
168
293
309
145
19
228
515
160
395
63
73
46
246
84
194
683
16
49
586
532
356
585
88
161
299
66
27
322
47
436
8
215
56
461
352
415
657
586
463
63
103
138
81
223
53
412
193
457
202
469
296
151
99
428
50
292
154
14
28
337
65
183
388
449
71
106
199
69
142
376
391
190
135
23
375
491
39
297
368
439
129
15
214
211
338
330
35
262
5
235
390
269
107
196
123
654
310
473
72
526
289
255
221
123
421
230
39
510
64
65
49
129
252
592
243
136
156
455
179
349
45
227
53
121
238
20
539
327
428
322
607
152
550
368
146
483
177
71
14
5
45
110
477
54
309
7
59
165
116
148
381
425
248
379
172
29
113
549
97
381
442
371
417
54
422
207
582
325
83
220
154
190
146
213
344
156
376
2
431
256
506
124
331
280
269
154
435
8
252
63
41
157
266
342
385
283
354
209
175
550
123
508
339
53
87
404
100
202
189
687
138
16
293
137
325
528
375
317
382
155
43
562
84
83
536
106
175
