10000
3761 947
4038 2701
1767 1535
4763 1382
4534 1476
84 3672
2453 3569
1267 3048
1414 1091
1542 1669
4088 791
2948 1184
3461 1623
4313 3328
1411 1745
3539 3693
3955 1492
3643 3180
4692 1617
4292 3736
4531 2127
2411 4476
3009 3051
655 4575
1158 3560
3766 3814
2462 3086
2802 3841
2007 1566
1158 734
4707 3968
2389 4072
372 836
3379 4123
4330 2792
1009 2753
3047 189
1715 1579
1964 1273
4561 592
856 2943
1346 1494
3976 414
1631 4639
4102 33
4745 1826
653 2774
1221 4739
3292 1309
2985 3096
678 2501
4597 4231
4206 1258
2770 3534
1034 702
4404 4733
1299 4018
1802 1593
2906 3954
447 711
3786 3464
545 3895
3392 4432
3283 22
808 4807
3704 654
4498 4435
1352 4943
4047 1694
4778 3857
145 4944
3857 709
1054 4418
3208 21
2138 4036
4811 1477
1191 3029
4793 1494
901 1667
2077 4671
1801 4285
3809 903
4573 3259
4998 1538
1588 2395
4709 2098
2553 4524
2118 4040
4911 3162
817 1574
2306 949
692 3931
853 3743
1807 615
3741 2923
2752 4223
3519 3363
4754 4772
4742 2721
1810 4174
376 1493
4455 3681
2160 3562
3579 3726
2791 402
4084 2156
1553 4494
4372 3746
1912 4688
2678 2738
163 1717
1382 412
2789 1607
2129 1110
3610 1139
4732 4703
5 2871
1100 2868
2139 1707
4472 2517
523 4394
945 1649
4534 4177
4428 2651
2676 3003
4643 2999
2385 426
2247 2568
2020 4145
774 3616
1415 4325
3708 4171
658 3248
4203 3860
2487 3207
4245 2148
2162 4362
1630 3713
3239 351
4439 3626
2530 2865
1397 882
12 4114
3803 1632
957 4506
4084 1781
3365 1522
1534 1054
2676 460
3477 4876
155 270
3077 4774
1611 977
487 4473
4864 1599
833 772
2469 2935
4889 4431
4401 3033
4438 1075
2275 2846
1574 3146
2610 3840
4859 745
3205 1866
4555 4143
2719 402
89 238
2373 1667
608 797
3843 4896
4526 2385
3385 3376
2545 1124
3111 2623
3337 4630
225 3151
1562 4816
1973 3128
4236 2857
2874 78
2235 3443
1029 106
3593 467
3402 1466
3851 864
2542 2774
687 3887
1325 1278
3525 2139
4666 6
1149 3598
1279 4378
2761 996
661 3171
1 2288
1706 3119
263 4063
4576 1186
4914 2879
3329 3536
1622 1539
4173 2185
3964 3011
3889 4647
3947 3538
3998 2721
4031 4651
197 175
4945 1431
76 3644
2001 3890
1305 1915
1081 3152
1590 2618
4823 75
4605 4017
1000 505
3678 3720
2125 130
1497 888
77 4116
3423 3974
649 4765
3160 2043
1865 2055
2814 3562
3628 1358
2896 1676
3867 3976
410 2913
3012 1584
506 3679
523 1267
2554 3056
4130 2209
2666 3416
3002 1352
4615 4405
4628 109
2814 67
1393 1191
3430 3198
2847 3281
1803 1126
449 1714
1543 70
4501 4605
2672 2356
2289 3044
4686 4372
1474 895
856 1244
125 4619
588 1651
1094 4516
1029 1086
771 2740
2716 2932
4410 1106
698 3939
887 745
1771 514
2312 9
4582 369
1470 2419
1765 23
2863 3660
187 2187
3740 964
725 3251
1495 4540
3953 2321
3257 1815
4001 322
1886 651
137 1061
505 3529
3262 2843
3496 2477
441 4295
1776 2292
4064 4673
4991 4392
1021 345
2637 590
3739 2772
3605 1914
1273 180
835 2453
2376 4673
1684 2862
4213 2828
3891 1771
4772 4772
3238 4630
1594 1010
3325 2058
3929 3214
1327 3105
3568 3000
3024 573
4678 3012
3914 1431
297 3940
3543 666
4607 3817
4584 4731
540 653
28 3918
597 2624
583 3930
4352 4960
4413 821
4179 853
165 4819
2386 2222
4462 1119
3395 1781
3478 2308
324 3683
4177 4331
1259 465
3809 4019
4351 770
71 3724
4448 3593
2317 2567
3196 201
1038 1352
4638 705
454 1933
2392 1490
3631 767
4259 4318
709 4358
147 4949
2248 1053
375 1137
3260 1962
3196 4109
535 4795
3235 3184
4180 301
588 2783
3131 3754
4111 4140
3702 4518
4785 2291
3037 2087
4433 3484
850 1239
4859 1439
1981 2594
4982 2224
580 4649
4456 3679
2605 2319
599 264
3099 942
3937 3087
917 4994
2890 4427
4191 1341
4047 2407
4029 195
4822 290
4391 4096
4701 2769
2995 4475
1330 4670
1836 3916
2593 1762
4240 4965
297 2361
4039 2212
2621 3939
4379 4251
1931 186
2120 4395
1316 2637
2372 3715
1427 2762
1497 777
420 4433
4964 509
780 594
4102 3684
425 2977
2152 884
350 2754
4559 3064
1549 1019
1197 368
4313 2274
2004 1935
4813 2400
2496 1938
2198 3474
2854 3338
4067 393
449 875
1646 3467
309 782
2618 3869
4670 2938
2567 1443
3759 626
4401 682
2529 1296
1503 747
4231 3520
2578 4453
4044 4270
1050 3107
207 1333
1069 1463
3758 4945
3276 4753
1424 1440
3305 4284
141 4175
2337 2376
3251 2707
4647 4045
2779 3149
4349 1437
1704 4716
2832 3160
2334 2516
3275 4182
1260 1741
2538 1785
3609 2779
1274 1359
459 3680
452 4629
1320 608
1907 3371
4965 2902
3790 1547
1950 345
3880 804
726 4270
1495 3658
2629 195
393 3960
1806 4453
4510 1592
376 434
4194 1103
4240 717
4382 1561
273 187
3023 2443
4305 2094
1322 4703
1911 241
741 4628
4211 3542
2358 821
4646 3278
1958 2801
4634 4865
1683 3084
1540 716
4678 4496
3830 4714
4852 2370
4925 2158
3496 2005
190 3083
4787 4122
1228 2893
2005 4755
319 4457
4059 4954
3445 525
578 1352
3225 1050
543 2582
3327 3924
1736 3886
1039 2028
3173 1471
2966 1300
3125 2101
2942 1704
902 2373
1617 4209
77 2147
4834 3620
3299 4168
1506 3932
3015 1158
4181 263
4808 827
2876 3849
736 2618
2414 171
1563 244
1515 3591
1408 2841
2978 224
4481 152
4413 3634
4045 1698
3848 4558
4577 3997
430 503
1031 273
3462 1086
4470 3755
3 16
94 2963
4080 4405
4570 676
1505 344
1951 3744
4177 3575
3646 3700
2759 4322
1471 963
632 157
1154 168
3058 1018
835 1962
414 3730
4707 4621
1266 647
3433 2245
1541 4408
510 3388
3597 3620
4699 2574
2940 368
4573 811
4402 2819
984 843
1242 4296
1801 4434
2245 3058
195 2371
3287 3552
1029 3459
81 4551
629 3078
370 4405
4984 4236
3132 3535
855 2741
4545 1708
614 4207
4453 2209
180 2161
2690 1759
4013 1241
395 4081
3740 1794
2359 2946
625 1072
1523 2904
3487 4043
2284 4113
3837 1901
2177 2361
2433 315
1475 2459
4064 1251
709 221
3378 512
860 3356
675 281
4815 3501
3904 4908
3981 3801
713 3580
4234 4639
2559 4836
4353 2725
2079 2467
2635 4413
1930 1258
2017 773
637 70
2485 905
2222 851
3165 2047
3788 1617
1897 2668
688 4138
2560 1033
3372 1740
3314 4038
3927 4455
3053 3934
1284 3079
1607 2619
4210 4823
1549 924
1647 292
4698 4926
614 3062
2479 2735
3994 1864
2225 3271
3354 1650
75 1164
2922 2006
1459 2354
3182 3417
409 4656
3315 1224
246 4989
494 1955
555 4649
672 1462
1500 2790
2106 74
2819 1917
3653 2930
1937 3308
640 778
423 709
882 1482
3830 1286
4624 4553
4066 2114
4715 2918
265 4092
3830 987
1875 2440
2906 1440
3354 3243
64 1707
4056 4034
241 3882
1808 4815
243 4691
4698 2198
2724 1746
257 3280
3749 773
390 3865
21 869
2187 3651
4108 3054
224 940
4709 1224
1053 2787
2887 3050
545 2324
638 410
657 2702
3174 1278
4049 1313
4168 2047
4576 3422
633 1674
1450 1918
3441 2241
325 1345
2356 3430
4204 1712
4209 3647
3647 3962
4329 2849
4824 4637
1858 4201
2029 1659
4430 2166
1130 1228
3405 2727
1168 385
4920 4254
348 479
4828 1925
2149 1164
3942 3284
2823 3944
2368 3557
3432 1793
4326 174
2946 933
346 1085
4858 390
459 1138
701 803
2993 1661
1725 892
3005 2483
1945 4002
1603 3000
760 1958
2558 2443
2838 4702
3590 727
1964 226
1153 2772
1793 4223
3269 3858
1382 3481
1713 4023
3861 2340
2104 4216
4358 748
714 689
2633 459
2550 3115
4087 184
1355 3665
969 4497
2095 3642
2409 988
2952 2442
2296 2068
1024 3384
479 725
729 3463
3397 2896
3405 1152
4225 3882
1062 4963
3789 586
2285 4350
3528 1531
4442 3950
4726 1085
2811 880
802 4042
1409 3046
1891 628
1374 3877
2709 1379
4531 3059
201 1797
3265 188
1526 605
4682 2760
949 3645
2532 1966
1025 1640
1600 3881
955 1555
3543 3722
4408 4968
4991 1205
913 1020
3272 3831
3202 2133
487 2704
2280 1286
3420 292
3518 1562
929 4598
2789 4485
4860 1990
853 1771
3136 1972
4762 210
707 1575
2450 2180
828 2263
3468 4801
1804 4009
1670 4145
782 3656
1011 1272
235 3661
4504 3923
4826 1432
2216 1490
3234 4204
2512 4824
4431 1703
1810 2307
879 2274
1661 3616
3411 460
1219 2901
1767 2025
1945 1162
149 4803
3805 185
4803 1863
2576 2592
2064 2875
2775 3147
4614 21
3899 1661
2624 3085
3471 487
1406 3627
1185 3462
2351 3724
3662 1441
3233 1492
3254 3089
4091 544
4157 1184
4708 4869
4595 1289
698 2759
4665 2497
2883 3166
4171 667
4376 3943
1180 1002
431 2450
2527 667
1716 657
3481 1546
4813 1687
1893 2946
2153 2466
463 3157
1181 2326
1189 4509
396 2545
3655 1979
2190 1511
3243 100
4101 3628
803 3065
2483 1893
4968 2420
3381 2516
711 1751
2054 2851
2555 3376
288 316
4622 3612
3474 2322
4683 1898
972 1119
3505 659
858 4630
1729 2121
1313 3227
2444 937
4933 469
761 1606
1159 1420
2355 705
4574 4227
17 1106
2220 1650
1293 1832
3574 3863
3301 3178
3122 3040
2378 4026
4646 557
2467 1163
2918 2619
1311 803
3005 667
3183 1343
4856 2925
1584 4357
176 1797
644 3068
2118 2380
1017 182
2578 2285
2462 971
830 3114
4108 3078
3096 2480
3434 1781
3767 4331
2595 2761
4672 2848
4362 498
2194 4592
180 2285
3154 1297
4172 1315
4051 1438
1321 1998
3588 4930
1456 3750
3314 3915
2676 1311
3636 4701
1604 1467
2733 3400
3886 4111
980 1877
1533 2951
2812 2906
291 2404
889 1140
140 3895
1016 1917
1101 4423
2472 4440
2457 2173
2760 1094
3639 2500
706 3800
2856 2814
4209 3101
3044 2792
2192 2152
1681 2849
2696 1273
3990 1851
3014 2423
1968 4944
3678 2540
134 789
3532 970
2994 1227
4623 100
3915 1394
3906 3482
494 4162
2434 1594
1274 4336
1802 1735
2057 2353
2443 3309
1609 1091
4629 1453
1322 2902
3368 1099
1201 1482
2464 1814
4934 4718
1057 1117
4416 451
4093 3458
4468 262
1949 1460
1391 165
996 2528
328 1405
3199 1602
2459 4948
4315 274
2976 1539
1029 704
440 1261
586 2997
38 1333
4298 363
3 3480
1468 578
3714 1691
2162 3150
1243 3385
4361 3507
4814 1109
2367 1839
2662 2483
1989 1791
1987 4677
2047 1726
1417 2992
3409 167
1444 3511
289 2631
2700 1557
1997 3095
2533 2744
783 1019
212 262
2699 1043
4145 2533
2002 4303
3837 4910
1935 2414
2882 4579
4745 1770
2580 3383
4514 846
4019 339
1038 4567
3913 4704
4577 4591
1644 1286
1342 679
1503 2923
2890 4207
2165 4067
3340 2591
1317 3403
694 4983
1811 3035
1588 3651
717 1503
2750 4008
721 4986
4719 2346
3724 4870
416 1601
2987 104
2219 645
2733 3885
2652 4362
473 209
4488 1161
515 242
170 703
4925 1145
2959 1383
3533 1303
3603 2398
721 4940
480 2593
896 4916
1433 2811
232 4365
3802 4759
19 3777
1440 4498
4419 1175
709 4656
198 609
4546 2606
639 3513
3951 1734
3852 1820
845 1891
3444 4782
2947 2345
696 936
207 2702
2821 3480
2744 15
673 4952
3955 2907
2806 568
1358 594
4666 1928
2605 3788
3561 540
4818 1920
979 4014
4469 38
1642 4774
1921 815
2435 2214
3978 3910
3531 2925
4325 1270
2758 2946
1950 2675
1458 3963
974 4836
2194 1902
1700 2178
1911 1394
4041 3832
1145 2585
1598 738
2305 1460
2409 2205
2438 4189
8 3309
4120 3280
1301 940
3661 3226
3400 4607
2193 3017
169 2776
3382 4560
1214 425
36 565
82 3188
938 1343
4082 2622
3512 3497
1228 686
2123 408
3720 875
3445 2142
1549 1817
751 1602
452 3825
3906 2220
4475 706
4188 1582
1475 2883
399 1569
1543 2974
4230 2389
3543 1814
3983 3548
4284 986
1061 2757
3977 3515
1907 1025
3855 2591
3033 1248
505 2184
3155 1541
1875 1631
1129 2505
325 4918
1647 2190
1822 2472
1480 54
4404 4254
3619 128
4295 566
4932 4075
3246 2625
4665 4742
3213 1426
1486 718
1772 3285
814 3287
2993 2221
3378 4014
2973 3211
2821 1429
3192 3693
4961 799
3403 3106
2140 4839
2848 1366
4213 2666
3820 4041
696 3796
471 2525
372 3494
3857 1062
2670 1124
221 4188
4395 292
2988 3511
700 3419
477 4282
1027 4078
335 762
3099 2756
127 377
2393 280
3990 1500
2053 2177
3925 3039
824 1154
4953 1445
1247 4508
3889 2662
3090 1601
1890 2642
4428 4751
4199 4319
771 1245
1043 4731
1970 77
2011 2175
4358 2339
1128 3322
4945 4049
901 826
4955 3374
4284 1529
572 2287
1866 1961
3146 2307
2723 3573
274 1097
1261 1734
1735 2763
2613 4171
4793 917
4902 744
1731 215
1132 1822
4135 3777
2111 1628
2138 259
3550 2735
2917 20
3668 221
3263 905
192 418
1779 138
1711 3396
4027 2956
3201 4053
3906 3718
4078 1289
4116 1534
179 4951
291 2398
2389 2791
33 511
3058 4105
2969 4173
1433 3956
243 1248
857 593
4940 2811
1538 40
4958 4734
1024 1668
2709 4317
3026 2655
317 1974
967 3123
4615 1729
1294 2905
4554 3513
2264 370
2675 2225
969 2052
3719 1293
4324 261
3776 461
4363 798
1668 3010
3868 4809
1679 3981
1102 369
3086 4072
1569 3644
3307 1476
1692 2803
543 4967
2676 3072
3049 350
4501 2643
4711 3548
2936 4902
166 4006
4960 4918
4943 4147
2053 93
171 3379
1366 199
3314 3146
4832 4300
2404 583
1024 4983
3781 4106
2057 4382
1747 1055
2515 1429
1487 2720
676 3287
4608 3529
4377 4306
975 1323
170 1673
2937 4090
1172 4102
42 803
1615 983
320 236
2333 1581
2729 1405
2394 3073
2300 837
2566 1254
2504 4811
4727 3658
675 4232
2543 2906
562 1441
452 1030
1060 2717
3253 3186
1292 2841
935 2037
3050 2599
3863 2055
3908 4421
3947 2912
2785 1737
793 3666
1561 1773
2547 651
3128 3552
4781 3985
4835 1950
3681 1705
3710 3606
4110 3945
4311 4969
2113 225
2399 183
3167 2490
2044 3588
2173 3071
588 3616
2769 357
2160 3795
239 4597
1731 2095
1894 2605
3203 1118
626 4544
2903 1611
880 1530
2732 2439
4699 29
2569 279
1328 1982
2422 4153
3117 2677
2639 4030
743 4011
3385 2649
4453 1907
1634 1278
4674 2689
337 4448
4942 880
3900 438
4479 2237
4779 3827
2665 1637
2170 4218
4851 3266
3992 198
452 149
106 459
4192 497
3987 2559
2740 2663
40 1978
1374 4008
3951 3770
4546 13
4323 161
1097 4696
4191 331
4195 4389
3637 2344
839 2481
2908 1418
4163 421
2484 1033
2339 372
3945 1511
2503 23
2828 1311
1332 4493
1028 304
3143 3412
1293 4993
3376 2157
3788 3380
2115 3967
3269 56
3676 322
1101 1077
1394 2153
3439 2100
644 2886
3688 2240
2282 3869
4410 4054
201 2202
4026 1865
432 573
1581 290
708 1796
1732 4440
3798 1604
1543 910
2425 155
930 2330
1584 3957
3308 4704
2507 2450
3010 4455
957 3096
417 1032
4841 562
3639 2625
3187 1680
4460 3282
1173 4084
1363 465
4235 1522
3758 4000
1285 3053
4036 99
4693 1685
3763 4651
1177 1478
190 3958
1660 1547
2427 310
4510 3407
2840 338
2790 2458
2261 1094
4602 1546
825 1341
3136 2555
1542 4516
2408 3715
2974 3843
3730 1401
1074 4312
844 3716
514 521
1106 544
4801 1719
1020 3904
1551 1518
4632 1197
2576 3787
3596 2425
316 1527
1716 632
4450 2030
2313 210
1719 1228
4151 4343
4876 1672
3488 704
2922 1166
2425 2619
2817 1601
270 2361
1243 1474
4017 4779
53 1014
4110 2899
2264 288
3211 4355
3625 560
4317 647
4932 2531
4194 2686
200 2776
4928 3663
3677 3444
3755 4144
1589 4270
4066 727
4720 1298
4754 4466
3173 138
3412 3988
1911 3549
966 1992
2297 4639
3447 779
2900 1093
1535 2698
78 3985
2776 593
246 4969
3897 3159
3158 2022
2779 3565
2535 4494
1377 4912
1643 2829
1025 2277
118 4728
1741 3039
1186 4749
1010 991
2308 2618
2743 587
429 1083
713 1603
367 354
4657 3081
1443 714
4162 4562
2323 4090
404 2806
4245 3160
186 774
641 1570
3174 3996
4131 1113
3829 1752
955 779
570 4831
3080 3196
3698 4657
1518 892
4206 2793
3943 4944
2310 4239
917 1990
4992 2045
1796 3931
863 4898
2179 255
4757 4468
202 2193
1257 760
1274 2363
1969 4728
1891 4191
1972 2526
3249 3260
771 2877
4797 3969
2688 1077
4943 1145
1898 656
4540 3650
2589 4860
1351 438
2938 4106
441 4129
3944 2123
1602 4438
47 4634
631 2717
1891 4068
595 2755
1717 4729
914 3939
4178 4236
616 4634
2856 2869
2644 2633
3636 3168
2471 404
327 4985
1731 2112
2828 1872
1790 4370
3749 2109
2497 3207
753 730
1593 802
2408 3009
2091 3556
4417 2581
4552 4933
313 4602
1252 3337
1071 3903
1438 3595
3678 4533
970 3563
1314 868
1927 36
1928 4088
2342 955
105 4519
2018 4220
340 3385
272 2799
252 4357
355 246
1178 616
541 4063
3866 4719
2843 3586
375 9
2447 2066
2656 4614
1126 453
729 1086
884 1892
2102 3261
4779 3241
1038 4243
2856 2047
3602 269
4333 4
2168 62
1181 1918
438 1423
840 413
774 2084
3916 1694
1753 1064
4485 1589
2644 2327
3423 1041
4844 1724
4829 1956
4151 4175
1047 4197
1647 1754
294 2357
773 4071
826 406
4152 287
4432 2004
4602 3927
471 3128
3037 1320
295 1193
4374 739
3322 134
1191 1380
1992 3729
4212 2239
3253 2831
4364 1665
1938 2050
4701 2789
858 4988
4102 2312
4373 3402
4914 3954
3312 910
891 669
4967 1424
1206 407
3092 4039
3554 1120
409 1883
4808 2205
107 214
195 769
4631 1715
2158 4158
1389 3472
1090 236
2978 1785
4950 473
467 4318
3269 2638
4622 4806
4352 3531
729 878
389 1804
1615 2581
1396 254
3657 2202
3358 777
2151 131
1138 560
2479 2215
630 3340
2295 3677
4695 2001
3324 25
217 1630
4502 255
2513 2513
4654 2532
3044 698
230 9
2487 226
4096 100
2734 3521
352 4432
3773 3996
4671 4831
3977 2245
4222 3440
1829 2721
4199 2170
3681 3124
311 27
1324 3827
3285 424
2942 3989
903 4742
3673 786
4109 2193
1889 294
2607 1972
2641 1357
2180 344
583 1971
257 657
3415 4294
3310 2571
4674 3767
4963 1435
46 4235
3397 4668
2622 3737
4671 2428
4030 566
2212 1469
3900 3585
1222 1064
4802 3546
1621 291
1628 2798
14 3845
3450 4642
4961 414
3512 1653
1055 2549
617 1047
3786 1984
4545 2621
3240 3176
4705 4402
4681 864
1886 1008
4473 803
633 3127
4628 4238
896 3702
2875 2662
3207 3210
120 2152
4797 929
4748 676
694 4568
3767 3381
4408 482
1380 1165
2085 2717
3176 3346
456 1183
104 1828
3450 4079
4592 2328
4507 4912
292 1487
699 4078
4086 1410
2466 781
3303 1091
1652 4830
3836 3833
471 3806
2368 3892
2920 1767
3419 2668
4066 3735
4835 3002
4486 4109
1445 2202
4987 4466
3881 3917
3962 3457
4490 3057
1818 3848
3987 3553
787 1303
3411 3012
1115 1921
2177 3838
517 1099
294 1757
1500 4846
2593 2968
1724 2752
877 3861
2441 2811
3159 2011
784 2480
2937 3981
3871 1826
1975 2666
353 4080
462 4775
680 4177
2955 2296
2994 252
2109 3463
823 2557
2087 1282
919 1731
3578 91
3714 1381
412 221
1379 2631
4474 1458
4022 2812
2586 2764
2971 4304
475 3576
4696 3406
4082 4655
3800 510
4507 3486
4342 1296
803 4626
2328 170
1543 1544
500 3807
4578 1654
1043 3843
2889 711
4684 62
3503 696
1519 939
4308 4718
961 223
4887 2684
2390 484
3565 1501
3675 4065
618 2641
130 3749
4029 224
4224 2514
3993 2471
763 2623
2536 1118
3244 4098
2979 1279
9 193
3502 4662
582 492
397 1628
3711 611
3827 4706
210 172
2634 3963
4024 2739
150 2972
2183 611
3890 4976
4645 4586
208 2721
740 833
2514 3945
613 3039
996 4904
4777 1091
666 483
3472 72
2876 1392
4046 3205
2406 4427
2183 3246
3622 344
2749 4353
118 4344
3978 2895
4969 2650
389 3580
4568 2117
935 1690
2251 3628
46 3113
2717 958
3306 1601
3082 398
3284 3536
1352 4126
562 1189
1887 605
1625 2717
1845 2156
2513 2131
3736 2429
1360 1909
3382 3540
1086 1807
2171 671
4015 522
2179 873
856 4994
4802 2418
446 2048
2560 2611
4442 2715
3316 975
877 3621
3010 753
4295 3024
1188 924
2073 233
1714 3820
4200 4470
4726 4648
3190 4582
4043 859
4770 1397
4091 4514
258 1975
635 4728
3633 1257
1537 1399
422 4017
1334 2413
4008 4384
1119 2577
2004 4761
2218 3327
3363 2989
1925 2068
2556 4888
2228 130
2148 4213
1748 82
1392 3654
3564 1832
4932 4223
3497 3225
3985 313
1080 4638
2044 2642
2285 2752
1168 437
283 2743
3532 3559
3167 1026
1267 3636
4249 361
4728 1834
2630 1691
4999 634
4884 247
2568 1734
746 2435
212 1705
972 2217
4082 1681
4343 783
4448 1728
3510 3640
4973 3365
851 327
2573 557
231 1794
1796 2609
4046 393
1496 776
1581 2112
1022 2283
2500 1280
1157 1082
909 1474
2327 1581
2701 745
2163 4327
2923 204
4523 4508
2659 1027
1560 3049
4202 4361
592 4742
4703 822
4313 4274
3916 2248
3654 1880
4048 1576
4562 3408
3879 4820
3285 3187
3636 2736
3706 2583
1335 3605
1819 2385
195 673
4946 2396
4484 3027
2988 3430
3249 4867
1934 536
3389 2503
3139 3849
561 521
18 781
4658 3324
2334 260
1933 2512
4314 3468
93 936
2308 3999
4997 3239
4438 4570
711 687
1250 3531
1929 1742
2731 1248
243 4738
3952 4649
2089 349
370 4691
789 2023
3021 1663
2462 2799
3071 3867
31 3926
1943 2800
3114 4976
4252 673
864 2005
4014 355
4523 554
4475 832
1613 3537
1797 4296
2824 2987
4941 1077
2146 1609
38 2279
4133 2696
1006 199
4861 3339
2253 1388
4070 3205
1927 2779
4519 3744
4913 2355
4137 4613
1674 3853
2031 1191
778 2603
646 2845
3857 2291
3106 1511
4843 3637
608 4059
3587 4795
4165 1929
496 2903
3606 3276
349 2425
3916 1484
4341 1043
346 54
2406 4543
3381 749
3236 3791
21 1604
3020 2666
1461 4160
1072 4686
4417 1
1319 4364
4794 4243
1819 4736
3381 4022
1666 1710
4261 315
4772 38
1106 3344
1770 2039
4736 1632
1102 634
4224 549
4988 3986
3739 1828
2352 2036
1868 1603
358 3400
3357 4152
2548 3297
131 1300
1037 2394
4669 4602
2423 3711
1777 4583
2133 4855
1015 952
1801 3577
739 2058
3149 2098
1359 285
4159 4005
3128 76
152 2991
2585 4565
422 2863
2645 1216
2148 220
4989 942
2661 2416
658 2412
3899 2058
4784 3718
2603 4907
4356 1096
2850 75
2387 1156
2210 2612
811 3391
3512 1073
3115 4825
4948 2078
1450 1601
624 1290
2518 208
1397 4122
1369 679
2475 1361
1149 173
3367 1293
611 4013
2933 4271
2659 710
937 3783
109 2571
19 3240
1197 101
993 1570
3357 3811
3945 2882
3282 4416
3309 4881
3256 287
3697 2231
3696 4119
2297 1561
237 3430
4831 2552
3641 1664
3838 3257
2339 2005
603 176
4244 1462
1584 3593
3003 4799
1213 160
2334 80
4345 2476
4710 857
1207 2088
3656 917
2492 1800
196 3880
1234 4118
4435 1116
2369 4639
1895 2278
3987 1398
4964 4555
4014 3261
3499 1490
1277 311
2235 3847
2313 4394
2762 2202
825 3937
4406 2588
2858 1184
1312 2055
826 713
3151 4654
3290 530
3932 1198
3535 2007
1453 3466
4742 3121
4345 804
279 3359
1880 4066
3786 2681
4068 3979
2950 3990
714 4195
4057 2307
4673 272
2435 2321
4740 2866
2051 3414
4606 2524
663 4174
4022 1423
1082 4479
4652 641
4511 2465
2443 3412
3127 2631
765 1948
2521 975
2246 4231
628 4297
973 2596
4156 4542
1425 3015
675 4325
155 2813
1871 4603
2811 4784
2299 2102
2484 1845
3199 2567
1487 3686
3353 4160
3082 1245
1523 3961
2461 341
3294 2311
1462 488
2263 1090
3517 180
950 889
2635 1582
1586 2351
1549 1966
4351 3163
3678 2802
2328 750
1961 1435
227 1481
4624 3031
450 1258
4687 388
245 4275
2387 150
923 3655
391 1833
767 3697
1446 1005
216 3408
588 2524
2308 3376
2110 509
4091 529
317 2319
1858 4469
3324 4903
4133 4613
2505 2777
2345 2827
1197 3830
1888 4297
950 2054
4847 4527
149 957
3474 1466
3116 3537
4577 165
2526 4729
3263 3704
4827 2244
3111 1999
388 231
518 2487
372 2682
3437 499
2168 1336
2583 1408
659 3761
4445 4758
3276 4991
3153 3777
2776 3356
2483 4646
1927 3814
3346 3741
434 3115
4871 1064
3142 2231
4304 292
4008 2266
2257 4994
4921 72
4268 2005
3721 2078
193 458
4252 354
4133 998
2295 3361
109 707
2761 3227
644 4480
4417 1117
1144 4404
4060 4858
593 4204
1430 3272
1280 3278
4499 442
2467 1532
3776 4464
2462 3083
1503 2420
4128 2147
4390 4591
4840 2650
3464 3484
3284 874
1330 4902
4672 1915
2403 734
309 71
4886 54
537 3953
4144 4480
1112 1364
1237 448
4975 2659
3749 2667
4787 1765
4243 3386
731 2480
2546 3926
3749 4025
3336 4699
3801 2774
4711 17
3932 1205
1272 1339
1521 1448
3166 3591
3222 1118
3469 326
2578 1451
2193 1766
1981 1891
2464 3501
3911 3535
1714 919
3835 2806
762 1948
462 1634
3910 2158
353 1466
4749 2237
1671 3890
4883 4353
3675 974
1649 752
156 3150
1366 4093
3856 2543
773 2533
1551 4076
1653 2870
4625 1128
837 1178
1431 4836
2882 1922
2324 787
4670 3204
2999 4948
2910 1429
2542 3140
2840 4314
4635 1174
900 3611
3423 3796
4671 4550
1062 4570
1994 595
4674 1708
3944 4887
1991 1005
592 1187
1963 2480
3714 3434
186 4285
4050 257
1818 2851
4631 4714
4534 980
1438 2891
3611 1098
2821 3118
1220 2754
1182 4537
4863 1606
4007 4873
4607 674
4096 291
3821 1273
2696 4494
3414 2782
3898 3770
68 408
3865 1494
1544 1867
2503 3912
4712 1053
2350 4813
1284 4971
125 3466
3864 2371
3733 819
2413 2894
1902 200
2687 3128
2352 4450
3730 2208
3153 3232
3094 3055
293 3815
818 4338
3280 1923
357 1957
1703 2447
1913 1115
1005 728
3814 2494
143 4531
1528 4752
4019 983
1101 1069
564 746
1109 3680
3029 1586
1421 285
4168 1701
3598 1779
1687 3987
2652 3110
2857 2761
545 3637
3613 2196
4719 622
267 1301
1642 3493
146 3551
2446 4985
1276 4384
2718 2255
2427 3294
1393 1698
3407 2797
2681 3598
208 1296
4854 3960
3998 4163
3172 3936
2737 4404
2964 4871
4396 1967
3380 4132
4538 1458
359 3007
3790 697
3851 2403
3697 1472
1771 2982
3274 2156
3775 2479
2831 2685
1377 3150
4999 4468
4773 3151
3824 2228
1891 2635
1129 1074
756 1129
3743 1471
2718 3613
2209 4097
1092 284
3153 681
1826 2567
4402 3328
3749 1944
2080 2798
4852 4480
532 3170
4277 4533
4054 1174
1858 154
1857 1523
766 2378
970 2316
3098 4951
3563 4066
963 2264
3610 3255
1596 4239
3601 3067
4110 2421
2284 287
3589 3866
1478 1730
2433 128
2871 369
2869 1795
3548 3883
3999 784
2415 743
4142 832
2556 356
1743 394
3121 4224
1102 3687
3945 806
2439 1657
3317 1103
4113 2194
4099 771
4420 779
3788 1799
2970 1774
3964 113
328 4628
2381 1610
188 284
1331 3621
4195 872
68 1195
1284 4726
1595 4567
2318 2906
2644 1385
677 2552
1209 1570
3994 1895
2249 2110
401 251
4614 4254
735 3686
960 1748
259 3005
3625 1080
1963 3128
4824 3889
4022 262
2493 4408
4478 3314
4572 4379
2832 1435
1894 4066
4423 4601
4312 4951
4760 1631
681 3352
2975 315
3048 1516
2540 1674
636 3863
2601 4233
194 613
1919 4577
2025 4083
4099 1043
4631 1725
2412 2607
2181 4967
4177 215
3538 4822
3729 1465
326 709
2870 1889
2842 104
4019 1667
4629 141
4316 2416
2097 4226
2176 2571
1008 3471
4895 13
140 3309
3862 4231
210 2462
2351 568
1060 4294
3750 3741
592 121
2805 2143
4582 1904
3703 4916
1322 2732
1729 2421
508 1074
1935 3119
4688 150
4033 2346
3475 3299
978 3791
3358 2839
2435 1754
1411 30
1114 3056
2668 1868
2212 1466
49 2225
2832 998
2097 1783
3863 675
773 4175
256 4848
2311 3974
3543 4271
4522 4930
1886 3733
2594 821
2807 3160
1560 4056
4093 382
1753 3476
1247 311
62 3402
2850 4869
3163 4474
3243 1989
302 1238
4352 3974
73 763
3863 4893
2771 4296
4648 784
3564 3402
4282 2213
2084 648
10 4338
3152 1878
4604 4098
1816 133
1544 3135
477 832
1598 176
1459 2955
1132 4606
4817 4550
2135 2231
1235 4777
1670 1857
1652 2608
4582 1768
3957 553
192 2224
1265 3246
3075 1676
2190 1823
1161 519
3261 1997
1022 2485
4725 1811
4010 3671
118 1872
246 2869
244 1793
429 411
3751 3294
4225 4218
788 4842
2569 976
3121 3449
3240 2569
1271 1869
924 4987
1751 2416
3302 1805
2713 1093
4125 1687
1661 32
77 621
1152 2545
2402 3510
1750 871
1129 1473
276 4571
2259 1321
765 2973
882 1174
4971 2014
648 4213
1674 1717
375 2822
4938 4798
837 2556
1552 4220
4666 2717
2449 875
3131 389
649 4195
1491 3061
1290 2295
1778 3226
794 312
2799 3793
4313 4155
4828 2664
2045 2933
4093 2978
3627 4315
442 3140
227 3088
841 4763
4392 4061
3499 1459
855 3891
4112 751
693 2759
3778 1056
4472 2447
1988 2893
4367 943
2958 655
4967 2978
3764 3162
1524 4560
508 4500
3826 238
1251 1450
4541 342
671 672
2898 4087
1520 2829
1824 354
2122 56
197 3676
1648 4064
4886 4255
4273 4795
4683 1983
3121 2150
1572 4904
2508 183
4472 3589
4470 803
1461 2735
4915 3281
3183 1195
2662 1937
4582 2079
599 2069
4846 1799
3817 3685
127 2709
4252 3337
390 1358
351 2231
2272 2991
1815 2836
1135 1568
2922 3450
3804 4495
2935 4002
3247 3184
3319 1794
2799 4759
2532 4093
3363 2296
3754 3326
4724 2934
2600 2824
1772 3713
798 4140
1910 1168
3871 3721
3288 1566
2908 2377
3776 3449
2641 544
1548 4118
1402 3119
2253 4400
2711 1639
679 3832
2133 2418
1919 1005
3177 2331
207 2825
2089 2066
61 2966
2637 4506
4962 254
1291 2442
4711 3617
3122 4145
830 756
2212 2793
2152 2289
2835 2134
1036 3263
4366 3627
112 993
2102 2632
470 160
1978 4694
3885 900
3775 2344
4352 663
3154 3861
2096 3403
4101 3418
3779 3656
2044 4213
2207 1422
4210 2721
1546 4619
1136 2856
592 1769
2005 2031
4175 1943
970 1478
3130 2509
4334 4
3427 4275
4811 4363
755 3481
1413 2864
152 4006
2158 1344
2738 3890
2025 2741
1435 4871
885 3100
2828 782
4362 1156
201 2258
669 2097
1301 685
4001 207
4563 2590
648 3922
527 1575
4683 1825
2415 2588
2713 3985
1344 1495
3536 1631
4030 1925
4575 4694
2472 4897
4654 2213
594 2654
4725 2245
1363 1857
3147 946
3244 1907
2518 3139
3754 3295
2692 4080
2164 4781
4405 177
4266 1531
2891 348
5000 3480
3260 3761
3470 1135
1883 2644
1283 2307
3610 422
4864 4969
3423 2838
4587 3260
4270 3931
1087 4343
3210 991
3156 4998
730 797
2248 4594
342 4506
1941 4000
4619 2743
3324 3752
2048 1126
4763 4014
1126 1356
242 4464
4039 2248
1872 4260
4706 3576
4049 949
2572 453
2959 866
3791 4984
2634 3560
4646 1370
1325 1368
4397 3532
3217 3220
4474 924
1515 188
2021 3077
4081 1074
4938 823
2851 4110
464 4751
4235 1827
1654 1645
1186 2333
2030 3530
977 4039
2670 4967
4054 3624
4575 315
1341 1131
1882 3277
1292 1012
1606 1990
3162 3399
300 2876
3716 4269
3716 444
1029 2860
414 3741
1915 3553
4586 4046
1357 4078
512 1392
2074 4809
1273 655
1891 4700
673 2529
3615 3537
747 1323
4925 2459
3463 2536
1789 2743
1605 4391
2398 2208
2197 1870
2666 3460
3930 400
4902 1968
3770 3877
2638 4188
3055 2040
3680 4348
1565 702
1275 752
2933 4386
3290 2288
1611 4034
2520 3959
2947 1246
2579 2997
884 4755
4689 1321
99 4929
4851 4361
942 710
4414 4753
1268 3797
525 376
4877 825
2884 2943
953 3969
2461 674
4867 2408
4011 3357
2657 2945
4971 2003
263 4737
4808 4262
4249 4940
2010 2311
2638 3915
1796 3678
1930 618
4497 990
568 1485
2720 2392
4744 3379
469 2168
4805 1450
3059 1750
1546 4474
1480 262
3099 1901
341 4266
2730 1628
3587 2578
581 617
881 2013
2703 2279
4695 2552
750 1361
2980 2073
1853 3142
553 2905
1500 787
286 4580
4858 468
4574 1527
2176 3601
1787 2822
3341 3958
4146 4829
4352 2151
3339 1296
3099 2158
78 158
2237 2324
806 1514
2546 4602
1448 4909
3928 2783
1027 4614
604 1194
4106 2171
997 3778
42 2301
792 4580
768 4371
1575 2131
2872 1232
4732 3174
1008 2183
904 555
3230 1328
2782 470
2807 758
217 3741
1160 2224
4089 1102
810 3230
1487 4440
4196 493
107 2250
1979 3654
1351 2064
3240 76
2491 4877
4285 4517
4118 3025
2151 499
3394 765
322 1084
4977 1291
1485 210
4136 2977
4832 702
4920 4822
4280 3607
441 3792
1874 568
2092 815
2414 3858
1660 1009
4590 3372
1942 4842
2722 3425
4937 4407
3742 2614
1346 3530
4621 432
1544 2277
1455 744
2110 2814
2815 317
1255 1897
2254 1941
1589 451
3141 2663
1773 3764
4067 1221
4616 1071
1564 669
3704 575
3164 4366
239 4122
2725 1425
2927 4580
3313 3890
922 4405
3496 3213
1525 647
2585 1929
3006 4612
4109 2264
3813 3453
3530 4610
3785 1331
518 2706
2929 1067
1015 1057
285 4789
1570 4500
3014 4261
747 3855
4819 4976
1896 4894
1180 2540
823 4528
2291 968
2501 591
3951 3367
4109 3932
3797 3137
4080 2861
3341 4208
1764 3316
778 685
3662 740
89 4328
843 4510
2997 3837
872 1131
2361 1765
3447 2114
1054 1461
1068 1818
2029 2922
629 2724
2295 535
1346 3149
2563 844
763 2814
2936 1083
2893 2406
2834 4832
4672 3808
323 2864
2018 3626
2620 2360
3518 1199
2808 2136
3566 2516
4270 4222
1569 2545
81 993
2937 2297
4808 1340
3339 1728
2034 675
2689 1164
859 4591
2435 1698
4446 4808
3700 675
1534 2955
1462 2947
4691 3298
4840 2939
3718 1470
1010 2261
3632 4244
517 600
3723 26
3474 2910
2425 1029
3690 38
2659 431
891 2120
3110 1221
2686 862
3545 891
452 897
2072 4550
1699 1014
3716 4881
2128 2965
3691 1731
1424 4785
3968 3579
3828 3153
2390 4846
2965 2637
3510 43
2711 4718
2793 2811
305 2645
1296 4363
1810 529
2291 744
4150 2187
4545 4362
4706 1765
1913 98
2091 849
1529 1629
1737 3546
4697 1296
1339 3778
1189 1646
4202 1463
3249 2710
424 389
218 1352
426 3231
3027 2107
1614 2644
1204 4950
2444 3418
2825 3655
3810 4349
4753 1540
304 2177
594 1643
1052 1003
3825 3607
1401 1706
2767 4292
182 766
1502 4548
2478 3203
933 2443
1635 2163
2731 4653
2855 3320
1586 2479
431 4049
3125 3401
3713 1473
781 2230
2239 2521
1635 2088
1890 563
2653 3895
544 350
3182 1913
4039 4020
192 1270
2825 3914
1250 4987
1028 3526
4367 4019
1635 1782
1232 1728
3519 1965
2448 1818
4940 2947
2089 3276
696 499
2762 3481
3643 1833
2983 4717
196 1120
3872 2673
1795 3291
2610 3558
3003 3666
4808 1771
1460 4083
3997 2398
4582 4547
2021 2815
1075 2376
4351 3438
1728 1928
342 2596
2949 3243
1098 4975
3511 4758
329 3654
3668 1151
1424 1448
3997 679
4707 2779
4697 1324
3160 1421
1617 16
371 4884
1882 3690
4734 4821
1974 1621
1146 4007
1378 3816
51 4534
420 1217
2587 166
4491 2781
1626 2868
2487 719
279 1506
4847 4830
3747 929
1468 4614
4377 652
1014 4285
12 3658
1835 3378
3127 815
522 4001
42 4979
1652 1498
4898 1412
4418 3197
2946 2570
3594 844
2218 4776
3088 431
1589 3130
4046 1970
3400 1832
54 497
3646 18
1950 2735
2967 1298
4109 4463
1564 4477
4889 1936
4632 927
877 1993
3279 2687
3441 32
3486 1123
811 2525
1980 2816
2586 4921
2287 295
89 3218
2270 3138
108 4226
1965 3862
4410 2776
4613 4083
2029 243
1193 4202
4136 2522
2457 3305
256 2407
4059 3812
2236 2546
830 3833
1218 4291
2908 4020
2729 3632
4024 481
3388 1712
1597 3317
4193 1563
4133 4416
4058 2086
3795 978
4905 3685
188 1359
1004 4629
3765 1428
991 1372
1428 2038
2518 504
3754 3204
2457 530
4460 4848
4487 4621
4109 2510
2757 2325
3625 4856
748 1168
3543 1925
2526 4594
4293 2651
4717 44
3663 1798
4625 3689
4360 4070
4454 135
4285 3895
447 760
2796 4153
2181 3851
4524 4865
3472 3787
1689 3840
2461 3123
2804 1528
3718 2184
4569 1241
2860 765
4403 714
4620 694
4574 2733
2200 604
1623 774
2219 2651
1454 3684
4834 4074
4699 1468
4689 1205
2275 3538
8 3758
4800 4931
3567 2471
2346 2982
977 2224
1608 2789
2665 4698
1108 862
213 2251
1943 3737
2618 4778
1904 1161
3605 443
2489 1847
49 2315
2881 4859
4215 2442
2345 136
3667 4449
1863 2724
2325 1123
175 3816
1393 4920
1868 3936
3454 4589
4261 4707
2020 720
4767 872
957 480
399 4813
2551 4517
3434 3160
3745 2867
648 4288
2331 2873
3096 3211
2975 355
1995 941
2429 2326
3392 1043
4706 3789
1936 4996
2808 1169
3775 4582
1652 4306
569 4221
3006 1879
2939 1520
3497 3935
1479 3582
1173 897
3639 1001
380 3143
4367 3858
1293 3410
1789 4305
1475 1036
1083 4841
1748 3373
622 733
4946 4733
4311 1571
1654 3161
1113 1005
4180 1508
4782 1015
158 4639
1319 2681
4099 4608
193 1787
3603 1759
4493 1700
4513 3297
2301 4309
4375 2941
2401 781
716 4479
23 843
1538 4867
875 2982
84 2850
1467 4410
4846 3777
1563 7
3486 3179
1421 1887
844 253
4437 1057
571 3416
3845 2985
3359 208
1287 4383
66 775
3325 4965
2561 2105
2468 4142
3797 3738
4040 1115
84 2784
464 2859
3832 3947
4322 141
174 1369
4994 2359
3375 87
1829 4061
3739 190
2084 310
1488 1129
3375 4758
4061 2708
1160 327
848 2699
2213 1749
3993 3344
24 2292
4047 2684
3218 603
2433 2990
414 3278
1889 3540
214 2582
3699 98
3212 3532
4630 2515
3989 1953
595 100
3155 3493
3016 4663
520 774
4927 2988
4537 2346
3981 436
1476 4911
1974 3792
1692 2725
1810 4657
3807 4453
4968 2323
1207 2411
2189 1591
4879 1778
2446 3923
3711 2531
4238 1718
1273 3797
3963 3814
146 3596
577 4917
3082 4405
4896 3058
3884 2361
1057 4195
4359 4309
833 3433
543 2027
4035 1729
4791 2759
213 3263
4274 4003
3365 2702
3388 4239
4899 4213
626 4493
4609 265
2227 4652
31 4491
3863 1851
3248 4669
232 2380
4422 1900
3734 4756
1713 249
3511 2374
4068 336
692 2639
4044 4002
753 3023
4180 2213
889 3219
2577 4296
1562 877
4797 604
884 235
3081 2252
624 4735
2255 4642
3643 3388
3278 4762
1718 527
477 2939
3618 676
4875 444
225 2254
1218 275
2888 957
771 4138
846 2656
1752 321
2130 3115
4499 2652
997 615
3534 2720
3813 3133
1240 3760
579 1393
4587 2084
3601 3538
2630 2600
3335 2311
4328 2513
2681 4711
3477 4646
4516 301
3480 361
3289 4857
2904 4549
4397 2918
2659 1321
4914 425
674 2687
260 4218
4890 312
2695 3954
3054 4355
2795 1168
3991 4428
2064 4155
1921 2128
630 74
4405 784
4508 522
4042 3909
2124 1367
4279 2539
3827 679
1252 1095
2892 4211
99 635
1967 2437
1176 4498
3219 4136
688 700
2198 764
2116 389
2443 1883
1226 979
884 3592
1508 2022
1478 3252
104 3428
962 3298
997 4967
4812 2567
1352 1777
4501 1307
3507 4091
1931 3669
2842 1786
3011 606
3129 2384
28 2301
3443 3300
4090 4719
178 4364
4018 2022
864 3863
3086 4027
3405 352
506 1104
4808 2209
4419 1077
69 4904
1808 3064
4578 2677
680 628
2067 3567
3242 2229
1785 4681
431 2127
1357 1062
504 1690
1852 2595
1216 1126
1573 1343
1221 2919
3531 3862
4472 4717
590 2000
2269 2393
4750 3417
4252 444
97 1529
3735 4136
2927 138
2442 551
2827 3091
739 2053
4805 1998
1405 3382
4480 2137
3365 1149
4424 3316
2822 4292
3417 2843
3458 4784
3915 3952
4345 4699
3342 2564
4091 964
2332 1717
561 1324
4121 4486
4739 268
1005 3331
4549 2013
514 1361
2832 2572
2704 4349
2499 99
3019 2516
4220 3703
4892 4813
3936 4801
3430 3597
244 2589
1451 1821
3350 466
1385 3154
133 290
3989 4971
3206 1914
106 4997
1039 4590
3310 696
3087 3314
1366 5000
3584 4595
214 932
2912 4592
375 4701
4703 770
3069 1144
1072 86
1355 2588
4733 1596
3524 1865
1819 288
405 1286
458 3768
2181 3987
1090 2392
1131 1559
4335 4575
3042 2486
494 1680
4030 1319
4830 570
2518 2222
1435 4040
1516 209
4699 609
148 340
2823 946
4710 2265
1892 2716
2950 3707
3157 3445
4208 4761
4264 3888
3028 3834
2084 1712
3485 831
225 4186
570 575
986 2095
1267 3844
2981 4691
1254 1817
3044 1861
556 3296
4619 195
3950 141
3061 2587
3813 3898
228 4541
4185 655
3766 3913
1740 1232
1257 1564
1336 3551
717 1727
3572 3355
4471 4282
282 3587
3677 2150
3537 1395
3444 4487
1800 269
1752 2731
4245 877
3700 1599
2387 4618
4330 442
1464 3233
2850 1799
3006 2586
1648 1110
3608 2534
1952 2230
3857 4513
1073 572
4194 1344
1724 1984
2581 2947
1836 2095
4657 3428
494 1263
490 705
325 3133
2570 3992
152 1744
2345 3135
2635 2563
4497 1835
192 3303
4395 1574
247 2152
2798 4526
4766 455
4408 2779
2998 3240
3983 1857
242 1699
3121 4244
3865 3888
2094 3646
2474 934
3156 4490
1356 2
1392 4323
595 2160
3853 3660
4250 559
2702 3913
1711 3033
1966 4882
2338 1075
193 2280
2940 3416
142 1074
3896 1386
1787 4250
2208 35
2733 3830
1210 613
1545 2101
2879 2802
3958 2454
738 1437
525 1918
2486 4199
4388 3801
3830 2343
2467 1161
1905 3057
2740 1471
62 4739
282 3624
3018 268
4981 1263
1007 4534
3617 2901
407 1788
828 2738
4240 1643
2783 1449
2802 4925
3151 3669
1425 980
3562 3921
208 3440
3666 4839
2103 3867
1188 3752
477 2110
3634 2231
1943 1767
3554 1008
2862 3863
1552 3465
1762 2662
1281 4895
593 4356
1446 1447
77 376
2097 4803
228 142
506 4505
213 4720
664 3815
1809 594
1876 1027
2494 1779
1577 3828
1275 4702
4088 3431
603 3678
4442 1866
3163 3694
1482 2397
2675 2987
4546 4414
3032 4402
3834 4382
1721 1721
1316 3485
720 4628
4692 4514
4493 3277
4906 3357
3941 1128
3010 715
3208 636
3564 1078
4814 3853
3885 380
4677 27
3392 2459
2385 1618
1684 3145
2892 1055
4234 3770
1832 617
2075 805
187 4990
3994 283
4620 625
2514 1558
1125 2527
923 1040
4964 3630
953 352
1356 2617
2107 1215
773 3334
1384 1867
2366 3973
2231 3656
3818 1325
1387 2544
2746 1733
3796 4781
2922 2734
4602 498
4529 1754
3461 2139
473 2990
2378 4573
2792 2072
3316 1688
4180 3834
2023 3265
3506 2909
2247 4829
3744 1985
3205 1682
718 4817
1328 2882
1019 2231
1588 3548
2759 1675
2661 2890
3528 1163
635 1098
1246 1442
3796 3475
2643 2
1361 254
4972 2670
461 1161
4875 2298
3527 2156
2635 3312
1183 2279
4004 206
4603 3806
1814 357
3451 1057
4597 2800
4000 633
3807 2646
1740 4649
3373 663
3914 2802
2044 3498
889 2770
2016 582
506 349
2792 4452
70 987
2185 2395
3312 2962
2050 3757
1434 4156
710 1937
4128 296
1577 1610
4687 3261
4244 1581
3363 986
2810 2183
3474 1517
4341 1571
1349 4278
1857 1749
2165 2101
2808 4906
808 2686
642 1100
891 1180
1918 4135
4961 2266
2889 1105
1617 1642
1409 676
4334 2242
250 1032
2139 4951
941 4670
1586 1294
287 4272
173 3580
4413 712
14 4815
4767 1393
3333 3074
3214 948
465 3252
3538 77
4465 2176
4676 1870
3946 4382
3938 4131
584 3834
3075 48
3282 3729
288 2851
547 1076
3684 2022
3270 3429
2331 2955
1545 1452
2788 3015
386 639
4029 4491
3633 3671
2534 4529
1067 805
1418 3761
4515 3848
3129 2046
4182 4061
500 1053
1051 4801
3438 483
12 3817
1858 2285
3584 4984
3420 4491
4049 1451
4906 3152
3899 4353
3093 3469
4377 4431
3373 254
712 1038
2683 1779
2202 1340
3513 45
905 470
4563 1550
1688 3117
2497 1240
1045 1736
1494 1435
418 517
3120 1564
1895 1039
3383 257
375 1164
351 3310
4088 2405
4691 1613
3641 2447
1541 3500
1850 2615
1166 4203
573 1120
788 1010
1609 1489
2087 4067
2149 4988
1031 1168
4969 4947
2605 2303
2089 2164
4198 1287
4431 1452
2189 1233
386 141
2330 3319
20 1264
4490 2373
2591 1164
4886 2180
685 4822
1376 534
1269 384
222 182
4515 4307
3571 2849
1317 3525
3052 3516
2522 1510
2773 3778
49 4646
635 2708
697 1798
3379 4125
2642 4353
2925 3514
1048 2570
4382 1640
175 542
2825 3678
1194 2744
194 1890
4870 574
1529 3526
298 3933
2958 1294
249 2219
1309 998
1217 915
977 727
3656 1789
3733 2351
2918 958
2106 2133
3535 154
1367 4639
2491 345
2468 640
693 4321
1579 958
2791 1351
3988 286
2310 4796
4385 4134
3293 4933
1287 3316
1339 4879
2929 3904
4014 2351
2050 3070
2229 3261
3165 2841
3041 4650
1633 2460
2144 2623
1164 411
4057 3231
3182 1709
1934 4900
3632 3040
50 2381
3765 2985
1071 3564
3270 141
1224 4541
4133 3827
669 2785
3164 4066
451 2711
421 3933
526 868
2750 1640
1980 2030
4700 1632
2050 3740
4876 2933
956 4188
2440 162
3623 552
795 2515
2787 3973
2855 2557
920 3817
3799 3059
426 1712
4123 73
406 3385
3748 4903
830 3747
4693 4812
1349 3634
4730 1840
2524 2836
4533 2246
226 755
370 1403
1166 887
2193 1052
1661 4531
3121 4360
1521 1767
763 1333
4382 2387
1587 4488
3355 3392
4752 545
2184 4597
1936 4755
4370 3320
755 186
1679 3044
3706 1353
667 1530
2661 4005
4045 1091
4052 867
3163 1068
2158 3280
2162 1791
2598 1013
3522 1579
4680 1362
2007 3798
4977 4118
4182 1446
1234 1857
2304 3185
598 1736
4228 1689
2500 2912
1446 4512
1586 2312
4348 1296
4113 2225
1478 3511
2143 2669
4446 1832
2387 2753
1099 4569
749 2167
4176 3902
2972 3381
1154 1858
3819 759
3853 4275
1366 3037
425 4795
4264 4547
934 4101
2959 2534
547 4814
1463 337
3501 1284
1668 4232
490 2101
4943 3734
4037 3396
1750 1965
2374 1328
4618 751
1913 2631
1795 2815
4154 3765
4689 4314
3346 2308
3424 2483
3446 711
842 4967
928 44
1897 3340
1978 1973
1602 411
3453 771
1971 1030
3766 1749
1706 1987
502 3288
2386 2943
4011 134
456 2460
367 3188
308 2897
204 2112
3660 147
3961 2498
2119 2723
4608 4389
2706 3579
1520 4736
2116 4980
4609 747
2430 2594
4560 4142
85 3943
348 4708
2952 1985
3489 43
2134 2540
1142 1138
4790 768
1750 2555
2457 4033
907 1465
2234 891
4157 472
4515 2670
1760 419
3590 575
3918 4545
3716 4305
1611 4383
4817 2168
3108 1113
3240 1978
2255 1098
3965 2584
672 3768
1552 3261
130 2694
4956 4597
3792 1886
1576 3215
454 3666
2881 2027
2198 2170
192 1876
2779 3864
3986 3397
3301 4242
2617 1290
2768 3293
3005 2526
4276 882
1700 699
619 823
4586 2885
400 1130
1232 3844
3806 1069
3897 502
1047 3390
1436 776
3550 2149
1501 2253
1316 1228
864 442
513 619
2915 3095
3379 1874
1635 778
2305 3633
4503 3618
3389 3086
2560 2364
1673 41
1995 1929
930 3424
42 4639
1496 1378
2687 1425
2241 2207
3300 3930
2182 3943
3862 837
519 559
4768 2547
901 1425
2247 2400
171 4817
3449 859
2966 788
3847 4106
3361 1607
170 993
3701 4236
3299 2267
2985 2098
2148 3192
3590 2734
3120 1148
3976 946
4004 291
4873 2131
3746 3847
1141 1381
2035 1343
402 4661
3095 4198
1476 1292
4405 1539
4378 624
3644 181
1701 581
1061 3310
4843 4647
557 3949
2216 4437
4831 4490
339 3487
1224 3711
3103 4024
2330 2890
1975 1526
511 2484
3675 2203
2344 4213
2588 3134
4194 2208
1025 2204
3831 3147
3218 1355
1456 758
4151 856
1836 2442
3919 599
1360 2121
3271 1743
1360 4342
712 4745
244 265
1883 518
2185 1044
292 3398
781 1387
409 1056
4256 542
4213 1639
2854 4151
4731 2246
2834 4684
4016 3270
1861 2956
2668 2899
4835 2761
3528 450
3442 3536
3215 1251
1515 3478
884 3730
332 4953
1167 2292
741 42
568 4722
2195 4646
1369 845
1862 2510
1394 3288
1022 2853
2588 3800
3828 4292
4948 4087
1110 2863
2386 3686
4315 4062
4446 3433
1938 4142
225 3051
2766 1001
2754 488
1040 3064
2083 1076
4153 2059
4139 3011
2750 1088
4450 2525
930 4664
3902 1379
4600 4897
275 1181
3500 2458
763 4803
4733 1573
412 200
4834 2341
4158 2674
2629 962
3658 4247
4560 1365
2012 4067
2297 2102
2848 3470
4374 1061
4615 4922
1645 1845
3748 1144
2509 479
1441 969
3608 1373
444 1914
1581 3360
2903 2448
1507 3987
1975 761
2060 539
452 1530
3931 1621
4137 3287
4113 1563
4441 1591
318 435
1647 1538
2616 921
518 2290
4917 661
3350 3130
2773 3174
2238 372
567 2639
4355 3357
4862 1711
1225 258
794 3749
2969 4271
1291 3566
2924 211
857 844
575 1255
3073 992
3456 3690
1031 922
1370 2231
4557 2146
3636 3246
425 110
1754 2144
3917 3066
1652 3122
1817 1190
605 4061
4910 4398
4615 3464
1515 789
1191 3463
1022 4657
2403 3828
337 1451
1570 3575
4100 3301
3279 3688
4344 4115
1753 318
2710 4935
680 1797
1910 51
840 2543
4390 4489
3823 2347
3853 4178
4663 738
3152 787
2060 4347
482 632
3054 1049
555 2132
1513 4784
1321 1082
2657 479
1963 4234
1871 4750
3551 620
116 694
1504 990
3673 3658
3782 669
354 2067
3697 4955
1368 3584
384 4302
815 2836
1063 666
1118 1390
4514 894
1755 2932
2357 590
3727 2233
3106 4598
1154 3471
76 1907
2382 1240
349 1849
3977 3018
716 1446
4514 3419
733 2922
3186 3742
3512 668
612 4155
4534 2893
4739 1076
4292 1990
4241 4409
3865 1032
1237 2450
58 1632
4944 3096
4926 2545
3309 2957
2452 786
4581 3608
1016 165
2308 3306
4130 85
2220 2448
2066 2027
4105 956
355 3213
4011 1509
3135 1408
3667 1070
4139 2892
3275 3822
2306 574
3829 4280
1954 3430
413 1281
3685 4580
2941 3055
3611 4079
1602 805
4640 1910
1871 1559
4776 3668
2782 2783
1995 1213
2522 4281
527 4615
274 175
350 488
4804 4825
536 293
818 3063
3908 4026
3358 2394
1762 2712
496 2126
3564 1920
196 3345
797 1334
1502 4714
3811 2198
1534 3606
2948 1226
3316 1834
340 276
1047 3973
4309 1156
1145 2999
140 179
2240 1824
127 4109
4208 807
23 3571
166 1084
1534 2586
3598 1337
3252 4160
4940 1121
3441 2014
2537 3333
3360 1906
3936 204
3940 102
4781 1495
3270 1951
4111 1757
303 1391
4016 20
4175 1244
4973 3419
918 4975
4201 3175
2239 3703
3982 956
578 1208
3185 979
4755 4538
2788 4466
1309 4877
3651 2449
1791 3719
1736 2955
1888 4193
2731 1407
3092 96
3049 3612
4935 144
4468 4946
4003 3534
3211 2070
2188 1323
937 15
2352 1130
116 4320
354 803
1213 128
2169 3521
3361 830
2879 4381
2803 4054
289 3423
357 1325
4350 3029
3341 4310
2134 4140
486 188
4810 957
725 1781
1526 791
4250 1980
120 708
4685 4297
420 2178
4972 3410
2528 4228
2206 1006
3129 3200
3018 3634
771 320
146 2945
3780 591
3861 4990
2041 2773
2520 2843
4915 3352
2670 69
2352 3620
4456 2505
248 2863
1569 4283
2612 735
1158 3748
1623 1838
1253 4998
1321 86
2018 1875
632 256
1975 3848
2560 1226
4770 2162
115 752
361 2283
3951 990
2386 3972
3198 1303
595 3413
99 987
547 1968
4149 2033
4035 4818
4445 6
4365 1997
1412 4205
3131 3694
919 2249
1548 1117
1125 810
4324 949
1545 4780
3871 4067
3154 2294
4541 2237
4700 413
2668 1999
3706 1444
4848 4737
1146 779
4047 1142
2667 2863
3866 957
3509 4176
2729 2489
1313 3112
807 1844
1451 4357
768 2864
1215 4117
3568 3818
4616 2616
3425 693
3185 711
2886 4111
2263 4120
1692 3173
1386 3279
2426 4883
73 4206
3291 3241
1343 4192
1197 2205
4307 332
4313 4713
368 2586
641 251
733 865
3470 4102
3374 1614
3000 1007
3991 4449
1332 3631
3448 2014
1315 4004
1715 3800
2061 1525
4473 2676
1967 2142
2805 2348
1872 904
4856 1407
2409 112
4621 4430
2607 2814
3574 2906
3019 242
996 4068
794 3756
3216 1237
1949 2478
3795 625
184 3792
1456 1085
1576 269
2224 2557
4710 1383
3293 443
466 4500
2083 4876
2148 2374
3124 2253
2163 1883
4486 4387
4529 268
1639 3603
4728 3621
3174 4878
2200 4705
1504 2606
1719 4117
1569 4035
3966 1170
4436 920
3667 3321
2868 3431
3673 3998
1719 699
3110 1772
304 3201
1317 3431
2124 2812
487 2819
538 783
695 2895
684 2269
4696 4140
2137 1240
1922 96
2843 4371
1107 3870
2424 2399
2220 1380
1804 4214
4176 1887
1804 159
1805 2378
2647 2478
2202 2555
3546 466
2610 3136
2430 2766
4506 3867
2169 4710
1324 4958
2089 1651
4898 984
1475 4653
1596 2056
3255 4105
3799 3138
416 720
2473 1232
2539 2930
5000 1183
987 3305
4244 4456
1480 501
4855 4938
4283 3398
1230 1068
3325 2652
4935 3679
1611 671
793 1700
3871 2615
1787 1472
2049 1797
1199 2047
4094 2181
4697 1630
1877 2131
1626 2567
2515 2631
2262 4369
3026 782
4018 619
2276 901
1729 3981
2754 1796
3931 3307
4252 4230
2968 355
3987 4673
2284 1920
1909 2823
2051 41
2455 1173
3288 2939
1909 2839
4674 2876
3319 3315
3721 2679
618 2672
4693 2665
309 4649
3287 79
1189 2937
1319 1169
4541 1938
662 2513
4778 2314
1588 2598
3051 1098
3207 3532
1479 3233
1774 4232
1332 1521
4684 1557
552 2085
4585 2055
1190 4243
3962 2780
4156 1473
342 1566
4440 2019
927 4968
3682 2871
2302 417
4240 2014
3873 57
4120 1203
2489 2124
1911 4343
670 3472
1613 3082
1079 3604
269 3806
2030 2138
3555 1505
3442 1642
604 1052
3183 2121
836 565
222 4649
1575 491
1319 2200
4994 3354
1568 2666
4660 160
620 950
1834 2762
2091 2862
1651 724
1020 2958
4779 4818
4587 3196
523 4477
4420 4090
446 2999
2617 354
4415 3428
1438 215
1695 3897
2344 2366
3422 2777
4875 2357
3951 4589
4623 3195
1508 2191
3454 69
4363 282
4433 532
4437 854
666 1703
1577 699
4375 2494
1599 584
3149 4180
2617 2888
1547 4631
3553 2044
1161 4699
4675 1850
787 4669
3215 1118
951 2431
1348 3956
4845 1342
1026 2592
2031 3524
4758 4886
3922 3801
3867 3826
4492 2576
3039 4867
527 1026
4503 3216
164 18
1573 806
1470 40
3183 3571
2687 293
1000 4935
524 1759
4710 2694
2691 4440
3952 1806
3824 4416
4080 2103
4697 2428
3179 2341
3690 3271
3672 3988
2829 188
3761 1835
2011 1490
3353 4184
1634 1401
1027 4030
4899 767
203 377
639 3095
215 2105
4079 3011
1542 280
1948 4397
1565 1439
1159 2843
420 3006
3552 2248
4804 4686
392 2157
4636 3780
1087 1077
660 370
4572 640
3133 2975
1705 992
271 3809
3091 172
284 3839
4927 2951
2182 3690
2273 262
4164 61
4099 4855
3407 4929
2371 331
179 4023
494 3859
4288 4530
2091 586
878 493
4038 1726
2659 3306
2684 4243
1775 4037
3795 2459
3699 1929
4672 926
2594 3412
613 429
2916 4351
1043 820
4523 4637
3900 3723
726 2608
4620 631
429 1736
582 1631
224 2024
2431 1761
2521 3474
3243 1447
2931 4396
774 4682
2298 1177
4745 318
2351 506
3456 1509
3401 80
4253 2672
518 627
4867 3384
3158 847
2563 2931
217 3032
1363 4758
2541 4222
2553 2251
641 1584
575 3952
4310 4651
4440 1665
3422 4146
3508 2856
3730 4807
4529 640
281 775
4910 1150
115 1004
3754 1891
1937 344
4682 3245
4603 3710
3410 1072
4944 347
662 2472
2686 820
3733 409
4146 605
4961 2122
418 124
266 2086
4716 2708
575 279
883 4040
1171 900
3967 1047
3732 1119
4617 429
1091 2276
2538 752
909 4219
3843 1885
3844 2740
4169 1979
2322 3793
11 543
2457 1184
4281 1238
2071 439
4626 1707
3386 123
270 4340
2475 3075
4888 3742
4007 657
212 1417
1706 994
989 3623
2829 598
1605 2483
3988 392
2509 3744
628 1647
4594 4813
2055 2533
4772 1795
1658 4183
1753 3570
361 370
533 4966
3317 341
3747 2522
2233 3648
975 2858
4856 4311
3845 1141
3634 1749
4522 3477
2101 2161
777 2932
4415 2835
3240 1857
4580 131
3918 2996
2807 2274
2019 4862
217 3342
4686 2470
2859 4023
4806 2164
3318 4845
2422 1875
2546 2480
4375 2179
3151 4606
3577 2746
2942 1775
3910 1629
66 4918
4739 4374
301 37
109 1886
622 4560
2922 4431
290 2338
2318 2665
1814 4639
2812 3941
3578 1080
1168 2920
3746 2661
2701 449
3333 2727
4189 2214
3702 1491
319 4410
2702 2621
4276 348
4810 2054
1294 3267
336 3358
4094 227
221 3579
3292 437
2086 3683
1383 4054
3361 4903
2476 1995
3832 3056
4550 3051
2095 174
242 3313
2165 871
4872 3737
2087 3285
1345 2234
1440 3460
3122 3992
4702 522
1801 4002
572 2113
422 1283
3169 1245
1954 3660
3190 887
1925 1732
3785 3763
2322 739
3103 1935
2583 1165
1598 512
2541 4972
1172 2350
2489 738
2048 1430
3877 3020
2302 1583
3345 4287
4560 4405
1973 2294
525 4042
3520 4733
4777 51
1367 2968
212 4085
4336 1857
1273 1029
4832 4829
2414 956
4389 1842
4646 3204
1404 169
3766 4136
3250 3747
4583 2287
2310 1195
1097 3545
3128 2473
535 1549
1592 1691
1095 3186
3429 2205
2497 4007
2384 1561
3149 367
891 1333
1468 2426
3483 1878
3907 2398
1115 4112
2025 213
3809 4971
1942 1848
4528 1943
3402 2479
1413 1602
2218 3186
2026 3240
26 656
4785 3874
2374 58
4693 3007
2246 4838
3021 3126
817 3129
4107 3255
3956 4481
3374 2141
4536 1081
3452 3062
4888 1567
1210 980
4291 4717
145 2730
1788 4980
1693 236
3671 556
1905 3096
4723 4638
1514 4871
3748 1251
4279 3208
1553 1620
1342 882
3393 1912
2467 2475
2885 3357
1954 2688
3523 3618
2257 1992
4779 565
4066 1790
4866 480
2818 4428
2577 4991
2112 3387
1842 3501
2887 472
4262 1847
953 367
2958 468
2796 1894
499 2030
262 1958
2400 2516
1793 1262
1598 414
4563 3836
4173 10
217 1352
4065 2246
4725 2922
1246 3017
1756 179
4226 119
1061 3684
2429 430
1135 492
838 3227
3387 737
342 2096
512 904
4681 1179
1203 1040
111 1996
4688 2519
3530 679
3707 3389
2253 2655
2191 2180
326 3018
2582 2329
1480 4919
3261 3117
1718 388
1384 2972
2152 2307
2084 1614
1184 2210
4422 1933
4002 3146
436 1589
4161 3431
575 417
1905 500
3027 1493
3738 2196
3046 4260
2087 1081
341 4517
1514 4038
4679 639
4522 4607
4255 435
919 1448
3583 3584
4644 1541
427 595
3830 4670
2200 35
2417 3641
2756 4062
117 1924
1817 989
4929 621
4254 2269
119 3988
3675 3261
941 3528
3448 4733
1217 3679
223 4062
350 354
1276 3061
4469 3655
3051 1527
1373 318
4761 2190
4457 1774
3926 1770
73 718
427 4055
1896 2790
308 147
1881 1630
4514 4738
4585 3518
2295 2137
1480 1797
3149 1678
24 2164
4682 2440
1980 2267
4100 1809
195 671
1326 2418
2527 3896
1425 2051
1419 2122
499 2339
2176 52
4094 1925
3958 2057
1880 2302
1272 2018
93 3117
3826 2357
4984 307
1839 2564
3305 4147
2115 1791
1977 3625
1671 1869
2921 695
2441 3917
1469 3734
2456 2368
2222 135
3149 921
4939 3735
421 531
1802 4405
2872 4957
3273 3815
1329 1361
3721 3348
687 654
181 3934
4016 587
2286 2120
4753 3580
3419 3629
50 3107
132 1503
1576 3767
1460 2855
662 2114
4674 2667
4731 2412
1998 3801
4129 339
472 2895
1986 3766
2183 1238
4303 623
2095 39
1076 1489
228 140
940 1205
698 1589
4889 3741
4493 1924
2610 1219
1493 3722
1021 1727
237 2338
4594 773
4854 59
3393 4003
1542 972
1409 676
4419 1984
4365 1753
2005 2568
183 4038
2400 2783
1037 2559
2809 3476
3360 3630
2111 4971
473 2519
3753 4751
3973 3371
149 1659
2796 1712
2881 1865
2111 2664
2955 1855
1782 4783
2859 2265
608 1109
3969 3674
4523 830
3872 4558
2483 1496
3153 2743
4459 1228
1246 2877
1570 2981
779 3658
3828 911
4219 4613
2532 1006
2121 3429
1507 1476
2148 951
439 3283
1258 1842
3869 2685
4763 520
4322 3036
1706 384
668 60
1808 2502
1118 546
134 2425
436 2337
811 1285
4879 271
3088 4711
1594 2648
2515 1892
2115 660
2448 133
4771 2766
3880 3093
378 2211
4445 598
571 3991
3881 2903
107 2663
1571 4014
1910 315
1662 2839
2061 178
156 240
2785 159
2861 528
1347 2708
870 1699
3025 1347
4214 268
848 2732
1817 3530
3027 3293
3696 1036
2871 1539
991 3246
2484 852
1220 575
15 3067
4253 684
3327 2410
4816 2605
1184 519
2617 1826
4954 3716
3432 513
4743 331
891 3493
446 1772
3464 1528
1303 3247
4350 4182
2400 2879
3027 4224
2605 4991
2452 1666
3319 1575
4483 4206
4435 626
3507 996
3839 3581
498 2073
4558 3204
3682 2811
4676 3977
260 2399
3574 375
2346 1390
2662 4500
2512 102
1596 4902
3224 3262
804 2025
153 2208
110 326
4993 1993
3584 3679
2432 2319
2608 2454
3008 49
4078 572
4514 1316
2974 4572
3348 4822
1917 881
741 3806
2432 187
3684 27
3314 587
1467 2308
35 944
4683 146
888 4903
1687 4566
638 2021
4875 4093
777 817
523 1442
905 661
3652 3976
2575 56
3509 2061
4452 3579
369 2614
4526 4655
4845 441
3505 2253
1954 2489
2291 2769
3343 3945
925 2359
1056 1963
448 1707
2331 2950
4608 2077
1293 3343
3638 584
3000 2168
1453 4165
1343 4871
2545 4581
959 983
2900 3858
1580 558
2840 4332
1314 4232
3729 1749
3777 3087
3587 942
3795 2665
849 181
272 2457
3310 135
1111 2101
996 4959
61 3582
1186 3655
4194 2729
169 3903
2113 3565
151 2758
4046 4318
175 3793
1803 945
2516 2066
2736 2225
4108 4063
4197 1895
3006 3198
3308 1146
3298 3389
1200 1809
2880 3275
2857 278
4975 4915
937 3899
4909 1817
2508 658
574 2756
4416 1856
3882 3593
3081 3101
4621 826
3793 3371
3720 4354
4640 1949
1135 262
807 3330
2794 1607
2780 1488
2844 1437
481 2955
1962 1767
52 379
4901 1903
3758 1233
1688 2914
1355 2197
4151 4831
3917 4613
65 1698
2137 2712
1307 3143
3249 2806
3053 709
4372 73
2237 2178
824 2801
411 78
190 4880
3813 3171
2762 3873
579 1489
3474 958
4115 3527
423 669
4696 3077
4041 4869
1043 2333
4024 4905
4403 1675
4241 2498
511 2385
2023 3125
1340 3819
3738 631
4467 650
2562 786
85 3550
864 3110
1134 1613
3558 2296
2289 3700
1895 1655
2404 141
4712 2286
3734 3409
4604 801
3573 2283
2036 4185
3193 3697
2985 4871
1448 466
1743 4618
2429 3949
1471 2882
1324 45
2609 1479
3032 4476
1990 1895
4743 648
4010 1997
3424 3483
4247 3971
4127 1481
3057 2895
2625 4105
1154 1910
4688 4158
818 4007
506 3160
4974 2757
4397 1228
1369 706
4344 1494
259 681
1568 354
2821 63
3241 4980
3877 3251
2486 3783
1774 461
1664 2813
132 2508
4993 134
2819 3110
2947 388
3248 1136
4091 1095
1348 4413
4904 278
4049 4862
4916 3598
2842 2957
1996 217
322 2473
4578 3279
1970 3171
2165 4407
1456 2070
562 783
833 1088
3539 2187
655 2149
4687 3225
461 289
4701 1775
138 374
4914 4890
3339 3491
3327 3659
4030 241
4864 3109
2162 3010
3098 3900
4905 3822
1188 429
810 4009
4969 3286
1722 1353
2549 1142
103 4541
2996 2487
4992 980
1822 4975
57 1045
4599 2913
3969 790
4325 4970
2791 2640
4550 569
1555 1573
3254 1771
3924 3355
712 2682
1735 4939
4393 3740
2510 4714
2175 1973
3221 2043
3075 193
391 88
1817 4535
2222 522
371 3370
960 4298
4655 4051
2394 337
1019 186
1299 2499
1074 3418
1648 3156
1590 1982
2214 2630
3741 754
1213 247
2514 4537
3327 1901
3556 1914
3403 3522
3154 2241
4511 802
3747 3601
4659 323
75 4099
58 2294
2471 3194
2285 2469
3112 583
245 100
3075 2201
1590 153
3145 3703
1269 3122
3012 2560
4903 4220
2119 3071
1369 189
2236 4720
500 4817
4262 185
580 1436
554 3769
3480 920
3969 647
451 2915
93 1276
2438 2282
2455 5
3904 3548
4196 4012
3859 3580
646 2504
396 1015
3454 2031
1608 4987
430 3776
4851 827
1573 1207
955 13
3147 4183
102 2293
4487 227
383 4625
3088 3428
4796 3631
859 3991
1188 993
4897 1511
2049 1634
1059 2645
318 1307
1334 3586
4628 2788
1604 4520
2868 1306
2840 802
2825 3891
4897 3659
3618 3155
2536 353
3065 2946
3472 286
1345 1228
1166 4907
2270 712
4689 1846
1841 3095
3100 3991
4168 1663
3584 1009
2154 2393
1715 2816
2003 28
1602 2432
2974 2882
4979 3981
3445 1497
344 2421
2769 1506
653 943
1152 3658
4996 2091
1145 2936
2264 3518
2026 2686
2183 4055
4819 2448
4809 1197
1179 3368
3728 1342
4850 1203
3650 2646
3321 147
3498 3221
4795 2971
2399 3879
483 442
492 3126
4851 2042
2229 3530
3098 3351
4426 4975
142 3140
3612 405
977 2292
595 2162
1225 3940
4938 2223
283 1429
1999 3017
1090 4967
3510 1520
3324 2843
2609 3508
1127 471
1092 542
2927 1135
4467 300
299 1190
2792 909
2835 675
3398 35
1927 1671
3249 2706
489 3241
105 743
2995 4203
539 1504
2972 2040
2775 1090
3386 874
678 77
830 3596
184 2291
2356 1150
2659 4259
3134 2728
1031 1221
1735 4195
4207 4193
4642 1125
2623 1121
92 663
3458 2010
2165 2077
3835 4131
380 2190
4343 3102
2874 2258
1676 3944
837 578
939 2584
1055 3401
2156 4054
64 2591
3260 530
3853 3051
2534 3038
3462 3252
4023 4396
3242 1508
2275 2805
3644 4119
4828 1422
18 1910
4878 4141
1670 1733
4548 1532
3885 3075
3676 4523
2234 3704
2393 4644
4207 2710
11 2263
4449 1625
166 1094
4329 4987
2691 492
4648 22
3558 1992
2729 2109
1139 4762
3413 1786
76 1658
1684 2449
886 2815
4123 198
548 1194
4610 3414
2099 1621
3159 2423
980 3338
1991 4760
1736 4451
787 3653
1975 456
986 3427
2233 656
3829 4445
1671 4864
2051 1729
2785 2398
4036 1064
701 45
2771 2932
2081 929
4795 4188
4292 1958
390 1391
2578 1144
2755 1743
430 2651
1469 166
891 2939
3068 4921
2123 1896
4464 308
1600 898
1066 4685
1371 3934
2931 1909
2672 4453
2013 547
3507 4163
496 3875
785 313
3064 2009
1355 2526
4433 2863
3477 3797
501 3475
2039 956
2613 4712
3174 2498
1366 1671
2736 2839
676 2220
3335 3143
4973 4637
4265 1454
4040 3136
766 4578
1723 3376
3104 2261
970 208
3458 3342
2943 4669
2933 2084
1057 3352
3854 2063
3359 4641
2567 3300
28 2988
4375 2813
1162 1341
2478 3455
4639 2519
2223 2650
4189 4041
4668 2313
3605 528
1731 4205
3441 3349
1982 2051
4671 4069
4791 9
2508 4771
3184 1108
501 195
4073 638
3828 3089
4989 739
4819 194
2 4149
329 4304
3376 1278
4029 773
2402 1272
4468 17
2689 1428
3721 4657
3305 3156
333 1660
104 669
4712 3336
1408 3411
1745 1063
3670 3811
4920 3918
111 4801
2738 496
3051 3660
2664 281
1486 1296
3369 684
2604 3561
1474 4717
3120 3414
2495 4436
570 918
3322 2810
4774 2369
1291 4192
483 3756
4649 3262
715 888
632 1041
2768 4672
969 1288
4769 4921
3104 752
2608 4848
3188 833
1835 3189
2854 1034
1865 3590
1692 4446
4345 2798
1510 1028
2399 4714
4875 3271
3150 4828
2857 866
4729 3088
959 2358
2060 987
2462 1758
1568 4526
2739 3090
4862 1507
498 3898
3974 2756
220 582
1857 3183
2846 179
2040 4036
102 3077
1161 3140
1098 3952
2796 670
1614 4550
3801 778
2582 4633
3421 2233
4048 4106
2718 2430
1236 855
4224 3343
4505 2178
3318 2347
3769 1525
2021 2106
879 3687
2214 4065
2601 2377
4241 247
723 4116
2212 1934
54 2039
2422 1805
2054 2472
1503 2131
787 4439
1775 3424
2925 4875
481 893
2613 3572
4491 649
2523 1208
984 2129
631 3643
2307 1415
3474 2547
1110 3653
2976 1105
2664 3594
1061 1078
4034 3630
924 1852
1173 3863
3556 469
1277 699
607 3301
2311 2019
1285 3906
4900 4146
4376 3422
2129 906
3159 245
2950 2111
3541 4817
3821 3659
4704 4203
1564 1259
873 4969
139 4365
1639 933
1696 2063
237 4935
2032 1219
1464 4049
1549 3612
1038 4545
2050 2031
2383 227
1154 4221
681 1865
115 76
1381 3685
2897 63
236 3471
3803 4916
473 4969
4032 3094
1299 2381
3092 2553
2952 945
919 252
3517 1790
3859 2407
682 2416
4826 1680
4458 3965
455 850
4087 694
598 1880
232 2393
1032 3921
4908 2391
58 3310
2304 2477
3168 3568
4243 4946
29 2713
2353 772
3541 2154
2664 2674
3068 3627
1057 1122
3017 3585
460 431
3989 169
1662 3037
1550 70
763 4733
2474 3955
3092 4501
4096 3239
4891 1591
3271 826
4348 2412
1903 4800
4329 1604
1556 319
3302 3162
1055 343
3085 4227
4017 1739
3004 2215
3177 4356
3602 4240
2920 2862
4768 643
3732 4205
753 811
2021 732
941 2038
949 311
1514 3177
3372 2758
2654 4624
3677 2283
3729 355
2002 3292
3946 484
2546 840
3793 2271
1600 1375
305 2908
3536 4137
840 583
4906 2761
3350 1730
860 8
114 104
1665 4972
1013 3668
3782 2984
4173 4695
2511 2348
2768 4753
1409 241
2255 1107
3971 4666
39 615
1287 3286
784 2411
373 2502
1771 3794
1605 2359
4000 2302
3278 3729
2333 2121
4649 1432
1546 216
4193 4798
28 1670
2640 2858
530 1652
187 2256
2775 452
2941 3456
3093 1645
2466 168
4884 735
2188 4498
269 3029
1027 2708
3261 2792
3050 4857
1473 2262
2218 3249
657 1236
2393 1398
2068 2798
4894 4940
2079 4936
4283 24
1686 1994
4485 357
700 1019
2911 3304
75 4872
2475 127
3616 4522
3930 4912
2879 4489
3021 3662
2550 2208
4698 2194
4622 2376
2142 4848
3870 3524
121 2092
3788 590
1857 4291
4537 2629
2122 4724
28 3337
417 4249
2826 1222
2096 3569
3730 4840
4730 524
3790 2333
2697 2336
4812 1494
4536 4614
3013 360
4586 3753
3555 4419
3376 2821
823 1097
4627 1946
1031 3095
3599 1049
1031 1915
2735 3636
678 2194
544 2433
3439 1216
4653 4249
4517 194
3435 1566
1308 4710
9 1134
1368 1584
4665 4277
122 4942
761 1863
3209 4815
81 3291
1996 4641
1157 3573
1521 1824
3015 2116
1413 56
3884 1231
902 4726
4761 1786
2220 2665
4768 1710
67 819
357 97
36 4038
908 3297
3824 333
992 4816
1810 58
2061 1734
3617 4659
398 2270
1021 4063
4822 3314
2066 3108
3876 2446
982 4457
4938 3403
4586 1196
586 4965
4344 4191
2688 3449
566 3188
2424 2753
3545 3926
2370 3214
4611 2482
3473 3785
995 3553
2162 3715
879 557
3793 4287
4833 2706
2978 3842
4318 1771
590 3908
642 4692
684 4465
442 2901
1566 1699
2839 2187
355 2909
2325 1835
1678 4195
1370 3881
3520 1875
2263 608
2762 403
3748 2859
1182 1434
1742 4391
3848 2692
4254 1911
917 2046
3837 658
929 547
1820 1514
2759 2937
2345 2529
1970 578
3262 968
1731 68
2594 2586
4286 2329
2567 530
2373 1710
4640 2355
274 4204
4351 4391
4634 1408
1776 671
646 580
4061 1086
2627 636
1579 2363
474 1544
4534 2251
4448 1758
1412 2451
4673 2327
2484 165
3551 4717
3867 418
1261 1938
4123 1520
920 3794
3416 302
3880 1526
1616 243
32 3369
3830 2987
3200 2194
4623 4111
1213 4121
4237 4224
1573 1892
1713 574
1749 4079
2616 4923
2427 2139
4951 2507
3795 4402
3223 1100
4781 834
1407 3279
2412 1698
3508 1800
3455 637
3744 3149
3790 880
1424 4453
3824 3903
2132 1217
2116 1018
2172 712
23 1932
3092 1571
2005 3327
3522 656
4492 3352
3197 606
144 1572
4528 1089
873 4993
1726 2952
4824 4204
1990 4583
21 2345
3934 481
2721 850
1969 43
2198 1711
832 965
4840 4456
2819 2071
4333 2621
4890 1010
3187 2140
4328 2807
231 442
4691 4741
683 261
3859 2900
2343 2084
2064 3892
4803 2185
2758 3801
4872 550
2436 3184
442 3116
2672 2421
4127 4015
3779 4555
574 2119
10 3716
4783 4765
1596 1600
3130 1328
2380 4882
1385 4978
2001 189
3965 1430
1104 1735
3204 3108
3946 933
3423 3220
2691 2277
3245 361
4981 4499
2570 569
3052 4319
1937 428
4046 915
2174 702
3334 3854
2855 3634
1364 3877
2337 1438
4003 1555
1134 4947
2508 2957
1431 3275
4715 3343
114 730
1302 55
1126 1022
40 809
4230 713
67 1100
4252 4155
23 314
484 2671
4246 4745
4785 2477
2967 4959
1051 4163
272 1571
4798 3777
2164 1199
4052 877
2648 1031
2270 3694
1642 4577
4941 3332
1581 3746
1243 1188
4126 1983
4713 2877
4699 2421
4577 4497
741 565
2432 4144
1449 3222
3744 2737
4029 2781
1443 3581
1800 2263
2121 533
2146 2914
94 1369
261 4258
2723 4465
383 2573
3499 4252
4580 4641
1298 2039
4481 4083
1171 3985
2071 850
3711 1086
1761 4905
3487 2804
1985 4655
3012 1358
4078 1130
258 3425
901 2593
1076 4805
4565 2071
660 3839
4014 4738
3952 755
4292 2819
3035 3896
3650 1171
3812 272
634 4161
4206 1852
653 2736
281 1316
1868 1696
2267 1267
2428 1483
4544 1238
3771 1041
4346 4240
4194 2113
4225 1099
986 3231
1095 797
977 1154
1282 4036
1519 158
626 2004
1471 1192
1785 452
2314 70
3318 257
2310 4853
3193 4398
1011 1998
4446 4849
3073 4572
1718 2713
1535 4561
4264 398
3348 3489
1811 2184
2251 1662
4201 1341
1800 2277
2273 1441
4602 4119
523 223
2790 3102
1663 1129
4860 2175
466 2579
2789 1204
730 1841
2001 1515
2555 2834
67 2956
4759 1528
667 3750
773 534
1408 3259
3084 3803
1262 3344
749 1569
2686 3785
3269 4051
2988 3472
3658 734
4077 3239
1995 1482
1563 1224
1096 3915
597 253
3504 1772
2054 2884
4076 1379
2285 165
3385 2007
2311 4926
320 3567
4930 2270
2900 2539
4843 4699
3441 3227
4634 1517
4024 3802
3088 1907
2230 2714
357 3447
3710 1037
1620 158
4247 1529
4334 65
3032 1445
3199 4161
2034 3623
2022 1952
3760 4647
3435 3668
1850 3205
670 4069
1402 1861
4254 4223
1539 3157
1630 1719
1549 373
1469 136
2566 3165
1996 3856
2292 1935
969 3525
3241 3265
3931 2822
57 2816
4666 1596
1812 4162
4596 2224
69 4283
161 4222
4987 701
2995 3779
3189 3538
4818 131
1051 2654
353 2088
851 1208
3486 3944
4323 4864
222 4243
340 3532
1330 3721
3394 1867
4993 4463
487 2915
4723 3977
477 3459
1234 4153
4281 1256
602 2446
2242 4956
2846 3889
3209 751
2302 2651
4326 2050
3785 681
300 3415
14 2669
1180 1418
1859 4964
2521 1341
2344 2219
2471 576
3278 4501
3361 1693
536 2241
1726 317
3679 3994
689 323
3537 3349
1242 1942
2889 4486
220 4738
201 4667
350 1130
635 1492
3263 4858
2308 1944
1834 1812
2601 633
3649 4135
3766 2974
2809 3539
4290 4876
4745 614
4203 2902
2781 4299
2751 3087
182 1903
2507 4454
2336 54
3464 1896
2353 235
3958 1539
945 4214
1956 551
3970 2131
3620 320
3446 1393
147 2165
2512 4466
3389 76
1205 2315
3570 722
2173 1633
2101 1777
3987 2012
4525 4342
3880 2299
1088 1273
3735 926
1252 3825
975 3014
4983 3248
2645 3432
1817 3801
3460 233
4406 907
731 2105
275 301
1815 944
1542 4196
4057 4434
2392 930
2850 1854
2913 3520
688 4748
3827 3488
4163 2830
1137 1956
4610 3291
673 637
4576 4799
2720 2470
3061 3900
3392 4075
3327 2212
2642 4276
3569 2577
165 3028
2015 3896
2903 4709
1204 801
2740 1293
2826 1588
1035 32
3735 3034
3632 4160
4599 2916
2710 4042
4541 1067
1872 1584
1752 1455
3069 3044
4710 4669
1858 842
1576 1523
2885 4416
2860 4534
1599 3514
2775 1239
1832 4753
2733 4865
3066 825
4689 2663
450 356
4330 1976
1740 1713
824 127
2511 4496
4143 866
2730 4725
3249 2812
1923 1902
103 4379
2955 4046
57 3829
2002 595
3754 4007
3336 1024
3378 3766
2835 144
4227 892
227 3858
3790 2568
3197 1471
2216 343
2568 1127
3412 3190
267 411
4607 3559
4263 410
2130 2537
1131 4880
628 3945
2303 1584
2566 982
1324 4841
3534 1557
3305 2905
2468 4015
4130 1368
2191 4643
1402 4681
4469 4187
3829 205
4000 2649
3885 521
196 1906
1925 403
3387 2894
3149 4804
535 1792
2909 2403
3361 1774
1337 3279
964 2373
1696 3901
4172 3697
1602 2794
3220 1803
2141 4938
4131 1898
2141 394
1465 1527
1307 2961
93 4354
2253 3994
4528 237
2717 4231
548 2692
3468 1126
1063 3731
668 3514
4623 2969
603 3164
1948 366
584 690
2063 4122
696 3625
3955 597
4533 235
820 4780
12 1682
4222 22
4094 2863
4935 2686
2801 4314
1787 2100
2698 3449
1162 4536
2513 2402
769 264
2358 3460
3398 1594
2408 4818
3971 783
3519 3997
2329 2348
2944 2107
4620 2034
3999 153
3176 2833
925 3273
608 2211
841 3548
2411 1081
2275 495
4327 229
1270 3554
3604 3125
2380 3975
2530 4717
4357 2633
106 2986
3686 1076
1409 3743
4935 3764
163 3060
1486 1985
3143 2661
289 512
3648 4516
3377 3884
1759 4550
2002 678
818 883
3470 1943
4846 4714
3276 3375
3621 1783
1066 912
4679 3633
4834 4073
1442 2642
4602 2469
3835 2855
2657 938
147 2944
3520 3700
1907 976
4640 1402
1236 4936
4488 2652
2018 2705
3443 3444
4954 4403
190 1316
4830 2383
3973 365
4751 141
3645 1159
4037 4489
353 2380
832 318
1709 3706
3115 2777
4797 175
955 4141
2390 1655
1805 119
827 16
3956 2779
4314 1597
80 4049
293 4342
4051 2825
2600 1665
3327 4152
4772 4502
2740 3458
4643 327
4323 2347
3696 895
2826 500
1133 262
1890 3057
3374 2406
2096 2505
2301 4838
3562 2558
264 1626
1868 1732
2288 2427
4582 2616
3503 2918
1143 3893
3756 1063
2418 866
4569 1855
3276 3236
272 406
4854 245
4429 182
4046 548
1146 3557
1936 1572
501 4526
4751 2889
771 3336
1010 426
2235 492
4555 4652
2705 4297
2858 4183
64 2552
1731 3781
1060 1216
4677 3147
3016 4349
4698 2103
1962 904
538 3349
598 2622
4744 2159
3524 345
4667 4869
3780 2995
3433 4693
3242 3368
2604 2068
4412 4748
1019 625
1943 269
1557 1307
3875 1796
3786 1018
4571 3805
3954 4209
4377 3726
2225 1094
3096 4510
622 3931
2617 2368
3484 1183
893 1553
1682 1327
3631 2185
281 219
2855 1347
690 4785
4732 3720
666 2998
2957 2801
1716 2147
667 4160
2019 2330
323 1221
3326 1775
813 164
337 2825
3061 2552
2194 3049
3023 4238
694 3825
3918 2125
2057 16
1807 730
1458 653
591 2137
714 3991
2853 3066
4534 581
784 2917
3457 2674
2982 3151
1313 3218
226 2
3892 824
4690 4448
2309 571
3733 1356
4962 181
2685 1173
4331 2704
160 4488
1131 1734
4412 2499
1990 4202
1957 3838
445 2550
3907 1283
4274 3071
569 1502
543 3423
4564 361
4100 4228
2061 2099
3751 470
4041 4816
4989 4381
4042 1856
1206 2314
947 1858
1809 4785
3515 2533
1069 1099
4693 3314
2016 4571
1463 589
2196 122
1484 2306
241 4691
2560 4815
3099 19
2779 1503
4005 4042
4336 1273
230 2339
187 381
2960 4670
4043 250
1231 4794
1179 949
4872 3202
2917 4722
1310 1281
1670 2130
2238 2470
831 3786
2686 3418
2359 1335
1366 2533
3397 2561
174 203
1851 976
3057 4145
4481 3911
3303 1164
1144 1772
2467 4289
2995 1390
2246 2948
2015 1930
3677 837
4418 2569
4451 878
3845 4836
3782 3048
580 3942
3740 976
4488 2971
4700 3088
4869 2717
2047 1675
4992 1320
2582 1396
1436 4204
1454 2396
3680 1672
3516 3873
2874 3601
4163 352
1644 4604
2000 583
1432 3423
1785 3453
4823 238
98 2746
683 521
2169 1768
100 1001
2498 2105
1971 3282
4807 1902
3917 624
4263 4343
582 3168
2583 2786
4979 4666
3250 3497
1291 2221
2918 1679
3303 541
2473 2574
2996 931
3211 4557
3148 1660
3957 1529
2849 789
4385 1993
3232 456
4324 3381
2053 871
3607 1727
4879 872
4539 1327
3766 2798
3816 1042
4496 2462
3196 178
1440 2776
4784 369
2814 4204
1127 1461
4104 4360
3346 4569
2961 1640
895 4924
4272 2296
578 951
4002 3270
2666 4258
3366 148
616 1906
343 3984
4847 2349
1949 682
66 78
419 4624
3914 3537
546 1603
2411 400
3161 62
3513 3703
3311 2865
1474 177
4757 1089
94 483
4184 1251
3194 4874
3318 4096
2837 1639
6 1258
831 623
1110 2333
4518 3778
1027 4351
1497 3260
1295 4074
2767 3844
2258 1056
4859 1747
939 972
1333 2705
3792 3646
178 1385
70 2228
1010 2002
4888 2977
4963 1146
4874 728
631 3868
562 1476
3656 3160
2621 2338
442 4640
1804 3684
4632 2924
3618 3541
2571 2410
1364 575
954 1463
590 2188
1461 4600
3730 2823
1524 2560
1129 2263
3777 3145
1990 4143
4973 2488
2251 2151
3748 2020
2083 2567
305 3448
1441 1049
1150 4500
2523 2895
4853 3252
53 423
4938 4267
2201 2929
1578 4818
4490 4845
4564 825
829 1692
949 1673
2065 117
4665 195
2553 4852
2068 4301
2702 49
4238 1771
4824 1232
322 3598
747 1346
2523 81
239 3337
3361 1676
4681 3357
3858 3459
1399 294
330 4871
2295 2539
2665 4451
851 308
2162 2971
4779 4243
4544 4452
1274 1330
1320 2997
3628 4999
192 1523
2653 3176
2979 4876
4615 859
3232 2464
1867 2051
390 1386
1554 3453
1858 2857
4003 197
4084 1256
1913 1765
865 2853
1794 628
2125 2348
1523 488
1206 716
2510 4691
673 4
3803 1062
1234 3912
3868 4630
4867 4351
2571 3056
4411 1124
2233 3816
1306 298
3512 2710
1209 3142
1760 3585
4979 3448
559 4751
1074 4593
4908 2017
922 1459
2259 251
2226 1821
1264 3768
1744 3040
4929 4135
3227 4206
129 152
1930 536
4996 493
257 2649
3122 903
3330 1061
388 2363
1220 2409
2743 971
330 3041
3217 2929
4427 967
3536 889
2981 38
3286 4121
4893 3949
506 64
4827 4419
4127 512
3613 3828
1278 784
3958 136
1869 3108
2137 1690
738 4265
1702 4195
2153 1385
4583 4201
3097 3135
3556 1636
2688 1352
2330 1072
4748 1260
2618 1376
3517 3518
2066 2876
1683 1926
3940 449
2696 3002
78 23
4515 3093
1490 1684
1137 254
382 781
4275 3684
4707 4332
4771 2395
3052 2978
2615 1791
613 2047
2480 1776
3828 1355
611 432
4427 677
1868 994
4225 2556
4744 4924
3276 1044
79 1137
1319 1402
4016 960
1694 2709
2062 238
2588 766
4417 1235
1228 4750
3610 3029
907 3756
1592 593
337 3186
2501 4995
219 4640
3689 3276
4258 2768
4658 4028
557 3187
4471 924
1276 4107
4839 259
4505 638
2224 816
3112 3510
4427 2421
94 801
3403 2023
628 4260
890 1343
4686 455
1167 2733
2182 4901
1712 3629
2310 4504
971 3885
4094 2371
4190 676
4265 2959
3109 1748
2609 2851
3651 4424
475 3097
4560 4807
4989 3243
4942 2143
1478 3717
1866 1926
2685 3689
528 1438
4039 815
1592 1132
3045 3257
245 2566
872 3535
4075 3776
2283 4812
1915 2382
1799 4027
1293 259
3800 1191
173 1233
4251 1839
2724 4245
3800 1882
4717 4107
1001 3609
635 1555
1242 1402
4154 4858
873 345
1673 4355
2038 2135
684 1538
421 433
743 322
4138 1084
3744 2222
3273 1050
1189 3672
4819 2864
4404 1534
2839 4454
302 1369
4714 2080
4265 3320
4515 506
695 4909
2939 1921
4026 3972
2786 1173
4759 4062
4850 4965
2992 4504
955 2130
4451 3839
1303 4061
2251 1294
4766 4045
1152 4900
732 1764
1837 2820
690 3146
2125 1771
2962 1972
2647 4048
3314 2199
786 2959
3175 3997
4175 4567
4586 607
4842 1301
3444 47
4499 854
1059 1408
1528 4979
1581 4320
379 4917
1377 4219
4708 2008
4405 1909
4473 4414
1509 494
2053 4636
4990 1392
569 2576
684 4074
1087 4634
2169 4367
3400 4857
4747 1872
2132 818
581 3763
3486 2272
4839 3296
1450 3623
903 4041
506 4927
1384 1125
141 1425
2153 1736
980 349
3882 4336
2985 3942
4636 1220
95 4089
2022 4286
1472 252
4871 2003
4081 229
4559 153
3056 1858
4117 1798
2201 2512
1930 4441
3554 3441
4735 540
1710 1894
4472 4469
4242 2653
522 227
4716 4884
3415 3435
1032 3520
4141 4070
1594 3169
828 466
693 2701
1524 4477
2363 1529
80 1354
307 4583
2212 4925
3885 595
378 2184
3503 4770
305 1378
2076 1176
550 1649
1572 34
3354 3167
817 2506
2107 2832
3089 3933
3957 4893
2262 1660
3223 984
458 1846
1659 2484
3241 4633
2944 4541
2621 742
352 1191
1628 3246
1417 1496
3787 1900
1561 2840
67 4235
3781 3019
586 3959
511 2913
1822 267
1682 101
1851 4132
997 3423
1180 3049
3342 4045
3909 4274
720 2096
4 594
3513 4310
2767 1416
699 1242
3506 2226
2273 4692
1402 3779
2525 2713
2599 947
2222 3392
1572 1554
1203 505
3997 2336
1688 3846
3860 2707
3857 4571
2735 4085
2262 1391
1237 2747
4545 3626
3558 3157
4207 3617
3751 4078
818 1283
663 3888
2167 3827
2599 2644
2959 1368
1173 2219
3856 2348
1837 55
789 4499
872 2533
361 4685
4438 2050
3363 2805
4103 3184
1729 3623
4252 514
3798 395
3562 1490
3766 2556
4522 138
2109 648
343 1004
2181 168
3444 311
549 3399
4975 36
2369 3379
3704 3226
3940 2672
3273 4781
4683 3941
3589 277
1549 3862
162 1393
84 2943
3552 913
4012 4796
772 1842
151 581
1778 1406
869 3270
699 3644
2060 177
2651 2077
1814 824
2007 3491
3516 1543
4542 2112
4260 4252
515 4013
3586 3205
1300 3540
4864 2531
4664 2355
4865 2480
1979 765
2173 2317
1242 4691
3683 1224
239 4506
4246 24
4836 143
3045 4643
4614 451
390 3316
976 2320
4839 4392
262 311
4068 4484
736 2805
558 2614
3770 3421
3253 4019
4090 147
4689 4795
158 1844
1541 500
326 1851
3432 274
4219 4547
1768 2348
3463 2481
127 3168
1999 2567
1620 674
844 4874
3502 4702
696 2496
4329 1394
771 3531
2175 3403
2569 478
3490 2918
1398 2876
3690 1933
1257 4588
4218 544
3221 912
922 655
2294 577
2797 573
2862 2490
906 3657
1339 1798
1700 2662
1958 3900
2287 989
829 3921
1411 2416
3795 2286
4633 3175
682 1677
4555 3532
2061 3150
4931 2887
1579 562
348 3763
4099 2741
4995 4900
2728 4321
4698 2063
4573 1774
3058 4371
4446 3354
510 283
4616 1601
2155 2779
1873 1700
483 1130
4249 4711
4896 3197
878 3987
2454 987
390 2889
4138 4447
472 2553
4196 1647
3181 1860
4314 2448
1759 4201
3188 2575
4370 2586
2971 4585
3726 107
3903 1484
4233 3902
2211 3660
1582 1344
3262 3174
2495 4107
2753 4147
1752 1973
4417 707
1723 1795
4202 846
2091 2746
2098 3102
3793 2360
4831 3383
3864 2576
3902 2540
636 3322
1947 721
1266 598
4709 1696
3850 535
1869 1980
3139 3447
70 852
2704 667
311 2765
4887 4215
2403 583
4054 198
2116 126
1213 3122
3037 4587
1829 4116
1662 2945
2138 4147
4201 3659
3670 332
3262 1327
1727 4158
3896 2931
2174 2651
1259 315
2314 3593
441 2016
1036 3455
3122 213
345 1422
2310 2814
3485 2230
3374 4473
3332 3531
4314 3448
3646 3458
1087 3007
1932 3779
417 1762
428 4840
868 2146
2575 3739
4618 2633
4840 4728
5 1816
3563 3773
2672 4590
1601 2841
2682 2549
4841 835
2811 2094
279 2756
2753 4231
3446 1324
4043 3510
1223 3739
763 3969
4902 4633
2821 3424
4266 3028
180 425
1144 143
2169 3026
2985 3519
2812 1467
2995 4011
2833 544
1359 230
2246 2538
1707 4828
3232 4382
3442 1761
2136 1187
4188 4255
1506 1792
1157 4360
4243 4374
3239 4823
3536 3908
3609 1741
762 2124
4977 1093
247 4104
1544 2972
872 1434
4818 20
4134 3966
4896 3241
4762 1057
4897 936
418 4124
4354 990
4570 168
2173 1744
462 2704
4139 285
2343 3865
3463 4651
4578 4654
2971 1205
2039 2332
1341 1822
879 2180
4333 2900
4815 3810
1797 1756
3699 387
1212 2621
2532 3111
468 1552
1992 4478
2128 2031
3858 3164
1972 1118
2967 4466
3180 938
2228 4804
808 883
3364 1999
1483 1881
1252 2647
3534 1035
4320 1227
1127 2471
2683 979
1389 2519
798 2351
718 4651
1102 3292
4883 2656
1801 1741
3933 121
1314 2058
4300 3850
2934 1266
583 4716
1534 4838
4107 4998
4063 559
3354 4422
4447 4846
115 411
689 4762
1776 2808
3383 3132
2706 3659
2294 2987
2322 3270
4994 4957
187 3573
4315 4872
4646 3865
917 1596
4419 631
2404 3394
561 3845
3706 912
2114 1897
3873 4259
2845 3016
3714 1905
1673 3497
4150 3829
472 368
4671 2724
1044 10
63 2989
2063 1570
1564 3699
4064 4988
3621 3376
428 1878
2537 4626
278 4371
737 3981
1573 3244
3043 4233
2285 4358
3921 2277
3009 1977
1909 499
2790 4487
2030 3793
4354 4890
34 4490
3448 3018
628 181
2521 3412
1488 843
1427 3924
4626 2159
808 379
799 293
1463 1163
1794 859
4448 3305
734 1623
3283 1782
2573 4906
2526 1920
4095 4385
1463 1561
495 1662
3379 4756
2138 2857
2557 4007
1162 3091
4953 4357
1216 4073
1104 3024
4603 2215
400 624
996 2270
4483 3185
4869 2388
2837 2290
4356 478
2506 1110
3019 3269
2589 493
3768 3078
4448 3525
1466 4197
3517 3933
3080 1859
2059 233
1334 2157
2669 3295
717 3191
602 1833
984 2369
4740 2322
4690 1944
2397 4869
3698 174
3972 4724
3570 3024
4583 4474
2941 3205
1845 1128
4449 1723
2083 4695
483 2382
3961 917
4633 2488
3155 926
4120 2918
260 1648
3419 4874
1327 3556
261 3475
3734 1865
2752 1626
23 3241
545 244
3621 3874
4535 754
1456 2411
2103 99
4273 1500
4396 4870
4 449
2130 2415
850 3156
245 1615
4873 4815
3784 3922
962 1105
3769 712
3883 2828
2870 3438
3243 3531
865 1201
61 813
2964 3895
195 323
2053 3263
734 1864
2195 1392
4363 4224
4695 2785
2199 3199
4073 1273
1382 3400
913 2286
4779 2429
833 413
632 411
4945 28
3672 2296
853 2122
4002 4347
2333 2077
4565 3246
2430 625
54 4336
550 3756
1503 3749
3356 4612
554 1033
2562 4750
4179 4233
4077 2774
4171 2178
1212 3299
4645 4064
4356 977
970 2193
2601 3480
1662 776
650 4749
2577 3739
3403 959
911 2530
4842 2526
2625 1581
3147 1248
3399 1491
4830 84
1192 547
3836 1383
761 3310
3583 4468
2261 4988
4184 4502
841 1183
769 2096
883 514
4822 72
509 4687
3270 3041
2550 2825
3012 4470
867 4538
1863 1850
389 778
4092 3606
240 3257
3302 3627
369 1511
701 770
2302 854
827 1289
160 2299
2262 1798
592 3010
1821 4782
3119 2036
1724 1507
1191 868
2949 1572
1662 4270
2035 1692
2999 1540
2418 75
1041 3731
3894 4570
3480 1400
1796 3827
1733 4814
2797 782
1190 3130
250 4270
2725 1981
1673 2817
4927 4612
2421 2303
2881 3942
1405 3233
3765 1427
427 2044
71 2286
4104 4198
2589 2895
2003 2563
3216 4997
4442 4104
2277 445
1286 3875
531 1894
4912 2875
4588 2569
3715 1913
345 3069
4175 3146
2107 3588
1556 564
900 946
1249 4246
4529 4529
501 3599
1407 3484
2966 3637
1522 1106
3276 1225
2169 2294
4396 1502
4258 1452
1951 3276
1173 4977
780 948
4163 4809
1284 2592
1448 1627
3996 3269
4772 452
4749 3524
2096 3018
3312 2095
1300 672
3659 2568
2928 1429
399 4302
266 1758
2071 2772
2034 112
269 4600
847 2170
902 1972
2106 4935
876 3547
643 2078
4266 1973
4949 2500
4770 2473
4927 2883
3922 3719
3398 513
4336 290
3048 1400
1902 2833
4334 4746
623 3289
3718 3810
3349 3311
1100 457
1081 1380
1031 1593
893 1506
4856 3010
3362 3621
1402 3088
3864 998
4339 850
2650 4357
1130 1907
4965 4545
2265 2374
3932 2479
1803 3154
902 4369
602 3331
3682 759
319 2519
1947 807
1797 4505
3526 4292
603 4754
1379 2721
4942 3297
3603 4413
3822 2799
123 3786
3724 4827
3699 1746
436 2722
3627 3514
2993 4425
1024 426
3053 953
670 3448
267 3304
1220 1920
3429 3299
4838 483
2375 521
3837 2857
1699 3396
4439 1997
3456 2867
1180 3991
1213 2385
1430 2901
4212 3248
2518 2823
2545 58
2837 4928
1484 3872
4450 1378
4862 319
2807 4793
3883 2490
906 1925
1594 2345
2078 1322
4793 1456
2795 4989
1495 1364
3008 3410
1719 3464
2623 1676
2018 3739
319 3564
1640 1645
4196 772
632 4433
524 1291
4988 3134
3762 4657
3388 3665
3426 2422
3566 133
2093 3341
56 400
4113 1303
3884 570
2252 2441
1670 933
4074 401
356 3014
1795 2869
2187 2051
2335 3789
1617 2318
4759 4304
2702 2246
652 3657
1135 760
2280 888
3983 3816
4094 1333
2668 2695
4491 618
348 4375
4221 2996
525 2776
4408 709
2696 4097
1475 4546
4671 2045
400 4386
179 4981
2691 3997
4328 713
502 2589
3783 252
1378 2572
4308 992
4994 4814
1362 1092
3453 3192
72 717
4325 1525
3415 3875
1445 2030
4147 4618
916 3067
375 3690
2647 3860
4119 1646
2278 1493
2628 1895
852 3642
1461 2132
146 2902
421 1159
703 4842
809 3149
1290 1784
4697 574
2648 4250
4066 2484
176 2335
3263 2313
1370 4636
2416 2725
3918 3076
3606 2612
677 51
2766 1692
1084 2995
482 3270
2368 4547
4930 3574
84 1894
3969 1324
3785 4225
2257 829
4592 3060
3274 970
223 1605
180 944
2360 3167
4694 964
2734 4679
3065 967
1487 3242
1936 4465
437 2353
72 2624
3215 2446
1666 2076
1928 3608
1668 4261
3755 4453
3269 1421
600 4923
4174 4671
2266 3948
2800 4882
2319 3025
4845 4602
3257 433
640 3647
4978 3863
2122 4035
740 380
4238 4804
2845 2202
1825 1112
651 675
4834 2748
361 1041
950 739
4304 964
2183 4606
2540 2821
1992 735
2968 1755
2082 867
3680 4924
3155 2530
1186 3936
1364 1237
1244 672
2461 1743
1365 705
1611 1363
137 4140
2594 30
927 4841
2790 4531
680 4845
4253 2940
3253 4365
758 1284
1835 4479
1693 1030
2322 2608
446 2879
1700 3760
36 4270
2333 1846
4590 2283
3561 3379
2305 653
2238 1583
1939 1965
2639 19
1093 3673
966 313
2279 3925
2352 4298
1032 2404
897 2128
1104 453
1161 31
4330 2531
4932 932
3837 2351
1847 133
3441 3858
1412 4543
3739 3477
4276 4820
4358 3809
546 3433
3600 3265
619 760
2695 2384
1373 4113
2528 3595
1107 380
1502 4069
4883 3873
3090 3879
3462 3394
4337 4086
2108 4491
4343 3345
171 4243
1672 1434
1838 2246
1267 3915
3627 981
3285 801
635 2907
2421 1925
1543 2667
2515 1333
2371 1397
3415 882
1244 685
1100 4368
3437 1561
1440 858
297 2334
1369 1275
242 4674
3735 937
179 2690
1101 2429
295 2343
142 837
4558 2421
4965 1842
105 4483
4477 2841
339 718
2533 325
4923 4927
3923 1393
3986 2927
1541 2170
4199 3814
3566 3339
2149 700
1826 355
913 4451
3656 2807
624 24
4117 2983
3860 339
4259 143
896 4721
1213 2116
1911 2569
2056 4600
518 642
1622 4581
3817 3409
690 406
629 1670
3034 1047
2267 1913
528 2008
1247 156
3151 4333
3849 3753
3227 1348
528 1220
906 2231
969 1149
2558 4746
1689 2649
2340 2233
3427 2550
1338 4126
1526 4172
726 4102
4625 3480
884 1898
4868 2651
4566 2438
4281 1333
3894 72
1476 2616
4646 3056
4820 2197
12 621
480 900
3881 3639
2826 2147
4771 3679
2139 2683
326 2965
3275 4240
4590 1518
3286 2869
3907 1725
4468 4718
3287 1989
1037 2056
4524 4589
1580 1309
1208 3855
2639 1002
3043 3600
1336 1104
1586 1104
327 1163
1608 2090
4739 3348
1167 3881
1542 998
977 3081
2659 434
1859 3440
1555 4587
4534 1816
835 1444
1372 2648
2571 3079
2962 3361
4481 2555
4776 921
2178 788
3014 3909
76 2111
3081 2141
1846 1276
2337 1677
1272 4450
2263 347
323 1894
4202 4354
3997 4614
3986 1250
2597 2339
4098 3054
3489 2005
3875 4277
3828 1202
3688 1831
4696 3467
4867 1323
4753 3941
1715 508
2006 556
548 2667
766 4941
36 3630
1066 1720
3898 2156
208 4660
3005 4617
2833 484
4989 2576
464 4854
297 480
2977 452
4312 3897
716 957
2204 4415
2051 2336
1094 4185
1772 193
1925 910
4807 2461
2376 1572
390 861
3273 733
2114 91
3681 4920
1091 500
371 3437
3197 4648
3220 1642
203 2897
1505 1850
1968 1133
4083 468
2857 2638
3448 662
1414 3995
2558 1225
1235 88
2550 2349
2637 2091
1096 2233
3602 2809
2680 4627
1186 2670
3570 878
1221 2143
4423 1333
2303 4891
153 2182
687 3232
769 2381
3754 4664
3271 853
2743 1986
4382 774
3445 1540
4226 1212
1873 3392
394 1999
1664 805
2378 1104
1579 2911
4183 1723
1134 837
3477 3648
4011 3467
2807 3192
3855 1949
2105 1042
2709 592
602 3670
54 1885
1094 579
3800 266
513 3807
2083 2162
3022 3705
3803 3718
4816 4479
3621 1378
4344 3521
2624 3953
3478 1990
1496 1163
1638 2332
1708 3914
3308 3372
3352 2795
2617 744
4020 3816
1534 4494
4645 1692
3877 203
3095 190
4585 4438
3212 336
1787 4918
2567 4902
3946 3896
1070 3493
1002 2964
250 299
3010 19
388 4666
2388 3337
778 2405
4176 1418
3605 4581
4220 713
4768 1266
127 787
503 348
3249 887
1535 476
1435 2191
434 172
905 3714
4247 545
3127 273
2213 1929
3257 2324
1172 1241
4539 3212
680 2299
2790 4221
4490 2727
2907 4561
2516 570
2356 2590
1061 2882
4430 3969
378 282
2694 1808
2836 924
3276 1885
4912 2308
1114 3453
1049 2957
3482 1557
1810 1490
4340 3355
3826 4752
4781 1983
697 3786
845 2469
4193 836
1001 306
1113 1070
2365 4294
3336 3353
2905 383
405 4811
1101 453
1768 3100
1656 4043
5 4246
1209 551
161 2567
3058 1956
771 2609
4904 3307
4049 1216
633 6
2988 1789
3334 4405
3716 3234
2961 3977
1536 2402
2021 874
357 4662
41 4420
481 3897
2572 4074
1639 2888
938 2468
3374 281
3374 2353
1411 1860
1059 4592
4220 3842
3351 2166
4336 4881
2015 4544
2496 1014
4957 1957
4181 1326
4330 3901
2197 2624
3042 2102
4567 2793
3341 2998
667 3824
3407 615
3015 4001
4032 4284
2702 2083
1820 4534
1185 2804
816 1019
4059 3933
2055 1194
2287 2850
446 2181
3948 3604
4234 2011
1502 1663
3807 2014
4684 3636
513 2280
3614 2247
289 3539
1437 543
947 568
1110 2359
1832 2694
3465 2911
3767 2915
4415 4675
4036 2013
950 4875
3400 4358
2415 4169
2663 4124
4068 4215
3741 229
1163 569
1599 4171
735 1627
3497 1622
2442 1297
1259 964
1193 2614
943 1532
1691 2622
2032 1887
4294 2137
2606 4139
3696 3835
663 3000
3720 3438
4216 4974
229 1326
2617 2144
4125 436
4454 1510
776 3453
915 2352
1716 4086
1605 388
623 257
2001 3501
2731 4360
1643 2894
4208 4680
3707 4129
3638 920
2275 3910
3910 358
2604 4099
4031 4972
4832 3641
4007 3404
3421 803
2097 1812
37 2909
947 2273
3341 1335
1683 256
290 1449
264 1609
4481 704
289 1580
4552 3754
2587 2026
646 3566
178 2028
1627 2690
3232 154
1240 2817
869 4836
978 510
1580 3657
4187 4719
577 2846
226 915
2784 4066
2229 567
4102 2902
1604 3231
1376 2279
4770 1870
2551 4863
1541 4387
3168 1742
623 746
1927 643
759 890
2241 1537
2207 4500
3965 597
4197 2935
51 2315
1753 3743
4471 3475
3850 3688
1836 3427
1383 4622
2923 4347
1021 3120
3837 4328
350 2190
4185 2383
2591 2873
1831 1623
4527 1103
609 3387
2360 4686
4377 4438
962 4241
3247 1750
4073 3884
4882 4798
3791 652
372 690
3253 4464
1597 1623
3282 1974
1353 94
1621 4557
669 2818
3622 3664
3343 4241
4865 613
134 3675
4855 2581
1329 1822
3260 3999
570 2599
2446 2083
2066 813
2861 459
3611 4745
316 1348
4304 920
4041 4732
1778 3604
2854 538
4384 2177
1400 134
3316 3065
3655 3879
4379 3863
4542 2910
442 72
3670 4498
1566 3225
2284 4550
2427 4887
4059 1593
2971 425
4701 4469
3900 859
4340 887
3987 68
700 255
3452 4149
4903 2238
4564 1073
3157 4498
287 862
2856 3489
617 2465
3254 4370
4536 1968
3807 1940
3635 4155
3593 2450
4253 3408
2125 2228
3207 2806
4235 128
328 1970
2478 2194
2888 3611
2580 566
712 311
2501 4046
4263 1746
3543 2851
982 914
4083 4662
449 1253
3289 4828
695 49
1134 2172
4687 1562
1619 4333
2175 4817
4547 4153
826 109
3703 3491
4629 366
3010 598
968 4253
56 341
2160 4011
514 773
732 4639
1722 670
4951 3249
307 1116
4194 1364
4669 3556
1247 2294
2995 1837
1780 2026
1086 2233
3635 2695
3325 1793
378 3411
4960 615
3875 4466
1428 4807
2992 4661
2330 3449
3248 2761
1516 3217
152 1879
1591 4741
4173 2038
1504 2648
3503 1514
387 3359
3748 2165
4977 1333
3985 4564
1599 1046
3253 2467
384 3207
199 2846
1724 1682
1382 465
1202 369
1367 1282
1413 3416
4470 3958
2100 2344
4001 1112
1053 2735
3538 4791
2299 2284
1841 2291
1051 44
2338 1055
3205 1168
3925 4404
2976 2756
4560 3693
258 2580
3972 149
4193 1068
3561 3644
2391 2124
31 609
4880 451
1530 3938
503 3004
2981 2004
3726 4009
780 4496
2394 3097
3328 1296
1357 1584
3873 2678
72 3821
2726 1434
1092 2758
4586 919
2306 3438
834 1053
986 1958
4126 279
3692 4876
389 4674
3198 3745
159 2352
4882 2081
4098 1982
578 3476
2438 760
4976 2508
477 4606
3488 2488
1880 1920
323 447
1535 2379
2151 2371
501 1821
3265 766
4747 4438
4702 3358
736 741
3812 4162
1163 1081
3281 2873
1853 1114
1211 3630
3908 3346
2223 2931
1264 3465
4603 2203
2724 2051
3946 3613
4733 2968
4576 1256
103 3877
4340 1162
597 2164
1253 1196
131 667
4963 3026
4394 604
4541 1500
239 926
1229 382
2939 3895
1344 3451
1319 2424
3211 133
3076 1769
3194 2435
856 1833
2327 3838
289 873
4522 753
2001 4374
869 4849
2569 3099
1535 3874
2573 1949
3067 3038
4309 3778
1416 3572
4894 834
3946 2431
4018 3876
4864 1640
3478 2441
1319 2279
2555 1677
123 4412
1237 2656
2652 3802
245 345
3427 2666
1311 4340
3823 4846
2650 2193
2026 4782
3576 290
1003 1023
1840 3434
2377 248
3298 1461
913 224
1997 4960
811 587
3338 2472
4300 80
3278 3993
3164 2593
4457 4287
4822 1613
3826 3943
1940 385
346 2311
2670 20
265 2035
3872 2054
3946 2377
523 1292
3671 2237
1776 4901
1491 4525
2472 3806
729 1721
1069 182
1890 4503
173 3155
1537 4628
2266 4941
1606 83
2397 2264
1141 3979
4834 2268
3771 964
455 4800
1224 660
1782 3038
2347 195
40 278
3867 3632
3273 776
5 105
3888 695
3013 1672
1862 3340
2084 4373
1751 870
3061 3354
2010 103
218 2004
1942 759
1473 1094
2292 1524
4793 2693
1832 1745
2534 1140
1737 827
4917 4667
4931 1979
2275 1433
3550 4198
3196 4338
2104 3406
964 1569
2038 756
5000 4092
400 2673
3263 1691
675 2821
2740 1699
1034 1418
2009 4660
586 2007
226 1693
2324 1261
2398 2299
581 3381
4361 1029
4205 3374
4315 4869
449 630
1162 512
4768 2520
1344 261
1403 2029
4570 1296
3963 763
3381 1496
1482 2276
1886 4753
2326 930
1885 4962
856 1803
2266 2613
2489 4992
1191 2680
1903 3598
381 3738
30 636
4407 975
4859 1834
4797 3884
2271 2000
62 4461
2618 3146
1551 4513
818 1493
390 1521
125 3618
1872 1938
4317 1091
1078 3586
2798 1476
262 3583
4205 2075
3228 2689
2999 326
3370 2469
2895 853
2186 1076
2112 3212
3783 809
1182 2140
942 815
4201 940
878 4071
4050 81
3404 3811
4218 947
165 4295
1151 4885
3306 4736
2250 1261
500 1500
907 2582
4726 1534
2518 4059
2849 4259
1716 3577
3437 3528
3195 2236
3577 4095
2620 4220
2134 3438
3486 1651
2041 481
3109 875
4587 2384
4969 1554
4795 570
3691 1463
1861 746
879 393
3723 4927
1742 560
3966 3895
3626 126
918 1952
1175 1283
4489 1568
2404 3981
3382 4567
4023 2861
1591 3671
2458 4078
3577 4411
754 56
1987 4254
583 1481
4219 1695
418 4182
2094 2270
2062 466
1004 1374
4914 2164
2138 169
3110 3377
840 205
2134 1290
342 1860
2348 2524
952 3755
4855 3524
4253 1400
3312 2241
2318 1090
1881 294
3210 87
1659 3409
1331 2310
3234 2739
3107 4503
4474 52
252 4932
2218 248
1308 841
2563 2735
234 1296
2231 1776
3865 1944
1691 405
3338 602
4558 4003
1047 4299
794 1172
4071 788
3873 4435
2156 1540
4494 258
1507 3153
2373 2258
808 2509
3604 1166
785 695
1958 3016
426 2842
917 3046
1450 1293
3197 1931
3666 1771
468 130
2108 1794
4634 4001
2171 3030
1631 1341
506 2716
2163 4830
379 1795
2818 936
521 899
4320 4466
3308 3146
2188 1693
2776 2569
1988 4275
1426 1839
228 3611
2231 3831
3105 3436
1833 2692
3768 3821
3119 1309
545 1468
1465 876
2601 594
1704 2531
707 3410
649 2637
5000 1744
4888 1660
2615 1205
1654 4373
2143 2030
440 770
2853 3340
691 2002
1845 2788
4376 3994
4738 3217
2420 25
3518 4568
4555 2198
861 751
376 1208
3152 2334
625 346
4019 2876
2554 132
294 610
3855 3037
645 2033
3466 3206
3787 4826
2280 4446
3292 3847
4602 3085
3075 4064
4438 2085
3353 4475
3391 949
3539 3334
1583 2473
1191 4686
1968 527
2109 3437
2288 3522
3735 1611
1622 2053
3530 1963
2772 171
2153 2991
4084 2392
4307 865
2412 3754
4379 4517
1455 2196
3677 3246
1200 4161
2687 3163
1224 4694
2262 4133
3298 40
3347 24
2581 2740
2252 2082
2865 2213
135 2889
1284 4446
796 4536
1950 3588
4283 2071
654 1890
2235 4495
1456 1654
4322 2972
4237 4376
1995 2205
4078 4875
3042 1127
1056 3024
3967 462
2204 3445
1929 3419
1655 1587
682 426
4253 4972
4362 3532
784 3111
3059 1073
1334 206
4823 923
3427 591
4064 2254
4963 1284
3612 3807
713 898
1041 4704
4904 762
3416 2840
2321 100
3854 2137
3557 2645
3081 4864
2580 1576
1714 749
3518 167
1033 3544
3316 2058
4934 4018
3207 2171
2498 1238
2912 2503
2492 10
3324 1006
1544 287
689 3127
1685 3172
2823 4771
3732 4338
1430 1045
1941 4459
4633 4663
2852 3027
1965 4866
577 2637
3640 1642
1527 916
1015 4809
2255 2502
461 71
3364 1699
3951 4696
3053 2567
1968 4850
4799 2139
1176 1406
3802 1024
1559 423
2272 1608
4256 4023
3532 1646
907 645
1717 2735
649 3008
2498 860
2891 639
4255 857
995 251
3775 4405
4616 750
1874 821
3551 434
4355 2707
2720 2530
2226 3285
2039 2767
3468 3745
687 3605
398 4219
2991 2894
3408 1592
1990 3583
1715 3367
2557 1280
718 3018
1499 1378
4069 2598
4403 1122
447 1615
3049 1458
869 2442
1873 124
341 4741
2520 4987
483 3577
1862 3584
2279 3976
327 1177
1031 394
1436 4397
4662 2299
3178 761
849 238
2104 532
3514 628
1742 1740
1452 2133
3125 3691
2405 1364
1148 4395
3564 1287
1258 3090
2936 4675
4335 4435
3357 1702
3810 3088
1139 539
3591 599
3683 3911
2920 4954
2302 2483
3309 3187
4542 1711
4942 2014
133 383
442 2824
3699 2327
3789 1029
4717 1530
560 4220
4911 311
3099 209
1378 2510
2022 2085
3966 3532
4765 1010
131 1576
362 4230
1318 1711
3922 883
2930 598
354 1249
1003 1419
2697 3371
3520 4691
2544 2910
185 3609
1596 2409
3156 1389
317 2007
2633 686
2 1049
491 2239
3470 4136
261 4195
2180 1388
774 2026
4785 229
4330 1611
25 954
3689 4732
2275 4959
3883 3639
2180 1515
264 4086
3382 4612
440 1466
2560 4434
225 299
583 3227
4026 1569
1156 1652
4949 3522
3377 901
1384 4209
15 1651
1665 2403
1303 4089
4634 838
4013 4878
1724 4020
980 133
1416 460
4564 2480
3830 4935
2686 4821
3544 3511
2234 3031
4499 4673
3133 2450
3704 3295
3381 4189
2386 2387
4928 4373
454 777
2713 1760
3327 972
3571 4167
2767 4104
2448 147
3409 289
2564 2926
669 3073
790 3386
4440 3638
170 3875
258 4820
2631 1240
1310 456
242 873
2305 4764
1241 927
3005 4875
2503 4161
1999 1875
3659 186
2049 2544
2244 2639
4033 1153
1667 3625
1094 726
4716 1062
3384 4908
1289 4773
3796 592
1400 3548
1764 4100
2881 1123
103 3881
2423 2104
2834 1094
3291 2826
1747 3193
2813 4299
4087 1089
263 4777
1724 3413
1736 4927
1209 2166
1885 881
522 3640
932 362
2935 3351
3768 1115
4449 1340
3990 857
4476 847
788 2059
1812 2811
3896 3306
4712 4777
1099 1422
4168 3064
4309 1908
1632 2727
2724 2427
3878 2983
616 1727
4679 953
2567 1125
3803 1976
1030 4030
20 4684
4077 526
4676 3844
1321 2736
4212 2210
1613 1409
3131 3704
3861 4698
1708 42
2968 921
2314 795
987 45
2329 4108
4550 3480
247 95
3320 337
2044 4474
3915 586
920 4255
2333 3489
343 3619
4357 3456
2916 1121
2368 1911
239 815
1124 4632
3352 1915
4818 3212
810 2491
2471 307
3730 151
405 732
4508 1460
4199 824
1762 1897
3167 4399
1724 4994
3401 2510
466 4710
1751 2978
2391 2839
4718 3355
1344 463
521 22
2833 2114
2731 145
163 2022
941 758
3189 201
1182 1661
4171 1750
1915 3440
4127 1162
2965 135
2008 819
59 4480
3223 4445
3158 4096
2924 3953
1750 259
2821 4174
4556 761
2827 2313
368 2257
3526 4252
1587 4190
2018 4857
1663 2594
822 1547
466 4536
1573 763
455 1603
329 2219
3853 2373
2712 1000
4930 1559
1299 3720
2018 113
2084 4900
3614 1527
3333 666
4938 841
4237 2687
368 2162
830 685
3149 2111
3145 3428
456 806
280 2046
3334 2477
1188 4878
4263 1657
3410 4663
1631 3527
4333 2175
1483 60
1315 1904
4278 1850
3164 558
2538 3985
1153 4422
2903 2565
2530 3439
787 1135
419 1909
4415 4739
2392 762
3772 3223
524 3996
4725 1051
4298 3410
4087 4674
2500 2251
4912 2202
1053 4720
4373 4167
3826 3468
926 4963
2472 1800
4773 1211
855 25
2054 4714
1995 3392
4268 918
401 3486
1995 3393
2629 1559
2482 4187
512 897
4499 2832
3863 3905
396 906
