10000
1055 564
4813 383
1968 4374
3665 2923
2855 84
4579 1628
1005 1049
1599 1072
1573 2296
2032 793
4785 4776
1635 1903
2506 32
3036 1605
1331 3105
3384 3836
2325 632
4029 1412
4535 356
4426 4964
430 96
2929 4135
2819 3856
4170 4690
4577 3094
60 4090
2276 1040
919 3638
4858 1880
891 901
2675 3837
3185 3768
2227 3747
5 3214
4675 1791
455 4158
1390 1464
3288 4819
4075 3448
22 3739
3841 4305
3528 52
3212 512
1802 1494
481 2183
1879 2026
1186 1161
1102 4978
3278 3519
89 4929
3633 274
3088 670
1891 4933
4694 1566
1409 1438
606 4409
2714 4610
4647 4225
1745 3604
2155 999
4999 1136
2430 3214
3801 3505
1588 528
99 304
3638 2988
3906 3920
1548 2400
1568 4986
3437 3796
84 3879
182 2500
4441 501
3255 2822
3998 476
4848 3624
1612 272
3552 1777
2753 2071
4720 3083
4129 3076
4344 4565
4700 1840
142 4980
1368 4343
4742 229
4285 3723
2243 3627
760 4798
697 4928
1542 2146
3943 4212
1766 4642
261 3394
189 1078
483 1592
1297 908
2470 1738
872 1064
1511 664
2518 2498
1821 2201
1135 4872
2021 3463
3437 1453
4947 1124
4902 3222
2998 4982
1185 4676
2407 32
1836 2882
1521 3905
3900 2240
4610 3907
1739 3680
896 4603
1709 2112
4275 185
1786 3862
253 1572
3222 3013
4142 1531
1130 3702
2218 4934
4599 1662
3364 1922
4165 4
3236 4422
4748 4653
2838 3941
557 707
3731 2385
3913 2688
3805 3782
4016 4656
815 2200
3292 2116
4938 3882
4010 1272
1252 3294
1165 2598
4929 617
2908 2528
921 1543
1955 2369
4732 4524
2388 4854
1381 2999
280 1493
3727 560
2561 3013
3446 2397
1079 1520
2013 4014
4634 4047
4509 3998
51 3914
1589 4422
3027 3652
1686 2107
3045 777
1971 2717
1584 263
1493 4818
4917 3878
2049 890
4530 2278
4513 4410
2266 2469
3965 4180
3007 4978
1896 2695
3418 4284
1271 2596
2420 4291
1797 1597
1833 2157
2301 3428
4432 4208
3115 912
4643 2378
1244 1599
1348 3558
4200 1382
356 2734
591 962
926 3124
979 3851
4755 4595
2504 3256
3648 4775
4476 1075
3513 2886
1909 3747
2410 4445
4261 1868
3588 1585
397 4162
1508 3490
3204 364
712 4828
2990 258
4823 77
1961 4177
4964 3637
2540 4224
3085 270
846 1894
2353 2657
3420 3628
4135 2760
1948 3265
4113 916
4359 1284
3192 3034
73 1308
61 1025
459 4390
27 1482
4680 2683
1026 1531
418 1171
844 1197
4070 513
2044 1544
1358 2318
1856 1008
2244 1732
1457 1064
1963 378
2764 3916
4853 2833
2236 2731
2838 1951
2753 3831
1145 4484
618 1254
1971 2445
1249 605
2181 652
1905 2561
4181 926
477 3336
1057 1862
845 1870
1070 932
2185 4070
3494 2474
2544 2594
4524 296
4276 3128
3896 797
1856 4511
2933 722
787 3623
108 199
4033 1364
3845 1527
1966 4904
4506 2032
3996 2069
746 4889
2601 2183
126 847
1179 4364
4284 861
364 2240
1566 3685
447 4042
4081 1058
3450 716
609 3703
154 3473
1578 1181
3855 3183
78 3634
1004 4654
2875 2471
627 2483
2343 2240
1272 642
590 4394
3158 3071
3396 2361
4607 701
484 1734
1593 2082
460 4444
699 1249
1212 4997
4655 3952
4008 4956
1520 2306
1366 1578
4758 4825
3298 1698
2194 57
3028 464
2336 1133
4737 132
3719 111
3267 3465
3741 3343
64 4154
1627 699
127 2620
2682 1958
4946 3395
2538 2448
1648 4107
242 1926
3714 1196
3689 60
1774 1134
1110 1
1472 4247
4368 2336
2981 1330
2280 3282
1438 2197
3525 2429
1476 2169
3187 675
3290 3939
1389 3552
561 1480
3710 2239
65 2074
4757 1323
2659 2446
445 3237
702 4558
634 2054
843 762
1299 1392
3903 2624
1188 2425
3857 1866
2691 2032
3879 4416
3480 4730
3525 2907
4695 380
2424 2258
805 2757
5000 3201
300 4162
1217 3064
1874 4184
2657 4066
494 4788
1227 683
1808 108
2950 4055
4126 1278
3459 757
4586 1045
1455 4275
2347 3443
2344 1275
3934 2200
3898 650
2487 3048
3108 4935
1787 3119
898 271
777 1354
1116 686
3539 4768
3127 2274
1904 3165
4074 956
4545 3593
4861 871
2666 1782
1541 669
4295 3321
3662 1489
685 4535
648 2947
3924 684
4664 892
1587 2975
2604 2689
1409 432
4170 877
3307 2244
3525 1853
113 3703
1552 3004
2096 3761
2071 143
3337 3501
1102 882
3973 1403
2570 3409
2326 3153
817 4764
3182 211
4919 2424
946 2194
4727 3087
3424 2019
3566 4605
1650 3846
3210 4813
1541 4579
221 814
1444 1249
2571 3514
588 1337
2061 924
4962 1278
1815 2236
3502 971
1469 258
1966 579
1339 4713
4909 268
644 339
2486 3794
1381 3051
209 2073
4573 2748
1274 3942
1556 3336
3178 3350
2544 2842
3789 2562
1990 1328
2511 3319
334 4104
815 3225
4798 4130
4318 2098
2591 1870
4293 1774
2927 2323
2346 3322
4340 2880
3815 903
71 4807
4412 584
3702 1748
621 4649
1075 1139
2053 3641
1118 2134
2588 3920
3469 2459
4679 4816
3921 2329
933 2871
4155 1043
835 909
1487 2676
4668 2085
3944 1223
3644 1194
1450 781
4489 4997
2161 83
2629 1503
2979 3784
280 3586
238 716
291 1385
2007 3104
4151 4563
1500 1488
558 1443
4754 565
4076 3290
2318 4332
1660 4399
964 2077
4717 3577
3796 2242
4052 2010
2517 2588
16 1372
1068 4443
261 978
2338 727
4833 1181
962 869
1193 3206
3491 4337
589 4119
1748 1699
3153 4651
1216 1649
4686 4750
21 1252
1038 1542
3943 1269
2231 633
2260 2686
4880 3202
2438 4331
1505 4732
2848 2093
1314 1916
3342 4451
4523 1586
3121 176
792 4039
4783 3692
1438 878
3827 2784
3672 2564
4966 3667
426 4672
1508 4412
1919 3828
383 376
1810 4738
3627 1154
4996 2275
4016 4600
337 3213
4878 3961
4565 1344
1501 556
3013 3708
3603 4828
1635 297
148 1298
4706 4328
3276 1020
2901 2015
161 1152
2568 4676
1365 3283
352 4505
2352 4614
3179 3969
987 1381
3173 3454
2028 1707
3848 600
3416 4281
4940 3810
4470 107
3105 3409
3689 1885
1800 3606
3068 1080
1598 1935
2631 1961
1915 3574
2655 4213
3189 3642
1902 340
2551 2290
3426 336
2494 476
3773 2016
3474 4088
1292 2963
1256 1177
4431 2789
1003 3802
1550 4495
4093 2136
38 2474
236 3109
4142 4134
267 3830
2396 3348
1350 2428
577 737
1555 4653
2710 2739
692 3892
845 316
1240 1067
2193 3434
4633 2440
3334 3323
1513 4036
4773 1985
3826 930
1911 3931
4280 217
1240 4279
609 3711
861 454
1974 3409
4448 4369
4931 3217
4859 3746
988 3000
2705 4225
68 2989
3273 2301
1120 3512
1618 2988
2091 4608
3323 2580
2688 2870
3493 104
1472 1235
4421 4585
2328 317
3873 648
3870 4924
3842 1802
924 136
2902 2579
3008 421
3502 658
4501 3495
4567 1568
1312 2663
3397 4971
623 4367
3968 2922
4680 2864
1569 1385
913 1409
3243 523
2343 88
1157 4899
3935 3809
2106 4158
2927 4830
3676 3048
611 444
1313 979
615 2994
4309 4196
782 3819
4918 4805
1069 989
1708 1676
3994 1465
1537 1566
1713 4312
1184 3656
4570 2709
927 4644
970 677
3986 1475
3926 4207
4048 4463
1181 743
3810 3064
854 3697
2500 3297
4664 2500
242 2750
1690 4712
2436 2554
3352 387
838 3103
2948 3205
3699 1642
579 1472
1304 1440
1134 2826
2400 2697
2951 4072
4935 859
3836 4900
3247 1582
3651 4642
4734 3697
279 663
1177 4315
2613 4880
3111 3238
2639 2766
4371 4325
1970 2427
4266 1858
1457 3940
512 3056
3595 1543
89 1761
1050 2472
2967 3157
2047 2456
4843 930
971 3973
1857 1527
4490 1431
1725 2208
3697 2379
307 3546
2650 1486
4322 4685
4674 3147
1628 1614
513 1305
4254 748
2635 1558
3358 2838
1279 1936
1689 1031
575 1175
2610 2092
2153 4265
3778 3685
1701 760
2554 986
1558 4270
172 3825
4174 4789
1599 3233
1580 995
1834 965
451 4158
3710 4629
4371 74
3307 3001
1263 3489
3876 3428
2002 2354
4319 225
2008 1729
3460 3126
695 135
746 2364
957 3984
4075 1491
3794 3911
4863 4372
562 3325
1903 3715
4733 426
1408 2175
1598 3751
2243 1051
421 3987
2407 2672
731 4643
3494 3248
4332 4264
3013 4672
2234 2015
1963 1184
1761 1378
890 3381
4747 3568
386 4541
2156 1163
4749 4361
1840 2916
1926 3480
3252 706
444 405
393 4621
3175 4848
4219 3436
892 1356
4878 3172
4813 918
4696 82
1145 4542
3726 3285
4110 4781
2919 3221
508 3720
2520 86
3379 1220
2393 4727
3765 4366
3083 2552
4406 2745
4948 3009
4338 2600
1244 341
3654 1568
2656 4715
2769 2301
194 4144
517 1057
835 1009
4001 116
985 783
822 4755
3798 2817
4444 428
3595 1059
4226 3622
2981 252
4679 4643
3699 3543
3133 2732
1267 2598
2988 1539
1070 2112
3657 937
2333 1954
4765 1595
3619 2217
1892 4295
415 1439
4052 3271
3201 313
1664 3425
3776 2535
1768 2265
4614 4350
2993 4510
676 4800
2732 1762
4625 2643
125 4085
2490 1779
1377 773
178 2159
3287 1812
1572 1290
4428 2615
2107 752
1150 3880
2954 4454
745 947
2821 479
1434 597
1519 911
1972 552
3282 1452
1127 2539
1817 826
4170 1506
4656 1510
3967 4231
1005 2373
420 3952
818 1503
2514 1614
4928 2429
2754 3833
2988 2531
2444 170
4172 1448
2187 4698
1934 2246
4323 445
2137 1049
3852 4899
3343 3566
133 2787
1065 672
679 3926
1842 2330
3939 1789
4478 4536
4895 3836
4538 2185
4275 4896
157 4408
3905 4433
436 1501
810 4681
732 4364
4257 4614
1114 4503
766 3664
492 3969
1678 4149
1715 3858
2686 1587
2824 3965
411 2832
3642 4193
2815 2659
2939 2429
1059 231
1745 1375
3489 3023
4211 3315
3475 3912
3467 2519
2308 3178
1438 3565
3225 4220
2534 4729
342 892
3574 4106
4619 1431
97 3703
4362 4890
3217 2288
3526 1654
4955 3683
692 889
2744 3422
694 1857
4811 1749
59 4724
1755 3615
1106 3487
2091 4558
4444 4030
1072 3558
4556 4083
4602 894
4582 1412
4204 766
2623 3418
953 4033
2188 4927
438 558
667 1796
938 3106
4230 3360
2027 2506
802 2932
2366 709
441 2940
4141 1727
2800 4734
2302 4967
3379 2072
4050 3338
799 1773
4127 4233
975 1633
2737 3243
3217 821
2398 3505
1658 1571
848 4129
821 975
2989 1360
46 4744
2240 439
1639 4809
1635 3878
3982 3070
3062 4133
1646 1569
3537 2662
1949 2154
1717 776
1496 4195
2082 4951
1673 825
442 3228
4433 4900
2381 1520
311 128
4029 253
1806 4870
4050 2536
1462 4584
1473 1636
2479 457
4812 3903
2673 2002
1652 2427
4961 2175
3390 1758
3310 4574
972 3523
4794 1479
1050 3736
4660 2305
1715 4093
629 141
2138 2568
4 403
3139 2846
3657 1116
1346 1349
3025 2518
3050 2814
2601 3286
370 4711
311 953
2374 3028
2733 3483
1857 295
4772 1429
4911 424
3915 2390
560 917
78 3602
2486 2681
4777 1326
3008 4465
3548 1257
2736 3464
4508 933
4062 2780
2186 4946
3623 4188
3033 1088
1947 4384
2847 2176
383 1178
66 2174
1744 4218
4620 660
1165 484
2888 2351
416 3085
1180 3514
2620 4355
1457 2840
4174 284
1756 3161
343 3303
3001 4415
4468 257
3275 178
96 2328
2654 971
2211 2045
22 2602
798 2193
2843 1158
2653 3562
1094 81
952 43
4073 4186
3464 2396
4163 1560
4008 2827
100 4731
4064 4174
1055 1357
981 3823
4404 196
481 18
4981 4770
3511 4467
1440 3622
4090 432
707 4766
2475 1086
4702 3792
2670 4975
2725 2765
874 3685
226 775
2246 250
4896 4219
4648 1872
4500 4581
1650 3729
3447 4249
3296 159
1020 1922
1296 3834
3574 547
1012 1048
3853 2918
1544 2511
2349 651
497 2708
3025 2444
194 1388
3362 474
3420 2127
364 3362
4787 4425
4327 1181
4491 2906
739 3649
278 1707
1512 1739
1752 4844
82 1630
3958 4483
1806 2502
984 4319
2761 2794
4235 2793
3399 4817
896 3919
728 3297
1315 496
2078 3901
261 3414
2303 2876
3723 1247
3019 1728
3050 4265
3430 3937
2274 3045
3219 188
2855 4358
3416 1067
1240 2340
17 3427
1 4319
425 2552
1302 2035
2453 4951
791 4757
3516 4312
3691 1156
3380 238
2725 4835
3886 1354
2213 988
3561 2462
2658 1597
3259 1389
4489 2329
427 800
2273 4802
1112 651
4487 691
1810 4633
858 4351
3368 4365
225 1935
2453 1003
3419 1926
1899 2402
2912 2515
3061 1217
4634 1985
2217 4160
752 4078
3884 1723
4498 4369
1551 4660
2616 3382
4134 1862
2158 3013
2156 2915
142 2390
1540 2041
4557 4362
2269 1654
2377 103
2030 755
1965 2294
1458 3401
427 3862
833 193
4686 2857
3148 4435
1444 1106
4788 412
2196 3885
3258 282
4774 3530
2552 3059
4066 4893
2274 4139
2127 532
4774 4601
480 4545
3045 4861
1585 277
1993 3351
238 3321
2842 1366
3062 1424
556 711
2485 3846
3971 974
2768 2767
3588 844
1440 1655
3682 4349
2797 3974
3300 976
3430 4343
1189 375
1301 4299
2927 3527
1148 2078
3557 672
3186 27
3860 4903
1253 3967
1781 2943
2631 478
172 119
790 2696
3639 2224
1795 2659
218 433
2985 1513
3588 2092
2055 4524
4868 4462
229 3055
3077 2443
3675 4935
4468 3123
3657 309
3 4672
1346 421
1689 312
1093 4178
3909 1813
2260 3047
1131 4215
6 3833
4803 3227
2150 2386
2836 2252
4356 3500
2995 1985
2412 4758
316 1365
1913 785
650 1945
4461 2031
173 1446
2050 2272
4005 3833
4658 426
2233 1446
2039 3900
4543 3006
3172 1597
837 1824
2228 2262
4245 641
4573 2506
2368 1092
3429 1623
1282 2263
1711 559
2847 4623
2646 4577
1516 1889
4867 1443
2917 2818
607 3066
2631 4425
3552 2801
4872 2603
1630 4843
205 419
419 1747
1520 3086
2385 1771
4905 1696
1087 2436
2259 2499
4123 1173
4093 396
3870 712
2089 664
3366 3664
3374 1645
2780 2408
4460 369
2708 499
3142 825
466 2825
3376 1395
4131 1958
2185 1909
3830 1008
3067 1024
2970 1896
1603 2996
3480 179
2385 386
3416 1816
2454 1734
1201 709
1108 3665
948 4237
3311 1619
57 3835
4844 3544
1289 45
4675 4004
4408 3099
1074 2650
4210 1191
4993 4812
732 4839
1741 892
413 1643
4588 4860
1453 2492
839 3527
4417 675
4687 593
4096 4663
177 3465
1732 2569
940 4895
194 2264
370 2886
589 3334
4900 4007
2261 3891
2541 2545
1096 28
30 4838
2493 1234
1359 1558
3369 4690
4659 3018
87 746
4053 4151
2292 3943
4987 4799
4508 3870
1263 399
4179 4463
781 2700
1432 3590
2564 2782
3772 4689
3762 2940
4940 4000
2665 730
2350 4516
3182 3189
2213 2034
4827 2869
1666 3704
2558 4791
1083 3707
1842 4931
1568 2762
3651 2566
1941 32
14 2805
3164 4592
3379 2027
3212 460
1116 3349
613 2753
98 1170
4977 895
24 1927
34 2985
2647 914
3177 2857
3023 2579
4444 1780
3076 2032
4765 1690
4800 3560
4553 1706
1495 4212
3623 1555
4181 4686
1135 475
530 3754
4449 793
931 2363
4854 4380
2047 2196
246 3811
2409 2705
1489 4732
3204 924
2495 688
4792 926
4271 2800
162 2148
4816 227
508 2810
903 731
3578 919
1046 4210
1177 1626
3 130
1071 4478
464 3337
2089 3018
3173 1435
4292 1260
3276 4571
2962 859
2400 910
90 3134
1168 4307
3572 1690
2812 1498
2494 4377
3517 1862
776 1489
1171 768
2357 3190
2475 2615
1891 1408
3498 1023
2639 81
491 2599
1321 4448
4121 2977
1416 235
1243 4120
2147 4829
1530 4441
2306 2994
1039 4177
994 3992
4470 4828
4717 881
4958 435
1829 4599
3289 2142
3372 529
1484 587
4874 1382
653 3591
584 2117
2062 4795
3423 3592
3513 4476
4924 1255
948 2549
2729 450
2709 4981
1023 4725
1970 145
1108 3766
685 2452
2120 892
59 886
4386 4799
2915 636
3783 2216
2433 319
2853 1359
1305 3760
2576 1985
3348 1847
3501 4973
22 3169
842 2431
380 2521
1873 877
2634 4083
2400 2173
1712 4064
349 2718
1138 2238
1886 3449
1833 4717
2613 1931
3922 1910
3631 1921
2433 3570
755 1844
3790 2281
517 4264
3060 3130
4609 1754
2938 807
4645 1885
4966 1347
420 704
353 3141
2314 1105
1451 107
3554 2871
1156 3258
2582 3485
4022 752
2376 2279
66 2697
1621 3793
1656 2305
164 978
962 1289
1134 2928
4337 4072
3667 4316
4379 2152
2535 2183
2591 4430
3404 401
3322 3858
1114 1045
1362 649
2991 3722
3926 3303
3244 2754
1530 2853
43 2302
1302 3252
4089 4280
244 1851
3517 2967
204 2189
1318 3923
3594 2170
2258 4699
3686 2390
4465 2817
3665 825
3868 1048
4105 3611
3165 2128
4030 4459
2156 2511
3579 3543
1389 394
789 238
1237 738
3230 277
3000 208
2629 1550
4891 2645
715 2062
4406 557
138 4340
4182 3001
1320 3825
2359 820
1680 1460
2261 757
4626 868
4502 2970
125 2350
3501 2831
4250 4382
4913 1115
1052 4405
723 3807
2177 774
836 2478
2084 1254
848 4587
3464 395
626 873
513 91
3801 256
2824 2319
4608 4587
3876 2858
1389 4869
4246 2868
3900 3478
1109 1623
2732 2499
935 1407
3428 768
3933 2202
4707 3016
845 1098
4568 332
1493 139
1428 100
2054 436
4174 2366
4735 635
1795 3599
1110 667
2472 1201
3316 751
2873 1985
1605 61
1342 433
1633 4357
4206 3940
258 2755
2369 1716
734 2169
1941 4208
1707 4275
3828 3733
3546 4626
2753 1338
3602 2156
324 2546
1230 1846
626 4358
1107 2744
3756 632
1613 4380
3118 3566
2542 3404
1678 4271
3823 2003
1170 2356
1560 3882
1282 4727
4381 2802
520 2533
4333 3235
3805 4375
228 1394
4956 418
2561 4950
117 3636
2420 623
4925 2091
806 4135
89 654
1204 4175
4935 3633
2317 924
1047 2097
4312 3289
3083 3916
1528 495
3081 4064
1598 2202
4647 813
1638 4849
2562 2281
725 3513
314 3683
3871 216
4984 3039
3898 353
4371 1671
1504 433
1692 3182
4044 4015
728 3321
199 277
226 4974
668 2252
1221 343
1182 3094
646 1945
1698 1489
1294 1542
4069 3652
3745 2198
1795 3624
416 4569
88 4678
4438 3213
3111 1674
59 4108
2745 2739
4378 3706
1618 4695
4272 4315
144 449
1394 1460
3291 3944
4595 2459
2078 1684
176 1955
3388 4321
3382 4407
2234 1359
2986 4612
777 4787
3237 397
2087 4381
3959 3651
1969 3209
3264 4564
1408 3974
788 2273
4133 3952
319 3295
1847 4155
1374 1458
4686 2719
2251 2468
2063 1027
2887 2068
924 3931
2507 452
2126 3978
2787 91
4615 913
1455 635
2999 870
586 1004
726 1475
3844 830
4319 4553
2637 3502
1278 4359
267 4285
3909 83
4481 3293
4722 1392
4483 2030
1916 3005
4977 898
3679 1873
2666 924
3206 2555
4984 3837
1358 1510
700 4092
1233 930
641 3203
13 2980
3978 2137
2858 332
1907 523
1406 4348
1320 1012
3938 4138
4110 1204
1223 4067
2259 3635
4869 2219
1078 474
975 322
1485 2553
3946 4403
2 3097
955 2035
4977 3981
4638 2554
4248 3093
2430 3766
2734 177
4240 4225
1144 4610
177 1707
4090 4992
2636 474
2137 4406
4126 3119
3726 398
978 245
605 784
1595 1535
2027 222
1078 1741
3596 3829
4863 3632
477 1589
390 3136
1034 1252
4708 3961
2318 593
3635 1455
3167 2092
1252 4823
1968 1778
4062 3087
3603 3887
4953 4312
4045 2302
1496 2743
769 547
1107 162
4527 4263
2278 854
4182 528
4418 37
4991 4053
4582 4930
3184 1079
4509 1889
3889 1391
2269 3372
3613 3820
1709 4779
1880 2765
2840 3183
2781 4983
1323 3987
1904 3565
3802 4951
3145 4235
802 1865
564 2610
4555 3662
1770 1743
2985 3990
1894 4314
2080 518
2643 4439
3128 4387
2928 4652
566 1909
387 2103
2917 265
4936 3811
2467 1025
4392 2330
1309 4672
1369 2627
2960 3679
3935 1942
240 3408
3789 4383
2240 4666
3995 4245
1473 2710
1146 4907
4641 2646
1730 1313
257 772
1597 1280
796 2388
1912 4994
2518 939
3427 2483
1713 1730
2818 4535
349 4456
1926 2033
1624 3127
501 836
4681 3406
3848 4647
917 1721
3027 1206
2247 4297
1108 4976
1677 4908
2673 2655
993 3829
3004 1362
3975 3194
901 4921
352 2008
4593 4749
1186 3875
4587 4905
485 4072
1538 2520
4992 4590
4834 611
3605 3978
1747 1322
1161 2099
4227 1961
3841 3793
2934 2800
3855 220
9 1474
4835 1652
4642 4550
998 605
4085 1022
3278 2088
1474 2480
47 165
1377 1144
2135 2807
3651 3918
162 693
1838 4501
439 51
2371 2405
3470 2700
4369 3952
1903 135
2044 1976
4286 1917
764 2678
824 2597
2980 2248
3488 4431
2268 4767
448 997
2794 731
2015 4690
4975 4645
4439 1747
1756 3611
3035 2129
2823 3872
3340 3997
3167 1405
3690 516
698 1376
4094 1049
3764 2154
1522 3695
4333 4103
1106 3463
951 125
3933 2129
253 1517
3367 3653
2226 3714
2867 4062
4153 3635
715 4191
2110 736
3354 307
4663 2596
2757 2308
4874 4710
3830 1122
3981 2443
4976 2448
3077 3811
1978 142
2440 1387
4975 3261
339 2470
2158 1918
9 4584
215 508
823 3121
1386 93
646 846
664 4722
2336 3988
3170 367
161 4959
3298 1475
1100 1724
2877 1779
4560 2534
3733 3095
3399 3713
888 3071
3875 2993
437 4056
3730 4499
3155 3204
35 3344
3006 2436
4989 4326
84 301
4671 2221
39 1589
23 1455
2130 3280
1037 4775
3637 388
402 3801
1214 4927
1735 214
1940 1779
3125 4382
1776 1082
83 464
3410 1627
3610 1998
3104 135
4010 4303
4206 1477
3129 3250
688 1313
677 4411
1408 1887
4879 1111
3372 4340
140 2820
633 746
1179 3433
2644 1520
181 1420
406 1640
4276 2154
2651 840
1639 3758
1652 949
3225 1674
976 2107
3273 1303
3038 2081
3160 1356
2057 757
4880 3302
1196 2691
3231 1985
925 4794
2452 2045
1523 637
3033 3751
3005 3299
3883 3552
1070 2871
1291 3139
2943 1607
4565 1733
3546 4060
3929 1964
3471 1876
4134 2640
2117 3874
1249 1508
4287 2587
1118 3455
4144 4871
4413 2722
270 2566
943 3566
2202 1870
417 3167
3397 4845
1255 3042
3477 703
4900 2932
2935 3925
1289 3992
2350 2404
3759 1387
397 208
2090 1983
1433 4407
2346 3934
4312 2508
4396 4202
258 4549
4311 549
2580 3147
2095 3295
3978 2057
1505 3367
812 2038
3196 3094
1301 4966
4760 4907
2759 655
4981 3053
2705 1672
1025 1978
4932 4768
1228 3469
331 3126
816 444
83 4655
1990 3356
4989 1755
3721 2156
1651 3084
720 2071
4037 260
3668 749
2048 4619
3928 335
1946 1860
236 3297
2849 536
4202 2068
163 3846
2115 4971
999 4532
1763 4706
4922 2133
2262 296
441 329
2855 2370
1739 3017
3223 4989
1559 1689
3052 1760
2748 4113
1084 2409
1318 3538
4935 4533
3892 2422
1310 511
751 4448
4542 4897
443 3393
4841 2415
2724 4234
4330 1853
4011 1898
1438 4968
2393 336
4746 418
2931 740
2703 2881
1339 4896
3282 2072
4629 3908
4545 3497
441 2485
251 2339
1783 2701
4424 957
2447 1907
4428 4185
2692 3800
784 4637
2667 253
994 458
1276 2930
1000 3216
1545 3370
1422 1527
3706 986
281 4101
2247 105
901 4270
216 1162
4577 3815
2526 3100
35 4383
3737 3014
2595 3561
2018 3711
569 4964
939 203
4389 4608
3285 2384
349 4335
3701 1125
3979 3008
987 361
2303 2556
1634 4665
2833 2381
4026 2014
3301 4331
3722 1078
345 2237
3576 3320
2281 3951
1925 169
1743 3896
2456 4506
190 139
3082 4390
4910 2594
840 2798
4050 1863
531 538
1163 4449
3943 215
829 4499
38 1280
1449 686
1317 2239
1327 2887
876 4233
1714 4214
2832 2414
3892 3481
3309 2693
4816 3846
2901 2188
2199 3111
663 1126
2460 3912
1396 2542
3755 5000
4566 1407
4077 4271
4733 1882
2934 2444
2777 4321
2332 3097
993 4095
4003 1561
4720 3099
1730 1346
2689 4315
4823 3963
3127 2836
1296 3231
4986 4267
4765 501
1560 3364
2344 35
125 519
4636 1869
617 1836
1941 720
738 4953
1441 4174
3973 2585
1383 978
1706 1319
4445 3237
3512 2702
3584 3202
118 1888
2831 2655
2946 2293
2561 2633
2970 4926
4895 4905
3117 4803
1034 2568
1934 885
1989 2176
2885 3055
215 2148
3483 1755
4629 2860
1058 1033
177 934
1566 719
3001 288
2229 2933
4291 3349
1394 1434
280 4138
4259 3609
1044 677
1636 2058
3550 1598
2069 2890
988 3416
4450 1322
1984 3425
249 292
1938 4041
3883 592
70 1621
4962 3934
2759 1108
3456 2061
2557 2713
4026 2268
1822 1269
4413 2036
4643 4803
1932 1969
2119 872
4493 3159
975 3537
4179 2929
1164 2600
2993 3715
299 2847
2069 4785
3470 1479
3926 4207
3509 4631
308 1084
3473 650
4495 4204
1701 2409
252 204
1803 1576
1266 4011
572 3957
4753 4745
1101 2889
843 4171
4633 3874
2551 582
1522 2235
4433 3877
1347 2385
4583 1630
1791 2111
2925 1215
1709 3626
4578 2181
4599 4184
4516 583
3283 3835
3894 853
3255 3856
953 4777
1630 2510
3061 435
4760 649
4967 4909
1522 194
1703 3461
3718 1150
1512 3653
653 3477
2571 3678
1136 3444
756 4339
3103 3975
3623 4580
4297 2445
126 1386
2432 4949
4764 3281
4702 2554
2445 3122
4656 4355
2344 3795
1896 4106
1980 3305
2668 4590
1121 1399
2231 276
3553 53
135 597
643 4226
16 3907
4827 2466
1426 4954
2406 2250
4732 4229
3527 1198
4621 3029
2747 4702
618 4261
1689 2488
432 4869
1039 3953
4666 424
4244 1588
4203 3123
4545 3348
4112 1454
1243 1492
4989 3539
2925 3232
2883 305
4600 2058
903 404
191 4388
339 3847
3480 3603
3522 1272
3286 3327
216 4144
2941 2256
1878 2392
1911 1151
317 3831
3229 2929
3377 1666
435 588
984 4509
4320 3793
83 2065
3746 769
2128 2728
1640 2229
3596 3936
4776 4921
2734 4582
2923 791
3599 3376
4265 4516
2351 4511
917 2781
2477 3083
497 283
796 4430
2849 1017
3181 2352
2379 746
1993 4339
1895 565
4955 2975
2680 1982
3320 2533
1326 2793
2347 1781
354 126
1098 3719
4537 3154
24 2147
3982 4250
281 2569
4367 1583
2521 3263
4983 4434
2209 4409
4590 664
4766 3787
1045 4251
3388 2244
3907 985
1853 329
3493 1964
2517 3318
4245 2802
3858 2134
4594 1438
1460 1661
1150 2150
3049 702
2402 101
704 1192
1327 2022
819 109
2273 3413
606 940
1904 3901
1023 1822
2237 2162
1240 1660
4810 4392
1910 429
1575 2047
3522 1861
919 2656
2528 4559
2444 1758
3311 1327
3137 143
4027 4933
1940 2324
3099 4008
4186 2294
2654 2364
497 2425
1988 2679
4047 1505
972 2918
1469 482
3523 1979
4728 3091
3034 4589
640 4368
790 316
3801 3697
391 2037
3182 3218
4428 3421
3690 4159
3643 3327
2160 1203
572 2834
4156 4265
3437 2907
211 1000
4601 4148
3181 4016
4577 3029
2902 2791
4896 2758
3070 2649
4776 1659
4307 72
4479 4712
1869 38
2935 2307
177 134
3193 2355
4282 2158
4594 4267
2157 3228
423 713
1339 2137
1424 4162
3435 4832
211 1453
361 2646
2354 2174
4513 582
2382 2368
1829 1549
2368 1635
2778 2015
216 2272
3705 1042
768 2084
1846 3875
1485 3239
1309 4385
2169 899
1368 3745
3264 4503
1089 2324
1573 4842
626 2291
4364 4944
1686 430
3635 3864
3779 938
4908 4197
4392 896
2713 2821
1109 4219
1844 795
644 2464
1590 2748
3285 3849
2723 1100
2539 1607
4639 77
1702 3445
4681 848
2885 2254
1810 1724
3642 769
234 3800
643 374
3211 2738
1109 81
4908 958
2107 1507
4498 651
653 2001
4869 3512
4729 3560
3623 3869
817 3557
171 4984
3334 3282
3498 1070
1034 3957
4671 3060
1142 464
3515 3581
1365 1316
1090 2813
377 316
4653 400
953 4145
4824 1344
1359 3034
1293 1408
1943 4282
5 339
2765 2617
2957 1234
317 3874
4835 1430
3499 361
3791 2117
1553 3456
1023 862
3506 1726
3369 3011
747 3852
3286 3177
746 4210
3839 883
1053 1984
3444 2072
1279 4904
4806 1516
4553 1620
3680 543
3565 2792
3896 3518
862 4204
2329 1949
201 4030
2377 1000
3639 4286
1430 3657
1536 3111
2763 665
3834 2823
3043 986
1335 3184
3681 3779
1861 72
2494 295
80 1389
847 4194
3636 3773
2334 2909
4604 89
145 1533
2452 2273
3543 159
1555 696
3138 3810
2145 2949
1730 372
2528 470
2183 876
1682 2220
50 2161
4191 523
2936 1881
3393 1808
2306 357
1824 4419
4352 1603
1519 231
4176 4567
1606 806
1391 442
250 4969
1169 2979
1832 1994
3537 1893
1449 2376
617 4442
4411 124
3239 4323
2989 2117
2177 4441
1794 4965
78 3038
213 2925
4895 4955
1052 2483
689 2233
4435 3479
3883 816
3953 1424
1600 3452
3731 4957
3290 2309
729 4785
1974 4605
2602 3813
928 2161
3900 58
4734 3140
670 4087
2054 3281
1392 3721
4820 590
3230 2635
688 4199
4979 1213
2571 1988
3365 2471
147 787
864 3384
1134 3698
4606 3941
301 2398
1596 2423
2771 3583
1393 3802
3568 4730
2932 4059
3034 1659
529 1721
3794 558
691 648
2380 2482
3825 2110
1883 4066
1204 2079
2506 1122
4614 2346
4083 3234
146 523
2598 3109
4232 4663
3813 741
1250 3217
538 4325
61 895
1834 1953
314 3438
1497 1305
3620 1012
141 4307
3883 2320
4102 3883
2160 2152
2410 2713
97 732
3702 1261
3527 3080
1775 1334
3513 1277
4777 4742
1252 2570
2258 624
1841 1330
3304 48
849 1383
1228 3723
1839 2246
839 1977
1680 94
1361 558
4963 2026
2071 3850
4882 1658
4037 4719
3466 3869
2049 3960
4911 1165
3030 1337
2432 1941
283 3410
2982 4392
3234 4148
518 577
4260 4770
3880 1374
4081 2643
3296 4268
1577 3214
4343 2853
379 1337
85 3051
1916 394
177 3841
176 3395
3550 4060
49 4309
2346 1282
3816 3191
1693 1443
4383 3747
3836 1513
630 1769
3262 4746
292 2826
918 3642
3940 2988
675 4083
932 2753
4210 2579
2591 2039
2285 1648
4280 2236
1233 1917
2178 2379
1096 1662
669 3691
4622 4595
4469 627
4146 4475
3254 999
2998 1289
4245 3863
1556 4360
2238 3509
2879 4418
2436 2306
3176 263
1215 1332
2917 4106
266 2198
634 2355
3271 3135
4565 2599
2149 1018
1838 4917
3583 678
498 2378
2253 1960
3501 3741
2785 2292
2113 175
2320 2550
994 3000
4829 3319
3855 2489
31 251
3424 472
3398 441
2949 3774
915 2807
2304 3767
596 3394
228 4867
905 4746
3800 193
1257 446
3103 785
1801 3373
991 3952
3014 293
1513 411
1416 479
310 1046
2646 1956
4204 1439
799 2692
208 3355
4727 2768
1559 2815
1865 3196
3082 2598
995 4062
3643 4281
1079 4766
3534 422
3334 2043
2162 2263
4276 4411
1055 4167
734 546
847 140
407 1303
226 1286
3613 4812
261 2109
3615 3439
4957 1063
3143 3715
2839 1401
4316 993
1883 4795
324 438
1012 4304
511 400
3865 4277
2344 689
4431 182
4108 1830
2939 4337
4942 4716
3793 4682
3872 507
277 489
4217 1374
2991 2979
2553 4832
4996 4872
2054 1867
1658 3148
3512 912
1740 450
4227 1873
2343 1073
1162 1631
2774 1944
4549 2283
480 3010
1279 4727
4787 4971
925 3782
2528 814
3902 1813
4276 366
1778 2265
952 1364
2507 1407
1046 4102
4127 1667
3041 4467
3730 3183
603 1838
487 4935
4585 1461
18 4597
1969 206
3577 4608
3779 4353
4267 3011
4326 4018
721 2009
4879 1952
4266 4540
945 4761
477 2336
1563 382
3785 4850
4170 948
2988 2044
1156 1135
2782 657
2978 2661
3575 545
3356 4616
2169 4563
875 1796
2366 1538
3978 1763
4189 1531
2018 2436
4770 2511
4989 3082
2768 4454
4060 4689
3091 1246
4371 375
2946 3139
2284 2003
839 2679
3542 4860
4151 3716
329 2234
3786 1576
868 1333
339 3053
4305 1431
559 633
4588 174
3011 3908
3833 4257
2361 2463
4698 2802
1572 2349
991 1019
4709 3454
3271 2001
3246 1036
2759 3760
2513 4608
945 1746
4212 4757
3086 4874
4387 955
3218 932
758 4733
1939 2325
1618 2485
3617 1108
3 974
2370 4235
1553 1778
2753 3642
895 721
1966 2350
4917 2604
1428 4434
934 2624
1844 1924
1311 3743
3699 4612
4548 1078
3771 4093
3836 2964
4648 3645
851 550
3031 2965
561 3360
1425 472
3874 3316
4473 1047
2771 1884
2447 704
1902 1615
4466 908
3756 3816
738 4776
513 4349
3351 180
39 1616
1273 2391
2015 4836
614 1964
4592 4571
4209 1488
3374 2351
2347 1199
4946 4366
3729 2252
1807 1410
4477 2566
4099 2604
3343 2178
580 2956
4467 1567
1055 798
4578 3942
120 510
3553 1265
4034 4434
3981 2366
4460 2492
1653 1866
3844 3096
402 961
1065 1658
236 1194
183 3300
937 926
3878 3132
3145 1356
2246 270
4812 329
3415 221
4625 3490
4791 3632
2309 3792
882 839
1277 2936
3221 3456
3090 1676
1946 3752
4989 1183
4040 515
3665 402
938 1970
4830 3983
1067 464
4820 2595
2996 4655
1670 3813
2496 3284
1407 1843
2641 2324
3895 2750
1796 1681
4402 3894
2380 3437
1716 3871
3807 2003
4841 352
1320 3001
4977 322
1748 4874
336 2584
2879 3025
3117 4826
4436 565
900 3308
66 764
193 4834
3266 2932
3268 1137
1611 621
3749 3612
1671 3703
4648 703
1301 4631
1846 4079
1865 1968
2052 3873
4385 1034
1137 1390
2942 2677
512 4833
1407 4091
427 1091
4799 4335
602 4757
3363 439
2569 1415
3943 3331
2935 4670
4752 1787
295 2975
2344 3366
549 36
2096 4852
3196 4054
3023 1264
4349 3123
2523 1207
4047 2933
3854 4539
4219 4877
267 4684
2791 2056
241 2646
2882 3088
1674 138
3394 1895
773 1097
448 1537
3594 4312
1733 3807
1277 609
3821 588
2801 860
112 4170
21 2496
1102 3720
4355 1316
2718 186
1056 1413
714 1852
3397 1404
4227 2176
3076 2707
4104 2310
4909 1429
1304 3807
4687 3080
515 4280
2382 4154
1204 3064
3596 4796
3583 3201
1480 116
3196 346
4229 735
546 423
2587 448
3203 426
1386 2377
3355 3261
4923 1336
1715 2710
2188 4450
1026 4270
1697 2867
1754 4288
4964 4733
2149 1871
3378 4720
1596 3770
2302 1176
878 296
3890 4369
3619 1226
4178 3615
2882 548
3247 149
4959 1596
4803 2659
803 3326
4104 931
546 4112
1056 2586
2853 1636
2738 1856
683 4082
4126 4341
3159 2583
1554 356
4092 16
248 2480
1412 3147
4225 1477
2890 3943
1773 696
1367 2495
2129 1590
143 1729
4079 1223
3833 3534
1980 4688
1000 683
2566 1169
655 2076
4050 3393
554 3179
196 244
914 4883
2401 1999
4310 4348
3277 113
2295 749
3307 1600
2224 2943
1383 3304
3372 2255
2467 3482
4710 1660
4464 1579
3069 3776
2267 4141
3253 970
1348 3030
3297 4869
353 1275
1495 3178
4350 4424
4097 2342
2355 201
48 3894
3941 1553
3100 2272
4421 4590
4367 1210
2194 1228
4894 3163
2441 3103
640 4749
4689 2543
4144 3977
2320 227
739 977
1017 4666
2319 2960
3186 4738
2481 4820
835 3287
2751 3893
4844 53
198 2363
715 57
2511 4669
872 2874
4166 4900
1611 266
2027 2280
4986 2828
3651 2025
677 1576
3235 2523
3926 2454
4825 2020
642 658
3018 3851
1624 2825
980 4128
3956 1032
3456 939
2807 4042
3569 4081
1314 3875
2560 1592
3077 3967
1271 1302
3685 569
2102 3429
3173 4790
3802 3876
3525 4298
4416 2145
349 4606
676 1252
2248 1882
4769 4806
741 572
4265 1758
2601 3869
363 2014
471 1646
2669 1818
876 3197
2217 2223
3148 1518
75 2127
3898 2148
4106 4416
4452 1565
29 1299
2970 3699
4369 774
45 3906
559 2025
2371 3538
520 2026
4402 1088
1254 2567
2788 1229
3688 1066
1863 4953
359 3013
2248 4321
2317 1878
2238 3079
867 2314
4330 1903
1765 2002
1184 2331
2816 3846
3157 219
2038 857
3300 264
3867 1663
2730 460
3046 693
1201 3516
3218 4908
4003 1003
2907 488
2422 4265
4679 594
486 434
275 3517
4982 1394
4640 1572
3611 4769
238 4806
3401 2340
1161 4092
3396 632
1079 2709
2404 1429
3745 3085
3096 64
2761 986
2323 3741
1895 2845
520 2109
2763 3195
1432 1480
1001 4783
3769 2817
2288 887
134 354
2957 2070
117 233
1800 789
3180 2638
3105 2734
4434 2116
660 3133
4037 557
3478 4440
2557 1533
4524 1802
1947 4968
4177 2213
3933 2451
2472 1496
1429 106
4143 3079
1594 3549
2541 3853
1663 4858
1274 1196
1365 731
3459 1151
4780 1606
3089 2358
3068 1121
3559 4482
4695 3930
2482 4919
1602 4164
2344 3369
1843 4899
1378 2533
236 4224
3573 3383
517 579
3214 3643
3417 1788
227 2416
3909 2675
3584 1682
4334 3071
1925 617
3233 2602
4032 967
1059 681
350 551
2635 1860
4166 1197
4561 1421
2614 475
2881 4300
2912 1035
3742 2458
3473 3350
1531 3280
4564 2853
2599 3029
3304 1700
2260 2410
285 4957
2709 1611
4474 2045
301 3239
993 4069
95 4390
459 3636
4687 2381
2587 2171
2506 4276
1144 3139
1513 114
4526 825
1180 3087
4123 640
1704 1104
1930 3209
2115 1034
4944 892
4482 1638
1749 3490
3661 3338
2404 3093
648 3198
2913 781
522 1646
3770 1589
1912 1698
838 983
4684 293
952 2287
4363 3578
90 4305
1076 2614
1422 2091
4956 1214
1528 3010
2494 2234
741 4505
722 2270
1427 399
166 1983
4451 3405
3940 1678
1660 2710
4413 4828
2078 1472
3732 2884
2970 2594
2787 981
3234 1527
2364 2320
4971 3340
24 2321
2856 2125
697 219
3590 4299
3262 4558
3040 3884
1646 665
841 2766
386 210
2495 4469
4587 3264
764 1799
3864 3866
4272 886
3502 1183
1098 4227
2567 4719
1883 484
3374 2505
1728 4600
4419 4709
3041 4632
659 3751
1379 3138
797 2731
2680 569
3986 4306
3089 2593
4044 3805
2373 3688
9 1503
4507 4705
2908 450
4531 950
2575 2916
3472 682
3081 1762
1720 3537
97 1292
2012 1544
4600 3245
694 2623
1522 4844
653 1039
3485 84
4350 450
107 4708
2502 1973
2231 391
268 3014
4457 3336
3965 3275
1546 4589
2339 3698
3572 766
3116 1421
230 3443
2591 3963
3698 3235
3727 4589
4720 599
1169 3206
3428 1463
380 3940
4230 2168
1860 1471
866 3091
2796 4164
191 1202
2951 299
4829 3204
278 4186
4535 1225
4843 3788
483 3700
4672 1584
2520 3702
295 4300
2635 3712
714 4877
293 4548
3467 2686
1989 1310
1357 2005
2735 2817
3116 2755
285 3023
1304 4157
772 2792
3944 738
196 3790
1310 3386
114 4151
2722 2532
3705 4407
3948 181
2261 340
3721 1348
185 2513
4819 4005
1471 3940
1235 5
4919 3059
851 1449
2905 388
2916 1143
717 160
3774 4883
2737 4921
2546 4653
1090 109
940 2076
1827 1666
4569 1162
921 3335
3724 1748
1058 3645
2885 1826
2904 2238
2082 1920
868 2112
2325 982
4849 4287
2060 1340
1721 3649
1375 561
2177 484
4663 3149
2982 3984
1150 1899
956 2166
151 3959
899 4627
1527 3837
3268 3478
4365 4704
1134 2240
3223 4354
1830 424
2102 627
1342 1756
379 2771
912 3337
1568 57
2908 2378
1556 1491
244 3294
833 4358
2571 870
3690 3332
4645 3703
1211 3533
3201 3691
3736 2725
4879 3061
3401 2882
858 900
571 858
1305 1783
4604 3309
1535 485
2111 642
1879 3005
1590 983
1349 2520
4078 2104
2042 476
454 4572
4496 3589
2625 3289
158 4736
2309 4671
4592 1170
2801 4180
2356 4972
1383 3609
4752 3642
1279 2723
989 1454
1091 4459
1850 3904
542 3112
1344 4718
3317 966
4973 4304
155 2586
1019 3181
4353 1598
1181 2634
2374 2334
3050 4086
3779 346
2230 3264
1234 3767
3735 3300
2663 4177
1562 864
2415 1638
4546 1182
4766 1872
1825 2564
1133 4085
211 1935
1891 2848
76 3632
2639 1398
4885 4177
4458 4225
3130 771
4039 3954
965 4569
629 4509
1529 2952
3326 3929
2701 4038
2470 1715
2532 3091
616 2103
2283 2195
1357 3170
4969 259
4135 1126
3516 1695
2464 1784
3487 2006
344 3730
4821 3469
3877 3803
3412 1286
2782 2846
2371 1045
899 2382
4230 174
467 259
678 4176
2569 1111
3101 2351
4842 4695
86 4211
637 4993
2873 1824
2251 1367
4021 4110
829 499
2084 1976
574 536
864 4363
484 3407
285 1647
2167 2599
3753 1313
540 4993
2013 3479
1602 4217
4150 2932
543 517
2822 1331
2939 3569
3700 4371
4016 2447
4606 2029
2907 552
4045 1377
514 422
865 4061
3293 158
825 4889
4546 119
791 4084
4934 852
1659 3255
2657 121
319 2660
3046 1219
3006 3786
1961 3491
4444 4784
3843 87
2024 4157
4067 1739
2412 1915
1476 4700
4164 953
870 912
3742 526
2573 4629
195 4564
1598 3170
4416 2374
4571 1204
4253 2063
1790 1768
3848 2781
4245 2855
404 2853
740 4306
4139 3
1917 3117
306 1303
2577 1283
1531 2844
95 4662
4420 4984
966 57
2907 4453
1515 2955
1063 4123
2600 3912
4872 2640
846 1906
862 3606
1840 3527
3180 4181
3939 848
1608 3289
4648 2629
3558 3931
3266 1679
4886 1200
4895 2548
4514 4726
1734 2387
4896 945
1791 1472
2470 1820
2803 2453
3876 2979
2833 3087
4384 913
15 125
409 3601
3342 2580
2204 3761
1208 305
2988 1726
1880 1552
4054 439
131 1242
4010 4000
2602 892
858 3943
2752 1362
1164 4698
1264 3413
3441 3691
3622 4753
3350 3635
3385 1372
1814 1113
4525 4502
3192 1978
3277 4548
151 2919
4873 2578
3587 1155
2081 4441
1664 908
4213 4036
3839 1352
4349 101
2176 2951
2702 2312
890 4156
4356 4508
1408 546
3630 79
957 2102
1332 1221
1498 567
3694 2528
2367 1818
4270 1699
2253 1670
2415 1662
3005 4029
2484 629
4904 3081
2515 1223
1505 1571
2016 3166
217 1262
3091 4955
4240 1639
895 2952
2917 4702
595 2973
3383 4598
399 994
2154 4169
3812 2163
2709 1409
4078 4252
1905 2022
3253 272
3686 3285
2302 3216
219 2608
2112 3222
112 300
2020 2559
1241 3604
3223 1587
4141 4587
4134 2171
3512 2179
2756 2330
4849 3973
4301 1860
1975 787
508 980
4074 6
3795 1174
3291 4307
4318 1477
3515 4806
4516 3496
329 2923
664 2060
543 1653
790 517
3992 472
4583 4593
2482 3258
4874 4285
4615 2856
21 1215
1199 4330
503 2171
3823 1021
2595 4220
4229 1176
4636 4757
397 4035
1025 66
403 1857
1861 847
2801 4403
2332 919
1859 3249
3495 1835
3998 1501
3703 3332
14 3341
3875 4959
4423 3737
4010 3548
3273 544
3473 3365
3904 2285
3907 3691
4356 1672
2182 145
1802 1247
464 1040
1930 1986
4717 1921
3590 4066
3417 3876
457 808
659 3040
4680 257
2208 490
2893 4068
3091 290
1230 608
4804 1753
392 4059
3274 2642
372 4893
1395 2032
3944 722
4272 3914
1350 4872
251 2566
4780 1247
512 482
3200 2034
160 3303
2592 2153
4357 1259
3651 201
999 2443
1431 617
3766 4607
276 1130
4511 825
2491 2614
2155 4429
2790 53
594 2714
4682 4220
2200 1310
419 3384
4835 2136
206 2020
11 4112
4887 3217
4679 1295
4355 3583
3525 349
568 4175
4794 219
758 2965
2042 1913
668 3573
563 874
4193 3054
3016 982
632 1433
3828 4901
4651 4017
507 4882
2618 1549
4194 668
3824 2562
3285 2659
3315 3161
2263 756
963 3637
2824 2620
384 3788
2677 3947
3758 1993
3930 4696
1238 1165
1284 4390
780 2542
187 2666
3769 4882
814 481
3888 709
3961 1283
3307 2399
1910 861
65 3245
1616 3114
2362 1497
2065 987
380 4943
3741 598
2781 782
3924 3657
2563 1556
3103 38
3711 1655
162 4942
3638 456
3867 1257
922 2725
380 2872
2595 2935
1043 3014
1239 4654
735 141
1079 1828
1186 2997
2610 778
114 4145
1387 2972
438 3668
4145 1695
1029 787
1740 4915
426 1198
604 868
4276 4832
3347 3712
4110 2178
2842 1758
2566 892
4579 3003
749 2822
1153 4845
2095 3534
1172 3948
800 1787
1418 4204
2920 1197
1252 1682
860 3722
2206 350
3532 3564
3930 4543
3688 2813
1128 1008
3811 3212
3595 893
129 217
4952 3757
4583 4084
3996 2431
495 1601
2840 208
123 362
463 3901
1003 3198
3159 2158
1969 3397
4010 2038
4620 2308
3184 2984
3565 3122
1616 622
12 1561
1640 1585
2671 3543
2151 4579
124 4858
3025 3698
2147 1784
2908 4963
963 313
2556 1355
104 4246
1476 3190
2203 2316
641 385
1354 1731
2415 3037
481 4823
3213 1921
1333 2115
1014 4765
4543 1526
1686 3764
3733 4981
2635 3160
208 4190
4369 4876
3197 4937
3205 1809
497 2875
2523 977
309 737
938 2169
706 2856
3803 3612
2705 4179
358 447
3009 2347
4087 1502
2721 3200
991 1878
3464 2294
2086 2654
1744 3667
1783 3582
988 2611
3914 2967
4094 4607
2337 4871
4259 226
1484 2765
1938 1697
1817 1770
1114 4507
1357 3728
1659 4574
3732 1754
4907 4141
440 1777
2723 428
303 4326
1114 861
588 4625
1951 1881
3536 2256
1149 643
2102 3747
4401 2525
2526 1265
3612 2049
4059 7
3909 3320
439 2830
4113 2272
187 1190
4490 4530
2125 2685
2949 935
1712 4634
4265 3806
3023 597
143 4994
2987 315
1953 94
2668 4810
4178 2998
1750 2366
4099 2024
4248 2191
1077 168
2101 4047
111 2432
2770 4618
1787 3893
3016 2684
1979 2623
2631 2991
3370 4827
3544 4542
4650 1953
1851 3140
3135 1097
4742 4042
307 493
280 2994
3865 2175
3215 4126
2899 3353
1946 145
1296 2505
345 741
1120 3073
2979 74
475 3563
3462 4758
597 3099
142 4181
1754 2875
3594 2839
4233 1429
565 3002
502 3361
341 1723
2573 2558
250 696
2334 3786
3139 2304
3371 3443
1414 1432
2153 293
1473 86
2064 2576
32 2424
4908 2541
2114 4647
2889 873
913 1902
925 3959
662 2998
1651 2181
186 3272
1685 4776
1457 2361
2892 2532
3402 1529
138 2545
3570 2181
4344 3880
965 1431
2993 14
2667 2299
4377 4651
2864 94
392 3449
3732 4763
1705 2003
2859 1313
4933 4440
4195 146
2730 1111
249 2971
2558 1789
1272 957
2042 1040
4186 4350
2388 936
1121 1326
3847 4780
1080 732
3739 2109
3507 4482
3952 1152
1390 4808
2888 991
2349 1047
51 3598
4340 3274
2778 238
4847 594
3901 3725
430 1256
4728 856
943 3368
1901 1941
3333 2599
2160 2261
812 4122
965 19
1232 757
312 160
4521 3422
4908 4431
4359 2337
3742 3497
1519 4398
4606 3453
3685 4334
4663 99
466 3289
3895 4481
961 1736
3042 3143
523 1387
4660 856
3592 2833
1773 3948
2903 3625
2656 2937
2569 2340
3032 3582
1407 572
4363 3675
1208 214
169 3310
4679 3980
2661 4747
4432 2068
3225 1328
4936 4576
570 2789
897 2544
1906 4334
4209 2058
2407 827
3267 1540
336 859
619 2098
300 2075
3646 4170
2368 362
1699 1191
2744 4142
1470 2329
657 950
1018 4763
4035 1853
4356 2417
1015 1896
2813 850
2490 4423
2730 2176
3068 1744
4787 169
3010 154
2166 3539
966 3986
1221 3934
96 4925
4584 38
1020 1646
4747 4686
1842 426
82 3443
3484 3418
118 301
4570 1954
1041 2628
3580 952
3115 4191
417 1887
1525 4674
1477 1952
4898 699
3453 3043
55 4617
3751 1568
881 2149
3236 297
2704 1138
3540 515
3433 4543
3373 4902
3521 3621
616 4470
4020 2347
4778 3286
2499 4344
1268 1152
3161 799
4070 657
231 1138
4051 2984
422 234
300 2670
89 3906
2536 2874
3881 2436
959 3996
2687 2806
1743 1133
457 3220
2923 539
4593 2378
4146 4018
266 495
1838 4121
2215 652
4836 3335
4163 2541
1067 4385
3535 479
2763 3268
2144 4469
1888 3196
4322 779
996 1500
4120 4500
2684 2069
1541 2740
3386 1405
4833 1911
3876 2071
2821 438
3192 280
874 4341
2883 4151
2040 2819
604 2934
2052 405
3105 2752
790 3045
3501 847
402 3220
4120 3821
1763 1338
2167 4774
3573 757
1574 2527
3964 1876
823 963
3301 4833
252 2713
887 178
2979 4438
2256 2477
1943 1754
288 3926
4584 2756
4317 1834
3082 2436
3137 4532
750 407
4887 2325
984 2808
760 4277
2552 4324
911 810
1634 151
2526 770
413 675
4552 888
4073 3812
2849 4032
955 2757
3026 351
2633 1061
925 2561
4681 1611
4897 123
3062 4405
3925 2141
1421 1026
4439 1624
753 4844
885 4668
3996 3112
3616 3597
35 2202
4912 4673
1715 3807
779 2998
2338 1075
356 2844
977 2544
378 2461
3202 3934
1903 1249
2967 4910
1239 1415
2459 4112
3594 13
1290 257
303 2723
140 2678
2035 1487
654 213
4570 4575
1044 1906
2988 2728
1669 2022
2976 1173
3808 4168
1851 1668
1409 1507
2475 1352
897 334
1342 261
3944 3942
1731 2647
1220 3902
354 1349
892 4087
4446 1016
914 2069
3986 4202
2828 4739
1980 1069
2954 2363
3762 1213
936 4903
1652 4308
2713 3128
234 2217
868 776
1468 4303
718 3077
4225 135
2830 4195
739 330
2030 4466
579 649
472 4571
1158 2336
3314 181
4156 516
4448 2302
2785 1153
2583 4049
4893 3847
4391 295
257 2955
682 1299
54 2770
1156 4380
4703 2203
2578 1312
533 1017
4919 1077
4831 3661
4142 4631
4286 2683
1410 3955
2513 4435
3337 3477
637 3661
3343 1420
4041 4531
397 4793
3452 490
1879 1985
3372 2595
2957 1790
244 2993
1778 1254
2208 1695
4151 385
2114 4883
2332 3075
432 2442
4542 2139
4220 1092
2754 3007
4329 1933
694 3086
1473 316
3853 811
4481 1134
4809 3002
1254 768
4466 1207
2042 2392
1750 1075
3387 2486
1526 749
3546 4562
1182 1512
1750 245
4993 2769
277 3893
3279 3908
1665 4162
3606 2089
1148 1324
4912 2872
1364 1889
3661 3217
2978 75
3289 3537
4551 2563
2077 1969
2409 1713
2681 207
2891 2225
3688 4
1188 493
4822 4194
1170 118
3566 3439
1350 4885
4318 309
674 1408
4715 1474
3141 1590
1684 3819
458 4891
3393 4778
4847 4931
3153 894
2034 4611
578 469
3431 1680
1253 681
1943 3645
150 5000
3019 2083
4662 928
1555 3900
2636 3519
4908 517
1335 3255
4071 576
2077 4183
2575 698
2711 3416
2678 1288
4984 4708
270 3573
3823 1428
1148 1501
4838 4338
1439 3366
2063 3715
3490 1547
870 4452
3195 2272
819 3399
332 4703
3716 3089
2549 506
1964 926
4151 2529
3949 2199
1791 1822
1031 3148
3805 3491
3907 2929
3676 1902
2987 4097
2561 1585
644 3587
4784 3005
4981 1815
324 601
2184 2970
4335 441
407 283
3961 4162
61 4204
1853 1328
4625 3600
1860 4083
4961 3027
4485 3179
3839 3122
2189 2164
3441 3853
2298 1733
1035 1933
3069 3415
1929 4976
1116 4082
1997 3361
4804 1979
1209 710
2539 1357
1194 908
2814 3515
2831 2433
263 665
3803 3575
1521 3962
3544 1370
2076 2774
667 3831
3862 1012
2960 2332
3600 3009
2435 1270
1716 2650
2618 2660
2638 558
3948 4656
4213 918
1823 2035
2655 1749
4935 1759
565 3011
2750 926
1922 4284
3629 845
3449 3225
4910 744
2684 4730
320 1085
1265 677
2747 4079
997 4562
1625 4063
315 1979
4533 1343
923 2956
2996 2957
4010 3702
3854 1714
361 2855
2985 3394
775 2257
3122 1433
4607 1375
4188 698
4660 4948
4099 3542
4385 195
2170 3325
199 2739
3570 1693
3444 526
4409 767
4768 1342
963 4460
1687 4511
2060 4719
1200 1707
1503 4672
4193 1791
1966 3886
457 4403
3385 2063
627 658
4850 85
2298 3647
1086 4472
2354 3351
1484 307
4736 4519
1729 4916
985 2915
3047 2089
1858 3369
3696 587
489 2088
2462 4126
1051 2670
817 1143
4777 236
1310 2721
2481 545
2419 1683
1407 2519
3574 2765
4993 4370
742 2428
2073 2649
2415 2674
1427 675
140 2248
52 1222
3397 157
3286 1961
4764 392
4874 723
2411 1656
323 2968
3600 1562
3571 4121
3792 1156
3383 1316
4882 2554
1740 4203
944 162
4514 439
2438 2163
205 4447
4611 4739
2511 447
3362 4374
4874 4456
2878 3855
3108 3824
3009 887
4964 1774
2684 2323
1139 4698
3228 292
3924 177
2829 1875
475 3461
1910 1328
4875 948
3486 1975
3034 2961
2465 2926
2390 1472
2152 1580
4995 4562
4383 1043
4586 3597
1137 4911
52 2916
3767 3176
4184 3949
4631 3391
1163 1802
3269 1297
1869 1930
1256 1645
1065 4506
3871 1019
4949 2925
2462 2484
4025 2643
1352 1277
791 4305
2043 2430
1574 2636
4650 324
1942 4242
368 969
3436 2901
4980 4056
4218 2236
3728 3582
3831 559
983 1811
4648 487
529 4274
2434 2382
852 1462
945 2264
868 4009
4030 2795
1867 2216
4999 2567
3826 3350
3904 3764
916 2029
4638 766
2777 1486
3792 1973
198 1876
2736 4696
2414 2159
4651 2982
4525 2191
1068 588
1950 2851
923 3282
1204 3493
724 3357
4420 3107
44 4640
3283 4495
791 4688
3650 4341
349 2041
4909 3247
1800 2725
544 4066
3093 1294
4574 3373
1513 3170
1277 3443
3411 1814
836 4561
2227 1358
1143 2125
845 2117
588 391
812 807
1145 2331
157 4266
1096 1521
4514 4242
4691 96
2575 323
631 2362
4978 115
4176 4437
4311 1817
2028 3609
3409 2998
3230 1732
1483 1605
3539 3858
3703 3725
2030 3997
2977 4239
4887 4203
3884 3086
1172 3392
4082 626
2566 3322
498 2045
1586 3768
666 2270
4059 2608
2983 1670
1051 1375
3151 4339
4085 4217
4012 2174
1543 313
1580 553
3715 3536
3132 4263
419 4423
2455 4574
4183 1869
2158 1456
4982 82
4728 2246
832 2051
1338 4538
2019 1961
4172 595
4391 3624
1463 2573
2424 3863
3069 4827
485 1539
3666 4965
376 4992
1430 1125
2881 4568
2179 3997
3605 2853
3763 591
1315 3646
3222 3342
576 1277
960 2652
3923 1254
1934 2698
3959 2032
4604 4388
235 1538
6 3515
280 203
1373 4356
1709 2655
2467 3304
1872 1354
4785 4451
689 3938
1427 2036
2077 1
627 1255
2382 489
4620 1549
2359 3981
1311 4021
3411 2267
1640 1243
4502 818
1992 1733
4100 3103
1758 2361
2709 1759
4017 334
2863 195
104 1144
1653 4217
322 4433
51 3723
2716 2944
525 2865
3083 2833
1678 3768
3099 3552
1120 747
1607 2509
2691 1826
3361 4582
3206 894
367 3361
1281 1211
680 1848
75 1527
3841 3358
457 140
4512 3067
80 3148
1185 2733
2789 498
1106 3686
1494 1457
2531 1116
710 550
3020 2904
2109 1113
2012 2826
3652 4887
4031 4238
3333 1473
3838 281
2986 1997
1647 4964
3476 4127
730 1041
1073 679
1617 4508
2142 4983
4044 1845
12 935
1431 1836
3594 398
640 2940
4082 72
2614 2311
3396 4053
2941 874
757 4658
3219 1096
4950 734
3620 281
1175 1515
2688 1153
704 3345
4374 751
4101 599
261 3288
1063 1819
3764 4426
4479 518
761 3896
3345 776
4430 701
4401 1793
2718 2992
4390 4587
3931 4141
423 4608
2991 4679
2038 1616
2624 4684
477 4757
3605 4272
1296 2909
2235 1480
4545 2988
4187 3624
4196 4490
3324 3026
4072 36
2563 385
266 3681
4104 4487
1547 1753
3010 1280
1 198
2447 2174
864 2949
3788 1721
3184 1543
108 4229
4073 590
2363 2269
1370 3650
3372 3444
4524 731
2379 3661
4238 1492
3691 4556
3654 1445
4985 4924
1466 2768
2231 1962
4934 1039
3117 2601
318 462
4427 1149
3047 1519
2081 724
903 826
3638 417
1411 2283
3711 4960
3506 368
2255 4137
3672 4269
725 1630
2479 3102
3746 4758
1966 2894
2966 3353
4507 1496
2102 4717
2450 2991
1541 806
2247 1734
4338 4220
3232 3141
1245 4111
3406 863
3115 2725
4756 1614
863 1633
1402 140
4282 3506
4821 1321
2678 3871
2374 2820
1185 4374
1299 3195
796 3458
3376 4781
327 1804
1657 3482
28 2052
1295 3678
2289 2764
103 4439
2193 2104
1388 1173
2688 3542
1076 4820
1749 4980
1020 242
585 840
3391 528
2476 4632
2869 2125
166 3250
358 2232
4281 1942
735 4033
2943 1997
3583 630
753 1927
971 4959
3928 3066
131 2046
3776 101
1108 4439
3581 3694
4257 3532
4601 1711
10 641
4788 2376
361 337
4878 3381
2108 1663
41 3435
423 3470
1253 4992
4238 619
3430 1788
4963 694
2303 1767
1861 810
1558 4266
2715 3804
124 2832
4260 3341
340 1665
3674 3905
2901 4922
2066 4860
4374 4775
4316 2772
3226 3316
311 10
743 1255
1323 1583
1068 2524
1577 4336
1830 1777
3781 4527
760 4381
4203 1396
3468 4445
468 3661
2093 4966
4103 2396
3219 598
275 2791
2603 2918
85 1527
277 4550
4494 4603
404 431
2307 4090
2524 4236
4345 2203
3379 909
2407 4612
426 1887
1390 1122
1048 1043
1840 4305
3979 2925
2088 958
4876 801
3213 1074
4539 3443
3619 512
342 1988
1309 2971
965 1217
2615 2070
2326 2341
2174 1746
2722 2514
4700 1608
3112 2758
4115 1153
42 702
2003 4050
3732 2473
1864 3875
714 4511
4258 3707
1410 4300
4307 4087
1228 254
1740 323
3230 4352
4665 3668
1089 3547
4955 4096
1547 1453
4362 4036
4474 484
4091 3172
2658 4393
2059 490
4617 1160
2524 120
211 1682
4393 4746
4891 3320
2220 3107
2839 1598
3551 3912
541 440
2670 4624
1423 2227
3124 3368
607 190
21 1532
1978 51
3566 2180
960 165
3965 1363
1936 618
3561 4889
4754 3884
1137 1726
2498 1306
999 208
4690 4706
2876 3237
2775 3542
3554 723
1189 1811
4111 198
3547 3793
111 2967
1407 936
1846 1753
3229 2339
63 4733
3114 252
4158 647
970 3007
1394 4151
1660 272
1378 3946
114 4534
3170 2675
140 667
512 515
2589 3284
4212 1998
2244 244
730 2743
2737 4040
2807 4811
1883 1469
101 4437
2771 2199
3589 309
596 4455
2367 4202
1768 2851
2272 4706
989 1538
755 2279
3384 4525
3797 2930
1906 1725
2364 3974
2988 987
3676 4936
593 3770
4566 421
1717 2672
2094 361
1618 3104
2391 3611
2143 3487
3449 4184
125 152
4342 4003
3272 4574
3716 1515
2881 4618
892 4251
4988 442
807 3765
2212 3760
4667 402
404 2313
113 2189
58 2129
749 3619
2128 1165
53 1981
2542 4993
269 743
363 316
291 830
424 473
2326 1026
3296 2015
2899 4943
499 3344
317 3881
3488 1831
3286 2856
2096 929
1879 1394
3773 4060
158 464
3063 4485
3493 4061
3598 4474
339 337
4498 574
3923 2266
4943 1584
971 2218
2236 1442
3060 2160
3984 66
4918 271
323 3154
239 4193
824 804
1076 3042
4910 2455
2924 909
3107 2973
463 4301
2333 4848
1969 2092
4785 78
916 156
2766 636
2540 195
726 4964
1046 3303
4241 3066
1092 4883
1879 913
1225 1601
3389 4499
124 430
4830 4936
2383 2045
1089 2554
4997 3359
468 2668
2544 3933
2137 2471
4079 3828
2028 4390
3619 4182
2810 572
1755 2681
1192 4116
75 1235
3185 3841
1541 2190
1308 983
2365 3064
792 4006
3888 2798
2264 1619
1133 132
4098 3366
4152 4191
1383 4844
3695 2184
81 1499
3491 1149
2810 3658
3271 4473
704 735
3265 2769
3231 3547
4394 26
1915 1902
1837 3802
2936 2118
4226 2370
3137 1616
1362 2623
4648 4954
4176 4136
3373 2703
3265 3059
1991 421
1842 3117
4446 3658
1238 2588
518 3451
3363 2461
2001 195
209 791
2539 1881
2784 871
2701 3060
2473 886
4032 2040
4115 2553
4740 1333
2283 2444
64 3054
154 2921
4602 2512
3290 3227
4630 4482
3115 692
4070 2117
130 2121
1610 771
4680 413
4622 3563
4820 3881
2458 3314
4548 2769
3844 2054
3708 184
1294 272
2322 2186
4031 2176
3484 3278
123 3896
2242 2531
773 1606
476 1948
1325 3268
423 2687
2770 235
2 4370
1239 1901
1298 1263
712 3242
1193 1366
123 2204
4225 4371
2424 2435
678 1171
523 1884
2660 142
2934 2903
66 4594
541 1229
4623 1590
4496 2809
619 4988
3387 447
2925 488
2694 1844
4796 4646
3783 4908
1741 838
2021 4891
27 1908
1643 180
3086 4238
1558 561
2608 3929
4846 712
4961 4161
2879 3570
1878 4622
3831 1370
3327 1939
2535 2320
3822 3712
1790 4141
1509 376
1320 2532
2778 1186
1834 2962
1418 2122
2713 4988
1994 2898
3933 2493
1040 3168
3693 3888
4929 1883
3371 2139
1331 245
858 53
3272 3565
3052 2225
729 1187
81 4498
3612 437
4556 3027
584 1694
654 2371
1226 3166
53 1691
4292 3518
4348 3029
3518 797
372 1852
2004 149
2238 3024
2914 808
4851 2834
3578 651
4711 2769
3185 1572
3967 3249
1776 1669
4923 268
2174 2436
567 4771
3290 1915
4676 3689
704 2786
1362 2510
1413 2645
4283 1333
4840 2943
1522 611
2048 1677
4288 3398
2011 658
368 1183
2550 4946
3417 4365
3365 3495
422 151
1126 2313
1931 4987
1023 2828
4304 4384
1441 4098
2321 178
390 2794
1313 4416
422 4931
4199 214
1807 4110
3580 1984
2015 2244
3982 842
4290 1699
482 3894
1028 817
2572 4842
2832 3154
1221 3145
3857 1568
1018 3094
1537 3381
1275 2587
1580 2184
4071 115
4415 2879
4118 3714
753 2911
1168 29
2269 2176
663 4942
4868 3825
2088 1461
609 1928
2756 860
2100 2944
3865 550
1110 3492
1412 4366
3185 211
1875 3106
3739 2141
2908 4007
1967 4073
633 1532
808 4023
2094 2306
3382 2704
1222 3931
3542 4449
2609 1329
1707 3009
2886 1504
2820 1250
1476 1818
45 3464
268 109
838 3020
1746 3255
4011 1583
930 3813
3990 2879
4782 1910
4625 1300
440 1362
1107 1886
1569 1441
669 1678
3328 1793
3903 4972
3582 529
2283 3329
2152 3184
3987 2035
262 3049
1544 225
3275 1845
3738 422
4321 637
845 4854
3701 2532
3551 3125
2763 4780
4607 4361
2649 3722
1294 2341
417 4560
174 1601
309 1250
915 2803
753 318
386 1965
4039 4007
3042 3774
2919 632
1060 4641
2747 3663
2361 1706
2904 4310
429 1267
387 4260
422 201
2368 2720
3386 4245
3604 2761
4003 3211
456 1025
3171 350
1135 4572
2684 3088
3113 2381
2304 4094
769 4077
1169 2398
2777 2804
2814 2210
577 485
2872 1919
4942 3098
2422 3740
1159 89
624 325
4710 3625
3954 4705
4661 1043
3303 3864
3595 1476
3533 2274
4922 3687
2114 4857
4023 866
99 2780
162 3541
3337 4761
1197 3058
2034 3825
3746 3090
4120 3917
2491 4091
1570 2154
4446 3834
959 2533
4632 251
4806 4457
1498 141
3660 739
1853 208
3468 4815
3600 2208
3119 2935
2505 4384
228 2852
4245 3458
2641 4889
3110 1564
2383 2099
3005 4350
3925 1591
4369 3088
4462 4413
2160 4605
4077 3627
3720 716
2049 4164
2885 491
4203 463
659 917
505 3398
1723 2179
3613 3912
2721 2918
4489 2391
4339 1111
3120 4193
1092 2586
757 3911
1678 338
2767 2844
1551 4890
4846 986
192 1294
978 833
4626 2846
384 4097
3263 1420
2666 653
1076 1360
4995 1141
3515 3136
2826 2386
1836 2448
1493 3558
1296 3275
3930 3697
3053 3825
519 4907
4581 1603
3436 3349
257 3649
3921 4014
95 3563
1336 4236
780 379
1933 2752
2001 1998
1973 2010
3035 2787
1127 1752
2629 564
1627 4922
2913 1172
3941 870
3085 1876
1856 3516
3322 1923
1841 4589
40 4878
427 3547
2252 1927
4163 3532
2583 3476
108 4567
578 4785
1656 494
4227 703
4735 883
1856 4063
2220 3711
3707 924
4487 4053
507 4723
2500 3209
3258 833
151 974
3047 3333
3849 3964
4804 287
4545 683
1250 4271
633 2018
4607 2799
4050 4832
4354 4893
2177 1971
4514 633
1437 4251
3561 4260
2185 861
3397 2664
2560 1880
1478 731
4421 378
1926 185
305 3435
1569 2962
1668 864
751 1246
1293 2360
2251 2502
1304 4592
3233 2978
399 3026
4519 1893
1400 3117
1076 3662
2926 236
2035 1143
419 2249
114 4488
3920 1723
4166 1942
3146 1338
1975 1428
2874 3063
465 3757
1689 4285
419 1563
3900 1774
1130 3822
2349 3827
505 2086
4513 2753
1223 1944
343 1241
492 2084
4786 3577
831 3090
4723 1565
2851 1227
4875 444
3586 4762
2219 4443
1805 4951
1064 3025
2210 694
441 3287
2745 3126
2062 3175
1884 4140
4526 1056
50 3474
329 529
4335 1581
3708 2498
3992 822
4054 2256
848 1542
3480 2132
2474 1409
1815 3228
3166 1823
1233 4044
4690 1749
2790 1122
1995 1465
1857 1365
2151 1350
2878 3745
1956 4595
2064 2036
1026 4724
3590 3343
2660 4663
514 1614
2222 2354
3768 3315
4102 3955
448 1821
3992 3027
301 3331
4200 2112
387 2036
916 4920
555 4895
2762 1235
2452 4450
3824 3170
2797 4015
4729 4709
1201 2709
2545 3501
2204 4673
1713 4665
1819 4968
925 3772
2061 1338
2036 94
2336 3368
4724 4100
4946 1696
2642 1582
1110 1380
573 4881
3229 2245
3789 1488
1565 3679
118 1015
89 4981
4094 3519
4984 3459
4334 1826
2607 1382
3638 3849
2543 1168
3887 2996
370 2548
4525 4135
1343 4944
2483 3247
1404 2082
2545 3122
4777 1745
2429 1897
542 404
3858 3531
3418 4867
3859 1361
430 2069
4474 4424
4022 3864
832 1116
1689 1748
2500 3037
1755 2041
323 3971
1455 25
4198 2006
361 2129
1328 54
1833 4528
1579 3825
3134 2755
4597 2593
1422 4154
4399 1531
1605 42
1111 4714
2615 1992
3536 4414
2878 4188
1344 4404
2805 668
4127 826
784 2236
2832 1400
3184 868
3354 3525
3344 3576
112 1037
4381 4900
3323 4487
3188 4960
2596 2365
3639 421
434 184
3911 4985
1770 1898
3522 3104
1770 4456
1173 4967
3666 1737
2529 4768
4554 3851
4181 4364
3446 4720
1170 4381
516 4739
4791 3769
1269 4989
2593 1425
3681 689
3542 461
3797 122
1910 3270
2007 4984
4042 3574
4808 3902
2761 2549
3744 4188
464 3556
2898 488
4851 4911
3939 3630
3393 4086
4081 2929
884 1826
236 4546
3418 2729
1866 4256
4145 523
72 921
834 2744
326 3531
1911 4451
956 1586
3426 3939
4985 3095
1259 256
1338 4128
1142 4681
2336 2595
2302 4570
473 356
3591 979
4916 4130
3766 1622
886 2160
4088 424
1080 1366
4879 1612
4750 240
1224 1303
3700 2627
3164 1233
4130 3061
2646 1418
4344 3839
2739 4577
857 3230
333 2349
4921 2348
683 1919
2045 4147
3705 3930
2049 4246
3030 2509
4270 4067
589 2422
3555 127
266 56
1218 916
3236 1876
1986 4392
4954 3350
733 1436
2675 4832
4974 2681
624 4278
563 3242
598 4170
4021 4728
497 1534
1858 4818
2912 4739
952 1575
2046 1774
2871 977
4505 2426
3128 4471
4871 887
2621 4339
1766 4984
3680 153
3814 1652
793 2474
2461 3622
1797 3706
380 2264
3165 3469
269 794
1425 1967
2777 3511
1484 325
2194 528
2605 137
351 4961
124 2849
3355 1185
4188 2730
4749 1096
1663 4075
3916 2904
4076 3794
4205 3686
2109 2713
461 2762
3538 1692
1988 3878
2740 4621
229 1959
1611 4232
4716 1386
731 3532
1076 3211
1829 2305
2445 1518
3736 3326
2401 4352
723 1226
1597 1878
2247 687
4408 2
2178 4114
2771 4416
893 2818
1664 573
212 2210
1223 4687
4186 627
2479 3478
4793 4338
2895 4326
307 4882
194 4986
1787 4827
4700 3695
1095 179
2833 342
4042 863
1097 2181
1142 1982
83 4805
4377 4178
2667 402
202 3399
899 1549
1161 2438
3006 1223
1937 2875
4933 2389
2747 1417
2949 4448
4142 2084
4943 4151
1551 1454
739 3189
2821 1028
33 780
2991 272
2060 3987
1838 4366
2591 4607
1142 1959
1017 1228
2728 3763
2885 2002
3290 2805
3946 907
3455 3875
1549 1985
2532 1936
4347 3877
752 3970
2301 183
495 156
1167 4317
3989 3438
2853 376
969 2832
3650 2061
4342 105
1825 3045
2855 3356
4548 1072
583 2227
4555 1076
4266 4217
373 2989
3859 4135
1728 3173
2432 3821
4702 2238
2368 1621
397 4493
699 4282
3819 830
1290 3054
2983 660
1069 4116
4069 4843
4888 4330
2068 2253
4755 422
3689 2588
2757 1652
3338 1965
1632 2165
811 2239
1129 2850
1161 237
2533 1264
1132 1712
955 2718
3218 1406
3988 230
1185 2616
2057 4247
2112 603
4924 2397
4008 3466
3498 2672
2959 639
2096 4376
836 305
3340 1363
1026 3330
1629 3764
4721 3822
811 2208
2642 1086
878 3078
2643 4617
2898 2689
460 2053
3145 1283
1893 4529
76 2374
143 1935
2497 4699
256 622
4964 904
3602 2391
3655 3137
812 2490
1582 1556
2247 3223
223 1148
3876 2490
1450 2556
2909 4454
4484 3674
998 1726
2645 3471
2655 2
2608 1739
4271 2323
629 4835
2823 2984
1272 2
161 3963
3195 1002
2157 2243
223 3268
1988 3330
3552 2416
3430 4709
4016 418
2264 1331
2754 504
4633 3072
2776 1006
4897 4450
3061 2067
644 111
41 4134
3123 4448
1823 1752
3808 803
994 2757
4275 2267
3790 953
4938 4958
3048 1242
4081 3996
952 1193
351 2445
3064 4267
4653 1424
2745 2056
739 1973
1784 3095
2723 1892
2851 859
1650 4000
4478 1526
642 905
4996 2780
1705 142
4453 2232
427 1806
341 1002
274 2221
978 159
2970 1292
1119 3522
277 2763
4590 2434
1918 3206
1247 4925
2242 899
3296 2783
4814 2597
4339 1844
4917 938
4433 2410
4898 949
3789 1350
1575 4313
3113 721
2296 4228
864 2437
4610 3516
2632 2340
2799 3647
1621 2373
1786 2120
4879 2819
303 153
2218 3767
2376 619
1921 3015
549 4842
1443 876
4131 3875
953 2242
1854 1939
2490 4071
962 3736
1226 3251
4269 1174
1821 703
4329 3706
257 1633
881 2338
2164 3496
4986 1126
3572 3675
3540 2356
1027 1247
4887 1486
3963 478
936 44
3243 904
284 752
3027 4412
4203 1365
1515 1542
4494 865
508 115
2958 4105
3311 3062
4628 2226
4767 1084
3172 3348
4717 2247
3565 2539
1416 2976
1472 344
4396 3838
4573 1504
542 1261
3876 2664
3922 2528
839 293
1586 414
3055 3263
1671 2402
802 2120
310 1443
1872 1555
3088 2370
1016 2173
3061 481
4890 4505
772 4350
1930 2339
423 3869
3760 408
703 964
1320 350
723 3081
4780 398
845 322
432 560
4314 1944
1599 1153
1185 3821
286 550
1417 4188
944 1192
1033 511
3340 4432
3042 2237
3410 4340
2081 466
4428 3674
436 4086
3261 307
235 4485
2235 1447
1434 2521
1245 2486
512 3175
2966 1821
3475 3192
4404 1981
2519 2638
857 3192
1738 401
2562 3935
3831 4343
789 2506
2425 662
3630 4824
1619 4037
4573 1166
3074 3132
1330 4279
636 2488
2014 4122
3990 464
4665 3498
4975 2768
3206 4558
4152 1868
2745 972
2843 2705
4226 1126
4493 4125
433 225
2666 1290
2758 3102
3482 3100
992 4967
364 3048
2201 781
354 3134
4569 3683
2378 4803
3972 4338
4973 3313
1011 3859
3183 4049
4170 2899
2183 1381
4846 3890
4956 3161
4879 3040
341 2928
4533 2646
432 4653
3956 2593
1477 446
1937 2501
460 90
3011 3929
3498 2082
4244 573
3014 2372
656 3678
3044 2799
3728 3073
3101 3066
775 4911
2835 539
4515 3276
1996 2196
3300 2854
4658 4347
4594 1625
248 4557
1770 2569
4569 4404
2119 4506
3968 1412
285 4889
3785 2703
4584 1999
3696 1359
3445 3799
3349 4140
4684 906
2072 3500
3905 4266
1338 4206
3167 3860
360 4263
1798 1592
3713 4902
2379 704
4073 4588
4817 119
2299 955
1880 2907
1324 3157
1583 4764
1348 1514
1559 2108
915 2956
2512 28
3425 1206
3503 3256
1772 314
4097 3080
1530 2244
2581 1840
2851 2515
3503 2692
734 2327
4313 4046
653 2120
4510 3888
3383 643
2332 644
829 2410
3088 4072
1594 57
4920 1055
3135 1052
846 2988
1720 3910
1460 4684
342 953
1093 4728
3476 2682
3790 4620
4560 4586
1203 2421
3599 4865
1016 17
281 583
387 2835
4793 2962
1360 2487
3269 2270
2525 3038
3592 3647
1220 2000
254 2551
3358 4003
1985 2181
3249 1045
2790 4156
149 2403
1779 2336
2364 30
4501 3140
615 3821
3744 4594
3097 2362
589 965
4478 822
4795 378
154 4810
3930 4363
4052 2511
3147 1726
1635 4801
4848 4648
3036 4597
3956 4290
1703 1815
2617 4039
562 349
4331 2530
520 1678
3141 4244
1806 3599
3312 4084
2855 3332
3790 2090
2628 2686
782 1707
3851 4724
67 900
4697 1038
1413 3379
4537 2451
4753 4764
4963 3185
1154 4813
4066 408
3231 4713
2950 4354
2248 3363
857 513
4248 4404
4870 818
3399 4515
4360 2415
2776 4976
4385 3595
4817 3850
3143 4649
3322 1273
4714 2491
2114 396
3866 1728
1881 4251
1986 1677
1789 864
3124 3578
2632 3514
3023 1875
1650 31
3931 863
3708 2682
2625 2980
2992 4543
2752 244
2983 660
3684 4297
2005 1511
2969 150
293 2502
2800 1413
206 1005
3106 3711
4826 1383
2546 1890
3601 2508
3833 3000
4994 1747
1619 1271
3520 3024
2547 3557
278 1603
3947 2699
4970 3777
3932 4215
3541 1790
4257 2699
1219 27
1166 1323
4840 3705
4126 4233
1679 2865
2457 4428
2013 3559
508 3003
1277 4378
1487 2751
154 4738
2047 485
474 3191
162 2091
203 4023
1093 4063
2381 843
565 2716
2782 2046
2646 887
3168 1384
550 329
1251 855
4090 3195
1505 2670
4095 4581
3121 4870
1663 2225
2111 1074
215 3423
3126 3497
978 3910
991 3043
1302 2602
1442 1746
4777 1618
3620 2298
4968 3184
4256 4647
296 2991
2143 493
3747 1328
3969 3185
3889 3743
3125 4736
4123 2438
1774 506
3261 4304
1370 2200
3983 3104
2377 4979
4296 2836
3122 4256
3969 3768
1068 4795
4424 2368
1413 4169
1411 2463
4947 4801
838 479
160 117
302 3504
3057 116
4230 3117
2048 3843
3414 1842
1316 220
556 4742
2971 1533
3169 2728
4644 275
1757 3639
1414 1702
4769 1191
4924 4775
3941 730
2993 3274
1018 20
1103 4395
151 4316
3825 1017
2778 2073
2163 1692
4975 70
2418 4010
3436 4881
4516 1484
706 2580
4156 3982
34 1661
1309 2744
3191 2167
2601 583
4661 3597
758 3
780 4358
2785 3461
3712 803
549 1432
4322 1273
1782 453
3139 3632
1772 1643
11 1849
4555 4300
3709 3732
2883 4869
3672 3197
1274 3874
4933 4629
1757 476
2102 1219
1177 1696
2554 3118
354 2576
4333 3516
3130 4758
2515 1831
4628 4812
3952 3128
1480 1769
1552 718
1919 1383
4502 973
3684 3831
1934 4186
2604 2286
1331 1477
1292 3890
397 433
3008 1951
285 4197
265 2691
2329 2750
1385 1937
3672 457
3482 125
1530 1582
1120 4141
4337 2962
697 4559
2667 3609
3973 2794
3004 62
3898 4581
3059 3264
3306 4956
4938 515
3105 2727
1078 620
1377 156
2646 28
410 538
2924 2781
3610 3045
2694 4189
2456 531
3655 1099
2100 3880
4641 3792
3282 4335
3222 2961
4079 3594
1376 4041
3668 1808
4450 2985
2174 2397
2973 617
2232 1038
4858 4877
2130 1936
2409 2005
1873 2750
3332 79
2844 1004
414 4557
4916 1773
3359 3434
3124 4704
4882 393
1439 3507
1 406
3912 2653
161 1632
227 4389
2530 4089
4831 3952
4900 1358
755 930
2533 2376
1946 485
844 1687
2121 57
3333 2130
1638 2303
773 467
2754 906
1189 4748
3916 482
2514 3491
3680 991
2063 1754
697 2621
3105 3411
3622 3518
4359 4536
3934 4819
2137 2451
4554 4412
2925 1336
4092 4009
235 471
3019 4968
4981 312
4145 4131
1592 2867
2985 4506
974 2630
469 2535
3611 1806
1887 2648
2624 1007
571 3566
303 832
4857 1930
2135 3130
4603 310
1700 2370
738 1962
68 1191
2515 2659
2549 4526
774 1475
4124 3348
4465 1032
3428 4345
745 4415
3437 2415
4185 2673
1103 161
4887 3702
3653 483
735 4714
600 1724
1129 4404
1324 4383
3092 1085
2614 2513
3904 3215
2346 3660
2195 2723
183 2962
1711 4935
4797 3400
957 4914
1675 4377
2401 4461
4764 1968
1473 2206
199 2860
2623 2243
1269 4406
4671 2265
4499 1865
2804 3033
4714 4882
2810 789
578 2447
2488 1146
857 1152
4070 2500
3994 1625
969 1981
2795 1594
2065 3433
400 1649
1592 3649
2521 2033
1773 424
931 4802
1579 2669
3893 3832
3164 3526
4387 3741
4909 4850
3081 3400
833 1669
4260 4889
4239 1313
4829 1949
3609 406
1347 2956
3131 3303
4930 975
2490 4639
4409 3725
126 1411
144 4052
3372 2348
3148 1818
892 1240
1670 4292
2283 2371
4710 3892
580 3209
18 4270
3629 2067
489 3757
2977 2417
1099 1834
998 2921
430 3036
4911 358
1779 4916
977 4660
1076 4867
3594 3056
746 2871
1420 2399
3295 3977
2957 3077
4789 1118
2598 1510
4152 1983
1925 2012
1226 4071
587 1703
2005 1883
2830 3511
1740 2885
3255 3560
660 1522
4242 2890
1693 154
3656 4807
4764 1476
1187 230
4973 1472
628 151
1254 4360
3979 2464
3592 839
4311 3178
21 4205
3530 2972
3024 3185
3245 914
2418 2012
1556 1514
3584 2107
3350 2961
4322 1254
694 448
961 2938
3059 748
2002 3896
3345 3706
1696 2409
2723 1015
992 1952
427 1840
2146 980
2213 2611
3099 1022
2251 4937
2164 4510
4272 4033
1715 1680
2146 3475
4578 1739
4906 3917
3298 3713
1872 4923
4898 1059
694 1440
1504 118
927 4814
2282 2696
252 1998
3521 663
3221 3280
3309 769
2997 4427
1155 1523
1853 4631
394 4225
4661 921
1116 3025
4933 455
4804 2070
4212 1329
2217 4701
3155 3438
3104 2004
3216 4972
4457 4401
4390 3732
549 871
1290 3681
435 1952
3000 791
1682 1184
3898 2823
675 1001
3072 4086
865 3086
2126 3316
2731 3518
2531 772
4936 1409
2002 1702
1863 2295
4100 4375
1310 4328
1125 4122
849 270
2009 2260
4124 4887
2841 2098
4610 1933
3645 4437
3010 2639
1952 3325
1272 3482
3266 3592
2371 2159
1703 172
4654 455
4255 2924
3179 860
2040 3864
4374 1085
4819 2970
734 746
4269 2011
2655 4827
2956 2073
874 2779
3336 1602
4686 1281
4296 4768
921 3294
1673 4536
4134 3145
1328 4906
3821 566
972 4729
546 4592
1217 18
3574 1626
4375 2615
603 2752
1469 4697
2547 3936
2542 4238
3061 2225
558 912
3145 4478
1328 324
3215 553
1312 1940
3738 300
4102 398
1262 1974
4512 4968
2501 422
972 1949
441 1965
1911 269
2632 3616
1120 2744
4243 487
3617 4663
4823 2596
4310 2223
4337 2198
1235 3267
573 2502
3836 1473
3415 4686
2607 725
3992 1773
2353 78
2094 636
4707 4085
2586 157
4580 4061
4740 3989
816 4492
4127 2021
3682 3189
372 432
1248 1371
4407 178
2784 3792
1666 2682
1457 2311
3978 2690
3884 1569
1215 2443
1223 2387
4357 4351
2078 1753
3786 1692
4562 2028
529 4608
1336 4735
1098 3464
4194 2970
172 3105
4693 3324
428 1225
1536 1575
916 1747
2145 2504
165 1746
4379 2688
1591 1042
2514 4213
4076 2766
562 1424
2485 1692
3135 726
3058 1249
2248 2541
298 2845
71 4124
2471 555
3399 2774
1720 2696
1879 4825
25 4603
4473 2732
4489 3801
3037 3899
367 307
4193 1649
463 4449
1403 3745
952 4908
270 4080
3081 2124
2027 4181
3176 3386
4404 1245
2328 2164
4452 1148
2858 3556
2671 1142
2935 3388
2345 1800
4768 1989
4758 3554
1223 948
1669 4159
2071 2751
1896 341
3336 2130
4315 1112
744 723
3995 2408
1830 4325
4443 1106
4442 315
3758 2766
968 1967
355 1099
1966 140
1244 2911
4398 4996
3948 2533
1953 2120
4924 554
4944 1747
2137 1722
890 3243
4605 4885
4146 2165
180 4770
2742 4792
2108 2269
3998 1618
3051 3397
3337 3827
2267 33
876 1493
2973 3730
4366 3874
4613 2136
1831 3029
2372 3836
3766 159
1537 2360
3512 609
1057 1564
77 3608
4088 146
3099 3914
4550 64
4298 3466
3123 4656
3475 4469
2274 1912
2196 1866
2195 4822
3250 4383
1354 564
1499 1634
3575 1889
1738 4245
192 2797
4574 1600
1546 3526
4654 1599
2472 4665
4884 2436
2979 2978
2043 2231
1357 2656
3315 1755
3622 1333
1018 575
3392 2377
417 3103
1625 2824
2647 3887
1289 2326
2652 75
367 1543
84 3905
86 2859
889 679
1422 3738
3219 888
2679 4467
4866 3349
3799 458
890 2833
70 926
56 4055
1474 1587
4020 1777
814 3647
3049 396
2675 4822
4617 3550
671 2065
3675 685
626 1122
2454 2294
4780 939
2586 2671
2723 3591
4395 3162
2488 4698
555 2995
1444 2997
4032 2096
4558 4815
2005 2172
1858 731
3174 3885
4248 4756
1667 4733
3611 1480
4663 3009
1703 2538
3877 1935
1940 2487
2061 2058
3782 262
4072 1466
4516 552
2126 1847
1377 4493
2020 4694
1831 2176
4156 5
614 2421
125 4201
738 1147
4308 2333
3868 4845
4784 3330
1212 3299
82 3271
4168 3949
3091 414
2429 113
2528 544
3407 3301
2389 405
2099 333
1664 681
1678 98
768 3585
3895 765
3968 15
4902 1138
3506 3156
3495 2649
1640 3406
1340 4573
2480 3687
3655 4578
3589 2513
305 3295
1104 1433
266 3984
1471 3301
351 3222
3849 4894
1536 736
68 4880
418 3893
499 1144
3435 713
1413 2043
1705 1917
2514 2873
2198 1708
3455 4206
1279 4327
4504 1541
2744 4203
4474 1653
3789 4105
4891 4566
214 1216
9 4424
1253 2181
232 3342
3854 911
735 3894
194 3200
1596 2659
3602 2303
2225 4213
387 4032
3268 856
1643 4893
1025 2628
4026 2085
1756 4252
4754 3192
3827 2995
3990 3659
2477 3018
3117 4471
314 867
618 1011
2791 1831
2910 2098
1900 3439
1289 4974
4031 4262
1584 198
2330 1793
2722 2217
2355 532
4528 1951
1060 2623
1538 1330
492 2485
4578 243
1423 4386
3277 376
3495 90
2671 2269
2898 2736
416 4234
2762 4709
2159 638
717 1806
2601 653
4851 1748
1280 4891
3632 3791
338 3936
3690 4980
3590 1978
3461 2969
555 3512
2978 1775
261 3918
4402 4774
1959 3185
853 372
4401 2772
2251 794
515 1876
4436 606
1945 4489
3033 2731
2954 3140
1965 2580
1100 1703
309 2336
2876 4455
4922 1981
2308 2942
2113 4176
2694 3620
794 784
3521 263
2698 1664
4219 987
1822 2068
4181 2375
3216 2976
2703 4759
664 827
137 3321
1720 4558
1402 311
813 4706
2300 1694
203 928
2931 4215
2865 2420
2125 2078
52 2444
3108 2109
2816 2530
2282 1256
3649 2789
918 2990
4608 4290
1751 3982
1635 3653
2962 3137
4883 1749
3716 3711
205 1854
2960 2659
1038 4116
3687 1510
191 4516
571 501
3126 3355
1284 4722
3832 3666
2965 3400
2367 2229
737 2872
90 4750
1182 3012
519 2189
896 1224
3960 1833
2193 1101
1607 1208
2101 680
4733 3026
4941 3491
4691 4842
279 1396
551 2841
3469 4472
633 722
1723 3891
2659 4399
4777 3456
4985 4995
2132 4905
4391 4277
908 4887
4590 3527
4581 4558
384 4863
2202 4694
1345 3169
560 212
1230 105
3285 922
3927 3508
4782 1322
105 3442
3073 2831
3199 4770
2350 3804
4537 2855
4177 652
971 2455
2699 700
1656 3002
2572 1127
3449 2226
3393 1828
64 1241
1396 337
4896 2941
1284 2367
1291 3627
2523 1161
2794 2763
993 961
3701 3004
3268 3778
4973 3730
1078 2822
1767 936
3486 4098
64 1607
2019 1615
4865 4553
1972 2733
4459 1587
2001 4689
657 1658
2971 1946
4931 1793
3361 2109
1271 660
243 922
4305 341
2218 1783
2100 4714
4302 2477
1531 3998
1225 2141
543 1461
3116 4829
973 3501
3867 40
4582 1607
3274 3488
140 3300
3150 4198
1494 2094
3817 2444
295 1773
3554 3992
3905 973
4396 2038
4906 4585
4790 1959
1528 2001
212 744
2432 4660
2497 2021
3884 3703
3037 4392
2804 2312
1044 4590
908 3773
1247 3402
1884 3213
3949 4097
2905 2548
42 214
1414 3382
2308 369
1694 1429
2371 1312
2083 316
643 4271
3492 4127
204 964
2264 3380
4976 1734
2209 960
3909 622
4068 218
3657 4376
3416 4442
308 1068
2006 3815
1995 676
3669 333
4229 3394
1209 3722
4034 3587
820 2335
611 4615
2117 1256
2516 4102
3840 2908
4333 3218
3880 3969
1342 960
2846 2352
1539 575
3941 1243
1404 4353
2712 15
2354 4323
286 2234
2735 3389
2152 2000
4179 4774
4255 3883
3596 4927
4662 1897
2662 4944
1045 2098
4163 1112
1951 3570
2797 3530
4515 1987
365 2749
3055 2783
3577 1928
8 924
2389 2164
934 3963
3492 52
2566 4231
1076 4221
4047 4561
4729 199
2960 344
4692 2355
4378 4905
3053 3666
4078 4697
780 1715
4875 201
4835 1366
4408 461
3317 635
4702 4035
4152 4957
3772 4501
2573 486
3062 3890
70 4437
3014 1317
3515 1511
540 263
3611 4379
10 414
2110 1491
4625 2743
2320 190
4659 511
3056 3518
1390 7
4398 3012
1949 4611
4939 3869
129 1296
1073 2693
1533 163
27 4797
4264 2870
3005 3679
4823 3280
2691 2914
4973 1962
3612 1349
662 364
892 2231
36 3504
4526 1038
848 325
3829 728
3406 2039
3212 375
60 3488
3889 2471
2253 2531
4706 1836
3246 2262
2666 1503
1868 4332
3158 1204
4741 2038
560 2069
4202 385
492 485
1668 150
2890 202
157 1709
3654 2226
3005 4753
2346 821
4581 1867
4146 2097
4388 4876
2425 4510
2255 1105
2574 2518
4447 4052
2546 4700
66 1329
4624 2450
2216 3616
3409 2117
3151 1321
1410 4690
598 2719
3110 2701
1443 228
881 1211
1086 1162
3766 2646
3302 2569
370 1366
1543 3972
225 4234
4866 3105
1839 3737
249 138
1757 4413
4200 4858
1955 556
4215 2719
3250 4885
2859 944
2934 4892
3191 753
1296 2378
1113 2050
1840 321
4529 4631
4219 3035
572 4194
1166 1945
3880 3583
130 313
4076 1320
457 1676
3965 841
682 3579
1317 2800
3612 82
948 4345
252 1636
4987 843
2675 1360
782 3305
4576 1577
41 3860
807 1988
1968 2087
4988 2179
1879 4558
452 4423
4207 4959
2664 1132
4743 2496
2002 1931
4181 3904
4576 1409
2220 590
2077 1013
232 952
3376 3025
4388 2220
4265 1251
1564 2724
503 2148
2183 39
2486 4868
1507 3272
1999 3606
2850 1852
2570 472
1965 119
1907 4308
2399 2702
4542 2705
4954 3851
1956 3872
2682 4477
3854 781
3803 2740
3907 3026
3058 1888
1923 4289
884 3935
4519 50
1295 3635
612 424
4828 4146
646 3466
2788 3574
1743 2051
3682 2734
3802 4382
4385 3238
2375 1015
128 1251
3126 2098
1030 482
3436 854
651 842
2345 3785
4758 4686
20 3752
41 1927
3904 1512
2929 2118
4634 1725
915 1050
2929 1477
4837 4530
2804 4492
2737 312
4555 111
2381 1349
262 4327
3483 2601
2472 4205
1351 3174
1494 1134
1883 4235
4044 3953
179 4569
4580 606
5000 2657
3868 754
1087 3730
1079 1431
2874 4363
3353 617
1655 1216
4845 329
3810 2471
858 3492
2673 4193
3535 4074
4774 3482
1199 2157
3564 703
3636 3254
4334 4813
164 1820
1185 4708
3602 4260
3387 4218
843 2399
1352 3405
4244 783
2935 2224
2115 560
3656 4703
3175 4324
4197 287
3149 437
274 4477
1474 2452
1624 4467
507 1856
1087 917
2549 3205
4746 2381
2217 3676
669 4253
4272 1890
1913 1807
2396 294
2165 1648
1415 1821
2519 1863
1484 2790
285 1326
4233 2184
1187 4780
3610 1637
4621 2284
376 1747
2044 2531
3541 2006
2616 460
1851 4479
1750 2315
4956 3973
665 1543
3888 1572
2602 1535
2839 322
2347 2267
1340 2704
1572 829
1145 3602
732 2033
4696 4128
173 4643
3824 1713
2650 1863
4468 1797
4916 1504
3747 4763
2854 2750
862 2736
1366 174
308 2249
3614 3142
1490 2262
3247 4373
2236 1721
2215 4918
3998 3687
1996 3985
2727 3823
2098 2456
2513 2259
3325 1901
917 3989
2253 2026
2125 1952
2223 1109
3130 402
4905 1995
2986 2853
2806 1694
349 1379
2338 4975
743 1126
491 1870
3184 429
1339 4315
1516 3865
4394 3327
3040 569
2466 1886
692 2438
13 1883
278 1399
3183 3187
2295 757
2216 1596
444 1899
3614 4664
776 143
4852 4248
3264 3509
1868 1386
343 1304
1692 1491
4826 2006
2253 2020
510 877
886 354
2592 3199
394 3552
1822 1792
2696 2546
3925 2132
4429 3120
3119 2302
2052 4592
1014 4600
909 3511
3060 4770
242 1457
456 1522
3329 1901
699 4535
104 3710
4900 1306
3924 4104
1960 1681
1542 4801
3575 4511
3463 1592
3416 3908
4154 3874
1344 674
1296 3138
3516 1742
615 1452
664 4812
4972 2927
260 1985
1397 1609
4371 254
3349 2390
2404 979
1599 1826
664 3687
1272 707
2246 1983
4788 2756
2949 2073
497 3668
162 2049
2274 1628
2872 3431
3433 895
255 1590
3847 2985
3116 3983
916 3671
3562 53
2186 4623
1019 561
1637 1213
3700 1598
2574 928
2979 566
4452 2150
1130 631
4789 3679
1942 3912
1001 2273
1115 3971
882 2338
512 2983
1526 4818
2256 2086
3720 3855
466 2023
2090 1091
752 4449
1977 3035
1199 28
658 1155
3412 1012
4159 4525
2489 2876
1329 3735
2272 4910
4960 3480
4973 1103
3562 1502
4249 1642
2510 2536
1159 4057
960 4813
501 2285
4163 2528
2554 210
1988 4999
2995 3414
2479 3839
4379 3868
2342 245
200 2687
2098 2745
2323 4334
619 3906
435 3828
3265 664
2850 3902
787 4006
3874 2595
1045 1425
2316 2266
4017 2746
1674 3155
2368 1847
2816 3578
382 3191
1499 1252
1283 4305
4524 1803
3672 248
4602 2844
296 2430
1407 581
1382 3992
1541 3286
3603 259
1534 3550
2876 1176
230 520
4308 2272
2121 3574
3469 4556
2388 3371
2284 2016
503 664
3046 503
4080 4119
3058 812
4795 2429
2730 3690
3398 134
4477 3185
4538 842
3085 2711
3669 1836
195 1121
667 2589
2929 1559
305 538
51 3318
4719 1507
538 3471
1767 345
1009 1108
3266 446
4501 4805
2981 311
3365 2461
1932 4832
4677 3303
28 4669
511 2460
3374 1283
4453 1061
3866 1783
55 3733
5 3613
4234 1713
4031 3781
1603 2926
4591 3058
2345 4645
4397 3764
4334 2564
4978 3884
1886 144
2963 4835
2889 4901
2776 4202
3007 613
1015 867
3624 4496
3509 694
3833 3793
4641 218
687 1478
655 1985
37 2103
1849 276
2559 4369
3838 996
2483 4595
4453 1059
192 3506
4102 1093
4399 4164
404 300
3996 4020
3806 2018
2901 938
771 4694
3822 4820
286 842
2098 4728
4921 2569
3870 2991
444 956
4428 4879
490 4080
2669 1053
1341 3347
3301 3066
1961 262
3345 3627
490 3687
2995 4252
3214 663
1790 1874
3072 4022
2830 3750
4874 4322
91 4655
3724 1848
3699 3530
1973 463
2686 1023
511 2146
2037 2411
4900 400
3924 1132
3817 4676
3414 3193
3111 776
1697 3037
3642 2190
4976 99
1593 1928
1170 4101
2080 3369
2565 4191
1539 2069
1898 1918
4260 4014
4096 4606
2075 3933
1132 3399
3704 3697
3618 2054
2263 1438
1241 3789
1118 4529
2746 2897
3711 2391
2891 3663
375 612
2594 3920
3594 2242
2560 2899
4326 885
714 2939
1202 1597
3367 341
4775 3650
175 1602
889 4327
2791 3802
2550 805
2934 4755
3324 3474
1829 4868
2739 4318
1709 2451
4609 3202
2662 2201
3852 3859
4373 4218
666 3049
1599 4087
1503 1708
3914 681
1806 569
4143 2508
4445 7
1332 4807
4768 3428
1363 1741
4727 1435
735 2025
2036 3366
3418 3531
1085 1635
932 4514
3819 2683
3355 1411
66 2890
2236 3565
3473 220
4748 2741
89 3005
4444 1629
2534 2201
834 1252
181 960
658 876
3988 1913
1153 4181
2810 3693
1434 1424
3815 2284
1553 1918
2373 4004
362 1326
1767 4755
4765 2686
228 1861
12 316
2929 3420
3401 1095
222 1990
3088 2219
2912 320
3940 3138
1723 3162
1858 2123
904 2187
1821 2939
3239 1863
2228 83
977 2987
4107 1255
1614 4405
685 2319
724 4106
1239 320
3498 1087
569 765
3138 1471
3592 921
2986 858
318 703
1275 2129
2189 2103
243 4662
4420 2306
3744 431
3900 908
209 439
951 4869
3619 1042
448 201
4884 1903
4234 4974
232 2032
2350 1100
629 4593
2730 4641
52 2832
2392 299
378 3309
3019 1969
4520 1984
4107 2531
2299 4234
3880 4611
3082 2176
3727 3144
591 3899
1864 3039
4855 2984
243 4281
343 3497
4378 2352
718 2398
1349 4076
1224 3308
524 2476
2146 695
2233 697
4536 1275
3750 4564
332 3728
2424 3641
909 2969
1913 2420
2313 3123
4581 4346
1486 2634
3970 3694
650 3530
4878 3804
2028 4690
1951 3667
505 1289
3567 3658
4593 4572
4536 3361
1229 4178
2155 837
2748 4848
2320 752
287 2532
730 3517
3335 1260
2535 4486
959 1952
1005 4692
2094 1471
1147 3564
375 2094
3875 3978
4535 2328
3998 569
1890 4847
3820 2026
4228 4284
3646 33
908 2168
3835 4878
652 118
3018 1469
4549 2607
2515 4338
618 2542
4265 4985
3228 1094
1023 4287
1496 3672
4160 4317
3692 2631
4880 1160
1535 4876
2623 3151
389 3814
2092 3583
1699 4227
4605 4011
3642 4803
4053 429
2248 3038
822 2270
1787 4582
4910 2889
4281 588
1900 4478
3546 3248
386 4919
3514 1452
3305 4467
531 3631
1208 187
4104 75
313 2821
1426 183
2501 1825
1485 4140
550 348
3637 4728
4660 2485
1730 655
3356 3116
3906 4891
3111 3768
3717 1182
1228 292
1854 3189
280 201
3979 3497
2017 1431
3113 4434
480 2134
2202 1459
4352 1559
1928 3263
4712 4620
2102 4559
558 3641
2947 1458
1228 731
4029 3311
4293 4924
3266 3548
3098 3060
1733 196
1732 3302
1977 2647
2849 1851
849 1443
1589 2852
2645 918
4671 1672
1233 4310
3461 2977
2682 4165
1737 2557
4969 744
321 3726
1216 2762
2632 1532
3556 580
3780 3289
3861 782
356 4337
483 1014
1938 877
1698 2469
1663 2750
1732 3005
199 4725
2575 1370
547 4793
1914 4033
3154 1264
1739 492
3869 4981
337 3718
2029 4535
1431 1067
1900 3164
4939 3576
1407 1466
3894 2501
1036 511
2313 3264
1024 3571
2863 1753
915 1240
3529 4444
658 2268
877 2245
1942 2006
3485 4584
1479 2577
1266 1454
895 4684
1063 3091
509 3681
2597 3687
4655 615
103 4806
2672 4387
4461 1957
14 3286
4075 90
3114 4295
2599 2419
3476 4917
1372 4368
927 4875
222 3030
897 4723
3117 1829
4344 2373
1280 4880
939 4581
3260 4248
636 3701
85 2799
3046 2801
3300 650
2586 2925
2899 879
71 812
4408 1668
4555 2780
2363 2089
4442 968
1399 4965
1806 3144
410 2521
3205 3177
1342 512
4290 4843
1889 1080
1464 1233
2389 4075
2594 3616
3948 3601
1146 3203
2299 1158
4222 3552
996 4706
1400 3983
1081 4385
2079 1696
3541 4720
2937 1403
703 551
1214 3228
3990 1571
3585 3997
2334 4380
1409 3279
932 2220
1505 3653
824 1931
3461 459
2286 2393
1061 3006
331 662
3376 3285
4079 57
4425 1949
837 4868
3140 1717
92 1297
1699 1381
4771 184
1834 2521
2136 2877
827 1050
1996 4003
4639 1681
4897 3047
4337 2145
4331 257
4369 1789
4539 1111
2522 3013
1580 1230
1860 3441
1669 501
4727 519
989 1156
156 1206
664 2257
1243 3396
2962 173
3498 1374
2605 3499
3154 3688
2896 3661
4658 98
1175 4090
2691 4662
391 276
1833 1485
3844 3519
4013 3516
2947 1218
4125 3301
569 715
626 625
4586 2386
1554 3793
99 9
1535 4972
4208 2775
1402 896
4593 849
1942 2259
1884 675
2537 3639
1671 1486
1580 1542
4299 2696
1582 1368
809 3744
3763 1634
3895 1820
557 2749
4112 47
4247 4139
516 421
317 2384
4965 3865
1608 3262
4957 4746
2818 366
4711 1131
1409 4971
3431 4423
2497 770
4966 2733
3150 993
589 4722
450 1951
4686 830
4656 4686
4402 4887
4376 4465
3334 3006
3642 4285
4564 1648
2544 1684
366 1505
3636 718
3158 4007
2902 3905
1766 52
3902 878
1542 1174
465 914
4159 2713
2573 2846
2687 3047
2653 91
2017 1590
2793 1337
4295 3577
1332 203
2327 324
2778 3804
28 2622
2776 1625
3071 2423
2439 188
4306 3397
2721 2002
3002 1663
2079 1219
2918 1431
2130 1926
3931 1412
4910 803
1711 3770
1281 1352
297 890
596 2499
3591 2125
16 4906
2173 2389
1349 1766
999 3956
2898 4395
4225 1001
4660 2020
4928 2029
769 3687
1034 4712
1919 707
3693 2729
576 1944
3260 835
1141 3426
4281 3779
1280 2229
3242 3716
4121 4999
4260 509
4249 1316
3539 2195
234 3527
846 759
196 1540
1917 1908
381 505
4745 2099
3732 3244
4082 3667
579 869
1448 4951
670 857
2244 4071
649 888
2459 1468
474 3077
2352 4289
4495 196
966 3721
239 888
4285 122
3583 3386
4981 126
3627 1611
640 3501
924 4496
1253 941
3948 1352
3074 316
2539 2657
3332 731
2504 3121
83 3448
3717 2712
3770 1069
2825 3184
2183 3972
8 4911
3670 597
3469 3456
931 3197
1679 2713
4927 1345
2656 1017
1995 2596
3323 4468
2398 3833
75 788
224 3181
3698 1804
1432 2987
4116 1754
3820 744
3955 1261
298 1010
2192 779
3727 2814
100 133
2502 1522
1324 1382
1488 1874
2842 4062
1005 4217
1883 360
3117 3290
2866 175
3660 4433
3958 3321
57 4328
2121 2639
193 4007
516 2950
179 1111
1344 314
3155 1229
3398 3419
911 1377
2567 1094
3386 1240
3447 2952
3472 4068
3056 2360
522 3401
1102 1995
1744 2127
1708 4630
2291 2299
4551 2259
473 2624
2752 3793
2457 4536
972 1821
4048 2494
3526 2229
1039 709
2625 3924
3138 3039
889 2383
3199 4496
2099 1536
1166 1585
3294 189
2784 4052
2901 900
122 1479
3227 4334
2624 4413
413 4668
4331 731
3453 2346
2663 1906
933 3977
208 701
398 3282
4742 159
287 4790
2840 2815
3882 1501
1113 2716
4220 782
4678 144
3874 4668
3977 2345
738 2330
2362 2486
3439 242
4744 4744
4444 3027
1027 1444
530 1243
1034 317
4890 3222
4274 1143
2185 845
3122 823
159 4245
3835 4812
2832 3065
1533 2681
742 310
550 1637
3173 52
3024 127
4550 1330
4356 4422
2664 2071
1216 4132
96 2950
3348 888
796 1232
4354 3760
1196 3112
4419 446
4429 1164
4523 2453
4408 1512
3531 1482
4026 1756
91 1755
3771 4423
394 2775
4946 1724
779 4339
538 2826
163 3727
2302 507
782 1068
2563 1663
580 1053
3958 4282
825 109
1341 2193
220 4349
981 3879
3879 3662
4812 1720
936 2045
4585 2894
1145 1991
1395 4367
1008 4347
3609 372
3663 3653
3246 1366
2567 1199
3393 2907
1513 1890
1300 846
2047 1571
270 447
3718 4707
1874 706
3286 3501
2574 1344
1979 628
198 2841
4497 822
3858 4864
2972 913
2713 776
1536 3849
718 2897
3416 4607
2904 2651
2680 4378
2119 4448
1535 2642
1917 2211
3492 457
2309 200
1262 4474
153 3170
98 3852
155 1448
2087 4820
890 1337
4431 2927
4633 1830
3490 2570
3768 2428
81 4834
1971 1262
3440 4864
4355 1646
2090 4057
4875 4545
2 823
4445 17
2023 1262
3379 3049
3760 3747
1060 1481
3358 354
1575 2790
3584 394
739 2041
1461 2670
2910 623
43 861
768 575
4202 5000
2177 3562
889 745
4113 2830
2861 4569
1569 3143
1474 3118
1244 2865
4331 1140
4758 1100
4574 1109
1893 4807
2029 3027
1744 1881
1401 3429
3059 2024
642 2391
1460 3336
2304 296
2327 4206
952 2578
2534 4647
1520 4286
4710 1762
258 801
3550 2695
940 4667
238 4621
4747 246
1842 2979
1018 3909
2186 2093
4377 289
2192 2796
2513 4421
4827 933
2187 2038
3995 4377
1935 3306
773 498
13 718
778 4737
4195 203
4254 3405
198 763
1502 3064
4590 3751
103 2667
1148 2883
3461 2543
4777 3508
1054 3614
3121 3984
387 3284
1237 1569
980 3614
4313 3900
4251 2437
2271 909
3233 3214
204 3080
1281 4484
919 2818
3293 4470
4003 409
3642 3568
1480 4592
3063 1944
520 1741
3505 1260
1386 565
532 2326
1794 1249
4200 2479
1478 4144
2568 144
401 148
679 365
2659 3899
3649 4730
3606 245
1374 4275
4545 2148
1058 873
3953 1010
689 1597
2632 4125
1433 1239
1777 2449
2175 2497
1629 3345
2643 4652
4694 787
354 4305
2896 3168
1098 3580
3212 3444
2885 960
4849 1798
4384 1632
2648 2714
3614 3281
2375 2477
1433 1016
4174 2814
288 28
2763 916
3362 106
3188 2758
3262 2640
1780 774
2440 643
2304 4245
982 4704
3276 2377
3445 3430
3903 939
2573 3192
3018 151
4299 3664
4594 1980
3358 2360
3309 940
2731 556
3438 524
1975 2022
123 3123
4031 818
485 1483
906 4563
3833 2529
3082 1406
165 2772
1112 4178
523 3185
2564 2551
2259 1452
1322 440
446 4178
4261 2936
4951 2678
246 4402
724 954
17 862
3297 2484
1181 674
892 1173
3138 766
3481 3463
2775 4001
2763 2552
4739 2561
2665 979
18 1260
3206 3591
3444 3015
1330 1436
888 1177
301 4712
198 2175
830 888
3165 1561
2786 2408
2633 1558
2149 2954
151 780
87 3785
4279 4600
7 1303
2185 1814
1570 724
2577 249
4075 3787
3625 3156
3229 1104
498 3765
4455 2476
1454 4640
4161 3505
1239 3721
1670 3477
3013 14
1336 3734
1756 2235
2143 1790
1537 2230
4814 2548
1716 2533
745 3263
237 168
2076 2279
300 2530
95 1425
3024 2189
385 2001
2596 4184
4336 4722
131 146
2599 3155
4673 2976
4126 171
3908 1104
467 887
1423 3283
272 1768
287 3296
2824 3165
3383 841
184 3380
1183 4604
1688 1598
4381 4656
2053 3626
2581 2237
3774 4792
704 690
2126 3245
2586 1226
780 2949
900 3734
4865 3434
2788 1326
4411 779
2273 4475
3487 1065
4533 3407
4130 1103
4602 3533
3547 4999
3225 1170
1203 286
2486 594
2683 1427
2432 2377
3625 4443
1822 2751
2996 3052
4335 3526
4005 4724
828 2000
2205 3360
633 4330
719 3038
3615 3745
4518 4427
3088 1595
1315 821
929 4940
4762 3648
1615 4717
1636 3956
2806 276
1855 908
846 4550
873 226
3531 892
77 1569
1001 2740
4054 3107
2941 1851
178 158
1375 4659
500 2226
2332 32
3945 496
4171 3587
2902 2011
2691 1254
1727 4738
2598 699
1456 3258
2287 337
528 4721
2322 4811
2193 4610
3117 2510
4574 370
689 1272
1766 3635
4712 449
586 2008
1736 4926
1551 4546
637 3044
2199 2070
2456 4716
821 4159
4587 1112
4302 1109
1482 2659
2089 822
1706 805
4072 4534
3167 2483
2529 1314
2468 3399
1918 4721
105 856
1974 372
2442 30
652 1062
4600 4964
105 1725
4257 2575
3668 2927
2618 3904
374 4342
3997 3056
1684 2391
4815 3231
1576 628
451 1831
325 4373
3073 4570
4344 1306
940 1596
2957 3125
2950 4168
3439 4110
1025 4586
4610 556
3790 3509
4286 2483
2853 3655
1123 199
1570 664
476 4636
322 988
269 3765
2142 573
2473 4358
3346 1442
3215 2922
1218 458
59 4582
3790 2326
1946 3516
44 1484
681 1175
1813 3015
4392 607
4065 2509
3870 1287
921 4113
4397 2517
593 2912
4083 3620
4809 1921
240 2014
1775 1798
1629 3019
2621 3336
1534 4502
2743 1048
399 4969
4733 1577
3492 4522
1243 4408
1496 1944
2316 3722
3345 812
1895 4200
2375 4256
4859 1995
2286 3085
3314 1875
2228 3446
2334 252
1670 3991
807 3721
71 3630
508 1846
2543 29
3249 1031
3549 2494
4402 700
1023 4359
3690 2606
607 929
3220 4996
3925 3646
2821 465
76 887
3908 3819
4646 4045
257 2441
1880 2376
2747 1892
710 2365
823 3317
1173 2795
945 2884
4727 2062
2603 4476
4057 1774
4783 1032
1057 4028
3199 4157
3955 2567
1233 2502
268 3140
1892 3517
1861 1352
3804 3322
3982 3876
4523 3856
3648 4700
1358 4101
2137 1863
2935 2445
1599 1170
4389 1584
1491 1772
2820 3586
2491 4223
2005 1767
2504 3491
2005 4766
321 850
2693 2052
2744 285
2098 4670
1328 3616
4548 145
669 3171
2930 2139
777 4994
2148 1900
3449 2795
3977 2933
1595 2416
3854 4426
952 4210
1367 1634
3189 3600
503 4333
1710 2239
3286 1933
3130 3503
3866 1427
4720 391
4853 1741
466 1647
2069 3252
387 2546
1555 3447
242 1205
3895 2590
3905 165
4844 4068
4712 4425
2122 382
1389 1754
2510 1284
2986 4091
986 676
948 1269
165 871
3079 579
1046 1179
3016 2533
4739 2846
4929 1520
1242 1947
887 4110
3896 1477
2849 1482
522 2289
1607 331
4441 4884
4382 1329
1015 4078
1887 112
4010 2516
4250 855
1358 2255
2518 2475
3195 1741
3971 3025
1022 379
4814 1554
934 3715
1645 4070
4061 2985
273 728
3717 2727
1707 735
3040 1065
613 4544
4867 294
3040 1739
2797 3038
2135 3314
2221 3877
1262 1192
4082 3339
4502 2123
807 800
672 3761
4854 1222
470 319
343 1980
2938 4728
3567 3283
2036 3417
3437 823
3080 1805
339 4435
2270 1498
277 4119
2425 4935
222 3386
683 1144
4862 2038
3992 1175
4111 2804
482 3478
1819 2525
4257 1171
516 2187
3352 65
659 1664
3508 1899
4450 4805
3818 3994
726 3643
4055 4702
1944 923
3911 4182
3435 755
1985 4811
463 989
486 1285
4474 3171
3924 165
3216 3775
1217 3648
1427 3124
387 2156
384 193
3930 4227
3238 3861
3972 4230
730 739
391 2246
4507 4484
2297 902
657 4176
2257 2991
4734 994
522 2312
534 4407
4875 1635
4503 4913
2698 4572
160 4791
497 4047
1758 2461
2491 339
4312 3343
1364 2916
4073 2966
4067 2492
2214 2659
2198 4368
316 4380
2784 501
1471 4791
4973 4043
410 2334
4779 4351
2098 4925
4011 737
358 860
3431 1604
3099 1609
1868 1884
3184 1593
3527 4480
2335 840
3980 2471
3174 730
4474 4843
1032 3269
4846 4554
3007 2485
2827 1051
2262 345
3085 63
2727 4973
1702 833
586 720
2600 3440
675 462
2701 695
3118 1694
1572 328
3289 3199
817 3171
661 121
973 2661
628 3158
3037 3387
2111 4279
1093 1333
2532 3742
582 4794
1846 159
3198 2120
468 1765
3830 3995
950 1464
595 2620
2736 1087
397 1316
2751 1598
3249 643
4441 1094
1894 692
1206 1430
4117 107
3255 1098
2468 4368
2123 2864
2775 2401
4979 2035
4805 2801
3020 2060
2729 609
1518 283
309 1641
3570 731
1447 1307
2924 4079
583 2150
1042 2498
3625 1465
3252 30
3883 4553
3763 4436
3336 4927
129 3464
4649 100
2454 3968
1410 2100
1427 2624
1448 1865
3828 1144
3809 4103
3055 2273
4241 2487
4757 4818
3018 3984
1029 3750
2532 3407
4023 4235
1664 2199
958 1118
349 4845
2812 983
1490 3149
4576 1925
2659 3911
4258 318
2498 131
1715 2494
4837 2549
587 1906
701 153
3868 4327
1557 2764
902 2674
4773 3929
2 3631
4974 1727
1273 4065
132 2240
319 1935
4713 1047
4921 2409
2490 199
560 2094
2313 2159
2972 3776
4308 1229
420 4740
2919 214
528 4384
3507 3536
4387 4340
4061 4076
2565 2573
3797 1142
2790 1407
4922 723
2208 1011
209 485
3890 4796
2293 592
4199 2858
3396 2993
3284 4461
1359 3517
2900 2407
1448 2215
4506 1974
2745 4667
4512 4949
3895 725
4459 465
4761 2208
3079 1943
2070 3358
5 2525
1123 2904
1016 1160
4090 4602
4875 2244
3644 2593
1329 3477
1080 3569
3833 2431
3490 256
1249 3932
3772 4625
4258 4078
2514 589
3729 4369
1866 472
405 2599
694 2823
3588 1992
1181 2356
871 3090
3098 1435
36 1069
3939 3156
1703 1514
3464 2995
4628 4742
4104 23
77 1009
1671 3381
3832 2026
2425 2812
632 3421
3481 4063
3673 1309
612 2724
2428 3709
1061 2209
4627 2339
1375 2390
897 2726
4293 4966
1312 66
3735 2875
2343 772
4021 3409
3178 585
429 4344
2126 3741
4983 2204
2675 1478
1861 4642
3593 1862
3808 1776
4107 1172
4994 4642
4077 1425
1880 3847
284 298
2459 2210
782 3307
4748 4088
4064 1692
2387 3462
3196 4761
1822 2580
4759 3147
4688 3260
651 880
3772 1551
4538 4246
1731 2577
3065 870
4407 2749
3244 1655
466 1678
1690 2417
863 2341
4351 1208
4572 1219
214 2265
1135 4235
803 987
403 3277
889 3055
496 2616
712 819
4193 4732
4633 2725
3013 3029
4135 3006
1792 3292
1635 3461
1105 2513
4400 1165
20 4151
4415 2567
1371 774
3868 24
1358 4796
4136 2058
605 173
4051 1646
1891 3623
1674 1412
3785 3563
2000 1254
287 4151
601 797
1404 1139
1040 3618
4387 1679
4427 4930
1865 4391
3659 875
3192 1061
3984 3280
29 2754
1157 1209
1467 4583
1547 929
4729 4993
926 2762
1306 1874
338 2336
331 768
904 1932
1333 2967
19 4261
4216 3338
2101 553
756 924
2019 332
4404 2171
904 2498
529 728
2326 180
4864 3628
4171 4184
1669 4814
4309 1821
1728 4460
46 2388
1794 3205
4320 2788
1167 3467
238 2202
4534 150
3641 4739
3312 2969
4319 4173
2082 474
468 3706
2339 1827
4743 1703
534 1893
4223 1008
3948 1454
193 1856
1035 294
1757 1577
3528 3987
1243 2328
8 1484
924 4218
3354 1831
4731 868
1783 4433
2663 1585
769 2746
919 1855
1650 1948
1714 849
991 287
1610 2607
4913 967
2392 3976
3075 837
949 1601
4294 2051
2959 4697
3113 4562
3551 146
977 3057
1931 4096
2251 3230
3500 2106
2764 3508
4803 1827
3977 2923
1802 1742
1328 3491
4637 1389
1040 432
2866 1835
810 4730
2640 3312
1957 934
4558 4203
3254 4867
2607 4961
3233 1166
4921 3761
2402 599
2445 1346
4543 1560
2085 3163
1273 3559
2492 1011
107 2360
2077 483
1893 313
4669 279
3981 3366
4568 1508
3440 3250
2018 4296
4290 67
2496 2442
1573 4374
2012 1120
2438 4859
4934 1138
605 4766
610 283
4312 4931
899 4048
4702 3309
179 2962
2261 2400
454 4839
451 3176
2332 918
1724 4863
68 4367
3234 2636
3293 3024
4592 2757
1951 2808
3660 3760
4886 1026
1507 426
1105 484
2591 2711
2720 2119
161 1281
3912 3773
1024 1388
468 2101
1992 3281
2684 2963
841 4173
1409 2248
4804 2269
3291 1130
3866 503
4268 2075
3936 3283
3555 4740
432 3278
4067 306
533 1936
3454 1697
83 3299
163 2255
744 3314
2247 3697
193 869
2347 3171
2759 1840
190 275
1696 253
1162 2900
868 1581
293 3858
583 2377
2724 4060
3158 1449
1598 3997
1068 1766
203 1990
2655 1553
4740 1530
2192 2122
3286 1211
4546 36
3149 3170
4053 725
158 2749
3827 1659
660 1772
4904 1194
142 4872
3787 351
265 1000
3342 3644
1725 1302
1897 997
4131 1553
3331 2331
3934 1628
1705 3013
99 4181
616 2457
306 4989
521 574
2971 1221
1593 3004
1333 3637
3388 896
2789 4957
686 2024
4780 3594
2112 3873
4035 266
2200 166
3319 3362
299 2715
2788 4493
3250 2117
3807 4339
3389 3101
4015 2016
1131 3762
339 108
3002 2890
162 4665
2043 2424
3849 2808
2777 300
1799 1290
180 2919
3516 2476
4833 4147
3684 1394
2706 4692
3208 1015
606 4665
3025 562
3482 4509
2960 225
282 3384
3376 4245
3541 1103
1223 2152
4785 3031
4247 4542
2123 928
676 1956
4197 1045
1138 2293
1030 2638
237 3705
1734 1975
3553 2284
3735 515
273 1658
4837 813
419 2195
2467 2883
3892 4550
4431 4042
1128 2936
2945 3272
1073 4932
1574 4819
1731 3749
772 676
3684 2208
2018 3332
3011 937
4475 421
4032 2359
1037 3892
2563 2411
431 485
2335 1801
2377 1281
4174 1799
1080 3877
1242 3863
1856 2929
2264 1502
1774 4795
1442 4349
3546 430
967 3885
1742 4841
4777 4090
4390 3308
1079 1052
4438 565
824 940
2825 4154
653 1
3382 3333
2105 1879
2587 3192
1599 4313
4053 3434
4326 289
1518 1954
4174 1293
2121 1996
1691 1466
3117 2495
3292 397
410 2378
1498 4420
4540 4528
3070 1190
1016 3183
1909 1906
2887 3137
3658 534
1277 4138
4912 3127
4349 3915
3829 3477
1892 4324
2699 3562
3238 1475
112 1566
2632 1626
3037 2842
3923 4536
1306 842
4565 1580
1293 198
928 1607
232 2233
1853 3615
3502 772
3921 4546
323 4299
1700 1741
2588 3720
180 2628
2135 1813
1228 1448
211 212
3146 10
4599 4545
3369 2283
691 3371
3015 2573
1933 65
2842 3651
1459 677
4490 3238
1034 3484
2001 3369
3340 1274
3732 382
3785 4818
3232 4568
1502 3698
2493 7
4340 4259
3487 4267
4882 4558
550 1659
4778 4648
4358 2417
150 3339
3388 3667
4579 2819
2312 2857
3273 1749
1432 3560
1040 4179
3509 2103
1350 4411
4658 2110
2664 2336
2610 149
1307 1892
369 4246
3504 1170
2282 2123
2756 3061
3850 4531
4163 3974
3427 475
708 2612
1676 4050
1732 706
1329 4805
