18
364
156
86
108
380
123
30
111
503
47
256
596
225
237
577
538
635
222
286
296
531
25
32
482
549
133
196
35
257
83
137
356
513
15
127
665
34
53
143
566
245
115
32
183
533
572
264
266
94
473
115
282
100
150
111
172
184
135
130
602
380
130
645
63
450
445
346
89
110
342
14
276
525
12
143
655
352
236
167
354
281
89
261
511
281
496
357
297
101
45
95
253
160
401
374
288
339
440
145
689
86
521
144
135
17
355
418
55
212
133
109
28
181
342
30
149
68
443
524
130
222
296
196
75
344
394
113
215
302
510
46
454
179
347
25
250
136
593
382
180
85
257
28
643
199
302
156
399
10
297
403
42
29
120
469
16
328
8
395
71
107
175
417
208
21
55
268
477
447
137
318
71
244
9
221
67
323
37
121
190
166
187
182
39
293
238
175
205
582
135
538
526
17
11
390
63
168
78
34
372
14
484
76
259
59
536
30
336
79
217
150
413
614
256
206
79
292
417
59
363
446
103
58
47
51
408
480
103
17
147
33
523
162
31
119
231
27
205
26
109
159
76
266
432
168
386
371
316
26
342
119
458
338
349
386
148
181
13
190
564
51
64
353
564
312
531
304
628
20
114
306
55
24
47
440
346
12
319
220
391
47
96
550
720
262
439
147
63
59
621
377
385
217
411
340
374
110
262
275
66
117
31
57
5
42
56
90
274
385
246
235
199
369
361
321
326
346
509
221
28
491
130
510
11
420
3
340
54
567
193
722
65
409
24
71
528
335
94
5
330
61
149
58
70
136
303
390
427
56
313
248
233
353
63
195
358
473
453
64
190
353
163
265
358
417
127
222
271
194
124
145
17
122
339
608
151
83
104
477
259
332
148
24
44
226
72
2
118
325
237
226
473
10
370
316
185
253
101
375
60
533
353
651
253
304
99
8
64
13
226
81
25
47
346
198
459
243
62
586
378
127
136
2
340
248
9
103
575
14
151
477
308
206
182
141
312
34
443
246
73
396
116
150
472
61
118
354
156
496
152
43
217
484
315
34
557
202
135
32
451
527
138
88
555
21
335
380
453
528
430
382
59
194
193
108
67
350
431
22
106
301
51
128
288
247
160
67
530
119
101
211
172
253
561
424
47
114
476
585
150
185
327
476
10
95
511
34
566
276
381
168
291
676
225
46
291
203
307
212
25
7
540
147
63
447
96
248
270
236
173
163
120
64
183
51
215
313
188
260
143
539
330
135
87
61
446
206
419
74
158
414
167
238
622
440
15
177
159
437
191
50
298
79
281
22
33
68
134
485
383
131
587
214
297
367
284
272
133
471
669
434
319
18
38
389
218
304
429
103
322
350
69
372
256
319
263
327
522
221
93
100
465
162
423
476
220
10
496
397
198
101
155
519
122
232
754
68
72
17
357
377
393
214
90
10
290
190
3
168
85
55
283
187
520
119
42
460
624
55
510
117
567
301
59
162
64
209
168
74
613
64
116
613
526
114
105
368
233
469
502
138
284
104
248
113
400
223
221
2
288
44
301
165
398
151
120
55
35
140
264
331
163
363
319
351
4
114
154
342
184
439
682
322
337
103
312
607
68
430
344
124
76
85
540
96
123
107
157
155
234
591
121
103
302
109
256
519
139
185
220
115
426
254
377
193
162
452
283
453
258
628
166
73
443
180
251
153
160
352
274
123
627
203
199
340
53
123
472
620
707
282
102
129
192
151
126
221
320
398
287
99
214
276
216
137
160
567
121
78
606
220
169
446
228
368
84
95
220
61
557
336
675
203
132
68
80
302
354
17
339
74
130
108
24
296
297
263
174
403
217
221
448
276
65
90
341
113
395
197
77
208
433
30
160
253
687
10
247
176
465
253
179
142
451
128
462
179
697
285
208
36
230
84
372
58
151
529
136
182
121
300
279
146
18
196
306
239
510
227
559
80
670
156
508
232
295
68
124
24
19
334
209
114
96
167
191
402
123
80
313
257
211
199
22
15
289
38
259
157
307
68
176
706
98
21
458
152
35
66
332
406
121
62
60
565
272
392
491
336
412
301
375
76
156
8
290
172
132
255
567
415
90
488
210
143
141
255
423
102
58
206
686
669
217
49
296
411
397
530
108
447
105
98
136
129
273
18
238
369
449
599
158
30
518
7
109
123
517
142
26
425
297
555
44
19
42
337
34
101
248
31
127
108
49
231
188
236
287
317
487
410
168
52
236
440
322
209
341
570
32
46
498
524
72
22
191
349
51
441
137
427
294
378
212
4
106
216
312
160
416
12
335
354
102
4
162
9
273
236
151
162
170
350
83
70
328
659
337
51
623
9
4
264
507
98
249
196
42
576
82
479
306
14
285
250
331
153
422
21
20
122
153
100
527
135
387
552
8
236
549
318
350
256
301
599
242
375
102
215
14
75
124
127
153
78
205
604
422
157
157
282
193
447
11
396
51
268
522
225
170
138
29
482
56
644
329
168
278
485
264
458
330
353
492
29
20
585
121
5
57
406
40
290
560
214
724
316
394
52
534
294
325
214
447
183
221
326
90
28
344
179
391
286
518
509
217
458
19
252
437
236
113
363
221
137
177
571
607
182
189
626
132
105
174
453
484
152
34
38
159
223
176
52
124
11
45
396
761
23
133
168
418
223
24
48
93
50
132
411
17
94
34
157
146
164
662
200
19
167
4
36
508
49
360
250
491
107
162
309
272
481
18
232
57
24
563
86
444
220
436
65
217
389
41
112
424
177
27
151
515
305
325
517
296
425
358
91
228
359
55
99
61
391
345
124
477
28
72
223
565
313
119
29
435
530
42
60
257
27
169
107
319
173
145
273
150
134
37
48
293
117
64
519
44
262
255
130
122
136
258
146
131
28
171
308
130
272
225
123
19
256
245
152
12
152
246
405
58
119
132
491
372
136
491
78
455
550
86
291
250
535
17
556
473
581
702
401
194
630
173
215
86
32
291
68
54
14
234
608
129
92
170
424
115
167
175
127
105
131
480
341
585
63
194
473
492
567
544
436
248
652
234
186
461
87
50
4
574
285
408
26
491
378
171
237
410
442
201
17
72
73
399
51
416
444
90
80
401
251
108
80
122
449
10
387
52
3
-1
241
132
90
438
74
473
317
641
445
161
57
264
175
77
306
48
510
135
126
74
270
385
412
106
66
467
262
552
368
266
289
141
54
57
443
272
346
443
454
438
282
598
88
607
273
191
80
362
426
365
521
135
118
150
33
294
438
112
90
168
311
331
634
252
432
270
497
527
312
320
29
136
428
138
487
536
368
76
208
602
223
181
554
251
270
215
85
482
293
219
112
228
103
142
344
6
77
171
6
583
300
106
93
92
5
247
212
379
63
399
50
97
454
220
78
3
619
143
112
99
156
713
241
369
122
460
367
521
110
274
270
500
343
312
647
354
42
185
151
75
139
281
146
431
254
501
68
212
123
193
391
58
199
-1
354
77
185
22
229
193
132
519
29
272
200
151
217
59
117
32
289
405
213
194
343
8
419
110
451
29
223
393
231
232
142
44
183
568
507
583
294
163
208
409
107
156
472
218
270
534
277
410
210
118
188
324
161
202
68
497
619
528
181
400
72
171
148
221
94
242
331
37
563
221
55
323
274
401
329
170
130
437
185
184
274
88
55
318
234
268
190
190
309
94
646
55
99
130
223
452
572
31
474
15
-1
100
393
113
170
190
57
70
291
194
103
512
104
235
412
37
252
4
50
515
190
401
237
286
423
144
265
393
36
136
93
203
357
370
116
269
246
87
406
67
219
312
483
557
87
144
467
132
560
552
99
67
261
79
146
113
122
265
148
39
233
8
41
539
48
349
120
250
512
321
103
344
45
426
357
38
206
310
313
105
424
57
68
70
341
233
224
18
193
187
484
508
51
21
29
341
118
118
291
580
400
205
472
274
189
250
173
21
58
47
26
153
82
436
11
270
53
457
347
279
381
70
319
241
302
269
20
44
186
346
132
284
110
356
742
277
612
193
284
118
123
13
215
179
222
303
326
188
20
216
500
64
30
11
435
521
300
94
271
49
69
38
226
25
75
70
209
290
251
341
397
113
362
339
314
174
295
287
350
50
98
5
336
84
47
387
40
123
357
138
115
5
337
208
544
556
265
188
115
624
641
496
203
79
175
485
208
213
150
44
214
328
69
549
107
450
184
338
403
245
141
62
366
184
87
122
430
456
166
33
128
550
112
485
400
23
670
583
378
139
226
19
118
25
46
226
179
369
22
551
553
145
284
85
372
233
542
416
166
281
316
382
263
11
68
50
264
111
381
325
691
226
25
285
159
82
104
251
374
544
634
115
298
276
647
228
80
185
267
107
100
568
50
408
57
6
350
107
469
371
576
427
231
648
109
356
109
178
403
319
389
13
406
338
408
17
426
147
429
81
254
254
330
20
256
569
230
233
561
357
229
140
364
289
395
358
112
74
647
97
264
139
368
228
268
222
114
156
337
114
142
182
361
68
349
497
99
436
159
94
350
34
517
146
164
623
76
105
324
456
218
8
118
95
192
492
151
385
30
169
302
129
22
103
735
302
42
307
160
180
240
215
143
99
59
488
70
202
145
82
398
130
95
149
527
371
91
196
311
297
10
137
4
701
170
96
512
122
333
155
17
643
108
8
455
27
146
153
456
202
186
557
55
592
293
235
358
164
94
142
453
93
557
378
344
128
631
153
336
544
150
299
278
285
295
263
65
2
122
115
28
32
2
547
140
257
185
326
495
604
18
130
25
113
11
61
223
89
118
358
-1
69
205
530
372
199
315
293
21
253
171
95
16
280
432
318
301
100
221
45
399
254
552
262
515
342
17
473
20
238
95
374
15
185
467
87
295
151
654
518
25
223
285
211
222
554
274
375
14
549
366
235
58
379
498
222
17
374
32
507
190
207
147
151
221
139
71
42
94
95
215
184
263
294
36
331
75
262
39
88
55
306
198
155
534
543
403
294
270
232
531
442
524
465
129
59
225
280
376
608
445
60
75
339
85
77
184
696
388
110
537
538
33
215
268
61
140
383
544
304
639
108
162
307
196
95
361
111
331
18
322
521
578
462
104
158
476
146
143
214
41
567
4
447
127
445
300
307
493
268
532
253
710
94
335
440
326
162
48
447
13
114
335
225
104
74
339
2
600
99
91
72
60
165
94
385
427
235
130
262
321
216
417
167
174
19
235
114
719
25
199
411
66
78
470
355
55
438
119
363
470
37
99
18
381
598
427
440
482
265
72
206
413
230
122
435
565
240
381
536
371
213
9
328
118
195
135
-1
225
359
118
375
515
65
214
65
23
273
326
388
192
288
423
150
10
221
684
199
422
259
20
350
70
241
390
67
58
346
375
36
466
369
430
452
174
87
320
53
11
45
63
172
515
131
536
154
210
287
22
591
137
58
640
133
122
161
91
308
169
66
112
284
164
215
31
399
8
398
88
439
369
156
253
12
171
230
370
128
110
480
359
125
448
390
110
108
253
221
253
325
168
413
123
164
139
68
509
63
19
318
345
80
341
521
127
189
201
625
192
612
372
333
83
561
733
464
176
37
262
12
84
425
28
319
175
290
101
70
149
107
53
226
30
60
278
437
224
193
242
249
695
50
412
144
81
360
240
273
347
148
408
428
176
645
197
321
279
100
82
155
324
119
647
408
158
231
47
258
290
267
225
181
63
36
149
468
175
215
154
565
40
195
277
207
301
322
82
313
327
263
67
2
489
475
284
116
316
179
468
117
147
10
338
134
19
600
87
58
578
26
379
281
456
2
270
114
188
11
516
91
13
150
298
186
215
240
422
75
418
173
293
129
104
545
97
71
26
336
350
335
154
209
334
123
98
348
114
185
262
545
309
417
249
56
229
199
88
317
430
88
202
166
17
81
191
237
131
438
13
282
373
41
374
308
647
542
247
332
109
41
82
272
667
20
593
349
81
40
39
338
231
42
422
47
211
386
59
65
168
68
10
326
74
234
279
246
571
127
302
248
182
30
72
418
265
54
142
261
225
66
209
523
107
140
145
171
412
216
712
214
184
275
172
437
259
306
97
33
180
402
323
66
416
50
369
560
63
350
-1
285
364
89
348
296
119
61
550
143
73
217
75
76
187
443
133
53
186
368
233
54
384
636
524
73
593
184
95
524
283
60
254
29
163
18
67
271
352
175
212
605
65
0
118
131
390
317
311
91
560
415
483
165
379
80
199
428
408
300
80
469
437
163
119
194
311
426
522
211
159
237
419
520
59
136
76
5
145
181
380
51
275
462
252
35
111
255
311
371
277
10
369
446
676
506
9
122
45
208
238
216
301
529
8
168
39
400
111
33
171
19
44
6
431
476
508
32
522
7
48
59
294
206
200
303
55
20
273
411
538
2
215
14
180
438
596
89
309
291
59
460
79
509
202
94
313
195
274
137
168
15
89
203
366
123
16
20
140
474
644
36
327
463
194
593
258
377
15
312
123
365
134
336
84
430
570
184
59
404
591
109
76
212
346
355
514
252
292
674
393
369
110
60
23
54
140
536
279
117
247
169
225
87
371
249
133
207
598
284
300
87
81
192
423
689
33
311
80
19
22
291
470
343
363
398
28
494
287
89
308
142
232
539
619
459
107
477
64
72
544
292
397
421
71
493
39
282
74
228
365
478
52
229
630
457
39
126
158
463
282
25
20
383
559
151
430
40
97
646
240
415
381
166
503
331
342
540
56
3
48
24
14
252
533
176
615
316
152
222
244
264
171
284
443
496
28
98
278
70
28
66
339
180
93
444
119
191
375
343
199
565
409
147
181
11
71
163
220
276
317
35
29
155
37
419
3
441
196
152
44
127
215
27
202
516
257
167
539
302
266
238
110
20
58
202
170
153
178
232
126
183
87
127
160
358
152
460
388
348
38
248
163
124
9
366
187
381
206
473
361
358
140
340
109
123
20
305
196
249
16
383
592
53
225
94
6
440
171
430
73
98
39
518
68
599
431
13
433
22
1
170
162
131
97
46
78
500
330
317
149
178
204
225
309
29
104
91
53
19
86
228
160
141
202
413
278
438
244
602
385
144
325
161
2
481
290
648
117
82
382
154
104
264
454
235
211
459
496
465
174
165
358
95
89
325
184
394
109
679
451
152
99
665
394
518
510
369
539
255
205
531
161
16
504
39
116
197
464
217
720
91
267
338
303
117
239
226
246
496
406
322
113
16
276
317
274
565
120
376
151
84
276
250
321
397
538
77
33
121
421
115
539
412
289
384
108
156
344
359
498
254
181
36
201
364
442
96
266
84
94
79
171
367
77
43
444
176
19
289
220
227
211
256
261
332
538
325
100
321
219
393
5
11
106
321
359
529
146
113
105
444
172
573
246
157
175
22
427
128
212
313
545
125
123
111
360
92
550
440
369
165
75
118
262
422
18
318
15
166
220
87
233
341
31
344
54
215
336
151
173
109
549
168
195
424
130
95
323
136
138
359
421
380
315
110
191
376
273
241
454
20
130
56
49
474
213
386
442
74
78
397
23
62
439
405
162
403
44
424
154
282
363
386
240
31
145
25
109
72
499
122
115
356
128
310
63
325
166
293
81
554
458
71
40
313
132
195
343
28
59
501
603
428
207
347
303
339
68
203
364
227
504
173
286
162
203
332
217
405
252
86
92
411
101
442
16
201
447
29
376
302
402
30
8
381
139
524
209
381
319
194
300
181
374
53
202
453
428
666
98
550
102
132
224
8
33
223
77
150
547
4
89
97
47
534
232
447
68
164
162
347
81
355
356
124
117
147
400
60
421
408
281
141
33
67
102
174
350
541
413
479
399
17
162
67
438
51
215
123
28
120
464
187
605
34
17
140
38
476
162
356
447
211
396
138
439
21
179
246
238
93
142
240
436
427
553
107
160
187
649
51
87
510
384
68
79
456
139
311
57
7
424
515
305
346
296
55
404
462
210
180
399
682
55
460
115
359
277
121
48
555
451
209
87
397
507
189
48
302
588
45
233
679
183
81
15
342
658
103
80
62
599
608
481
529
313
131
272
307
669
303
223
325
9
390
469
165
281
400
486
18
85
74
144
37
90
422
325
608
654
187
39
227
185
92
119
411
16
255
26
667
54
260
227
401
39
368
76
287
68
581
114
472
284
308
170
456
270
198
218
9
512
108
26
453
233
291
250
314
4
171
401
285
391
312
393
392
190
87
268
499
114
110
307
166
250
495
67
68
77
192
278
547
284
41
565
209
16
206
144
582
102
42
51
86
306
317
321
334
305
339
208
223
275
140
17
300
363
120
537
296
5
87
134
357
46
379
383
64
72
94
100
552
150
48
473
145
301
324
36
19
523
345
411
41
551
34
71
94
19
54
86
369
283
104
269
8
186
225
93
237
103
135
129
296
389
69
658
514
203
8
106
209
107
453
298
127
501
88
71
162
278
247
292
245
468
162
186
71
129
214
202
437
142
341
31
35
184
394
219
307
69
14
266
250
8
46
345
230
8
171
242
577
320
575
125
257
39
350
237
448
40
221
26
169
39
163
285
119
400
78
574
62
319
154
297
407
205
508
490
95
136
289
556
323
259
267
190
325
211
552
500
221
78
70
202
649
596
438
50
64
203
32
117
155
28
455
94
245
152
482
365
47
214
423
508
183
305
590
296
543
535
308
178
56
300
642
452
540
271
173
214
305
232
114
299
41
39
48
138
52
282
199
451
79
26
508
196
265
482
69
196
193
2
545
597
570
533
521
256
238
327
21
339
137
445
69
151
362
276
236
400
23
328
47
106
173
423
523
45
129
202
539
308
19
140
614
608
446
128
306
20
35
569
10
568
34
340
10
213
148
129
358
54
302
149
245
633
35
57
301
296
359
202
205
389
228
325
177
266
213
105
487
98
243
471
98
24
49
392
162
557
166
213
283
63
39
266
16
170
120
167
135
4
443
20
137
498
74
202
360
9
133
433
365
85
125
94
173
156
368
138
60
146
141
250
412
369
557
43
318
13
147
67
53
259
248
192
155
112
9
271
7
119
519
309
282
255
26
236
197
416
140
186
181
283
53
188
465
167
268
180
418
228
149
414
86
575
265
189
228
72
532
345
58
55
627
380
485
371
180
397
33
402
307
221
21
247
540
133
373
268
279
275
218
212
43
359
263
17
89
154
66
45
183
117
587
108
46
86
311
388
216
194
228
4
395
342
274
64
162
458
450
274
75
439
470
545
163
274
453
295
193
286
423
673
22
114
306
45
194
60
383
322
72
111
467
8
113
112
567
187
36
91
347
71
290
51
41
62
270
436
199
463
33
411
411
476
71
662
314
193
494
571
309
592
188
693
116
57
159
10
340
500
378
405
410
85
63
252
256
570
133
142
188
42
392
431
182
301
51
578
285
554
363
532
106
408
126
116
227
159
53
165
36
153
302
46
159
353
74
182
211
737
201
453
180
307
32
187
554
222
160
429
572
208
142
116
219
4
240
108
526
413
68
75
49
38
412
409
76
170
7
36
78
293
243
170
37
528
84
241
65
291
19
61
89
412
21
213
126
206
113
61
177
312
393
63
348
180
7
501
80
93
47
257
347
59
555
259
78
378
443
13
542
406
349
509
418
64
423
662
169
624
453
647
372
148
137
362
119
199
356
64
512
354
171
237
36
255
605
53
276
3
170
156
241
626
186
165
61
239
37
272
448
253
181
375
154
493
-1
238
236
408
462
259
262
412
282
433
517
568
33
135
14
401
207
200
271
138
193
418
590
361
138
129
391
150
450
543
271
268
142
226
119
243
287
107
176
265
167
240
360
160
322
242
431
70
82
143
70
475
614
99
253
180
616
391
193
224
163
243
51
303
112
26
75
341
307
383
71
4
84
2
26
118
230
358
28
58
236
160
234
433
703
229
386
520
29
665
469
219
188
197
446
206
25
228
131
13
236
704
685
15
209
389
44
143
62
31
373
559
103
124
84
356
116
409
55
419
661
395
134
266
350
41
205
146
434
143
411
163
113
339
61
192
200
596
348
139
-1
25
153
545
537
260
9
530
122
514
151
303
184
52
26
8
222
58
86
462
133
117
174
504
156
330
361
458
594
2
190
146
100
485
280
213
386
548
452
225
610
647
8
258
503
571
325
561
53
291
166
137
-1
33
391
462
536
126
233
58
166
61
292
13
58
369
342
32
5
198
513
1
500
597
297
425
68
179
271
287
162
297
595
233
7
590
479
82
344
521
540
273
97
375
270
167
107
321
157
29
606
90
565
574
411
112
373
166
126
95
329
575
6
91
264
306
75
7
320
58
200
270
368
680
105
18
15
50
79
136
302
123
137
97
429
247
373
186
192
112
136
181
175
38
2
205
399
546
222
372
296
591
19
95
263
292
165
131
547
311
363
370
333
141
119
408
173
336
196
110
22
370
377
46
313
96
44
195
251
228
41
202
46
133
144
554
3
282
36
18
226
13
149
128
252
72
525
70
178
173
16
559
474
455
8
512
142
512
404
78
357
597
240
557
331
211
225
225
128
64
260
14
117
150
237
21
63
591
280
250
129
52
16
148
348
55
276
360
410
60
403
35
431
108
490
415
146
28
352
394
268
47
108
87
334
409
45
472
145
447
11
369
328
174
310
340
81
238
431
283
65
721
740
111
324
112
370
22
328
220
166
348
255
435
281
111
17
567
200
66
129
367
87
275
147
215
22
609
503
514
429
247
256
414
224
16
79
454
524
147
152
525
236
20
68
279
184
94
499
131
540
106
375
37
339
46
501
199
41
537
115
86
369
278
151
100
88
244
425
25
98
372
208
315
260
408
228
144
179
308
124
190
277
545
110
264
216
2
70
158
399
533
183
143
481
428
173
238
57
145
222
407
46
539
222
236
478
316
107
274
325
158
93
463
63
5
325
242
284
589
16
243
134
359
511
216
296
507
89
130
376
624
209
29
120
420
303
173
332
274
245
173
90
213
254
380
215
450
37
236
221
209
343
86
286
465
57
358
185
5
403
205
237
411
583
344
29
63
19
3
100
26
394
15
224
472
381
65
412
425
398
103
78
84
274
244
229
440
104
54
136
207
26
134
69
32
328
350
142
21
274
117
383
91
127
275
235
392
167
90
364
132
136
60
299
492
107
574
184
197
82
292
465
540
483
178
14
71
472
541
129
452
700
90
431
525
514
593
474
272
182
118
499
601
181
68
165
266
530
177
440
72
478
224
520
81
469
110
171
66
14
68
209
151
47
244
121
264
101
271
422
100
42
233
216
23
227
588
558
590
390
39
34
257
42
136
531
485
25
96
40
616
455
437
322
92
194
590
259
363
299
282
109
310
118
221
142
338
293
2
426
305
149
337
188
13
251
76
154
773
320
433
94
77
530
409
206
246
97
513
224
382
70
105
207
22
261
516
413
70
397
383
183
602
298
298
121
523
356
277
370
492
165
425
137
315
34
380
354
329
17
403
169
460
23
271
529
370
604
565
421
30
166
418
56
84
512
3
390
214
83
15
393
167
190
37
188
307
329
127
32
40
195
19
160
526
342
352
67
533
655
243
378
246
69
32
54
545
59
484
427
339
66
251
18
463
51
345
287
195
64
570
495
247
319
371
393
56
210
320
660
333
323
119
299
13
93
373
361
444
68
15
396
72
276
271
219
188
426
648
499
23
474
143
8
169
335
456
8
324
164
417
528
388
164
91
146
393
172
25
52
134
249
148
148
293
168
112
549
48
233
30
339
247
25
457
353
239
3
314
56
117
378
295
108
41
121
328
418
135
55
407
218
250
76
258
5
153
109
15
119
150
201
237
179
443
65
189
25
91
15
80
254
239
23
405
481
28
191
221
302
579
390
381
272
174
247
339
5
191
556
365
568
48
135
310
47
43
376
180
599
221
260
372
255
60
330
254
256
46
11
377
437
30
81
179
137
165
165
286
23
2
349
7
203
357
98
343
523
252
216
39
158
81
495
318
132
499
65
188
17
226
192
290
449
143
210
410
379
136
285
355
245
378
233
248
61
62
75
135
85
515
689
193
19
66
552
299
440
80
90
122
51
353
45
246
597
201
334
403
26
94
10
258
24
430
187
45
97
1
10
68
138
33
387
224
204
417
29
463
163
557
42
151
510
555
12
70
34
93
26
24
454
96
157
154
353
25
388
303
464
305
202
314
72
56
31
195
446
90
68
84
126
324
45
657
63
10
100
441
264
324
505
90
306
423
226
129
126
137
78
359
542
228
8
134
76
55
82
139
274
180
40
278
357
52
47
437
218
47
62
83
537
186
183
157
31
105
100
550
107
460
508
22
313
432
289
28
52
59
8
39
599
265
201
124
85
297
35
672
88
28
144
390
277
83
311
282
542
32
21
457
56
371
41
365
669
132
515
67
287
715
515
74
422
134
90
437
150
409
137
300
70
129
186
294
219
252
39
326
214
393
122
262
73
470
131
234
258
123
349
284
263
178
333
41
560
30
376
515
365
439
186
66
475
599
26
481
233
172
37
520
86
92
149
284
366
469
595
41
2
239
152
402
649
103
423
451
95
544
738
96
482
393
194
276
140
231
40
600
16
311
554
213
131
93
292
117
272
482
198
560
408
163
15
144
561
434
229
19
124
219
187
223
460
242
490
304
223
101
72
335
204
11
288
110
42
435
253
62
56
31
18
62
54
560
607
74
375
268
359
586
363
42
384
118
77
293
111
18
72
481
177
193
4
215
162
128
179
6
92
267
143
142
366
328
379
513
727
208
147
120
87
244
243
162
307
188
400
209
172
347
335
213
75
214
1
200
395
80
129
160
137
10
16
286
483
107
62
221
253
91
108
233
421
145
61
22
105
484
225
760
19
93
99
15
39
89
297
305
298
189
216
337
153
236
29
482
13
160
403
191
19
226
350
242
140
199
133
571
103
348
366
135
71
69
354
3
181
22
2
220
154
337
563
315
107
47
386
82
235
4
169
315
207
8
479
266
265
9
638
639
4
55
350
168
427
226
44
214
90
345
69
126
313
475
183
88
25
661
151
406
148
40
100
11
87
36
35
27
216
243
183
21
106
157
274
451
441
218
566
151
568
180
202
312
75
456
455
354
14
49
499
433
196
114
455
153
54
460
7
110
40
34
40
442
227
110
226
328
18
65
257
336
80
360
497
451
64
301
521
298
300
91
380
575
257
448
57
292
9
96
247
127
297
456
51
516
113
478
690
24
379
261
286
287
91
202
540
281
133
362
163
36
88
90
393
60
57
45
411
142
348
501
138
273
316
221
5
521
258
230
705
263
98
22
214
5
340
96
92
70
411
42
147
220
485
657
499
152
12
503
38
564
273
32
285
153
319
48
266
404
92
335
28
637
61
58
195
197
95
92
134
457
123
340
540
162
523
2
257
8
580
35
10
229
345
173
62
28
337
240
125
63
14
362
401
456
294
376
10
49
5
574
91
133
444
121
23
175
437
445
541
461
51
243
154
306
229
147
138
21
132
150
345
379
513
37
75
329
529
387
58
413
31
20
143
498
13
92
344
234
203
188
371
140
542
182
82
589
43
445
301
201
293
475
77
393
94
543
213
79
36
1
32
157
12
207
518
685
214
393
69
198
455
184
119
52
74
390
536
511
134
659
190
348
217
75
228
478
220
291
295
137
61
70
62
200
384
309
522
135
399
345
88
49
190
27
173
387
228
173
111
150
58
80
387
532
208
232
209
6
93
375
236
67
164
390
76
202
416
-1
106
206
464
502
499
608
456
56
359
177
314
79
226
478
10
417
540
21
325
279
69
404
469
118
140
109
14
173
535
272
163
109
396
61
478
565
285
181
145
38
609
352
213
280
117
261
7
433
378
212
585
162
25
144
412
255
419
357
465
463
99
369
417
191
25
157
368
195
61
235
415
149
126
69
364
119
620
356
40
274
107
280
20
445
554
126
330
446
646
173
165
208
520
334
431
95
102
53
154
172
406
207
26
73
142
265
73
159
81
117
89
461
141
102
612
35
363
205
388
215
202
97
314
547
410
81
264
215
169
350
553
132
588
329
379
640
85
42
413
23
180
154
93
656
420
424
512
81
135
541
9
208
124
35
201
50
-1
286
453
44
173
596
279
3
36
129
382
241
509
168
324
51
43
48
577
317
184
300
625
544
447
328
484
59
367
340
520
215
339
109
81
61
17
173
21
134
127
97
205
32
69
333
282
392
474
267
73
228
297
26
308
77
291
184
186
199
43
10
285
207
479
213
12
107
369
454
65
22
241
310
47
65
498
85
76
169
322
127
415
563
12
220
342
142
455
483
262
339
199
42
29
502
212
520
228
189
56
305
101
76
448
198
8
172
271
251
65
582
196
151
211
128
243
71
19
35
143
187
19
210
269
129
128
170
357
104
50
9
32
544
48
488
369
612
334
214
57
222
123
224
185
3
122
199
420
533
306
345
73
152
13
385
173
157
261
25
192
196
309
452
423
618
26
106
112
76
197
340
248
417
131
215
210
255
119
656
299
163
214
57
47
170
543
318
431
618
140
345
260
117
192
151
86
113
21
382
27
463
119
302
142
238
147
436
210
191
120
160
115
151
243
4
86
54
142
319
222
357
19
494
82
708
529
574
340
161
265
295
126
201
341
426
455
97
137
413
151
624
608
84
161
5
76
311
197
85
257
234
268
595
314
59
82
509
287
183
590
271
95
250
572
33
417
219
476
150
230
106
389
204
101
10
139
35
511
389
20
290
750
426
239
124
209
424
331
61
88
556
116
45
446
309
212
130
406
679
340
22
416
62
649
35
202
346
411
49
178
570
9
39
378
482
75
92
584
56
394
267
154
297
135
70
348
305
261
544
508
243
191
15
281
104
112
320
74
142
397
72
59
332
460
28
79
405
289
162
664
107
212
496
295
70
121
118
82
106
520
135
176
323
381
51
63
299
120
48
238
433
92
550
326
142
504
676
70
201
163
170
260
112
173
553
57
321
464
403
163
332
121
462
347
112
367
138
401
426
29
134
37
232
81
4
269
116
193
532
27
30
16
203
558
103
273
294
111
178
162
5
281
220
312
42
464
62
80
278
394
167
26
285
152
295
671
100
427
229
107
100
122
325
582
153
499
50
519
155
2
555
46
117
354
150
66
318
644
161
449
43
493
48
511
62
164
245
197
486
285
582
497
56
236
84
303
86
16
191
198
3
21
374
583
162
72
616
46
546
554
122
309
142
566
42
67
117
582
136
132
146
169
131
428
322
561
47
110
189
326
134
103
498
248
334
177
501
86
553
12
456
325
231
479
18
703
26
227
100
190
219
201
612
325
586
352
213
450
14
52
21
227
40
219
301
133
26
108
114
117
259
33
287
35
187
45
589
34
628
262
575
642
201
79
436
227
101
41
199
37
319
16
116
398
484
149
117
118
319
510
11
161
376
264
479
631
381
358
483
515
583
313
279
475
110
37
20
415
73
327
105
187
353
533
77
63
211
117
116
391
27
25
399
156
343
445
246
71
135
287
29
224
282
138
167
9
274
337
135
115
539
2
273
221
422
155
261
201
205
388
132
625
170
37
103
305
322
77
116
313
169
377
247
56
304
42
173
237
177
392
216
439
23
399
221
39
63
325
95
30
38
388
316
486
311
198
455
83
99
314
347
250
584
307
308
752
118
368
496
237
415
85
124
552
23
28
459
173
5
271
45
42
403
74
374
491
140
613
8
72
55
65
580
627
4
279
619
181
57
246
398
74
93
300
95
427
228
273
14
488
44
368
328
11
270
140
519
295
270
76
40
179
419
114
48
586
294
491
116
113
445
-1
249
421
484
10
414
76
410
450
286
218
84
420
11
345
94
304
173
141
285
67
60
222
224
423
298
11
140
380
26
469
367
-1
215
530
136
177
152
236
121
36
98
405
174
485
363
357
48
267
225
234
93
7
23
245
10
343
264
260
317
557
347
125
14
262
164
138
208
624
335
218
316
168
112
262
17
411
226
86
336
17
36
29
52
158
203
585
167
588
97
12
158
362
41
179
176
154
138
273
125
197
285
53
77
27
17
102
378
229
246
563
225
352
501
208
391
33
382
32
205
508
286
430
465
557
578
36
367
397
24
479
348
9
123
507
301
157
44
76
60
229
18
289
545
500
174
315
444
129
299
551
25
449
296
176
332
80
156
553
555
46
473
427
205
466
356
13
34
634
702
106
646
164
479
274
563
92
2
328
85
542
171
359
49
424
138
180
315
139
234
28
273
68
481
24
12
45
52
279
286
20
234
603
36
216
132
140
264
171
330
516
119
51
552
539
228
117
464
318
75
543
610
4
295
193
235
270
118
206
61
56
86
41
134
511
142
126
161
258
74
62
7
466
209
141
315
356
101
244
478
35
100
167
222
574
4
95
120
249
73
201
146
610
216
24
535
213
371
530
3
175
36
74
26
271
126
174
10
541
436
267
235
132
38
285
496
335
473
301
421
196
435
327
429
78
14
324
36
230
647
320
394
10
236
8
337
57
190
252
440
192
41
117
476
92
25
46
283
408
78
470
66
122
428
168
598
315
378
364
90
266
375
4
463
537
154
146
625
22
423
543
11
32
311
105
626
221
426
352
577
92
111
161
205
377
181
503
296
15
614
25
41
455
19
381
631
25
682
27
227
517
20
76
282
67
70
441
440
129
441
83
172
2
198
357
126
40
2
302
328
211
9
130
566
448
95
497
325
101
206
209
282
632
397
578
519
427
160
262
607
400
366
272
339
338
263
134
129
183
43
373
203
85
214
79
100
156
685
23
169
262
71
93
53
146
8
140
197
235
223
140
428
187
335
26
262
719
420
405
242
557
69
4
81
171
216
291
550
349
75
307
182
634
14
391
118
6
176
480
21
542
18
284
168
266
392
225
240
343
77
1
24
50
301
170
37
256
294
441
179
507
150
93
323
216
445
25
514
213
201
451
8
140
193
162
253
57
248
351
68
257
563
13
26
110
429
226
5
254
514
80
27
678
422
506
398
6
149
709
298
309
604
473
91
13
322
17
607
10
529
23
280
169
137
213
305
283
161
264
287
192
287
133
301
97
39
372
382
138
403
32
90
418
155
273
18
242
80
7
498
80
544
412
67
3
183
478
68
93
64
227
294
195
296
472
144
69
7
436
666
86
6
59
295
345
373
88
189
655
114
254
154
152
93
545
128
444
87
294
371
75
20
287
496
118
608
285
199
201
186
220
488
566
577
263
336
416
424
10
151
90
372
254
312
68
13
329
64
138
53
166
454
449
183
43
40
78
345
12
32
15
449
550
41
677
259
356
410
257
261
619
108
637
281
62
103
299
241
553
146
598
634
420
443
542
30
288
307
333
359
309
30
178
101
15
155
336
215
134
88
77
391
159
9
79
381
531
466
241
221
214
368
453
272
517
109
174
482
752
415
219
398
322
66
329
554
395
152
302
514
227
43
133
348
439
67
136
491
308
414
9
393
3
258
578
254
340
50
299
83
294
30
3
284
510
409
436
473
261
295
238
134
360
39
413
471
338
201
60
228
373
74
11
182
566
426
171
253
153
444
20
561
323
475
22
264
144
61
270
6
157
109
57
580
393
213
403
446
171
107
60
250
158
17
129
300
441
571
75
233
216
571
106
485
98
476
398
147
211
174
396
349
219
132
287
418
420
200
209
302
287
187
184
458
113
631
53
73
252
266
111
77
285
54
98
491
610
397
336
460
2
635
376
493
177
76
169
204
27
120
268
30
311
66
199
464
51
36
92
48
288
222
110
324
100
29
440
176
10
381
142
68
35
60
103
122
165
151
589
374
227
437
285
441
259
289
272
187
106
255
280
104
84
74
43
241
339
90
412
-1
302
144
460
240
628
590
600
238
152
463
333
343
517
489
325
517
9
12
256
613
141
463
586
453
201
156
313
161
100
129
294
204
150
177
5
76
95
321
428
296
30
156
514
37
502
107
230
531
217
435
102
170
39
76
117
556
274
50
291
364
332
45
461
378
37
334
370
191
73
216
141
119
373
67
225
83
305
258
351
184
304
200
99
134
231
294
27
106
237
390
-1
11
186
112
-1
346
318
309
207
431
132
379
504
52
271
90
364
57
469
136
238
223
152
250
117
359
369
191
341
230
68
465
421
171
77
5
141
702
317
11
16
157
178
114
281
590
301
92
336
72
212
423
120
67
319
85
60
200
501
255
695
27
194
59
649
711
34
11
14
262
344
165
769
355
173
154
139
156
465
4
658
54
205
112
148
455
332
25
180
283
103
217
260
499
422
234
103
348
413
284
628
284
494
233
212
287
261
62
211
101
303
77
295
124
13
60
270
291
158
164
148
172
22
237
161
360
660
429
99
17
8
4
306
74
456
247
443
292
47
549
453
741
328
479
354
110
21
616
209
565
332
588
233
8
442
439
1
381
20
191
376
166
230
164
104
280
205
484
397
125
124
367
45
123
42
579
98
270
511
432
37
361
115
85
185
173
64
54
346
157
133
441
483
159
290
290
336
12
223
23
561
107
18
220
153
174
373
52
167
295
62
82
103
241
39
257
173
47
181
292
109
348
398
383
356
226
171
166
564
382
163
210
666
406
27
311
63
211
597
335
610
542
213
704
79
66
332
524
407
414
179
311
374
33
639
97
308
355
450
667
104
180
249
169
288
125
265
99
399
203
234
234
4
442
443
592
408
483
503
157
74
279
289
535
128
71
454
152
279
425
208
215
684
25
307
241
250
140
50
176
279
92
678
150
235
264
427
243
125
5
15
-1
308
193
270
78
266
294
62
620
24
51
127
541
217
29
389
288
470
440
74
58
44
580
71
480
68
325
123
164
275
42
414
269
367
11
124
300
140
32
188
60
22
612
351
618
129
449
152
292
275
433
286
509
202
608
373
391
178
440
391
236
216
289
429
205
657
282
93
492
194
347
68
398
100
100
206
246
38
105
430
231
185
61
48
423
30
510
184
551
-1
72
224
345
4
327
355
519
190
166
301
239
18
149
247
67
327
222
171
53
423
46
318
269
377
47
50
151
26
410
568
199
168
441
57
68
169
309
182
159
241
223
119
489
334
187
278
248
16
247
429
450
168
157
158
499
400
126
107
124
310
263
166
219
343
9
607
105
268
275
228
397
210
599
480
93
110
203
209
248
408
276
159
77
459
396
98
243
211
152
295
199
285
48
207
152
433
301
178
251
5
388
181
97
418
84
448
89
723
352
14
318
95
25
62
17
116
608
513
280
235
117
38
260
5
109
178
226
127
5
302
289
446
24
303
314
35
164
44
511
83
265
205
385
60
394
137
423
242
459
665
656
441
89
386
302
118
404
83
98
204
59
50
286
128
72
341
60
46
104
468
151
214
142
454
507
42
232
145
257
127
358
39
413
224
431
23
40
332
442
94
51
17
8
200
155
396
247
50
182
39
273
58
18
100
138
438
426
113
63
63
37
50
376
432
268
40
478
705
42
281
372
365
54
15
93
135
467
64
189
39
161
86
222
106
341
271
245
20
68
104
215
434
52
65
507
103
334
575
211
434
4
44
152
151
89
166
12
457
54
314
135
40
329
386
195
571
403
540
141
251
127
143
417
323
203
516
237
193
472
249
170
427
654
390
303
85
177
200
149
600
90
172
332
482
105
371
387
222
363
37
162
406
181
276
341
105
267
258
43
33
92
113
271
550
375
87
55
288
121
90
229
293
387
653
34
84
303
46
63
340
81
206
91
298
146
373
6
2
101
231
44
168
227
154
17
151
334
47
19
399
259
8
217
83
604
399
-1
24
144
224
11
31
490
545
336
130
584
278
228
388
659
228
34
91
404
3
444
104
611
132
194
260
114
572
125
197
465
448
417
615
452
384
215
350
126
199
167
285
360
14
168
228
269
107
467
232
230
19
210
169
308
644
154
292
24
522
62
241
6
319
58
37
68
135
568
135
19
34
230
363
234
315
307
23
38
35
70
486
278
102
289
232
226
328
253
236
375
410
286
620
75
130
313
175
457
37
105
310
18
159
153
137
423
605
18
16
207
413
398
274
83
359
109
204
103
661
639
383
65
175
16
519
153
106
22
311
234
14
391
246
646
280
422
480
52
6
79
192
81
383
291
122
12
204
172
147
294
174
186
520
313
12
144
292
29
12
361
175
589
295
341
204
119
215
245
292
358
156
106
103
374
61
440
13
650
136
272
311
716
278
123
379
438
299
610
330
92
178
85
321
672
155
60
325
336
250
191
552
200
89
237
33
142
18
279
103
742
36
278
107
185
373
27
348
27
14
54
237
99
409
454
68
218
542
38
41
99
143
170
39
246
48
261
251
209
67
292
346
242
321
158
480
509
137
258
298
77
359
305
131
31
533
43
21
380
168
339
316
98
392
737
590
539
313
46
143
56
302
164
359
297
6
12
317
243
170
459
16
78
193
173
290
454
169
13
309
4
35
195
324
268
350
331
421
532
153
288
538
609
350
314
521
100
104
127
231
177
144
13
116
199
664
423
350
150
56
58
92
443
104
68
81
40
523
481
43
104
235
571
3
58
217
401
189
32
615
174
411
255
423
570
295
329
8
270
49
35
68
388
167
530
328
24
490
495
8
443
161
121
-1
12
196
388
280
267
339
119
276
392
575
331
27
78
224
95
244
526
136
512
239
403
431
582
113
97
16
168
125
241
50
163
106
54
442
112
98
243
198
102
65
64
530
415
81
606
102
374
172
529
156
167
407
244
152
178
527
201
332
275
424
92
299
104
701
153
185
33
32
697
11
169
83
140
558
140
19
335
259
287
243
273
35
660
272
316
188
153
166
492
45
300
172
151
464
471
527
443
95
104
421
8
417
325
407
32
64
471
625
19
373
104
126
329
158
90
305
246
305
484
75
482
186
222
39
133
89
280
209
45
139
348
238
231
501
622
435
322
58
14
183
76
33
638
269
439
40
519
42
18
550
72
32
97
121
33
141
147
220
40
233
96
118
193
24
260
10
280
72
150
269
226
146
31
487
309
180
225
433
218
158
343
30
17
192
286
2
434
139
211
159
83
452
275
27
56
62
85
157
192
80
286
299
84
385
25
126
223
16
151
534
148
155
92
11
212
238
159
177
158
114
423
279
223
149
226
293
274
101
357
428
49
291
218
276
369
638
241
228
289
262
286
370
416
548
438
220
386
394
597
635
94
353
485
149
12
147
123
285
403
293
224
391
62
357
38
154
74
356
267
292
516
196
309
223
107
237
216
115
121
576
172
203
625
60
378
99
162
548
160
58
229
89
28
296
450
2
290
201
278
549
402
449
513
108
69
218
123
606
90
539
621
73
135
300
296
45
474
35
239
107
4
295
279
283
334
132
290
138
293
579
581
171
253
88
590
125
276
22
68
382
21
13
44
152
412
411
680
275
490
22
52
178
105
215
368
474
263
118
15
332
283
263
111
124
410
119
288
85
397
113
188
225
216
335
167
440
562
105
383
90
160
405
379
21
68
168
43
391
150
582
65
83
186
398
629
132
398
430
163
238
293
406
101
82
65
8
190
106
314
333
276
15
173
203
431
614
354
301
567
400
275
188
348
32
137
346
258
14
22
39
301
190
116
319
78
115
33
328
401
106
230
26
194
131
84
93
128
283
180
9
446
3
11
158
41
300
133
32
380
71
148
339
162
195
192
298
187
234
271
152
155
323
188
506
482
91
159
328
37
17
23
344
96
374
504
109
355
187
174
103
479
205
161
209
229
511
77
250
339
160
588
190
433
136
419
509
178
6
346
44
54
323
36
646
96
444
431
171
497
316
258
143
35
240
221
68
398
282
318
408
118
429
162
658
228
295
619
377
574
309
319
448
364
34
302
192
283
270
25
163
384
71
287
41
469
87
4
283
440
412
46
397
98
73
57
487
91
452
536
185
231
160
278
682
140
219
629
181
465
55
190
386
208
235
360
74
577
117
328
437
110
161
341
194
87
533
480
2
199
353
41
93
59
120
24
30
89
166
65
443
36
139
10
254
434
196
63
205
46
657
94
405
91
239
209
256
464
298
361
319
512
74
380
257
364
95
260
610
6
23
374
538
30
586
578
458
344
139
330
350
277
225
436
133
252
699
605
192
14
420
217
80
3
573
290
44
263
121
316
480
184
31
270
368
245
602
223
159
78
94
433
95
25
296
77
289
87
23
198
275
121
440
458
289
390
128
43
167
489
388
54
127
37
324
19
119
55
41
69
292
327
533
489
131
156
552
250
57
476
278
377
398
187
393
237
2
650
264
369
340
199
126
230
324
137
395
99
291
43
456
261
224
117
122
354
108
275
250
300
224
489
252
289
238
196
580
117
132
19
134
22
32
60
308
18
93
481
27
188
68
74
63
171
305
551
138
178
111
255
621
181
65
407
168
353
323
222
47
563
408
380
132
401
330
589
231
102
120
179
464
621
189
504
250
374
320
263
168
532
99
201
143
207
239
189
84
48
625
435
95
111
302
11
343
605
437
403
382
9
26
147
17
522
157
3
372
-1
330
170
11
285
285
644
38
485
25
167
224
236
270
22
51
169
401
447
257
5
410
36
187
389
360
249
22
27
510
632
225
279
131
535
201
176
370
98
67
501
239
173
403
5
309
214
238
199
132
301
266
230
77
531
398
128
453
35
614
341
669
142
513
184
20
123
201
108
157
264
216
10
113
69
86
397
728
38
359
100
223
200
152
107
129
581
161
252
96
453
123
101
141
151
143
230
345
417
176
185
