10000
3303 2475
355 1443
4577 2108
415 2704
2651 3846
4169 1881
1642 4232
530 1783
4448 4938
648 4242
620 3277
489 3209
4443 1548
4734 3810
1069 4260
418 676
247 4892
4387 2932
3058 1409
860 4109
4152 2086
1738 2194
3406 4615
995 3436
126 1171
800 2103
1586 3434
3544 3175
4313 4140
4507 2535
79 3790
4882 4541
3181 3799
733 1735
165 3957
707 2947
1252 213
2590 3744
3745 377
4769 3237
4882 4766
3227 3269
4229 4191
608 4523
4112 2941
1590 3791
1793 67
4308 29
1381 1144
1755 4855
302 959
3288 4498
2935 4814
3878 2707
2985 1742
1262 2738
3405 778
1003 2491
4877 915
1266 4531
3327 746
4687 1177
2545 397
3212 4402
2794 768
3945 1065
4272 3836
1271 765
2782 147
4574 1764
2049 430
195 1750
1279 4849
2930 760
1201 966
209 2456
887 2103
210 851
2395 1753
4343 3100
2893 4857
1946 3119
39 2849
2456 3211
1679 2537
4787 3730
1749 3139
613 487
2979 3899
3163 4659
4691 1782
2679 3763
3515 3871
4427 921
810 2812
1166 3120
3129 500
239 4657
3726 2108
236 751
3912 1649
3574 4271
337 195
3992 3727
2521 3952
4746 4423
978 1519
1112 1556
2765 551
932 2061
226 2838
3235 1645
1037 2397
4828 123
3655 3845
2081 3418
752 374
2849 4286
2624 143
3649 3891
4437 350
15 1844
193 4888
2676 970
1985 3644
225 4413
2215 2966
116 2232
940 4921
4050 1032
1508 177
3929 1513
3991 1820
2216 2926
229 1720
194 2496
4714 4786
3992 3137
2738 234
391 329
2249 4912
3392 3135
4531 4456
3198 1632
2282 145
2197 6
2391 2146
1285 416
949 1607
607 1393
4859 950
2817 3956
750 987
4987 3248
2700 123
4594 2341
675 4814
876 229
4341 1464
596 3910
4448 1137
1047 1508
4696 929
2479 3384
3970 2588
2387 298
3133 404
1116 447
4999 58
3639 1721
3310 3733
4745 2717
1550 3150
2715 2804
91 764
577 1298
4070 4541
3568 1049
2770 4604
1879 511
1175 303
1325 4322
4643 778
1859 3076
4788 1625
685 1260
3439 1809
4394 2398
552 3290
2514 3409
4686 2703
4747 2765
2596 1108
986 1757
695 2070
3716 283
2526 2500
459 4075
948 2890
4100 3665
4826 4919
1702 3306
1744 648
3067 3363
3090 1705
3680 2019
2530 2240
239 4328
3796 3599
3308 4110
4712 1270
1391 806
2483 2593
584 752
4888 1408
3541 3906
2023 3086
1577 4879
2721 2260
4647 4229
2480 668
813 1218
756 3713
2909 950
3879 2267
2863 2256
4623 4591
2582 532
785 3412
3133 149
4743 391
1630 963
4429 79
4481 1226
3747 4439
561 1725
2135 49
2448 1198
338 624
2073 725
2622 1134
4640 3945
2728 1142
1728 1923
4348 2265
3777 4717
202 2403
3788 4719
1186 4217
2688 4690
4314 1134
4877 3931
4230 920
1071 4734
953 2328
4008 752
4525 360
4649 2511
3438 3171
1577 480
3686 1605
2290 4202
331 2213
3538 726
2071 2557
1781 243
4505 2353
1191 3044
3387 1989
4803 621
2142 853
4004 992
4019 4510
2692 1936
1295 4284
2862 3409
2205 3411
3807 4412
1142 173
1495 2544
3620 3950
1082 1281
4292 1816
3946 2974
520 3605
4907 3260
4743 4143
1135 2807
4282 2341
1906 2654
1675 1161
4901 3733
1692 780
1893 2778
1216 3942
2263 515
4395 3977
2367 3933
814 4993
2663 2718
1808 177
3897 4414
170 4687
4116 1014
1901 3489
1807 3145
4479 1473
1778 3058
4873 3975
2031 4720
24 935
4629 3166
2013 388
727 1115
4464 757
232 1103
4678 1680
4663 747
2851 3324
2739 877
1761 889
552 1205
2702 4967
3341 3042
4208 1141
4069 3796
3830 3630
1907 3662
160 3613
2006 2494
2326 2761
92 4255
1161 2090
1216 1806
4954 2359
4363 4253
4148 4784
150 4486
316 1609
1497 2853
3963 1319
4387 3969
1145 3563
2142 1906
3665 2403
3002 813
3954 2471
4182 2339
2061 803
2311 1475
1204 2305
2713 2557
535 4600
1423 3667
3975 1433
3504 6
869 184
3835 4207
4502 2730
2087 408
356 359
651 2034
560 4361
2068 4895
4263 4491
141 752
4015 1670
613 680
257 4231
4587 170
1254 446
4751 3794
4325 3548
3930 1287
4290 3819
2048 1762
3349 4414
3445 3548
4499 4944
1251 300
2290 4325
2701 498
3269 1555
3581 1420
750 2615
984 4700
1820 1537
3040 3001
3952 2393
1849 1317
653 783
3337 1784
65 2922
4814 3611
3332 794
4735 3557
2881 318
4537 4353
4591 2904
1830 3882
3599 536
302 2501
2173 3529
4715 652
4238 787
2237 3304
1083 973
4835 733
744 4349
699 1900
3819 4844
1426 2089
3260 3883
2275 3485
2061 390
3839 3959
3735 4403
741 703
3713 3884
3273 3461
4802 2758
2491 2621
3220 4731
1390 3021
4191 1008
2174 2940
173 1886
2351 434
729 3065
3025 3184
3081 2535
1883 3109
3683 3305
13 2920
4333 3464
3776 2075
2660 560
4881 4066
3750 2680
386 1137
1492 1782
4718 3477
4775 640
3374 2494
495 4388
1915 2948
1905 4175
3460 3876
3488 3193
3810 4495
3673 4063
1706 1560
626 2666
370 3408
4759 3331
550 3321
2167 4964
3424 93
2660 4260
4002 4960
1060 4268
1618 2512
3119 4230
2930 693
3157 4852
901 4943
951 4061
1091 4753
777 4963
567 3255
2108 2630
266 2694
2517 4442
198 1839
3307 1893
4324 612
1168 2900
4315 4875
60 4114
3989 1429
1409 2113
1323 3227
3161 2101
1510 403
1003 2242
4181 2825
4780 654
2121 3244
4257 4597
4034 567
4960 349
4996 4607
725 3907
2039 4518
1604 3939
1365 3409
3237 1898
4925 1822
4512 3322
4337 628
2052 1643
1158 1982
2154 117
1855 2022
4091 2917
4774 1999
4457 4136
4421 1594
1586 1944
1220 363
1306 3809
3170 4157
4602 4209
4683 2213
2202 1172
2863 4929
391 4075
3620 1768
3984 1378
4975 3798
3746 3465
3480 172
982 76
3316 1646
1376 3243
1481 408
3949 2715
1680 4055
1532 4647
3152 1881
1728 570
1460 513
3736 3924
3646 1424
4329 919
29 2886
2953 1847
1043 910
1429 697
4203 4
3531 996
826 4023
711 1605
4916 1427
2715 708
3958 4055
1432 3663
233 3327
328 3381
2938 1599
1914 466
2892 2580
788 1255
2699 3768
3294 1765
519 2103
3402 487
4953 1780
2164 2457
1979 4038
3456 2755
2597 2388
1014 3352
3945 3958
1534 4032
1085 4448
4811 4064
3909 903
1727 4010
3269 165
2358 3452
447 3205
4244 2244
3326 3944
582 706
3119 604
3036 104
474 4730
3760 3999
3197 1861
2109 4061
4390 4859
1844 865
3238 4140
4444 1341
4834 1841
2628 4320
485 3533
3548 4053
1042 1730
2494 4061
4206 1331
971 705
3795 752
2871 1361
4780 2935
3114 2059
3905 775
4860 2688
557 4377
4611 673
3135 2458
1857 3384
2601 4372
632 4831
4084 483
287 2819
4471 1584
3867 3284
2024 2949
1604 711
4596 3988
4986 3466
4882 1107
2517 3807
3630 3054
4902 449
1947 1493
3783 2865
819 2538
2924 4368
1149 4566
1919 4565
4981 1662
4413 2520
1240 1845
2616 2740
1232 2142
4028 1175
3983 3560
11 2635
3524 2883
3219 1507
3991 1981
1313 2183
1350 1317
3430 1727
556 2659
4190 2727
26 3642
2677 4681
1271 2278
149 1243
364 875
3820 2506
580 2182
362 2428
318 3177
813 888
1543 1432
1713 2517
2234 2968
4561 409
2709 4447
4564 1731
2857 1573
799 1656
1645 835
4905 1848
2084 407
609 2302
3973 3779
4732 2715
1379 749
3151 4908
2356 1428
3444 2455
762 1865
4542 1856
2235 959
1060 4359
669 723
2099 2850
1152 1386
386 3911
742 3796
1076 3799
1738 1400
1671 4295
398 179
387 4166
1275 725
2363 3188
4327 1338
4828 830
30 2314
1944 4943
2531 446
4377 1740
2956 551
4670 4277
963 2926
354 796
1011 3293
3150 4746
2395 3969
4863 1082
2253 1894
4827 3154
1390 450
1353 2174
19 2944
2268 1896
3480 2880
2445 776
705 1293
4798 2566
1399 2881
3690 2708
782 3504
2105 3122
3023 2180
17 4844
3575 3070
2833 660
1071 315
4622 2294
1104 3699
3817 3332
4329 4598
1259 1679
2112 108
3242 4569
1088 2633
822 2059
4717 3096
2988 3785
1318 2199
4735 2896
4081 731
4539 2022
3803 697
679 2482
2245 1223
1683 3021
3199 4941
3348 1571
4661 1662
687 197
226 1117
1977 4223
2172 1164
2091 2146
3380 2618
4719 3951
1176 2832
4136 1947
1073 1701
4274 4044
2265 4104
50 1269
3792 4722
1489 1470
388 3758
2727 4295
4657 2964
1610 2021
2997 2723
570 2465
829 247
4553 4136
2996 4157
1177 1084
1248 3109
968 1253
464 4206
1716 1098
4900 2295
1201 3082
171 2032
4687 623
2086 1693
993 2142
2730 985
788 4340
4192 1998
1511 51
4247 439
3496 2429
2775 2445
953 1125
1311 4108
4064 678
3053 4423
2685 3341
1417 4230
205 3119
2296 2141
3241 1524
421 4777
4416 2052
87 4004
2269 1006
507 2217
784 4752
1095 2440
4157 2788
4207 4065
3237 3580
2413 2721
4758 47
2464 1739
401 1608
2005 4944
513 2375
1609 1496
1258 830
3814 3537
992 2910
2785 665
2862 4219
3211 3257
945 4158
2461 3460
1341 67
135 4846
1325 4129
424 4484
1858 239
459 3239
1923 3794
4468 2587
3032 1723
285 1779
344 3819
2445 1658
3127 2129
4603 688
3289 1332
2050 130
3988 2503
1827 849
3523 347
2822 2385
2832 4747
1431 154
2826 4757
4141 1968
1324 1964
1376 810
2125 1968
4903 3824
1907 215
617 476
1386 4121
770 2526
3922 1949
4826 128
2192 6
133 3136
3111 2219
2621 1556
33 2465
4116 3663
1972 3389
876 4723
3082 3862
1895 780
406 4061
2763 3777
4712 916
844 2113
3492 697
2104 4133
675 237
2731 651
1902 1592
4632 2517
459 315
4912 1774
944 2963
1599 669
3971 1761
4745 2554
4519 4208
4970 4586
2557 1253
2412 1287
1204 1985
4631 9
3352 3829
1362 1040
4277 748
3348 1138
3412 4875
4562 4669
2191 2309
3121 752
3740 3239
65 484
1201 3266
591 3789
95 2008
972 704
847 4866
4979 4531
4042 790
4160 3013
2814 602
2208 4102
3250 2478
1425 4531
1324 416
4911 3415
2908 3722
1078 1489
4916 3399
2733 2359
1860 2746
3756 49
1567 1650
842 1018
1574 3992
681 73
4742 1146
2242 3852
1523 2125
2705 1443
385 3671
3859 1934
3732 1000
4039 1671
3237 1177
4183 1523
1783 3827
1232 4972
2983 2018
3137 1191
2625 679
3945 3413
3799 2815
887 1312
4774 2032
4778 4449
3631 3181
251 2550
4695 577
3622 3663
4637 956
1303 610
135 2723
1378 258
4737 4940
3539 221
4000 4370
1582 1034
1166 3482
4099 4399
1035 3630
4444 3362
2664 4335
2875 21
1500 996
272 3861
4387 357
1902 1484
2875 3735
3284 4386
2306 4373
191 1564
4838 997
2655 947
3148 3406
1181 3400
1502 1864
1568 3912
1608 4672
233 2413
2212 4085
3478 4341
1208 2653
4690 4830
532 3728
4320 2283
3587 339
3700 4664
4896 4865
4618 1532
2692 4939
2951 4049
3625 3374
433 4665
2333 315
1406 4652
1593 2629
3632 4598
1077 1353
2696 1605
1890 623
1441 953
828 628
4795 3175
849 426
950 577
3952 3473
849 4667
2224 2524
4686 3696
2338 888
4226 3917
2070 3009
4063 1605
4595 4332
3721 4670
1821 4172
2293 2143
1403 328
3474 2614
3536 2145
3686 2536
3097 272
138 3488
1133 1269
2134 1181
2242 2950
3529 2736
448 410
1489 796
4055 3446
887 3720
458 3137
4610 4301
38 4019
3962 1263
359 894
1880 2996
3106 1381
4224 1122
3245 2968
2455 1832
1026 1117
4843 2863
3398 1849
3673 2264
3783 755
4890 4958
2929 1138
4932 4233
2429 2278
3758 3156
3341 3754
1682 1219
2380 4689
129 2783
3061 1313
3203 3417
3110 2615
3205 1514
4089 2625
4250 1307
1856 4182
3251 595
3560 774
1478 3437
4413 1301
317 2195
4697 4998
3955 2708
1834 1033
618 3972
864 3051
2114 493
4407 2694
4567 1989
1364 1405
3255 3919
3341 3978
404 282
3001 2768
21 1292
3908 4831
3239 1464
2062 3965
1463 1068
837 890
4837 1917
4688 1824
3894 1935
194 1350
2800 2575
3429 1325
4069 2409
1048 131
2421 2880
175 3991
1286 3667
3425 2088
4058 736
354 993
4448 2541
2604 1953
1736 1424
4091 4233
3130 572
4163 1838
2607 4567
4176 1775
1645 2468
3133 867
247 4456
3464 3469
1023 2089
2561 4690
956 484
796 3960
3744 3837
1290 4846
1786 4296
2309 1544
4280 4300
1919 856
3572 2601
869 4183
3493 2154
4796 4778
2534 3633
1743 3523
3015 1657
1093 2428
1716 3605
2076 305
5 2714
2074 181
1520 4052
2375 4499
4377 817
1687 4413
3427 1693
1628 2417
1553 3796
3731 2714
3620 2463
1813 3201
4725 2940
2065 3030
1179 1498
1290 1056
3052 2808
2693 2325
1715 991
4869 1812
456 4558
4918 1804
3768 702
2939 555
4380 4815
2131 2058
4247 1698
2264 2823
2807 3931
109 4719
1540 2656
4511 2653
2532 3592
1839 3845
1944 180
3005 4095
2441 4551
4018 368
17 1186
120 1987
1827 1185
2147 1896
889 195
2570 4847
3137 637
4848 3333
4160 3527
4035 943
3441 382
267 951
4484 4492
4816 764
247 3537
4938 251
2924 2389
1253 672
4826 2624
513 4933
4875 705
4169 3719
2676 3753
1820 1431
4117 41
3014 410
204 1371
4385 2369
1951 1314
2019 2008
176 4922
1219 520
3635 554
1945 4629
4746 3351
1561 1855
1974 189
3193 4730
1437 1960
901 4777
2290 209
2568 2536
507 2212
1585 474
1650 3725
1892 4626
1863 3705
4907 590
1841 1750
4037 832
3492 4496
866 1894
1577 3150
280 2289
1154 778
1796 3365
2813 2625
1953 794
109 1971
101 259
4381 1691
428 2521
2097 1672
2606 286
1767 1873
4537 1201
624 2407
373 4864
1831 1492
401 2925
965 3922
2579 2313
1900 2746
3241 1443
1298 4709
2491 1343
4249 1852
2655 4228
3165 3288
4267 3778
3884 4019
3154 205
4660 4157
2474 2240
1472 3070
3120 3612
2859 4983
1090 89
697 4314
4275 681
792 727
1730 3291
157 3316
3520 1387
789 1863
4346 4441
1127 3436
4185 2401
1917 601
1851 4727
1731 4144
38 4714
1412 2727
1724 3006
3565 2098
2667 1850
1471 2212
580 2900
4749 1136
1196 3770
4192 719
2383 2705
4116 3566
2783 3772
794 2658
834 2290
703 3555
928 328
2949 422
1696 1607
1784 4204
736 4548
1283 4171
2 4128
4053 2988
1769 2890
2934 1980
1818 794
2491 2135
3284 324
447 2435
3694 3839
4057 503
1729 1082
3629 3063
4793 4030
1618 4442
1076 3099
1973 3092
760 1665
3824 2349
4884 706
338 2422
2057 4695
2672 4762
4180 1640
3654 1439
3752 2435
182 3007
2165 821
2669 543
1882 4791
61 2655
3629 1220
3517 4189
3853 2404
2169 1126
1789 3990
1535 1021
405 4283
1903 652
3516 3182
1485 242
1733 4443
1034 1131
2722 966
62 4972
3628 317
4895 1405
3258 4504
3693 4881
1143 4685
131 3793
3375 2261
4329 3153
2853 4947
1128 462
1047 4245
3371 4820
1784 114
2318 1931
2389 3992
4350 1573
2768 2975
1668 4721
1918 3243
4784 4295
4474 795
1134 1822
741 2222
1671 3388
104 1769
3263 939
3757 4695
810 2181
2606 4929
444 2557
2326 1502
2550 2171
338 1322
661 3255
2773 4747
2223 335
2050 1223
1655 1040
3733 281
3831 3990
1688 4343
1238 1776
39 3096
4530 4003
1814 1116
2544 2140
742 3778
951 1676
4209 231
4393 4588
4226 1162
3684 1531
4441 1833
4899 3858
1172 4580
4746 2984
4427 51
1783 823
2150 3866
238 4817
875 3868
4980 485
3169 4511
2399 927
2139 4084
1001 1429
3577 475
1023 2092
1486 2461
2905 1348
287 108
2649 1710
3061 4493
2347 4096
3649 1011
2537 2195
2174 2716
2950 3691
1172 1994
3584 1582
4111 1936
2091 4648
1443 426
3090 552
2660 1284
2101 1538
1208 3159
3304 4674
1189 1593
4770 3539
3661 1080
2818 3169
525 743
1034 368
2350 4294
3807 1663
3384 2024
1480 3487
2085 2614
4884 3491
2350 3792
1465 2361
2511 3504
2562 1079
4065 1672
780 3595
4875 3908
2448 2657
706 572
1836 3565
1247 1349
2792 2124
1486 207
721 3834
1573 2728
4211 124
594 2985
3815 2089
4742 4022
2493 1525
2777 4841
869 244
2318 4056
622 1851
2588 138
636 2724
2162 2437
3583 760
1496 535
2750 3086
2 1289
3485 4216
3168 3509
1147 2239
3783 614
4838 3246
2716 4661
3352 589
161 1395
4721 3236
2115 4596
4871 1773
2030 40
363 2245
4333 3853
1570 4911
4090 126
3397 3872
27 890
2095 4012
658 2768
2890 1390
1223 3329
3848 784
1835 2596
4677 3206
3780 3156
1532 2476
2417 4854
3978 4304
3327 2837
1301 3748
2535 79
2737 257
3781 4058
2059 4775
4406 3256
1346 285
3310 3594
255 2663
3751 4923
466 4431
3872 4362
2271 2282
2275 4773
4076 863
2431 4635
2037 1723
1613 4063
3900 1047
3956 2496
120 4097
3364 938
4253 1901
4143 3227
1010 2495
4171 1094
3988 713
2928 285
4244 556
4533 2228
1699 4211
1323 3097
4125 2914
3394 2861
3851 4355
1889 37
3442 4804
2328 2304
67 3001
4615 221
1452 454
3110 1428
4488 3239
164 3013
131 1141
2825 1970
1347 1961
3867 3251
2681 3252
3904 356
2165 1752
3219 2635
4326 2481
137 2452
2030 3367
777 2946
2852 4882
3687 1157
1908 386
2654 4664
433 1141
723 239
2888 3993
3332 3192
202 1310
2005 3871
1602 1612
2269 4511
4563 956
3039 2604
2119 1083
2547 3135
1597 4801
2807 4890
4637 1978
2789 1832
2967 2063
1505 124
1691 2598
4165 4788
1362 4024
3083 4368
3084 739
4451 3808
3169 2495
1578 431
3022 3382
4580 417
3872 1495
1208 399
1207 1107
992 3078
3658 3563
4572 3225
976 4487
4252 1859
166 737
2696 1328
4267 1600
1576 3143
3207 1858
4186 868
2665 3220
1078 336
1300 2316
2817 3381
302 4330
2902 3904
309 4706
1886 1320
3625 4666
1508 947
4319 2446
1483 438
4768 310
2643 1238
2388 2787
3102 4585
1715 2662
3470 2836
3585 1272
2747 58
2416 1462
1402 3056
1080 1429
4412 4913
1264 1843
4735 4384
4967 345
99 2830
3616 1932
2410 3574
1282 3989
1340 4648
3859 3108
4511 4482
3454 2908
654 844
4884 719
990 2221
721 1216
1254 2678
4681 1236
4776 4228
88 878
4437 2511
3808 720
2140 3738
3312 531
4233 3527
1421 4759
781 20
1755 2517
1052 2824
3260 4733
2155 805
3773 1096
2789 224
1263 2804
2799 3870
2306 3892
3867 3774
1667 4808
3732 3838
3816 656
863 3964
4869 431
4218 148
4142 4639
968 365
4483 3736
2565 831
1871 3170
4060 1567
1254 1291
3165 2184
1869 321
1412 4644
4299 447
827 32
4270 2406
1697 3759
1687 92
881 4688
509 1974
742 4079
3287 4949
2741 4749
560 1882
2380 1518
2354 544
3296 4080
562 3099
4411 4818
1052 903
1883 4743
113 4608
3283 1569
3121 3857
2811 2174
4147 1837
209 730
2602 4195
1479 2118
3953 907
1944 3607
3278 2307
3836 265
3286 2799
2060 4727
4036 2894
1484 2620
4397 4354
25 1763
4205 2339
3004 1024
4093 3756
3030 4241
4101 537
1421 2733
2952 3980
4454 2284
1747 3905
1617 2703
679 2890
1214 1370
155 3373
4724 1250
4102 4426
4560 234
3100 4058
1546 4290
3413 2310
4916 3757
902 3642
4854 2816
3719 4893
4592 4131
4052 4547
1746 156
2912 643
2185 3919
4714 3537
4261 4836
1797 453
3463 1612
360 4476
2340 2581
2392 804
260 896
1762 4712
415 3297
936 828
1566 393
3201 1329
1852 4633
821 1209
268 339
3570 1178
1889 4345
37 279
336 3850
531 1597
92 875
819 4096
3460 3140
3053 3891
1236 4701
4442 865
3223 1417
2843 949
702 4074
1851 336
669 1111
2039 1179
1706 3193
499 1533
4748 4055
4069 1250
1809 2334
4016 3861
1725 3199
2796 4712
3273 44
4811 3111
2402 4741
128 3027
3934 25
3876 1613
560 3557
3844 1304
1927 216
1343 71
429 4028
4717 3695
1103 3261
1064 2212
2843 3839
974 1995
1531 2935
2392 1505
3098 1855
684 1788
1246 1562
1154 2920
3705 795
3942 146
2171 2240
3213 569
3547 2648
3811 91
3017 3912
197 1363
892 4956
2249 3106
690 3780
1055 1025
1214 4048
4228 1908
4105 437
1965 2369
1597 2327
1313 2761
2178 3703
1013 1848
4852 2487
4190 883
3420 1454
811 2542
2421 3939
1377 3397
4173 315
158 3797
877 2259
3429 4524
3655 2869
4834 4267
4557 4644
35 1769
1279 1099
151 2742
3008 1610
2365 2687
2606 3869
3677 1556
1792 2405
3171 4417
420 1375
1694 1888
4713 600
1922 1718
16 3143
3550 4783
4069 2533
3322 3566
4071 285
3964 3194
1668 674
1763 3002
101 2215
1006 2531
3475 4523
900 3779
4027 4509
350 842
2700 797
330 3424
1136 1164
2592 450
3993 2667
1448 2788
3444 64
1300 1479
1029 4618
461 2648
3660 1814
2424 432
1133 4895
4273 373
1358 1406
3226 1965
1809 2292
992 406
703 1250
2810 3036
471 949
757 4010
4825 4438
3239 1505
4044 3135
1119 1012
4634 4219
80 3279
3132 432
4247 386
1769 4134
647 1283
2483 4488
3588 1226
1282 3927
4083 3980
702 3826
291 353
2365 2638
4879 2757
3812 1217
13 1146
1206 4513
1339 3597
1174 1435
3806 3343
1060 3480
2861 4581
2757 2048
2231 1668
4223 3239
4273 4378
3360 530
533 1433
1602 2380
394 334
4949 3502
272 3512
4307 1755
2312 2683
2977 1406
4246 4401
4216 2178
2657 4051
3353 2302
4966 349
386 2199
1542 1856
4552 4339
964 4734
757 1700
1311 4737
300 1921
1452 1954
2912 3422
4673 1903
3290 31
899 1785
2977 1363
2206 2358
2107 4061
3772 1220
3442 1786
1322 4095
581 3367
3665 4547
4314 4201
3079 2341
3480 1329
241 1777
1512 2080
2635 234
884 3294
4735 854
788 572
441 955
3449 627
851 4703
24 4519
4991 2849
4873 4401
651 2538
2453 195
4756 2361
3789 3745
4505 4057
4645 4963
289 2696
2696 3020
2941 501
134 2173
3253 440
3698 2503
4374 835
4706 3859
3177 2971
1513 2931
1973 2593
3696 142
4466 4869
930 3428
951 4099
1632 754
3261 1211
1965 1040
4438 791
4905 137
1359 351
1418 537
1964 238
2127 455
1403 3973
138 1827
395 3251
780 1921
1544 2251
3727 4379
403 2806
2935 4463
3783 1154
1794 3329
1483 207
745 2680
4119 2825
4472 3501
1232 1742
1501 2117
2120 2901
4342 4882
3686 3207
38 3381
1901 2357
4683 3115
634 1011
3571 4309
1713 2351
1657 1935
2254 2109
1502 1178
3435 4620
2194 381
3012 3784
15 429
1361 2179
1034 3172
271 3357
2734 673
1741 2877
2134 3892
1739 4909
927 3283
2521 416
1742 495
1009 1947
2540 3001
4243 1865
1901 405
3643 2895
2109 3043
4316 425
4414 704
1604 733
189 4679
2793 4614
3906 3304
4015 2587
990 1110
3518 359
1231 2851
1158 75
26 4151
325 4602
3754 4563
4513 1580
3537 960
2853 1478
3167 2142
4092 4791
2153 525
1630 4765
975 211
4242 2808
1918 2547
1997 4923
2400 3844
1070 2345
1816 1210
2880 586
3814 1188
4761 4660
914 1918
3812 3344
1699 4555
4101 1942
1048 3922
1025 4686
4342 1338
2695 3160
4294 2036
639 3773
4502 3887
3079 24
4458 2147
2403 4248
500 758
905 46
3193 2556
308 4757
4249 4380
2052 4856
4829 3661
1695 1562
4849 400
2310 466
1048 4658
988 2409
2784 4349
3160 4476
4266 4536
488 4406
3568 3093
1934 744
810 4790
1309 920
1683 640
4143 23
4651 3839
186 4903
2377 2230
4664 4611
14 1491
2490 2938
3339 4383
839 110
170 2378
1917 2970
2629 877
381 1264
4451 3190
1504 3556
1953 3162
2864 2702
4858 4395
4148 2606
1596 1088
4560 3007
154 4076
1495 1450
3810 872
1038 971
1045 2397
3493 2531
3227 3311
97 2052
2279 2711
2356 2158
2673 3563
3982 979
2800 3583
3558 3328
1213 2382
4993 12
2260 917
1776 2143
4788 616
75 2304
4714 3717
1435 4679
379 463
2676 109
1744 686
2447 3095
1842 2047
4401 840
1418 4712
2939 2601
2000 3249
435 1603
3574 3793
2058 4528
4539 4322
4319 1386
2749 341
2934 1067
2153 3018
2765 2177
1864 3624
447 2371
2006 2785
2838 3335
416 1212
3623 861
1670 4785
4514 4999
1399 4027
2315 4376
454 2353
555 1335
2961 2788
4235 1797
1327 4893
1178 3727
3842 2011
3849 3274
2988 1721
2031 2995
4365 2887
1471 361
4171 653
1272 1986
4299 555
341 121
681 3896
3557 2386
4768 4763
4955 3973
4068 4598
3142 4129
710 3707
4309 2036
1807 4265
990 862
131 2682
3448 2968
1933 4548
687 2424
568 4647
4005 4865
3580 4161
2442 3031
2649 4947
1855 1202
4050 3390
4346 1510
1418 817
4084 2869
364 2776
4608 3603
2696 4071
2292 4678
1129 3239
47 3706
1509 3471
2680 4858
1268 2491
1371 3041
2559 432
4112 2593
2550 3481
2673 3715
4208 316
1919 1323
2020 3783
595 3297
122 2609
1007 469
1846 4403
333 3139
1924 4146
1549 198
1349 2980
2502 3823
4648 2751
4065 807
3418 3738
3433 4680
1080 2854
3329 1651
2463 244
151 4677
4994 850
3612 4486
3387 1135
1547 3202
1755 2248
2479 2061
819 2916
328 2054
421 2237
3451 2537
4089 1675
4647 4801
1136 2720
3033 2067
2982 1263
2177 3520
51 2506
3717 987
2177 3570
2335 1500
154 4565
1203 3105
4158 2309
1717 4305
2359 708
3634 4634
2139 4325
4509 387
4027 1499
2891 1609
2657 2189
3257 1890
1237 4625
3422 3461
4064 3849
4955 1107
4509 1439
374 3292
2726 1132
4685 1635
1505 117
2229 1775
1377 3128
895 1022
4274 786
1291 2473
2735 2319
2195 1236
4371 1843
1972 2554
1224 1994
4857 3175
1837 1222
705 1850
3777 4613
1337 3859
4343 3619
3639 3352
2516 2431
4807 4685
1892 4626
3441 1256
806 696
2804 4947
3561 3625
2609 4456
3030 4512
4112 3010
2228 139
1653 1403
1263 1680
3290 2649
1671 3578
1099 2477
4978 2618
2708 3715
3574 2042
485 864
1595 1724
1710 2757
3351 4555
1116 2263
3286 1845
4844 2418
3739 4688
3314 2643
706 4698
1437 3270
1461 2311
1351 2376
454 1818
4773 3658
3202 1079
739 3205
2991 2127
298 4070
4450 3754
3774 2281
1287 2632
389 2323
1479 2585
2772 4820
3951 2744
187 4022
2791 3695
2056 595
376 165
4411 3047
4902 242
3280 1514
4037 4109
1019 3301
1117 1132
4713 3567
3492 3982
2497 635
2582 1225
4220 121
671 4034
1442 2148
2143 2701
3687 518
2774 3015
4605 4251
2854 1916
957 2420
4652 3098
1091 871
692 1856
3128 1018
706 2690
1640 4517
4219 4794
1139 3881
4078 4232
717 103
1449 76
3864 4162
3712 1782
669 1112
2480 1372
2800 2097
1047 2537
4472 2007
3307 3195
328 2303
1074 1334
4316 247
1353 4536
3684 1598
3521 3600
61 534
9 3267
1707 2077
4827 782
633 2289
3784 287
341 3832
2616 4292
207 4453
4761 3266
1286 3831
184 1921
3678 1865
4458 3167
4923 3503
1755 3781
838 1857
3371 4597
2544 3099
3559 1880
243 4396
3097 3882
4651 4373
569 756
2208 1945
930 348
3974 2062
3408 1108
2736 2598
2240 2913
4641 3037
4293 3092
3484 2354
4424 91
2944 3518
4913 2715
363 217
4423 992
1953 4274
81 412
3579 3457
1911 1670
2809 4720
1848 4925
4174 4038
4610 3777
467 4949
3250 4445
489 2220
1625 4572
4622 4792
3468 1156
1079 1018
1286 2044
1726 4912
3084 3595
1244 2485
2936 1313
927 4899
544 1007
399 2986
466 2190
1810 2545
2137 2735
897 3937
3277 1106
1915 1997
1627 2057
2490 1531
1284 1926
2797 350
2524 4918
4825 4504
4346 3003
791 4321
170 1927
4336 673
4249 4718
3937 1486
3118 4641
208 1111
2061 4693
863 1207
2327 4444
4530 4912
3598 2150
3534 4076
232 520
3320 2191
278 3978
1005 3671
3709 1972
2933 1618
1845 902
3602 170
3303 530
2844 3509
346 2535
1070 3349
2141 4505
189 3863
2798 3839
105 4590
2516 3070
2307 1473
269 953
2488 4969
1494 654
2186 857
4752 3395
2166 3779
4062 2332
3391 3110
69 643
3803 440
728 4207
1576 4580
3353 1920
992 3157
129 888
3701 387
3507 4378
877 501
404 235
229 2545
4376 605
412 2891
548 1247
4034 500
2371 794
2879 1771
2790 3406
1490 3300
4545 266
1234 2735
623 2879
3577 3140
1795 1048
465 838
676 3850
3917 2115
2006 1168
4903 1500
2078 3028
539 3774
892 2170
867 4673
3862 4110
1600 4714
3205 241
3476 528
2883 4186
133 3662
449 144
4531 1796
1826 2522
792 1125
4097 4267
1766 4440
1919 634
4280 187
2112 4551
3671 1888
4275 331
2172 3726
3851 2187
4855 1032
998 1475
467 4647
2926 1449
2632 3265
1550 4285
4912 96
4920 3092
2194 4199
3075 531
3972 1486
2033 3581
4080 2094
2081 1060
1185 1747
4936 4366
2314 1279
4840 253
2132 3129
75 2279
3983 4780
2211 3807
2587 4753
4057 4451
3082 4236
2084 4298
1609 3241
4404 1262
3278 4114
4458 3865
2023 2308
4011 3071
4469 245
706 3504
2324 1242
4536 105
2916 4673
3987 772
2611 1132
629 3514
3176 2045
2369 558
2694 263
74 3112
355 2507
3139 2070
947 239
3871 3996
167 135
464 2007
2377 4827
3983 2393
3329 2730
4784 4463
2197 2480
4181 4467
3762 3237
757 498
4368 4798
2869 2408
704 3849
2885 4990
4711 3733
3091 4365
3872 542
3968 2045
4906 861
1500 3736
147 1516
3141 2278
906 3992
1151 4492
4765 1833
4395 336
4368 829
4091 4061
4626 1792
760 1475
1318 4159
1580 1113
3533 1268
3154 2866
4658 3760
3868 4978
1621 1175
2567 2381
3910 3262
2561 2995
4764 225
1518 4112
4206 2997
3646 4493
2239 1453
731 3389
3119 4492
2829 3521
979 1676
3282 3738
592 4369
3359 855
2889 2440
1510 3791
2420 4920
3675 3280
2681 183
1286 4391
482 450
1359 1504
2160 1274
932 543
1285 3420
3191 3042
4781 3720
2835 3520
4894 2073
3472 3345
2165 269
1222 1046
3506 4039
3040 3750
437 2027
1504 4155
4758 2478
3741 3783
653 3875
4883 1255
4667 537
300 2685
3641 2131
2982 4740
4894 1441
3571 1298
3498 1129
3778 3704
752 1102
1170 2239
390 3680
2450 1985
3377 4675
2116 4037
4728 2304
1637 1141
1920 1748
132 4524
1948 2774
4599 2090
2276 1530
3416 3664
2947 1289
3319 2901
1575 4408
362 2745
4188 3557
855 1619
573 4400
2817 1504
2136 1000
2337 154
4539 2896
4159 1121
2479 4628
254 2649
3708 4551
3963 4615
2552 4415
3851 3580
2377 3808
3605 390
1000 1752
4795 4780
716 849
2264 428
574 4271
1766 1019
3710 4430
2260 101
3680 4800
275 2647
4363 3558
3660 916
330 3015
2984 3745
4041 33
110 3526
938 3413
3618 1144
238 1552
2382 4450
460 2007
1307 1540
372 2257
2459 4645
1367 4920
3246 2627
2083 4418
2659 3881
4015 2981
4061 3973
187 1461
3023 520
4450 113
3247 4345
1734 4772
2185 2700
3830 2715
431 2068
4401 4438
2529 1997
1186 1860
684 799
150 2345
1755 2588
241 66
4214 2838
1160 3526
692 4566
4026 3659
1906 1059
1788 1870
1929 2129
3471 755
3767 2658
3762 4296
4757 1765
1084 3997
447 4345
4175 462
3542 3437
1906 449
4210 2849
3742 518
3397 4663
4374 2765
4812 718
3211 4352
29 3673
1650 136
800 4676
1378 985
3267 333
4285 1683
556 1201
3341 1203
3894 196
2586 3791
1917 1539
3390 1020
4597 1415
1629 4526
1036 2817
3738 441
1052 4113
3028 4489
3605 4350
3409 3317
4814 2179
4201 850
1879 3172
903 3873
2439 4437
1279 835
3594 822
3855 4068
74 2683
3649 2806
1920 3923
4208 4816
2594 2593
1217 3233
1377 2751
403 3241
2037 166
1768 2626
4603 1319
4317 2811
3099 3961
1691 1778
2806 462
4598 3654
389 1118
2880 3667
3547 3857
1009 4515
4499 4740
2954 2669
4212 3966
3573 1420
1672 399
1774 29
2629 4987
3805 2582
705 2985
1904 1716
4129 4692
1388 50
200 3245
264 4882
3817 250
1844 3345
3290 2618
4257 2909
2315 1574
2109 1045
4834 1412
3961 4493
2776 3296
2010 4652
1790 3445
1145 216
2203 1538
1862 1852
3155 859
3565 3584
4 4257
1875 3446
3855 1523
4198 4869
2308 2279
506 302
2421 2938
2217 4871
4709 3033
4722 3430
2063 3465
4850 3879
1367 874
1482 4857
3707 1545
475 137
1916 916
1348 1368
2629 864
1836 2669
2777 4440
1098 2041
4749 2788
1941 4689
4803 1248
4105 3464
1766 3044
831 1339
379 4503
2913 1277
559 506
4099 3076
4943 4271
409 3409
1981 1613
314 4364
750 884
924 882
1822 3724
4614 3330
3382 2949
4413 4973
2842 4072
1892 3117
2623 4142
2842 3870
1375 822
280 728
500 4368
3580 1313
4450 4289
2210 4576
557 2228
1174 4327
1575 1008
1054 616
4033 1356
3457 4903
263 2480
2183 1302
1390 3283
620 1365
556 3899
3692 2961
4345 595
3073 4575
3652 4613
2315 4708
1217 1010
1580 2189
1339 355
4151 1662
4855 2594
318 4805
3691 96
2666 4821
3399 4346
2432 2534
4392 412
4139 268
4011 909
3396 1391
2087 4355
52 4347
2463 2408
3183 3464
4509 3865
4437 2299
808 390
439 1467
831 2099
4473 614
1886 3841
3299 4967
2383 294
2230 4918
2183 2705
3644 3056
472 4974
2316 3263
4543 4990
1377 4029
1045 3838
4914 4527
4485 4779
4582 15
3514 2863
2396 2828
1522 4427
1511 3081
1959 1105
2058 2544
843 3980
4971 1414
2861 4363
917 1207
3421 1308
1727 2853
4540 1118
3622 1338
931 88
3454 3315
3947 2394
1547 2991
4139 3122
4859 1380
4415 4541
1070 4271
2556 2172
2617 3147
2751 1440
2758 4269
3228 1325
500 4676
1182 1159
3721 2625
3440 2703
3069 1190
4535 2253
1624 1126
2284 1825
469 1260
802 946
4022 136
3958 3749
477 1573
982 2023
4973 1870
450 4896
442 2387
4652 1987
4339 4008
2455 4874
443 466
837 3406
2199 1631
2917 2491
4092 2079
2027 4268
4643 2029
1590 3705
318 238
2825 935
4252 3302
1372 981
1251 2337
4951 961
4991 2879
4771 2167
193 3458
1193 3948
1838 1602
1008 2828
3401 627
1889 2771
3343 4437
3092 2722
3042 1707
2318 3479
2989 1444
1819 3140
1459 4637
536 2099
4069 240
2089 3574
4536 3981
2587 1715
4364 219
2146 4283
3220 193
1763 1670
3656 321
4126 1328
1462 3499
1812 463
2758 4138
4660 3190
2129 2917
632 1490
550 1379
4339 3897
310 357
4644 2149
3369 1050
1647 3047
1922 3012
500 3412
4223 1222
858 489
2088 4704
3665 1598
242 589
2374 2377
201 3492
2807 2637
1881 584
906 4957
2322 4428
623 3283
2368 152
741 1345
1077 4785
955 4219
4968 1984
1537 4764
1362 3414
4793 1029
817 1516
46 24
743 4010
2247 4078
2221 1153
1550 3701
3618 1931
3523 2101
650 4718
4426 2819
267 2271
2932 1652
479 676
3263 3105
3573 524
2591 2910
1303 4669
2352 419
3129 3465
295 3250
4635 4398
2773 2672
2420 2121
3860 4611
4604 1067
2756 1435
1554 4461
2145 2121
318 228
2725 3116
4267 1309
1193 4677
1635 3294
4039 4777
252 283
483 4835
47 60
3907 3577
3027 3686
3458 1388
3824 4637
4444 3632
3661 2264
1402 3120
693 1027
2948 3546
917 4625
3070 4938
2495 3676
4569 2487
3109 1024
337 4924
2349 3635
1489 1582
629 895
3707 1388
533 1904
862 3535
549 681
3215 3854
4581 1646
1075 2595
4166 628
1827 124
3553 4980
1346 2793
2354 3963
2306 531
2032 3836
1449 252
3026 4956
2467 1877
1855 3405
3282 3188
1256 2194
4886 492
313 4241
1703 914
4287 4657
2587 1413
4471 4018
4556 1048
2695 126
2033 259
1198 4508
4376 4564
2548 2584
634 2488
576 3885
4959 278
3761 980
256 250
3562 4906
4731 3838
3029 4306
2154 3212
2850 880
2497 3447
1865 3054
4294 3890
1096 2737
3275 3705
2487 2564
535 2419
1786 4810
122 2279
1280 2686
2702 2500
2697 2773
1098 122
1454 1673
2003 1884
3590 3689
4436 3832
3602 4347
1853 1877
1221 2409
121 2152
4256 4523
2157 3113
2498 4168
3902 2898
397 341
1124 845
4807 3241
3858 4817
2030 1441
705 4074
2395 1178
425 3919
3490 2679
2212 1294
658 4097
2414 866
3696 4221
356 1545
1400 4736
3014 4512
693 4362
4082 4791
3651 1442
1944 601
312 2579
4672 3977
342 1968
3770 252
731 3597
2492 4727
3995 599
3021 516
2564 893
3634 996
1348 2667
2778 2619
4397 4049
4211 1682
4587 4100
150 4060
2432 1683
4494 81
4329 3408
3708 2751
2448 1896
335 2983
4978 3423
3858 1420
1733 415
3005 339
4384 1759
1527 3021
4495 3506
511 4489
3538 1899
1352 1058
2669 4825
2982 3790
1951 4283
1849 2172
4455 3596
4773 3465
317 867
148 1187
4047 3789
4279 2776
1475 3786
2304 3169
362 111
713 1184
3358 846
3125 517
1245 1083
1562 3287
4843 981
1094 4399
267 50
4721 3859
164 4952
318 2929
4133 1136
1644 2702
3965 4045
873 2080
1533 2137
2398 3405
4843 3246
2979 128
1121 1404
4045 814
1907 63
2517 2831
869 1758
1678 1789
557 2433
2390 4202
2146 3914
2348 2635
520 1303
3160 3812
1738 2146
4555 3795
2758 2336
3670 297
271 2654
600 1949
3060 573
2175 2188
2247 2458
1963 4420
2179 3436
179 631
3213 2637
1085 2041
3938 2058
4207 1873
1908 1453
2519 3292
4878 4023
4217 2665
1371 805
4209 2155
4198 876
2432 618
1883 1485
2656 1808
2501 1732
1459 3245
4013 3029
3473 3025
3180 2317
2425 2480
3716 971
1270 2663
1554 4970
3263 3859
881 1792
2243 3133
4930 2088
984 1427
3408 2285
1375 71
4675 867
695 2311
4368 2063
4882 2228
3571 3597
791 1511
3885 3053
253 1428
4346 582
3729 4330
506 2946
4589 449
3494 2846
2508 3643
3735 2740
593 2474
2271 832
1250 1126
3378 3378
213 807
3753 3710
1358 793
561 3837
3432 952
341 3661
1535 2498
3011 4233
3368 2029
3663 1574
3865 3451
2176 1227
591 1264
3171 362
656 1440
1645 2511
3432 4972
1651 466
4374 2243
4794 2207
3353 1038
3714 3416
1544 2354
4121 346
1859 631
2538 1432
3999 2154
3480 243
806 2931
1945 4645
2174 4375
180 407
3273 4340
2912 2572
2030 1692
3536 3564
1900 4671
4704 1159
3071 4894
4475 1481
2510 4167
2197 4229
3774 3386
3569 4671
1989 217
3894 4159
4349 2639
271 2
2360 4118
2459 2097
3861 4342
239 3346
178 805
1994 1555
4165 1305
4679 4264
1838 206
1298 2612
525 3734
1398 2805
2181 4867
4606 4340
4057 1864
1642 3657
1193 3453
168 1403
4974 3709
3053 1701
930 3374
4721 3809
2662 410
2349 3262
3606 4717
2725 3717
2781 4999
895 2583
2202 2665
4182 4250
2999 2715
1415 1911
2451 1319
1271 1942
2656 3951
4759 4567
1279 4687
4481 2381
4847 3736
4484 4191
284 572
3447 850
1869 1710
1115 4197
1953 4164
4788 4514
2409 229
2183 2753
4232 2273
2503 2407
2266 1458
697 4689
2108 4722
135 4321
2876 4058
2119 2838
3745 4251
4453 2669
2701 780
4636 1205
2921 759
681 3995
2360 39
198 3117
686 3525
912 498
4872 388
2066 909
3384 2624
1037 807
15 67
3848 1142
1630 550
3793 409
1903 4507
3653 4643
2320 4263
3533 4007
3171 4105
4280 1468
4029 1761
3670 3656
2237 1563
541 3737
3227 3351
3584 1985
822 4190
1924 1026
4900 1882
2336 3927
2858 2640
4873 3294
3439 683
2261 2408
371 3423
3696 72
1988 4110
2639 3516
2424 2996
577 4894
2060 844
523 2820
1522 2744
4737 3899
3927 692
1351 3456
2524 1821
270 2088
4412 4365
4868 1523
4577 337
4009 4787
1190 3928
3457 4082
2574 3382
3952 4008
4167 708
4502 1967
870 1557
2935 3650
1828 2508
4022 3678
3454 3447
121 1162
4228 115
3275 3392
4946 3776
3487 635
1207 1004
1814 2926
2380 4022
424 2735
3099 4738
3169 1068
1049 3556
2204 1245
1710 966
2949 1417
2921 2699
1941 4137
513 4783
3590 3045
2562 3124
2978 4312
3281 3465
3096 4789
4775 115
4818 3649
3357 4126
334 1781
1980 4961
4219 2513
1100 3598
3166 3584
3498 3729
1686 1088
1762 4199
242 3310
1869 2953
509 656
4348 4949
839 2694
3171 3364
1441 4235
2836 2979
4446 3453
4471 2344
1755 2759
2394 2070
1698 465
744 809
2332 1859
4747 517
1565 2380
353 1923
782 4542
2771 3070
4406 3640
1597 2990
2176 2852
140 4230
3279 1382
1330 1674
494 425
3171 2558
4434 2020
3341 605
224 256
89 2563
2198 1994
3044 2098
2976 3909
3181 4258
2415 3869
4736 4764
4020 4582
3144 1410
3953 1371
3606 4925
3892 2678
1108 2769
1275 998
684 4290
2483 3099
3559 3755
2994 4766
95 4561
1188 2467
906 3325
3712 4120
2148 2099
3517 203
3097 3096
3093 46
2282 1279
438 400
726 3891
4898 1669
1842 4055
3900 1767
1060 97
3814 4623
578 1596
3558 1843
3147 1668
2217 3592
3721 2787
396 3796
4747 137
1965 2963
1246 4527
4658 4920
3732 4266
4366 1532
1629 4932
2497 2014
3193 3733
3434 3991
382 1931
1298 2123
609 1058
61 2063
1182 161
2739 1555
3209 1594
281 4442
4010 433
994 3832
4455 4211
1688 1038
4403 890
3855 3412
1928 4125
394 1288
3696 2455
2381 2296
3864 1511
132 2229
3278 3774
730 1496
2407 3821
4908 361
3601 1378
118 53
1316 4063
3268 1740
3867 1100
2160 3928
4294 2920
3128 231
4693 2113
1572 2713
1382 1587
3625 1063
184 1915
3556 3364
2806 1264
3250 3837
750 2798
3215 4513
3882 409
3615 4117
4783 242
2577 2071
2488 3274
1038 3754
2425 2313
4945 2942
4585 1048
646 4038
2904 46
2381 4270
4459 2643
303 331
141 2281
4343 1584
2241 1750
3573 4842
1594 4938
2110 3427
3634 4343
3570 3273
2690 995
2830 3118
1935 1344
432 4479
4017 1386
3733 2761
357 1251
4659 2284
2577 1567
276 2212
420 2224
4826 2542
3742 786
220 4856
3029 4964
1437 1283
4377 3319
1289 3608
2962 406
2992 4103
2078 2633
991 3772
3773 2203
4352 2093
3800 3360
1495 4603
1835 857
1600 1377
3316 2979
4717 4793
4029 345
4173 2530
4924 4763
590 2120
4126 842
424 1423
950 4357
2461 2497
4671 898
3518 1317
3138 3285
560 1084
167 656
3777 1666
980 4208
1952 4969
1228 685
4683 309
2119 2851
2605 3082
863 3707
1850 3618
1017 1853
1699 2995
4284 686
1557 166
3841 3896
3531 1186
2141 2455
3136 203
4770 4604
1016 735
2271 3378
4880 1593
87 1214
3874 4069
687 462
3426 2029
4048 1045
238 4743
4676 4535
556 3624
2703 2138
3084 1788
2302 764
507 1846
4723 3373
4536 732
914 2894
1226 4219
2785 4849
1721 820
4407 3004
1749 2249
1877 1331
810 921
2203 2173
3104 1150
362 1079
3210 3031
3080 1403
3262 1790
4897 2836
433 2556
4988 2834
1525 4657
2052 2032
242 4602
2626 173
1596 4989
1289 1803
1598 1913
1328 1478
4199 193
4205 2290
4386 4049
2161 3868
1675 680
3418 4991
276 656
850 682
1749 668
3081 2809
2468 1291
1760 2101
2946 2968
4477 3281
4234 4747
4892 4263
3017 11
4414 2267
2412 3514
3757 1359
2844 506
3561 1951
4445 137
3508 4453
4985 2311
2894 1186
2375 3073
4492 1400
3648 1009
1066 3054
3740 1323
1304 2424
2628 2021
1113 1752
1663 464
699 478
2073 3864
1659 3510
1855 3223
3721 1960
1582 138
2005 4646
3649 15
1678 4150
3487 1639
4993 1062
4155 4840
1685 21
2639 2053
1013 2019
4528 4798
723 381
848 868
642 3143
2600 3929
769 2236
501 3338
2560 2383
1825 4677
3784 40
776 3788
2176 1679
986 282
2085 568
1019 1990
407 740
2871 3376
3597 503
4441 330
2480 312
3013 1953
4350 3040
2793 4420
4449 1539
672 2137
1016 4736
1079 2541
4097 4600
1227 1674
162 2075
4133 2013
4263 3699
4832 4291
785 3681
3702 1564
4932 1780
1410 1722
4248 1808
3374 3218
2453 1453
1850 2115
622 4976
1848 791
2240 1075
3780 4643
4900 4305
4151 3126
3807 2690
228 814
3884 4773
1566 4147
654 1681
560 339
522 2080
3373 2870
1480 3150
4236 858
3764 923
27 3182
1366 4662
2499 927
3099 2517
3968 1182
4367 624
344 4215
2813 2485
1867 1534
518 807
1383 666
1814 3941
3362 1505
1830 1087
4751 4181
3727 138
2415 1111
3616 610
1652 1562
2575 755
1603 356
3135 1980
4850 971
2082 2063
1836 867
3310 843
4783 1354
2739 587
1304 3752
526 4095
722 2275
3400 3422
2704 2633
4493 4811
1924 3663
1427 2901
3586 3178
2156 3309
2117 2580
1910 3610
4839 4803
1594 3458
1902 3600
4353 607
1246 604
2396 126
738 2277
180 1462
1883 2583
4469 3397
22 1926
2453 1298
394 632
3196 1555
4068 752
1919 1527
2409 1580
2181 73
3774 3384
2865 1602
3803 930
3517 1802
2761 316
3643 3729
1514 4130
2730 3606
4631 3364
2634 2868
4519 2646
556 139
4356 3298
548 1065
1229 3221
2867 4470
4067 2933
4253 2391
2688 54
2970 4497
3561 1599
337 2321
1390 4799
217 2690
884 3305
4607 1059
1092 4177
2315 60
4446 3213
4101 1423
1788 2400
1028 4012
1511 1732
2158 1916
3700 2019
3796 364
4162 3641
4050 921
1236 1286
2273 499
4692 4957
671 4457
4780 4354
3182 3872
4456 3944
4262 4206
1611 4521
451 793
3177 1070
3292 567
471 624
2875 4981
36 2638
3342 3339
3938 2322
916 1171
2682 1426
2842 2027
2888 2920
3094 3251
853 3605
4071 291
4133 4112
4926 4290
3589 1591
961 4357
3615 2433
29 3762
1842 4917
538 931
577 265
3724 1883
4598 1409
1572 457
3585 3745
2132 3469
820 4470
1636 1150
120 1018
2632 1198
4678 795
2738 1241
114 1540
307 3721
343 2722
2067 2292
94 4769
4545 1457
1385 666
296 2295
4640 152
3905 3898
2359 984
981 3833
1197 2761
4450 1670
998 3741
2714 2885
4498 4721
1002 4080
1616 1332
1098 4954
3035 2537
1117 520
3976 1002
953 4450
3776 2952
1039 1623
2887 769
2524 4284
3562 2126
4418 4216
2022 1463
3393 1129
169 1316
4024 2433
2359 3752
1343 1444
4631 3972
1342 2259
2909 856
3493 2113
921 713
586 610
4294 950
3727 2115
4502 965
271 3006
4709 4662
2746 490
1051 2312
2174 3078
1595 4656
4489 2152
323 1143
2493 3757
3530 3768
142 1687
4585 2581
1896 1159
1298 3513
4632 3220
2710 2571
4333 1113
897 4448
170 2349
928 2898
4634 1878
328 2967
1864 1112
951 4632
4632 233
2101 4340
1186 2771
4838 608
2665 4559
987 3285
1960 3454
3049 2575
2528 1961
4891 1778
2054 3973
4238 606
3771 3392
3578 3834
1673 944
968 4946
2470 3185
1007 1568
2139 14
1140 2120
858 1272
44 1994
4897 264
3596 4533
2528 3090
723 2721
1110 1205
3731 4068
691 2341
1689 3634
3341 3382
2234 3469
3644 3475
3960 674
366 2968
2045 4654
2524 63
78 3700
1591 1490
2484 2835
3895 7
3863 1263
4026 3485
4216 308
2696 1354
1907 2519
2319 2274
479 437
2188 1289
1578 2988
2416 1784
4416 2098
770 4121
2879 4894
1573 3350
4425 2892
2906 3312
2938 92
2801 2085
4110 4367
1687 4619
625 2947
1050 153
3816 596
2543 856
2904 3539
3489 2354
590 2929
2566 3726
861 3712
4615 811
1805 3403
3937 4450
3683 2
1817 2828
1597 2208
4705 3857
4034 1174
2398 737
1352 3603
3826 580
4248 1385
1175 4237
3410 1821
382 4439
3741 2875
4283 4178
1394 4390
3597 517
2674 774
3169 1586
1874 607
2644 72
1981 1579
790 793
4433 455
3622 251
380 181
4955 3251
721 3620
4918 3268
4897 4791
294 3733
1630 4983
3529 1488
534 4835
620 1801
3718 832
1508 4963
4757 1608
4168 275
3309 1850
903 1422
4675 3561
3192 574
1800 3575
3757 1955
2789 1724
4052 2444
1203 327
4059 2099
2918 1880
19 890
487 4824
1729 1879
4663 3515
1397 2171
1708 4476
4160 4249
2214 3207
885 4794
4091 2080
4228 4113
2489 2216
4775 2909
1879 3406
1287 137
678 1937
1150 2832
1903 3355
1554 3506
189 381
412 1252
1020 1761
3889 2511
3182 4081
2848 3647
914 3034
1963 3536
3864 2302
2470 1716
3452 1807
4147 3967
608 1304
3015 1987
3616 2926
2569 108
2784 887
4676 3115
3228 2386
725 3683
4463 979
522 129
3028 3852
1333 1716
3818 3969
4261 4512
4521 2167
1715 636
722 2499
717 2833
3736 1496
4622 4605
844 1938
4838 1651
2716 4488
776 4029
2357 2171
1723 2706
3369 2672
2194 1660
2092 2699
2490 4419
4413 3297
2956 2484
1943 952
3510 2972
4417 1897
3893 2040
1122 794
1640 1094
613 1044
2343 1325
3894 1519
4675 4373
2084 3133
2374 3956
2682 1991
3821 1275
4629 1423
4681 2692
2276 4112
1594 1365
2139 3411
1087 2413
2870 3626
1356 3141
1441 3385
4953 916
1802 1937
1361 4847
607 3702
2859 3485
471 1661
1866 4844
2328 2360
647 1357
428 4902
4822 4791
4968 1446
1756 898
3017 2854
4744 601
203 1687
1000 4881
4823 2641
2754 332
2024 3335
571 2480
4393 550
1440 4769
1196 2159
2619 1137
2102 2253
2687 2148
868 1696
3286 1701
1483 4894
3824 278
1417 3167
1248 1433
1831 1761
4056 4556
4165 1287
924 1407
4099 2010
4164 1817
1050 1787
795 2405
2336 1978
1410 4927
4623 795
4492 3232
136 4287
1061 3515
2474 954
4898 4343
1393 1628
1124 1800
1561 3508
2183 2836
2154 2418
75 1084
3861 2609
4490 1666
4429 1449
2049 2226
950 4567
4372 4903
3842 2759
2059 892
2903 3854
2335 1402
2796 63
1 3393
2794 4367
575 3640
1222 148
35 1219
4938 3713
436 2862
1993 933
2690 897
3092 497
2462 4818
4449 2066
1116 3595
4081 2447
10 3934
927 4831
3249 3695
1394 2199
4858 3853
1057 777
2272 1928
3516 2578
345 4859
3654 3328
3986 2146
4762 4661
4972 4926
3248 4564
4976 2314
1992 4538
1215 1814
2760 1209
2082 4440
2358 1221
3726 834
1255 4249
2992 4344
4097 711
12 3719
3625 4792
1326 2518
436 2751
4201 2568
348 3431
155 966
1154 3830
2271 64
748 1892
2349 4410
3591 2257
743 845
2821 1564
4583 2532
2986 1093
2165 1896
4732 116
1797 4594
4948 4889
1919 2852
2412 3979
2523 64
1434 4404
507 4434
4028 1795
903 561
1863 996
3965 652
3394 30
614 2534
3471 629
4175 4263
936 4156
3948 1405
4773 1419
1904 1139
2824 901
3279 4058
533 4986
4716 3634
3608 239
2482 1654
4976 3072
1251 2924
4223 191
3372 1550
4059 2385
2112 4589
3797 2735
2435 2863
107 2948
3805 4648
2390 311
1580 4644
4582 2353
639 4696
2540 4855
2856 2609
4647 3336
3182 3476
2129 2711
3601 1422
1194 2187
3069 4452
4420 2782
1950 4418
219 4253
2852 2504
3559 1740
3512 2564
3127 3293
1919 4976
394 1873
1602 4539
2094 1247
4875 3627
1944 4799
95 4846
3311 2190
1998 929
3599 3242
2043 4705
177 2576
895 1198
1601 4677
1133 304
3841 1055
2842 3532
2583 2320
3092 686
2645 1792
709 2182
888 4511
3672 154
2419 3715
3258 877
4196 11
4827 217
3536 4655
2491 1568
2179 2818
4531 2420
2999 1378
3635 2395
4166 1314
1913 2479
2215 3949
328 4767
1359 4880
4338 2415
1786 1517
3366 1523
4099 4962
3688 1358
3683 3045
2287 2763
818 4949
4716 4904
1509 1704
3020 2042
2705 12
3467 2263
1913 232
3761 2460
1536 2080
4461 3952
114 3600
3157 1307
1704 1020
3355 743
4315 873
1916 1870
1426 2857
4858 4532
606 4822
2624 2144
3848 1091
4566 2681
1424 3655
2045 876
2447 4179
4459 2952
4362 4619
3187 1463
2743 4993
415 217
2005 2854
240 3548
4436 1470
2877 2846
3075 4711
2316 1496
395 2151
2812 3630
2799 1923
672 1559
1973 2115
167 3212
89 2667
1017 2163
3332 578
3292 1447
50 1544
3771 1296
3328 3001
3299 3500
2017 4215
1718 2767
2538 1399
2699 4943
21 445
941 743
891 2375
2580 1283
414 3874
4164 4856
1444 1335
40 2956
87 306
239 3778
1307 1973
1555 2570
1544 413
2742 3300
1536 4265
1726 4514
2256 3117
3493 1387
3218 3916
521 2668
3281 637
2254 227
13 2740
2364 3807
1161 834
3709 239
3997 1386
2654 2114
3424 829
460 3176
4860 1964
733 1499
646 2443
4723 4433
505 3635
2782 2193
3181 1672
2374 448
4876 1287
3342 54
2221 4976
1558 1874
885 2068
1924 2877
1350 4236
456 3508
4340 1966
4301 2045
2929 2953
4448 3365
4962 4012
4241 4772
2157 2175
3263 2178
3104 1881
3613 276
121 4315
3592 3781
4729 536
3422 2047
1670 2803
2197 4207
944 4939
1560 2539
1710 369
4162 2441
4954 1321
122 1428
1585 4784
3509 706
4798 3232
2124 2657
1119 307
4459 3879
4981 4480
3829 1152
2353 4380
4566 2017
2914 3815
4103 970
4505 4538
2674 905
2840 4030
1424 1557
2437 1642
4495 1218
2607 2370
1374 4677
2172 2249
2701 2072
2127 706
3866 4389
1523 885
3451 833
4374 1149
375 4918
2369 2098
3091 723
2902 4624
1350 4159
578 2198
4440 1196
682 3661
3046 700
1389 1873
925 4021
4949 2924
4112 4998
4239 4432
4056 4053
1172 618
4135 4119
3810 1498
2443 3132
2336 3239
1376 3633
2272 4307
4635 875
3091 3496
2764 2061
4043 1964
96 3373
1995 3538
1262 3248
795 936
524 543
2873 3621
3844 2782
4512 1166
1618 1193
3207 2252
2386 79
4550 3470
2482 4590
120 3269
1812 2588
618 1802
763 2787
3393 1641
2605 2689
1348 4921
4244 482
2964 3949
3104 313
2315 3013
1483 2717
4294 4587
1533 3675
704 4425
2644 3244
4703 4634
3226 297
2985 557
3575 2542
3614 3868
357 4687
2444 1172
3952 3244
2662 504
2597 511
4696 1904
870 4205
814 2851
1513 2054
85 4953
3428 51
642 1557
2016 466
3347 3125
341 282
4173 3469
3371 706
3399 4320
1807 2770
4956 3946
4048 1735
1397 1416
4620 939
4394 1017
3641 3540
4048 2780
90 2644
2241 2756
972 106
4556 4717
3572 311
1757 3137
4683 2364
990 4424
4553 4339
1308 1983
4331 3625
4543 4077
2295 3857
1579 1843
3022 4719
1354 2565
179 933
2583 3704
522 3629
694 3553
2311 1033
1330 1047
2785 920
2133 2153
1492 977
1353 4919
2752 976
4379 2949
2518 535
2433 1316
3334 1063
652 4523
3591 3360
2578 2719
3596 125
219 479
530 1856
3826 2461
4033 3316
727 3857
383 177
534 1860
2126 1145
2082 747
1565 1761
878 1843
1798 4324
4133 3232
4267 2444
2322 2784
550 2356
2742 323
3524 1592
2426 4736
3743 3026
3519 1142
3082 4192
317 1428
4693 3472
299 688
1124 4657
3929 271
1557 684
116 4355
3719 43
2560 2010
1247 546
2684 3379
3922 3360
727 308
339 2369
1027 3032
4903 4470
3683 2150
3187 3681
4916 4876
4852 4693
759 3644
2769 463
1554 180
496 4959
2429 799
675 4516
4438 4070
568 4278
3193 3798
1401 1200
3037 1538
2059 424
3261 3985
3811 932
4556 3932
822 3069
1181 1153
2802 4545
3661 1678
1302 3919
1900 354
3829 4034
76 1934
1146 343
3159 4630
2162 1659
3485 4794
3044 4548
455 2781
873 3566
2333 1726
2674 795
3018 1576
4161 1301
3101 1757
2550 3722
4969 3674
333 1932
4171 4344
4954 1858
3251 3431
3872 2748
836 2218
482 1710
1077 2145
427 518
461 2909
3504 4140
2731 2527
3995 3364
1807 1574
4152 3179
3585 3364
4451 4981
2619 3514
4093 3224
4100 3534
2700 2289
3021 1533
1681 61
2812 4299
1307 4839
8 167
4958 1134
2051 2268
4500 2878
1144 58
1222 4774
4949 4060
3597 3574
790 41
57 564
4729 2201
2736 1909
2471 4741
1419 4838
1530 1723
1997 2135
4918 1012
3620 437
2124 2543
1834 4824
2776 912
1168 3857
1397 799
1735 1997
3668 3587
2672 449
3055 1813
2824 4101
3524 77
2124 3372
3773 1867
2897 1149
2269 2852
3498 3516
4673 626
1978 884
1894 4487
3779 3886
1794 572
3899 2820
3256 2982
45 704
3418 4501
4585 1939
4497 2534
812 3852
4177 3483
4510 3632
447 323
4842 1802
1822 2000
4302 4880
900 2208
96 4983
804 3932
3062 3251
258 2402
3248 1798
1356 4275
120 934
4104 439
3605 37
3559 3940
1798 4559
1327 1324
553 3499
1245 2457
503 212
360 674
2483 1880
2094 1237
4799 4801
3810 3429
3687 3372
2771 3191
678 4034
4536 1409
3603 4988
853 3921
4914 4424
1886 3581
2961 2314
3486 2663
2558 2325
2074 4395
1015 1935
4300 2409
1870 1702
1118 2049
1663 4852
2230 3042
2549 670
3983 600
3699 1285
288 1758
3711 2816
2942 4806
4843 242
1497 1678
3057 1178
2105 2201
3486 2525
2669 2563
3579 349
4286 1547
1477 2473
1318 4768
2896 1834
4192 197
777 1782
329 789
1720 413
943 1930
2322 467
2654 4426
90 353
2500 4050
490 158
3843 1359
2681 551
149 2219
4437 386
4517 1413
1678 3745
173 2562
2527 1065
2479 489
2659 475
3777 3151
2187 2627
2765 1064
4134 1910
4247 3094
2912 1962
1165 2498
2969 10
3912 4003
2550 914
369 1652
2074 3980
374 3663
3213 1046
4532 990
4816 234
1812 4365
3958 3514
682 488
830 453
1396 1898
1544 2820
3745 2659
3210 535
1847 2992
841 3216
3130 3744
3806 2199
3872 607
4841 2998
4653 3183
1632 3271
513 3988
1795 3041
4236 3870
3874 4446
1264 1476
1666 3211
2966 2638
4361 757
30 1491
2021 1135
3258 4515
4925 1738
2985 4748
3280 1083
605 3119
1199 59
1400 320
2958 3473
4864 4995
1635 3420
2396 966
1865 2610
4447 381
3606 2869
287 4345
948 1801
3207 4365
2595 1492
4712 3475
1933 2580
1583 244
3120 3395
3283 1868
2093 3736
3741 1235
685 877
2499 1876
1678 2846
3298 1095
74 4778
3077 3281
2492 1664
3836 4685
48 674
2352 2599
4863 3641
429 2234
435 2129
1524 654
2344 612
2189 1644
2382 3699
2876 2126
3695 3207
3601 4796
3337 2193
1597 4841
3745 3075
1474 1129
3890 1915
1600 1791
187 59
3831 2635
4336 1504
3842 412
98 3030
4086 1970
713 2532
1157 3008
3023 2856
1884 162
2150 3786
52 4129
101 1865
3183 1010
66 2227
3831 1252
145 2112
362 3233
657 4492
2638 1867
1868 4787
3696 4126
2731 2640
480 4831
3160 2134
4294 1085
4883 2046
777 947
436 528
597 3919
2911 1607
4844 1007
3097 4831
1058 4197
2733 4422
2438 4521
4657 3754
2233 1805
2618 636
2364 484
1442 523
1192 2513
823 4026
3110 4008
2117 3597
3760 4421
2564 3753
2743 3027
1474 719
2048 1747
1727 603
1022 2369
1269 2888
3245 4383
4067 2919
3372 1714
3645 4682
34 3393
3279 4865
4075 1512
1517 4212
3882 1831
2359 1670
1182 4341
2760 4445
4234 1814
675 1565
3721 1162
4843 874
5 3904
1762 2531
4885 3910
404 4497
710 3395
3196 250
1262 1584
4249 1658
1103 56
2024 4568
2482 4110
2398 2351
294 3986
3220 4581
2966 359
1140 3048
2233 3237
4219 469
1401 1467
4671 836
853 1164
3856 1661
829 3515
1888 792
1515 678
4288 4326
2170 874
3875 567
2900 3500
4864 1839
4966 276
4462 1706
874 2622
4492 1183
856 698
3407 604
1970 2843
1125 1945
2898 3296
2159 2306
3326 454
3754 4331
306 3581
952 4678
2832 3104
1785 3449
4690 371
3812 4000
1420 4382
4353 2544
806 3901
3718 2301
1414 2042
968 4507
3172 1767
4679 2112
4085 37
4220 1079
3230 3014
4694 1261
2207 2479
1942 1750
4763 4671
2156 2228
132 4304
3845 767
4202 2856
4701 416
4736 2261
413 3310
3998 4301
259 3722
921 667
2606 4929
1092 3630
1217 2950
2168 338
1096 4385
2300 3293
679 4807
3221 3202
2698 1762
904 2476
4823 2529
2247 3329
4885 3943
4015 4396
4606 3347
4255 853
2064 2195
291 3127
594 2278
1196 4109
3578 319
3651 841
2328 1391
631 1301
947 2113
4126 4960
3560 1565
2786 853
373 3321
4568 2223
1050 1893
1010 3177
1985 2662
4080 704
4879 2856
3880 2259
1394 1167
404 2421
1683 2514
905 3163
1912 2039
647 1892
4598 2115
2077 975
4667 675
1225 4575
150 4852
4027 3602
1892 673
3868 3603
4037 4785
3212 1538
4844 487
1122 531
925 4305
2978 3212
4103 3905
3404 2826
2591 3678
3254 773
2057 1245
1711 486
1902 2373
2558 1670
506 3357
1945 3450
4611 105
1777 18
741 4300
1043 4178
90 164
4347 3306
773 4690
2388 4764
1738 1670
4534 4735
3619 2098
4437 4944
1411 1914
4071 1943
4949 2789
1874 2395
2122 2455
1739 489
14 4200
4 3756
596 4675
115 41
270 4340
3520 4118
1588 2177
1338 3880
1964 101
2426 1591
2300 3268
1399 1632
2096 1927
133 2140
1794 3264
2686 689
2036 1233
1646 3357
1383 1119
1413 3532
1397 179
1368 3488
341 1637
2075 1318
660 3636
4179 3491
2941 3653
4892 4858
2641 324
2778 2613
195 2610
3904 1612
2639 2813
738 2334
2018 3003
1995 3184
4202 45
1280 3003
4651 2501
968 3248
1641 771
276 3119
25 2979
1769 4146
147 4695
1062 773
675 1935
2125 983
4597 2091
4019 906
2318 428
2342 4417
2260 3335
3082 3206
1772 4200
2653 2179
1543 2648
2934 253
2800 1371
4732 1171
250 2762
771 814
2818 1501
783 2197
3969 678
1084 39
1521 4153
1521 3726
2883 1362
2732 310
4030 2001
3543 1311
4575 1676
249 4792
2487 1710
710 4055
813 2533
3978 2861
894 167
4056 364
400 1049
4884 3252
1657 3723
4476 4032
1112 1076
4204 3405
968 104
2706 4684
2180 708
4179 488
1957 1788
478 277
1963 3309
156 4472
672 4021
4852 2238
2965 329
384 3903
4932 3121
4097 557
2476 1316
2680 1168
236 1099
2999 4461
1574 3965
3938 4076
1954 3660
826 2559
4918 4195
4873 3592
3118 1381
652 65
4389 479
616 4703
4824 1838
1283 182
4290 1127
4598 2073
3765 3343
4026 2855
718 919
903 417
2541 3679
75 4524
1677 4808
2735 4429
3540 1379
2255 4318
15 4267
476 3032
4315 1326
4905 3703
3783 2884
3195 150
2864 2016
2066 296
4527 2995
4036 2076
3984 4800
3097 4213
4453 1759
4044 1564
1986 1485
2086 544
3734 1428
4949 2609
2120 2989
4475 4321
4786 1490
3334 165
1811 1172
4014 2717
3883 172
2185 1116
3901 3987
2799 1220
3175 3779
3696 3235
829 3347
4206 3418
2547 88
3761 3344
56 4768
4944 1126
3380 1294
1370 3
170 1262
3336 4686
3747 2843
1244 1713
3836 4900
508 3370
3834 259
714 2565
2122 544
854 1625
3672 4350
2312 4057
4869 4930
1335 2511
2241 3132
402 4857
4223 3944
4415 4478
1308 1382
322 1509
1772 3530
812 3338
4164 2154
672 379
3261 4362
4719 3941
3972 866
4050 1738
515 2339
3700 2757
1008 810
3541 4997
2373 3650
3024 95
1089 1413
3043 3986
3035 56
3805 276
2527 1937
1493 4958
2355 2192
3896 1628
276 2284
3568 1658
4690 3434
1209 1276
538 457
2662 2188
821 2796
2735 2449
4245 3108
2582 3623
1088 1949
1719 1648
4714 239
4414 1798
323 1108
3099 3031
612 1364
172 936
1556 4155
4716 8
1902 1426
3803 2687
4851 2330
1300 3581
2856 2432
1924 4697
304 269
3795 675
3824 335
4528 4236
3685 608
2885 1942
989 1501
2236 2161
2950 2338
3773 3706
1714 2982
1858 3975
397 4784
2630 3579
724 4995
2715 1086
272 4173
2972 2258
402 969
3764 4117
3951 3041
321 549
2241 4782
1763 4621
1950 2495
3024 3926
4736 4309
4640 519
1938 4488
4814 4818
4220 3929
2545 4744
2719 4841
4297 4115
1989 2915
422 4046
2521 4439
3146 3434
1059 2985
3932 2068
3561 1269
1714 2358
2109 3658
4115 3022
4893 2796
1795 32
1070 2712
923 839
782 3986
2017 1981
4507 1951
3202 475
607 395
59 3427
116 2854
4765 565
3473 4713
2417 4209
2098 1475
254 258
1519 1922
4685 3892
2585 2006
3279 580
2322 1960
1308 915
2312 4362
3521 3576
4912 2146
3871 1928
3432 1770
102 4478
3667 2260
454 761
2990 692
429 3865
2610 1686
296 3713
218 2984
173 1685
2250 649
3862 2415
261 2423
1837 1143
167 1840
2257 2344
3794 1559
4073 4676
3506 3713
2488 947
2772 3089
4849 4442
1351 2459
2659 4651
50 1646
363 410
2641 3723
4059 311
1929 2523
2093 1
4348 59
2826 1624
4083 4474
4370 4449
2547 2306
4769 1552
4351 993
4590 3527
2510 1961
1305 1562
1360 689
2885 4189
2325 2485
2908 3424
2743 1665
2897 3624
891 3915
1387 2935
2259 73
1933 907
3077 4317
1020 1796
789 938
3203 289
4481 155
2589 2890
2470 1990
3763 2539
3167 1870
1870 2406
3364 59
3579 4522
2772 1310
3752 3735
3154 4445
2807 3542
704 4374
3892 5
4615 811
2737 4285
2999 1560
2615 502
1976 4247
3249 3539
1683 76
241 4098
4600 3052
2048 3634
2338 4794
4392 1501
2333 3649
303 1716
3452 243
453 153
331 2897
817 1768
4421 164
2653 4263
1856 3431
1521 3208
4465 4017
520 1143
3748 4355
1846 2349
2897 3449
851 704
537 2414
3757 1504
4519 759
3907 4306
2852 2016
4843 2632
4601 1073
1633 3123
1216 2778
2790 3003
3345 1269
2327 423
2219 1945
1126 1285
1829 4888
3141 1937
3418 981
4451 2581
3775 4421
4592 715
3283 3436
3222 3688
3622 3665
4645 4408
356 1925
4858 1861
1719 3229
2489 1064
4164 1201
2424 3972
1021 4928
3889 1467
3816 642
2035 338
1282 1722
2570 2330
913 4164
17 3673
2752 1436
8 1477
2588 2639
467 4254
1575 4308
2372 155
3937 3731
3060 3458
1928 2394
2742 3697
4221 2239
3947 4835
1803 922
4546 1879
1824 353
2815 3313
2557 3075
1236 4785
3498 1433
3653 1452
3318 1360
3669 981
4002 2287
1014 1222
600 3904
108 3328
1068 2268
3512 2833
141 1137
3194 3183
4250 279
2743 3509
1511 3209
4993 2774
1149 3059
363 3996
3654 2143
3974 4250
2399 2793
177 2988
4718 346
1774 442
3590 540
3604 1137
2236 2852
919 3674
4452 1920
1326 1677
3938 880
2406 514
796 3994
1882 4333
4637 2010
4283 574
4309 2314
898 4496
4240 1573
3402 4086
1735 3159
3724 243
3504 2538
3729 3729
3145 2309
1643 1558
2770 2042
3333 3028
4706 1738
2278 478
1631 1973
893 1181
281 1319
4536 2506
1387 561
4270 928
2765 876
3987 3387
1441 430
1412 3229
2858 4593
2420 3912
1786 3709
4080 54
3693 1158
4587 4538
2128 2410
4510 2613
4826 2562
2300 3631
1848 2951
4072 777
2062 3760
2239 2202
944 1379
3636 2731
2498 3441
4264 284
3853 897
3215 4176
567 3325
1033 1864
1343 4559
4738 2887
1918 468
676 2284
4556 1118
219 818
1759 3672
2233 210
279 4882
2923 2075
2848 4007
3156 3603
1181 4343
921 1995
834 4676
2398 1218
1410 1091
2362 3014
4979 2689
2670 1481
3225 3546
415 2780
2375 1011
2213 1814
2931 4974
4294 3011
4330 2069
341 1825
1062 545
4847 2850
3151 3753
4008 4801
2455 2217
2946 827
923 2811
3135 1677
2115 3913
2408 2773
1663 2086
2046 1802
3237 4439
2258 1141
292 2345
1356 3792
4297 3725
3687 1909
159 598
258 3373
3103 3666
2666 3710
3215 4095
1174 4853
3478 4200
4551 4703
3406 1882
742 422
3647 1895
714 1052
4014 3010
1432 4232
1843 1901
2505 2565
1368 573
4209 4374
4282 1706
659 3356
4630 3462
3851 3538
1054 1999
2462 536
2917 2860
168 2869
4721 4112
4702 3015
4223 625
3527 2119
278 3803
1217 3129
3411 3760
2551 1654
2930 2909
3116 4981
1852 4571
2411 624
3994 1759
3585 383
896 3930
2097 1574
2638 2353
4497 3462
2564 2549
4937 4697
3532 1670
2395 4917
4712 4505
4437 1957
60 2722
386 1524
1671 4047
2808 3943
1614 1832
2568 1709
2588 4521
3554 1881
1884 312
2173 749
1182 2309
445 329
3709 1965
3416 3995
4396 3959
693 1124
2907 4556
4456 3674
2780 804
4341 932
4728 2918
3417 1022
407 1376
4225 3503
1488 3857
837 139
1394 3815
4121 4019
3554 557
1710 2463
610 202
4955 2348
4125 748
2813 647
86 3044
573 1477
75 2797
3413 372
2190 1026
1207 4057
2874 405
3882 2108
4972 1015
833 1010
2017 1419
863 417
3863 3975
2732 1907
3368 2766
4341 3849
1537 4659
3219 169
3758 451
1907 4070
4078 1024
4594 2656
493 1637
4743 2784
4568 1879
4233 583
4732 91
1365 2076
1194 525
5000 2382
3167 3166
4981 4085
2017 2108
2648 4306
3200 3725
758 2216
1877 1885
2272 1525
4052 1763
449 2721
2926 208
1145 1026
4068 3448
3184 337
3252 2589
2258 4426
2962 3248
580 1426
788 2125
4742 3466
4647 2140
3959 4261
4401 2967
342 4189
268 705
3292 1815
4365 4167
1962 4247
4603 2217
2055 2799
4214 4047
405 3916
2610 4265
1691 541
273 4208
329 2814
3412 574
1118 1139
2631 1185
1126 1817
80 2027
1777 100
1109 1019
3733 4096
1178 3615
1053 1801
3499 3898
520 4594
257 204
1559 9
3183 3381
4777 4999
552 159
4691 2998
1838 4059
4728 4192
1804 1846
3000 2603
1614 2999
4868 398
3797 676
4118 2100
4560 3975
2229 3994
2181 3810
1386 887
2018 2506
4622 1290
3303 4622
970 4752
4808 2578
3617 3719
1803 3184
4325 4583
2693 817
4795 4914
1559 988
4973 312
3555 163
2039 4962
2454 3710
3573 4024
3253 1119
375 3737
3308 4170
807 4307
2748 4666
2934 3293
3746 340
3831 4259
4616 4478
2178 4175
1714 4031
2879 2197
2254 1975
4845 2841
4994 3033
1270 266
2478 2538
3886 516
750 3924
3753 3458
1843 3571
2198 4728
642 4938
2071 620
2780 4814
2467 1588
2654 4028
734 3223
2386 3976
796 3278
1081 1858
4206 1204
592 3806
4426 1625
3049 2739
3022 3929
908 3207
3603 3822
3967 3659
3073 4638
1754 2409
1195 1705
1626 225
1207 4061
2597 2617
2563 3502
1741 2836
3576 3786
2906 3790
3807 985
2040 2424
3790 2923
4000 101
478 482
1158 4939
1425 1950
187 4418
1248 2961
1848 3768
2219 3206
2155 163
4297 4148
3351 4297
4399 2067
2511 4462
2909 1163
4047 3273
316 4459
2873 4868
1814 4601
937 2910
3918 1113
642 4873
3030 1295
2975 3776
4549 4953
2933 134
4134 3808
1096 274
526 3914
2517 3787
4552 33
897 4591
1376 2486
1372 1323
2790 4111
218 2540
4008 2454
2437 3162
4737 460
945 2454
4459 581
884 3262
4650 3669
473 2635
167 121
1156 4717
707 1
4190 1920
2446 1788
4822 494
3594 2540
973 1385
3609 435
2482 981
1074 2755
1481 1280
2707 3281
1594 1725
1171 199
1074 2493
3940 2805
1136 523
4989 2746
4368 756
3474 3602
4189 3791
4739 3460
4574 3112
785 4442
4651 1816
4980 165
4152 1517
3861 26
1838 3772
510 1349
134 277
2618 4396
539 4308
450 1817
4992 509
4452 4702
83 1298
1920 235
735 396
4852 61
181 2893
4690 2335
2750 857
1444 3754
2139 3990
3980 3432
623 3740
4704 37
3106 1066
3836 2057
3855 433
1315 4063
2731 919
1471 1279
4792 1498
738 1621
3486 1245
1417 1598
2895 3019
4603 2014
54 1212
1531 3849
493 84
3455 2964
3112 1021
3284 687
3708 4275
4878 3018
226 2996
1729 3674
2085 3065
2635 3713
721 3183
2389 524
2164 2823
498 4918
3716 1964
2840 448
2377 1990
214 754
2604 193
1383 2586
4164 1635
1826 1244
3937 3210
408 3378
2907 57
4029 4722
3058 1366
2193 1327
2825 3496
1985 4801
1488 3250
2130 911
47 1462
748 4807
3290 257
3148 4359
228 4670
4580 3437
127 749
1434 4060
4868 421
4313 1831
1272 1739
3691 2267
2476 314
875 2706
2570 3656
3190 1867
2105 1254
194 541
2680 3796
4596 4089
4397 3202
870 3145
2509 2501
2347 1725
2146 3541
1229 2290
3732 1692
1259 3584
2807 645
3779 4577
3964 1438
4947 2960
3704 1708
3146 3468
3473 2692
4077 3622
2326 1304
4596 444
2128 3301
4472 2827
2508 1642
2667 3838
437 1865
3756 3687
436 4934
2718 2906
4450 3124
2252 18
1084 749
1584 449
1239 2859
1967 1530
888 1952
1093 591
3121 3579
4058 3824
3489 1014
4164 2815
2774 923
3668 2448
4011 4321
4885 2211
706 1628
3294 839
2836 292
2880 155
555 2472
3019 3528
4522 559
2796 3895
749 2741
2286 2977
1261 3442
903 610
4818 3654
485 4572
417 990
1110 2138
1813 2697
1608 3796
3738 1847
1641 1380
192 2583
4323 1599
1574 3356
3857 4164
4867 4632
1500 9
3825 954
3045 2670
4527 1832
3088 2301
4504 3156
3496 1861
1855 1972
2816 4682
2516 2878
2899 2965
1219 2309
911 4730
2108 4406
555 3110
806 1084
3368 784
4952 979
4501 3302
1366 3694
2928 2926
2172 208
1075 352
3514 1093
2143 4690
2419 1232
1691 1181
911 3066
1598 1584
2806 1870
2471 4848
4632 3915
2490 1241
4285 1065
15 3155
1705 4863
2876 2697
2721 1500
3055 2737
496 4974
908 1003
1336 222
1164 3032
3601 4772
4790 226
325 3763
3574 3242
3067 4207
517 208
1204 4867
4502 366
2371 3491
2634 2346
3712 4807
3780 3451
3176 4365
3447 4324
4403 4764
4615 4091
4966 947
1484 3875
1240 4478
4124 1368
61 2103
3052 4229
3808 3986
929 4489
4914 470
398 974
2184 268
2834 4118
1633 152
794 1207
3769 870
3660 4914
4221 3003
784 3855
4300 2239
4481 4516
2150 3181
95 1886
4656 4136
3300 1746
2346 4187
128 995
2702 3260
173 4432
2498 4202
1696 286
2617 2039
4665 3126
4669 2777
1755 4980
3935 1485
4060 3696
4055 4829
518 4691
1439 4222
629 4837
3266 1963
3094 4295
1117 893
586 2495
2912 4897
2372 1608
4030 3599
59 769
583 3386
2640 1033
3125 2100
3405 3591
4168 3289
348 618
1687 1492
257 3947
1916 4740
4299 2967
969 2180
4471 545
1351 1474
2125 3317
3177 3310
2542 2431
2865 1665
3065 4677
629 3020
2310 374
2394 2230
1682 1227
3299 4238
2472 4681
325 2926
1145 365
1934 547
4496 4312
4297 4383
135 232
1011 3420
4957 4697
2773 217
3221 1771
910 588
1253 4567
416 507
2146 4567
4582 2044
766 4760
3383 686
3387 469
4633 318
1513 3260
141 3775
3002 565
2592 3028
4478 3965
2416 3419
1807 4916
879 3129
638 3006
1247 3288
1192 2509
4350 3115
3088 201
1631 1767
3211 1220
3733 3091
4682 3188
4172 4430
1282 3894
1791 232
4725 2883
4230 2100
3895 3014
1023 421
2789 2946
907 2766
1799 2084
1884 2371
3941 4715
3305 3590
4821 3251
1297 234
4756 629
4628 3565
1249 3421
4480 4931
3673 643
700 1470
1449 3781
4256 3722
2288 2611
315 4010
656 3767
2828 3254
1953 1611
1071 4251
2260 4699
1703 240
576 1734
3453 2159
4728 1966
4528 2226
1550 389
2186 1862
2257 3977
4245 2755
567 40
4917 2911
1999 1430
4011 952
1630 456
151 3285
2146 656
2973 4863
3588 388
3218 2581
253 858
2289 1071
4027 1773
4822 4718
597 2782
4725 3551
1802 701
2655 4318
3657 3606
1553 537
1470 459
653 4767
1313 749
2061 1291
1624 1152
1560 4760
1433 3344
902 3019
1536 4006
3672 4207
2785 65
756 515
556 1015
3901 2277
492 3196
900 473
259 1793
4048 3207
1290 2823
827 2383
1618 2965
3894 215
1263 3256
871 2214
4032 4859
144 2361
4115 4497
1329 4415
161 2644
4574 3779
4919 222
2610 467
28 4733
1270 3692
1947 1189
2499 4305
1446 2789
4420 538
2045 577
707 75
3920 2639
2363 1973
2743 738
2642 4204
1656 4213
524 3156
2325 1337
1465 845
2039 4785
2493 2357
3304 971
234 1278
2103 2367
981 2197
1716 251
1204 1132
1327 666
3271 1752
2292 230
3109 2204
1399 3647
4303 2174
4599 1803
3135 4235
3830 1730
4098 3046
2913 2597
3261 3038
4302 132
2511 3630
297 3537
441 1245
1105 4930
3930 3828
652 3293
1710 3541
4755 4143
3354 2921
1080 1030
750 2670
614 3753
4255 3054
4947 4593
3697 1908
3897 1167
904 1499
2671 1659
4878 3492
2818 2732
3084 787
3338 1848
3202 4674
3473 929
2056 276
4148 3314
1524 3349
4992 129
4943 1145
2126 3633
4885 1529
2707 1549
2007 573
3165 1281
3925 2363
4604 2015
980 3954
3992 2917
2288 489
312 3367
2163 1662
2245 3134
1122 2604
601 4210
2794 903
1938 3089
286 1675
4532 4117
2076 3008
916 4492
1758 409
3055 2243
4182 490
4552 1212
2363 4838
4715 771
2616 4279
2728 4511
4820 3622
1529 2700
1810 2226
4119 1001
3422 3867
3125 1755
2290 1156
2321 1347
2119 3276
3710 3556
2846 1857
1247 3158
2096 2203
110 1608
201 1863
3357 4802
3380 4189
1712 2665
300 2580
2784 4196
1668 4536
3340 2882
216 1256
3100 1405
1015 3781
3141 4009
90 681
2881 2066
4408 2113
3060 4870
3444 3041
4800 4618
4951 2156
2484 3390
2853 3732
4387 1469
4381 3493
4606 1763
1634 4971
3267 2244
4045 104
2607 3812
4837 79
1465 3344
1938 2039
1513 2486
4710 1504
3141 2898
2823 4930
2678 124
987 969
3255 584
3946 3042
982 1703
1061 6
3139 1638
948 1562
1387 3792
999 1227
3086 640
3545 168
4579 3061
2010 1364
357 4668
4818 2022
3275 626
4428 22
259 985
2179 3806
18 1961
3071 3367
2512 3482
3620 737
360 4691
2012 972
3842 2369
2357 4061
600 988
2976 2100
1179 1438
64 2602
4436 31
1184 4764
1625 1555
2009 4472
31 3835
3703 439
2898 4301
1374 4418
4378 2111
628 2162
3884 1176
4321 1253
947 416
1706 4274
1949 4179
2823 4448
2167 4702
1606 476
2944 3624
3801 208
245 4639
4509 4560
4418 2383
1477 164
1246 3585
2622 2189
4787 2123
1159 2718
3918 1659
281 4060
2786 550
704 2446
2027 2022
4535 3232
1349 1230
1548 4679
2294 2694
836 1378
1288 2554
4030 1315
3133 3668
3651 1511
3058 584
893 1209
213 1759
4924 3323
4176 2239
3068 2219
238 174
4291 4795
3843 4422
1936 3780
1955 2007
4140 4443
4519 3576
921 1943
767 1034
2826 967
1710 399
1440 2026
2688 1209
1497 654
3097 1066
420 3455
739 2947
1778 966
1252 2086
4819 4591
4390 704
439 1578
2379 4161
4893 2316
3452 4019
3051 4806
1030 1016
939 1059
4431 3977
619 2847
1683 4041
3461 1006
3966 3307
2206 4555
77 3232
544 4951
2083 2032
589 1515
1579 3732
4987 90
1423 918
3039 2322
2365 1427
4540 2687
1150 339
2139 1421
4682 2683
3215 4000
2857 706
4490 567
2319 150
4926 1468
1127 2776
403 2404
119 2459
3351 1520
309 4156
2043 410
4455 428
2793 2776
3883 3660
338 3145
2678 738
4997 2429
3065 2821
547 995
2930 3755
3748 4766
2657 4252
504 2687
438 391
1257 4198
4484 3391
3658 2724
1752 2347
78 3755
3637 3762
484 1352
2491 4537
1170 1415
474 1635
4560 3051
341 2696
1103 247
4743 1964
3830 4187
1008 3093
1028 4063
4741 1926
513 987
1772 2190
3125 1959
1429 372
2851 259
1923 778
4233 1897
2991 767
4220 1561
1189 1513
1906 3855
4250 4421
3655 3933
2407 4253
1508 678
704 2580
950 2593
1560 4151
4570 3770
1617 317
3838 2611
3065 1237
3544 3441
2932 3532
4285 1575
2770 616
3999 1114
1654 946
574 4644
1600 3862
180 82
1592 1089
286 4734
1234 3472
715 2169
1489 3324
3182 1905
362 1880
2766 1055
419 3260
1198 1737
2312 2858
3291 311
4452 2330
92 1519
3107 3139
2099 928
3500 2694
709 4556
2297 4313
956 2571
2696 3497
3443 4048
203 750
3235 431
3001 4291
2990 761
4521 2280
3318 4079
3587 4961
1977 4726
2477 731
3575 2965
21 2135
2288 1193
2738 4884
2282 3704
4733 1820
4535 3148
563 2283
3329 1525
3618 4964
4235 3562
575 471
1925 3879
1871 9
519 152
2280 1155
4809 4725
1770 73
3919 858
521 2122
3250 1287
2667 2902
1012 3868
4927 4296
4833 1363
3807 4679
814 4663
4682 2086
3220 4168
520 833
1040 1922
4625 1885
720 1555
2913 1066
1610 2990
1267 1928
3292 1758
3153 4453
4541 2878
2240 3177
3066 1687
2745 1542
325 1672
986 2847
2507 3949
4891 3393
4419 1577
4010 3016
1135 4669
841 4610
33 2291
3623 2035
3306 3041
1734 1881
1631 1639
3960 443
4303 180
1561 431
4807 1579
4799 1996
4348 683
3842 936
4759 3623
22 1282
1719 3004
3741 693
1247 1168
2615 4508
1029 728
3330 3152
2276 3389
1894 1363
3021 1250
4112 2218
2246 3897
3389 2098
396 3013
1882 4829
4264 2435
4953 862
4851 3901
4399 3547
2067 2734
388 2270
2120 1247
4822 1593
2403 2634
3797 472
437 4521
4764 52
14 3038
3085 311
2443 3994
2439 4193
4283 2218
1341 2662
3110 4622
2002 4957
4510 4062
3392 629
4221 2516
4043 643
2524 2996
1716 3161
3248 1023
517 1998
127 3344
174 580
4728 300
4624 2099
3549 1791
2029 4668
4027 2793
4208 4967
54 2172
4548 4290
854 430
1555 999
184 1650
3277 225
1732 1814
4272 1749
2536 3029
1259 1547
1545 102
1030 1834
1086 1792
3928 4273
3404 3229
439 4928
4624 827
1591 1166
1755 4667
1336 825
4954 1557
21 306
2417 4190
841 4067
878 3231
3529 2499
664 1947
3935 1223
1111 4102
2395 4161
3330 133
3409 1633
4521 4513
1408 3977
3846 4540
3463 3479
1615 4493
2881 4437
46 1649
2544 2300
3136 3648
2980 3232
218 1539
1303 3396
1110 3294
3017 3981
936 3130
1646 1449
1808 2480
4779 3655
3945 718
372 3279
4004 4628
4313 2348
1393 4251
4756 2559
1349 1993
4510 4634
2901 3906
4152 2925
2351 1037
2762 3609
4715 4892
3197 882
1904 634
382 2359
1835 1432
4712 2297
437 720
393 3509
2528 286
2826 3085
2 829
3974 2673
270 2302
971 30
4736 2758
1364 1679
4799 454
3615 3066
3 3640
4977 4995
2512 2671
4610 572
2039 2790
1944 704
217 4296
1616 2744
446 4794
3454 1943
3981 4012
197 4013
1102 923
1642 3175
4150 3
4434 2483
2183 1648
619 1835
41 4264
1299 685
861 1027
2253 1425
3934 953
4261 3697
1335 2950
584 4122
1082 3603
3662 1138
3335 3059
453 2345
2605 2773
4609 3014
1227 2904
4453 3042
571 2284
4327 268
4171 1800
4949 1589
3630 1584
811 4793
1769 1396
163 1723
3348 4706
4357 3208
744 1063
1437 4642
1287 1617
4042 3924
1813 317
1744 2043
4380 4467
1826 169
3920 4787
4572 1176
3258 2838
3285 2606
1019 3468
943 1212
1034 683
1642 4471
4577 278
2930 3675
4342 817
3450 655
2950 2126
3880 3322
3464 505
3579 2284
2421 134
2669 68
79 1673
945 383
2594 3760
3815 752
3856 2195
2320 3558
4564 4799
4747 3618
2375 1953
1987 1801
376 4274
560 1530
4058 4972
2610 4448
107 4549
1353 2428
2935 1535
86 2721
3507 4577
1406 996
414 766
2450 716
3913 4367
1914 2915
2481 3437
2826 922
3897 713
137 3593
1216 2414
3400 4665
2589 1899
280 322
3612 4015
711 4878
2899 2060
2642 3926
1858 2319
793 2893
3901 4845
301 546
1747 210
2033 332
696 3976
3675 2306
2294 4854
4819 3691
1933 4605
2754 118
4536 4264
2120 358
203 3880
4266 1718
3126 2991
2645 4576
3186 2909
1570 643
3515 1035
1997 2614
4947 2681
648 1561
2819 270
2415 4557
3882 2862
775 1492
1885 4389
3924 3362
4713 298
4562 357
343 934
4891 786
2787 1492
1645 67
4485 4003
1219 1291
3452 1503
1586 1690
3535 976
4157 2646
541 1266
1815 2687
566 4785
1306 1319
3376 2819
43 1391
304 1398
1779 1416
1439 2700
3103 2725
3115 3713
234 3604
1549 2933
4361 2723
4539 506
2044 2416
2262 3879
4067 1156
2925 3048
4096 1351
2830 2163
3220 2343
4127 2356
4441 4334
1992 3314
4905 1324
3454 1053
4200 955
4750 983
5 592
4826 3537
2382 634
3124 773
983 2590
4852 3459
1745 3081
3565 886
375 1830
2321 3427
1005 1395
3566 1593
292 4207
2912 2244
1074 3726
3134 3226
1083 2873
622 4936
1027 3178
813 4353
2639 2938
3295 3218
254 4015
2193 117
3950 4400
3625 1281
221 4252
3257 698
3504 4983
4821 1224
1887 3341
2362 2266
851 2525
3599 3366
3990 1031
940 4328
2536 2692
2452 4050
2007 1938
3263 935
2732 268
1794 618
35 1403
1768 574
3774 4125
254 3833
4885 3773
4743 1001
4715 3929
117 2860
4758 3783
4044 4678
1541 3688
2543 3542
3481 1496
1 1040
2565 4025
3208 2069
2657 3056
2115 708
2477 1157
1308 4190
4592 1677
4710 3308
4533 1775
3655 1871
1926 418
1966 1420
3132 2394
624 4788
2646 4123
3785 4036
2854 793
382 1777
3377 2893
980 2815
3076 2546
1068 4699
2967 3568
2924 3683
621 1381
2738 2990
3650 2564
4744 4579
2542 4370
1263 4739
2635 1641
4261 4723
1937 4391
693 3039
3102 3432
2067 2117
3736 265
4590 95
1811 3638
419 3468
4185 1960
1379 1752
3929 2912
2457 2865
3891 4129
2303 3440
1348 1551
2802 2378
2250 4345
1457 4650
486 774
4649 4432
2168 2390
162 3786
1384 156
3120 2331
3858 1587
3957 4393
225 4409
3781 176
1218 989
1737 3392
741 4842
739 3034
2101 1179
1625 154
481 165
462 1722
1308 1145
2906 3958
3448 3477
2847 2010
4353 3746
1999 4252
3009 4451
387 3849
91 551
3834 4026
58 3353
4925 4439
674 3080
3659 4081
60 1347
3815 3249
4225 1410
1010 2417
4487 2587
2616 2073
1903 3130
859 2204
295 4938
4342 2103
1826 2888
4877 3605
255 3631
1445 1348
4794 1710
4324 3382
1895 2709
4628 2804
1979 151
3927 4149
3124 3877
747 2439
3774 4842
3465 1222
2916 3506
4520 4275
1097 3736
4640 1436
3535 4079
4110 4842
2921 2045
142 339
933 2379
4044 1738
2531 2954
3975 4262
1817 193
990 2941
1880 2191
2336 4282
3007 2652
588 3075
2407 1680
3045 1715
3716 3194
3884 1858
1778 2830
1823 1457
1501 4555
3662 1277
4592 1234
3173 1364
3101 1877
77 2072
3580 2659
548 2972
2601 4893
52 4309
2532 3073
2019 2698
3744 1059
2994 872
2430 503
1163 176
257 1545
923 2113
3229 235
1741 1357
486 3429
389 1725
744 329
1012 1839
3103 1579
887 429
4050 2537
4261 2054
579 4169
804 4291
3780 2885
3361 2241
1879 1683
820 1457
1225 401
797 4053
4373 2700
2747 2378
4960 4242
3706 544
3447 2140
3336 447
2510 527
379 3094
603 3980
2287 2074
2014 2559
2359 2609
1563 1665
1536 296
4928 2103
1965 2761
3817 1570
3992 2081
1903 2628
1476 910
923 1720
3330 4068
1127 2043
2078 4134
1767 3995
1412 4903
3960 1388
916 3868
3326 2873
1828 3503
2966 287
29 1198
4409 608
3819 1467
4054 3345
1789 3356
3183 2745
973 3407
743 2621
4668 640
4301 3930
683 1067
2928 4259
3977 4579
398 44
2662 4271
669 4697
4962 4964
3440 2112
2294 661
967 934
3841 813
4056 1957
2319 1337
150 4213
3338 3092
1213 3296
4061 3734
1567 788
4590 331
4662 2804
2699 964
1427 3670
4475 3185
65 4401
2238 1573
1961 2039
2853 3716
2707 4396
576 3218
2207 160
4672 153
1354 483
4472 2299
551 1110
1110 3450
3175 4794
771 376
852 1872
2549 2167
1304 1444
3097 325
3429 1022
2117 2639
3497 1171
463 1469
2802 2534
2708 1305
3764 86
4304 3713
187 218
1121 627
2876 879
3025 2093
2133 3010
3331 701
3424 2408
695 3915
1065 1938
2900 4762
1866 2702
3700 2448
4848 4543
3632 1136
4041 1001
832 590
4755 3287
2606 2316
2540 2491
1975 2922
4863 4561
2497 4239
809 4564
677 1882
641 1126
3722 1666
1091 885
2678 3244
174 4985
2298 1052
716 4360
2011 3526
4635 4542
2617 1937
4434 3586
4259 3666
3769 280
4952 945
3952 2460
1893 290
2096 3755
418 4688
1889 2220
2190 3390
4180 2639
43 2507
4539 3333
782 2788
2482 2620
3514 2943
4720 192
1464 650
3463 1499
2764 2265
235 3956
4866 204
915 1522
4373 317
1251 2319
2115 540
83 3598
892 3569
298 900
3719 1553
2576 3731
3796 983
3476 4077
494 3005
2474 1105
4764 2478
1544 2946
1285 3702
1624 4818
4541 1562
950 785
668 1143
543 2884
3601 2776
2998 696
3533 1802
3369 2752
524 3483
1286 1924
3710 3513
1557 4055
229 4375
909 1789
3455 2177
4718 4524
2508 4107
1228 1274
3225 2938
3548 4752
3344 1194
187 697
1311 3501
679 4438
424 1771
260 1347
2109 2071
392 143
1074 4824
4548 1331
3019 295
453 4102
1730 4910
4237 3671
3792 159
3565 2400
2178 3216
1281 3625
133 3730
4237 1287
3534 4922
4814 1783
540 127
3573 3432
2367 2580
119 2576
302 1353
2402 2424
2290 4167
2190 174
2173 2336
1747 4670
2892 3709
1016 3577
3266 4220
2236 3666
1983 4592
3084 1343
2702 1495
359 1686
3115 2822
1548 2955
4237 3665
3902 3634
2180 2112
4673 3827
808 396
4379 3257
3607 2883
3491 1606
2980 2044
3305 85
437 4004
4595 1732
1474 191
2842 111
4968 4014
3955 3537
3169 485
1365 2385
4721 223
4386 2812
243 2323
1476 714
2965 4633
4974 3725
2103 2408
3898 3723
2196 1202
2726 2633
3076 673
2681 2825
3522 3097
3216 649
401 4114
1059 2627
3962 3609
1724 1465
2861 4508
3451 2673
2009 4411
3344 2538
954 3017
2270 4239
3175 3901
1928 42
4392 4654
3786 2209
311 1722
1165 739
4125 1280
4120 828
1890 546
715 4527
274 2113
3198 4191
3996 2403
4130 599
2963 3371
1450 2665
4881 1517
3060 571
2829 61
3898 3129
2265 3321
2588 2158
4303 3689
1209 4022
4461 2173
3300 386
816 202
4258 385
4989 613
3209 3364
1785 3842
1984 3709
2214 3186
4240 884
3808 1359
3652 3924
91 1783
4077 4971
4642 1517
610 118
749 363
2450 3996
3473 2427
3509 765
4600 863
4268 4294
4414 4331
1735 1952
1117 2378
1738 4679
593 11
803 3590
1308 4132
2312 441
3596 1029
3066 4184
640 1950
1621 3503
3801 1514
1643 1568
3702 1527
4879 1920
277 1491
449 1578
90 1943
1860 2356
2824 3336
142 2387
600 800
1918 4956
438 4969
4961 1534
4746 4594
3289 4846
1124 4544
3868 2615
3062 3914
1050 89
4506 4604
1079 1104
155 3329
3145 2873
3990 1487
830 1256
4673 1379
1146 1179
1009 4556
4293 1462
359 3627
4205 2861
2110 612
4103 2253
3009 3387
4823 461
196 2899
2428 2422
2415 2811
3441 3291
3504 714
4028 3326
3901 4582
522 4731
2398 3523
1352 1718
4123 1265
1340 4304
610 1474
557 2310
1408 2071
826 1525
1514 68
4360 3998
2317 3247
2556 1772
1011 449
3098 2927
4784 4652
4218 3822
1961 3547
3971 4395
1152 3429
1227 3860
331 1847
2016 28
2229 2821
4017 3675
2511 293
1946 911
2185 1514
3398 2139
4282 731
3966 2052
539 2953
2907 604
2448 1384
95 1385
4739 606
2039 4539
495 4942
4060 3920
3000 3401
4570 871
4294 1740
2798 4396
3914 3816
3433 3660
3075 3668
3419 2987
287 3224
1500 4451
1422 568
731 1137
2233 4590
811 4350
598 350
2218 4693
4252 1320
3360 4768
3723 176
2867 1442
1376 2187
4197 532
1519 3680
645 2730
162 605
3968 3491
3151 1774
1132 3912
1853 4922
3183 1512
2007 2318
4956 1680
580 956
3443 4750
4016 4608
610 468
1998 3401
2593 1845
3715 1302
3533 3494
4384 377
1530 3708
2720 1938
3875 4689
3567 4859
3792 4800
933 2464
2542 1704
3231 551
1456 1316
598 1166
1231 1283
4283 3276
934 798
185 3558
1641 2559
191 1996
2787 1321
2033 970
2382 948
3857 3723
1483 3591
3549 3065
2792 657
962 1170
4487 3635
748 838
2165 648
4559 1192
4133 2856
3978 3693
3155 4593
1194 2281
2110 486
227 4403
4207 4709
4380 4869
85 183
4183 4945
2055 3466
3385 2967
1964 3244
1917 3229
3795 3643
108 1525
4156 2285
652 2990
2640 446
2668 441
1586 2363
3885 1696
1786 3455
4636 178
3213 3143
4174 4074
132 744
653 1041
2099 4355
244 2930
4884 1951
573 2974
654 1240
2376 3693
410 3568
1845 2021
2192 3425
184 4937
3086 628
4606 1375
4533 2971
4474 4721
826 3559
713 1254
2322 697
2813 4674
1902 1548
1244 99
2893 1159
3592 1322
453 902
4943 4744
1781 3953
2455 3238
2441 3284
2324 4028
1503 4388
4815 4741
3141 4740
379 474
1727 4138
3417 2231
1735 557
3406 4330
872 4602
3024 4898
2478 446
2227 1826
1361 2029
3225 1529
4292 3926
600 4797
1224 1008
513 1305
2575 4691
2469 3148
174 2880
1024 4125
1161 936
3106 2726
2234 220
2068 1367
2994 2893
4802 158
3686 4805
2734 2460
4370 1930
2265 1565
2009 2983
4454 2927
1271 2777
1861 4206
41 3165
3777 1643
503 3038
205 2298
4242 4934
4837 4412
732 4712
1907 2632
2428 640
180 2798
3157 2935
2160 1901
792 3655
1823 3527
2200 1439
4012 2621
3694 3606
4737 3003
4266 830
1209 4472
4163 1786
4495 1623
3922 1167
4222 2644
819 1626
2921 813
3441 3565
2262 2850
1429 401
4937 1587
2539 4149
2629 3216
4903 323
930 3364
4534 1642
299 1389
1972 3715
1949 2926
1173 1332
539 673
1365 3906
2326 3634
3614 704
2552 2058
4829 3743
601 3923
3752 875
2626 14
4120 4923
1950 1871
853 524
1044 2052
3017 683
2501 3859
2386 385
590 972
463 4997
3193 81
4635 4396
25 2818
2406 4854
3422 4499
2219 1653
4824 1113
2326 1509
4384 3253
4369 1912
2532 84
212 2301
2949 2279
943 3841
2929 3572
3350 2697
2580 1307
577 4968
290 2886
146 682
1919 3433
12 4579
3356 2421
1272 3358
3642 2718
3546 4273
1758 1885
1083 1053
4752 4143
838 709
3548 786
2055 2391
1236 3194
3273 1137
997 3862
4216 1201
2716 615
1051 2814
4403 3599
2079 362
2902 1109
4361 894
3392 2956
4429 4180
2707 2077
4297 4702
3156 4630
4188 2
4944 4726
3869 3201
4306 2178
2307 2962
3239 243
277 2962
2708 4890
2687 3380
3701 2274
4837 567
3563 1258
1440 4843
948 4413
3145 1347
3457 3283
2219 2171
375 179
2104 1170
317 977
2856 2463
3471 367
1891 1250
2659 4418
1346 4481
878 2544
1261 915
3308 3311
3406 4237
3753 2572
1172 4629
2781 793
3700 1087
2105 3966
2358 10
3506 388
2638 4927
395 380
1278 4071
4419 1574
671 1016
2061 660
2403 2052
2531 3420
2711 4073
2770 2274
3141 4312
4573 4594
2405 2195
3047 4437
4189 1720
3915 561
1491 1139
678 3932
2317 4215
3705 3683
3055 3528
670 4869
1971 4654
4228 4846
373 4572
3579 4239
2739 893
2617 4427
2424 3665
3729 1873
1989 4936
3551 4031
2946 1198
4601 1034
145 3951
4055 2732
714 4315
2811 2594
1492 4696
3495 994
4251 3576
1246 775
4898 3527
2893 440
771 3924
1140 2010
3111 3674
1037 3984
3041 1337
1311 1792
1807 948
1045 555
3102 116
21 1961
1767 2015
981 516
3424 4415
1486 2043
1161 4243
403 4997
1410 2902
1141 2578
4030 828
1309 4055
172 633
1553 1141
3619 4243
517 3638
4077 3972
4154 3920
1625 1080
3977 3550
2748 1373
207 4922
2450 2490
3061 632
2062 573
3266 2861
1487 2329
2630 4029
4959 2182
3540 1811
1157 777
4908 4021
81 1776
4811 1513
4348 4215
3364 449
4706 2893
3745 343
3819 2635
2503 974
3278 4800
288 3015
104 1263
2558 2925
4056 1127
622 1889
2560 3461
1619 737
4155 2006
2191 1423
2884 380
2531 1274
2610 4015
4180 3951
4834 4791
2876 277
1241 1950
3010 2873
2644 2580
263 4482
1674 1204
946 1984
2382 2834
4998 1019
3399 4441
401 3521
1363 739
2896 1804
3940 3416
1409 2820
1211 511
3296 278
2984 17
2391 393
1376 394
1540 1755
1306 4161
2249 2660
1831 451
4799 4785
4269 854
851 4951
1483 1306
2287 4763
2636 3749
3129 4625
1045 1072
2493 225
4601 4367
3182 2311
4221 2670
4043 3064
3683 2
670 769
4748 4554
2032 2008
1860 3671
739 446
4461 3126
3425 1107
1243 3138
426 603
3332 4557
3343 81
4525 4434
4042 563
1858 3472
3375 3142
2597 4794
1474 3935
1527 2318
387 4491
2543 2619
69 4591
2379 4528
968 2877
937 3110
4154 2445
4908 3985
4734 2792
136 445
2796 4076
163 780
4927 124
2271 948
182 963
891 1054
2388 3205
4913 1126
3731 4359
1763 3881
4181 3581
2894 1227
3781 3747
3952 4612
2990 1538
319 3058
1711 1435
4078 455
4589 2515
1782 1717
3983 839
4269 3706
4986 734
4942 318
2314 4254
4442 4441
1469 2755
4030 4633
4155 2586
2116 130
1367 389
606 646
3771 385
1935 3222
2071 1156
1321 3350
1641 4483
3235 4671
715 118
1016 793
3606 2279
4750 2574
3801 1496
3455 1612
2291 116
2805 2983
2405 2454
2199 2597
3594 347
3849 4837
1884 1336
3432 2367
2763 106
1467 1322
1020 3773
3160 3084
528 1490
4509 2434
2121 3100
2266 628
4721 2406
3958 3996
4593 9
1885 3505
2822 1904
391 1488
426 3327
296 2405
3275 3749
3947 1639
3887 3982
1054 4528
425 1589
104 2422
559 3499
2636 689
1262 4831
2352 2620
2198 3433
2440 2433
1048 2670
1159 2475
950 1743
1498 658
916 1030
2524 4336
1393 3225
4724 2576
2108 945
2262 241
1089 2520
2711 2778
4456 3365
305 2832
2727 4147
4459 960
1403 2797
2179 2460
2965 903
1664 4039
542 4288
2770 3128
3508 3536
3568 4239
2315 750
1177 2417
1585 4246
411 1201
3034 3459
3925 1705
3460 4242
1082 2142
4827 2782
2845 1534
32 2811
597 3253
1811 644
3063 3958
952 4754
4495 697
4305 4484
440 3173
4869 4591
3849 3486
3001 3240
4979 1979
655 3908
4656 4539
4126 2113
4718 4884
4638 438
3318 206
1382 1335
783 1614
4629 4078
3376 1757
3817 4582
1273 1246
172 3687
1447 2173
4160 3787
2202 544
3349 809
4404 1832
3402 2834
3430 771
3584 379
453 1867
4934 4922
3805 1581
4147 3675
2160 3228
4723 1191
4639 2191
4326 1992
3331 3330
4815 2887
3988 4329
113 3791
3841 1556
5000 514
3594 3873
2738 1255
3985 4699
3531 3999
3199 2760
2094 3502
1976 859
3724 2512
3499 909
4800 2906
2166 3145
101 3292
2237 261
2770 1784
861 1895
523 3384
3226 2896
1479 4002
850 4178
858 3991
1139 244
2667 1772
2189 3849
759 4961
3452 187
1336 3773
4688 4
2293 2077
4746 2260
239 3884
2667 1682
2089 2117
852 1174
3654 1348
2242 2779
4490 1011
4832 3204
552 737
288 640
561 318
1698 4492
3570 206
2031 888
919 1236
1479 2044
3668 3115
862 1822
2507 362
1361 3657
1385 4619
2796 1110
2505 1493
3393 1707
1386 1311
2781 2985
3848 2279
180 4623
4363 4896
1095 2920
3914 2164
4171 2024
4732 4137
461 3557
4487 237
649 4936
193 604
1077 4195
2656 1484
3780 4280
3949 1048
1892 1384
2047 3512
2550 1395
356 1430
2953 1576
2488 4331
1349 4646
3078 3125
2758 2529
3029 468
667 4468
4014 4652
1684 2150
3927 4203
4615 3374
1494 1514
2412 483
3907 4586
3196 4897
4147 2202
3460 2847
4776 418
2522 3102
51 2131
1129 2100
2769 1648
1879 4476
4139 4289
2520 4168
2390 4030
3802 2155
1626 4988
1329 4477
2930 1310
3718 1218
2382 2692
1313 3827
3553 1895
4488 3262
485 3932
2283 4659
3632 3644
4975 3872
4448 2265
441 2819
612 1985
2702 2675
2332 1378
244 1991
1178 4856
4077 988
1840 4117
679 2772
2143 1897
3770 4624
1090 726
2559 4957
1464 4052
1891 1630
3316 3513
203 2273
3038 4960
1680 3164
2642 3580
939 2821
2175 3348
1405 4991
263 3607
3 3648
3759 2272
537 4249
927 826
2677 277
1559 4600
1831 1266
971 3049
4879 2592
590 3915
1161 2491
3455 585
191 330
3975 4121
851 4601
2318 1420
2625 4159
3892 2472
2523 596
3683 1442
3289 2316
1519 1716
399 4944
4980 3313
3050 983
3669 676
2760 1093
3862 3112
3868 4196
1782 3335
3293 393
1477 3910
485 216
833 4140
4590 4591
3302 767
4516 782
278 4580
4893 3978
3989 3758
2791 30
4271 545
555 671
2061 4016
2315 677
4320 779
3739 1143
4333 3669
2169 2401
857 4547
2510 4975
1478 4163
1106 3163
3722 2942
2103 3137
4373 3094
2899 1143
3139 2312
4814 3016
1206 4729
2881 4977
3956 4748
4801 321
4226 93
1818 477
3084 2831
2797 451
1835 2625
1009 3175
1703 2598
146 4685
121 2235
3820 4771
3190 59
848 2040
4030 1247
1262 3873
2436 4612
2970 433
564 787
1708 445
3480 340
4000 796
4279 1314
3083 4822
1666 2392
4574 2086
2814 3665
2816 4093
3517 3699
919 3182
4512 3541
1359 3979
1614 3770
2089 4401
1371 4678
4524 1601
4640 4401
3434 3623
325 843
2086 399
3244 4266
153 698
2233 3810
2704 632
2449 1745
4146 3271
4032 3095
19 4389
1754 755
875 4777
578 3717
1469 1502
3354 3486
3586 4149
843 4443
1129 3179
4065 968
4211 1442
17 2181
4514 601
3058 1918
4000 4797
1607 2821
1855 3955
4664 153
2742 2155
2584 2744
2768 248
2500 4939
3744 3718
312 1939
2331 2330
1486 593
3761 353
1763 835
3209 2770
4668 3894
1755 4324
340 4025
3420 2117
1439 4496
1209 1270
4236 1872
845 2400
2766 3499
1030 2941
3848 4540
3140 2755
3505 3448
4520 902
9 904
4082 1672
1437 637
4274 2639
4544 1383
3393 1654
2169 206
2688 2264
3537 3569
1200 4903
3044 967
107 3219
3753 4174
3450 592
4010 3842
4123 2148
1476 750
4017 4917
1885 3716
4517 2113
2352 3452
3958 2724
4301 218
657 1269
2287 4039
2987 1151
2929 2803
1253 2660
2669 430
4120 2386
246 4555
1455 3194
4357 1697
1335 2711
2129 384
4861 944
1111 1152
1667 4205
2413 392
2488 134
928 1386
4949 2193
2710 2655
300 3154
4903 4210
2177 1182
1339 4923
3281 1624
2730 253
3683 1480
3778 4097
3328 2747
314 2242
2478 2182
334 4339
3228 1424
2006 2638
2173 4779
4287 4616
4891 3562
2479 670
2903 4464
4390 4383
4636 575
2672 2219
306 1013
4201 1128
2071 2811
2393 2427
1290 4361
2207 1573
4037 2979
2791 1839
4347 1207
3423 2887
1960 4348
3901 2474
3216 2678
2784 3406
1657 1932
1422 2398
3365 2483
1905 4927
4990 1982
371 4557
4860 4441
3037 4652
4508 1971
2741 2459
4053 3581
3551 161
2720 3924
4576 259
4410 532
4652 1275
2120 2871
3831 3301
2206 2539
469 2675
1425 314
1421 423
429 1386
4560 2390
2724 634
1635 603
3055 1740
2084 2610
3013 3605
1666 3969
1287 3499
3139 3989
652 1797
263 2155
1784 116
524 351
1021 4575
1239 3777
4053 248
3100 1922
204 2934
213 2691
1332 2261
2386 3540
4416 3943
4032 4378
1223 4538
1586 608
158 2546
4585 3802
1819 662
4751 172
3585 1655
287 137
2872 4825
2486 4966
3210 4505
2457 2536
3827 702
625 45
2344 3374
314 4182
4618 2301
3823 1480
3737 3602
2396 3782
13 4405
4538 4494
3308 3546
3670 1124
624 3294
739 1415
2511 4703
2803 1411
2028 1411
4278 2931
1435 2258
484 1030
4193 288
4139 998
2476 137
825 50
946 2947
596 785
3468 3648
2845 4232
4659 2537
1321 100
4892 2864
2589 3054
2485 1956
2427 1624
1797 2759
1527 979
1290 4688
2608 2048
4726 463
3007 888
3371 546
2195 534
1512 2604
4529 1727
1316 4237
4119 2369
3182 1687
2799 4334
2109 4605
3789 3991
3030 88
4592 2826
4571 2777
4179 3675
3804 471
1106 2335
1506 1472
532 3529
4647 4365
2899 4943
3478 2523
934 4594
3768 1852
3908 2773
3585 167
4049 2
205 2008
2796 3220
3211 3524
3779 3851
2241 463
3354 4932
1535 2609
1156 3322
3005 4572
871 4135
4781 612
911 3511
3213 2823
2545 2129
4088 1179
889 1173
1034 4761
4106 1314
3336 1880
213 1818
52 180
4883 3630
174 3262
883 2338
472 3406
2182 4526
4704 4939
351 3669
4968 3972
1028 1696
2994 501
873 4186
3040 1662
1291 1421
3165 2514
4191 1037
4188 2890
2764 4848
2618 3438
2840 2809
4982 2402
4186 1622
1535 1749
1760 4313
2293 2850
4207 752
1591 338
3882 2472
2496 773
3540 1223
3111 818
3466 1569
1566 2198
2545 797
1544 3924
2232 206
1865 3482
943 2109
836 923
1706 2125
3659 3609
2006 1870
918 801
2282 3155
3938 3022
3674 211
2010 244
1138 4609
764 4367
2038 3468
4258 689
175 3248
1011 4243
1319 1081
613 70
1009 3460
2984 621
4965 2852
941 3005
1763 3503
2124 3696
4386 1503
2053 730
1787 1169
1310 4026
2640 3569
2106 3725
3870 3949
3788 4338
2819 3216
18 3017
2786 2284
4263 4937
24 2038
3433 4555
1867 2140
2799 1239
3237 963
2879 2816
2630 4647
2990 1616
4114 2586
2198 4877
2320 4801
2292 1971
654 475
3575 2045
367 2139
371 1034
4366 2747
1502 295
4365 4105
3198 2031
4333 2686
3301 2086
4719 4429
3545 394
1146 2338
4966 1933
4267 4144
1286 4310
4394 171
4089 2750
2733 3966
3067 1426
4771 4054
268 3530
4974 173
4571 698
2588 4625
4210 286
4455 635
4396 2338
1082 1900
3227 1765
1954 1061
3813 4313
1499 1544
1938 4733
4788 3692
810 4048
3485 203
2392 2673
887 3490
4270 812
2782 1597
1127 2674
410 3580
2789 4343
923 4123
1065 2656
3368 1624
4210 4041
4962 486
4572 4951
1972 607
2728 4518
1969 3451
793 1965
92 2720
4064 1256
600 2521
2484 1719
1507 2448
61 614
4877 4904
740 339
3652 3905
3761 2062
4424 1224
4992 3840
3522 4186
315 4062
3087 703
4063 4834
4759 1135
4455 4412
4507 2164
2017 1857
1737 976
3907 959
1739 956
4401 1491
2344 1309
4020 4329
1813 1921
3525 4105
4386 1686
2958 183
2715 656
3344 733
4676 62
2023 3097
3970 2124
4641 815
3615 4915
3131 4228
4270 3427
2125 3169
3078 557
236 3565
641 943
2801 4284
753 2605
2661 734
967 3253
257 3581
4310 2967
3170 3946
1791 1105
3086 4640
1239 1097
1394 4625
1525 180
493 3510
4576 1135
92 2171
4000 1260
156 2060
4561 373
2916 367
2523 3862
4087 4179
1881 2822
564 2054
4165 3114
3601 2612
1381 3187
2824 2702
3021 3941
4399 725
4884 4045
3780 759
2725 1299
1038 1709
874 3090
2363 991
4546 4188
1701 1397
1192 488
3683 4181
2206 4874
4900 3341
752 4333
2958 3223
1382 4053
4468 57
283 2683
1532 1203
924 1718
4775 3390
279 4681
4925 2824
1639 4510
3787 4059
754 4284
236 3849
4890 1223
3450 218
3313 3955
2079 4748
1021 3333
3754 702
2524 4933
3315 1178
2386 2294
955 446
3825 283
1358 2983
2987 4486
1948 3103
3951 1909
782 4702
607 739
365 4886
3876 2742
2764 1966
160 4374
3979 4805
3461 1635
2903 1008
1666 1098
4048 555
44 3409
645 2566
3034 4305
4868 4105
1131 422
2793 1199
1571 1075
1887 4299
1901 2335
1607 4976
1161 330
4547 2387
4317 4036
4851 4060
1505 899
23 1575
3737 1923
2595 4180
4882 3143
1752 2406
1785 1929
4192 1190
1174 3805
4486 4176
352 1947
593 231
315 4566
2652 2667
4671 4541
1112 2346
1403 1045
3003 118
4621 3069
1461 1588
1923 324
153 2603
1686 475
1326 203
1461 4630
4771 414
3020 3361
4894 1492
284 2943
84 4650
990 3045
703 3885
2122 1114
3845 3134
84 3632
2110 4623
1481 3137
1066 1278
4693 72
3574 275
265 45
594 1764
590 4592
1857 700
2158 944
2179 570
1230 1021
1156 1866
1956 4713
2361 2500
280 2882
1440 3471
4684 3620
1956 4172
1071 4546
2138 2656
2763 3641
4247 754
4837 905
1289 419
2076 427
1179 4731
2312 3315
2421 4735
1655 4498
1607 777
3638 4792
2667 4317
789 209
1865 1190
3478 331
2087 2684
1001 4477
3760 2001
4180 3152
2803 3387
4083 655
3765 706
2578 389
1064 2043
2050 1839
1244 4632
1214 4431
3136 3279
3307 1195
3943 1046
2886 445
4551 2991
4866 4458
1271 4187
675 1343
2220 1919
4632 3393
2681 1147
67 1178
3704 2141
3429 2399
2724 2619
1908 37
1702 3577
98 2136
57 4828
4508 3070
847 4156
2282 3105
4266 1205
920 4375
686 2630
3075 950
2114 1107
802 567
1309 4687
3381 1487
638 964
4634 1480
1805 3796
1239 902
1073 42
4781 4662
2008 975
4810 1360
765 21
3151 871
3850 1844
3589 2953
3396 766
3088 3940
3477 3199
380 716
1356 4709
4057 2939
1747 4303
4602 2987
3783 2005
803 4091
1041 3165
1191 4945
463 4430
2467 2633
2464 512
1554 1351
3899 1988
587 411
4439 2132
1229 474
3548 2940
3930 4163
230 4139
4738 901
3916 10
3841 3598
1385 4114
379 1980
2851 4550
3587 4982
1144 3320
674 559
2560 2530
4689 4401
768 1438
2701 661
1375 3014
1195 3265
2349 3701
3005 58
1080 3177
3920 2906
4532 252
4384 4731
898 1021
1255 1547
4789 3829
260 2336
1815 4000
2108 3329
3236 806
4235 2358
2797 188
4896 676
3535 3755
224 3307
1767 1669
2863 742
2833 1573
605 2546
3531 2472
2172 4035
977 1217
1298 780
4999 1212
429 3448
2365 4862
1259 4648
4409 4431
2412 2748
4162 3279
2271 1419
4593 1443
1473 2586
1537 2893
4852 4146
2737 3834
981 335
3078 221
4037 3846
1000 4838
3817 961
2369 1971
393 1009
1338 1548
666 1586
2926 1459
727 3752
2315 308
108 1492
694 4882
4143 3362
2657 3022
2319 2596
3207 2008
1787 4669
2602 1209
4973 2339
756 1563
2661 4650
4977 4423
3590 4327
3305 4123
2632 2895
1736 2221
447 499
1629 4335
3277 1457
57 2053
1328 1625
93 2454
2945 3288
740 4055
3341 23
385 4719
4502 4263
2625 396
1438 2143
3202 472
3406 2762
817 2127
3253 794
3140 3597
4407 4473
2273 3787
2670 2877
2400 4299
2562 3444
1257 4520
334 4400
2958 844
2599 4
1395 4308
301 3224
4403 1399
619 254
4219 3320
2580 4609
3909 2814
3587 1066
1083 2793
2507 4625
4032 2470
3255 3517
2485 2376
4610 4235
956 1730
1647 4544
3844 4601
4787 3662
933 393
4083 4153
4519 1667
1939 4203
790 950
4808 4809
4733 3271
2688 2255
795 1649
4618 519
4587 277
4285 2744
3164 3205
939 4178
2346 92
306 1322
2964 2518
1976 2605
4616 354
627 2759
833 2006
2736 883
3365 2524
1314 1551
3602 3582
665 2905
1530 2022
1244 1051
690 1513
2916 1103
1464 2874
1255 3013
2565 360
2533 973
4524 1272
2544 1375
2288 1064
3826 2001
3632 3164
1031 2518
1385 4436
1805 228
1873 3724
4054 1786
3553 3561
4321 1232
1566 3535
4647 1279
416 4984
473 3838
1863 3353
4691 4662
3270 2841
3763 4364
1114 3692
4184 997
331 1599
615 4042
277 180
443 1313
3969 2755
973 2238
3889 4374
2901 2852
810 1304
1330 869
1573 234
2790 1212
935 1402
3455 1744
181 3072
1168 2313
3325 487
3953 12
4526 1246
3584 1427
1446 640
2644 3715
2063 3612
164 4216
2670 3821
1327 2187
4669 4279
4130 145
184 2163
344 1619
2841 375
2840 1366
974 1080
3907 159
1931 4189
4624 933
1710 3406
1962 1088
3214 2052
2056 2731
2902 3132
734 3556
1713 2044
2175 3485
4203 3934
1732 4026
3298 939
4322 2544
1161 1214
1297 4904
2027 2301
1472 826
169 602
3532 3681
2912 152
3169 1948
3276 3824
4526 2507
2085 3576
627 196
4539 310
1272 2724
2765 2925
1310 2999
2432 360
1143 2022
3951 3842
1219 3968
3963 136
941 1386
4037 114
2701 4982
1060 3957
2344 2440
3809 3949
3356 4006
3849 2950
3849 83
3357 383
4245 2805
3481 728
4877 144
503 2643
3306 707
3362 1274
1097 4993
915 3145
571 4159
4910 728
3939 4348
2512 4370
3657 4113
677 3892
548 2763
184 633
3141 3971
2463 704
2450 4013
3922 4182
4300 851
871 1545
4051 2822
2074 947
3610 2353
3649 3382
4528 2556
1820 3690
3486 1284
206 1611
619 3938
4719 2984
4423 1962
1813 1958
1594 4321
4865 2718
841 1982
4821 2823
3949 3826
643 1180
1865 2313
3918 1293
2840 1075
2517 1375
3490 1962
2245 3694
4744 4563
2002 430
740 201
1998 868
4150 3208
152 3866
4093 3163
2402 2045
572 307
3200 4893
741 4332
3025 1291
2471 2198
1525 2939
4358 641
1215 1272
961 1737
2020 62
3161 153
1722 3335
4714 1309
1013 1783
133 1388
3023 3732
1539 780
1702 2872
2892 4523
2474 2841
4284 3358
1692 985
3198 417
946 2405
