67
476
3
22
187
126
596
234
94
342
50
13
86
3
2
196
53
209
59
344
176
299
212
289
164
610
569
30
139
243
170
249
518
311
94
99
380
526
536
143
19
111
73
297
454
506
359
32
310
77
243
399
521
308
77
25
388
222
80
600
376
108
14
416
153
185
458
3
30
357
499
345
443
89
77
127
468
618
421
262
303
378
400
175
70
115
652
17
29
371
299
367
120
71
274
95
377
140
51
253
533
444
61
232
180
70
510
337
449
496
17
28
321
240
443
93
627
45
96
217
174
495
214
103
180
329
117
392
480
498
509
32
231
485
376
270
409
152
241
273
327
56
130
356
640
197
767
262
243
123
258
57
472
101
453
48
155
383
45
59
343
3
139
76
120
252
115
429
40
10
81
541
218
336
548
155
13
473
163
493
570
112
382
432
41
559
524
165
257
49
454
395
80
645
367
518
321
250
50
223
79
167
387
83
162
99
20
50
371
234
74
14
313
591
17
290
167
135
455
383
427
3
389
283
59
342
563
182
315
703
17
651
31
146
192
291
157
206
265
27
100
172
602
179
2
693
339
671
515
179
149
284
157
284
278
680
143
589
75
559
8
183
9
133
55
299
117
320
333
59
120
69
143
6
87
321
79
275
313
579
121
192
298
272
149
309
502
313
158
493
216
224
46
110
633
465
24
86
338
426
246
541
109
412
473
145
181
18
12
3
589
191
47
11
379
122
27
227
621
13
419
272
197
187
165
428
192
197
391
240
611
72
106
212
132
82
167
309
144
223
225
341
320
167
493
312
401
685
442
194
275
226
261
560
361
436
91
171
118
215
148
28
545
172
119
166
409
421
509
460
525
366
207
441
595
28
336
54
42
292
75
103
251
288
92
186
314
401
75
150
587
460
683
87
44
17
279
197
427
31
213
246
369
351
7
112
44
48
51
61
438
415
541
403
100
261
219
587
362
462
341
141
323
154
545
332
608
178
238
250
416
132
64
348
94
236
417
329
198
30
298
152
334
58
321
62
391
251
221
395
180
258
43
104
134
188
100
109
167
213
589
268
109
278
100
238
346
259
679
93
311
145
70
91
205
582
448
166
324
561
149
2
374
60
136
345
273
311
188
268
150
23
42
411
139
98
238
313
237
313
550
78
394
396
77
77
265
615
344
118
381
37
368
549
343
195
339
186
103
134
219
443
159
477
252
81
147
103
8
151
214
180
255
629
31
48
258
230
2
12
382
233
226
251
311
135
113
126
213
460
406
517
70
600
129
43
12
149
298
351
500
105
216
268
466
266
60
115
554
375
173
94
212
587
68
561
396
165
130
202
115
188
304
158
12
18
40
363
25
191
517
318
278
44
318
81
590
93
113
159
130
263
76
79
513
49
55
7
248
524
52
150
646
474
217
51
37
35
450
314
191
122
572
120
112
83
159
126
287
121
31
25
415
221
127
367
77
80
52
514
438
255
479
29
469
157
64
97
65
37
513
281
156
217
61
270
86
59
116
292
155
543
92
62
77
257
337
146
539
407
148
120
64
131
43
89
283
282
369
59
164
27
76
48
621
26
450
545
295
540
501
122
619
89
88
424
305
718
43
167
118
526
572
187
139
194
384
123
163
2
52
642
354
70
40
313
501
390
304
166
182
58
462
176
267
61
180
55
668
633
355
472
132
171
91
509
76
25
105
49
142
374
432
487
272
217
221
404
61
323
196
227
606
206
485
143
406
197
249
595
142
170
209
98
50
511
193
383
190
60
249
366
232
86
294
245
202
165
247
285
62
17
17
306
90
16
14
478
49
299
588
438
170
507
400
153
86
333
587
108
95
535
165
161
162
61
1
93
53
165
184
251
659
147
287
567
176
60
155
369
148
13
169
144
24
513
375
222
147
155
30
222
319
594
498
40
399
377
391
217
99
73
281
330
348
112
530
116
420
302
277
155
68
68
279
4
69
31
538
343
73
289
231
134
214
60
13
114
378
249
49
353
196
613
148
109
145
65
271
398
97
318
272
587
231
510
290
161
27
693
246
207
-1
97
39
26
325
8
3
668
110
75
372
214
108
129
96
600
71
356
375
130
114
231
151
548
16
397
3
536
146
267
62
14
281
138
111
392
126
506
110
377
235
16
708
495
363
42
373
304
298
256
21
110
183
284
558
271
5
251
192
452
174
399
239
429
248
61
51
273
88
171
360
489
103
151
7
85
396
232
192
293
158
11
204
53
606
286
19
205
220
129
396
281
106
49
72
391
488
127
438
81
63
98
496
465
315
10
38
504
122
240
350
216
557
394
255
-1
251
75
119
329
417
96
430
157
222
467
2
461
357
335
661
190
129
28
398
328
373
133
84
84
338
90
217
217
168
150
190
187
409
169
275
462
134
52
228
189
58
11
212
207
427
528
376
253
15
273
129
191
170
69
308
33
397
447
36
481
445
352
184
532
84
380
395
407
244
92
416
158
229
187
96
85
199
545
307
141
208
151
30
289
20
266
6
187
433
609
329
254
518
368
230
211
62
550
29
334
105
526
70
115
38
478
163
576
241
503
232
8
219
135
251
448
157
73
628
163
384
391
43
461
320
607
288
76
74
293
31
592
378
16
37
614
131
192
371
308
146
53
242
77
142
442
443
39
356
335
135
245
121
469
110
2
494
51
254
17
472
78
302
309
250
321
349
357
397
176
154
26
551
404
462
318
62
92
25
115
73
37
71
51
180
88
281
380
293
354
584
7
72
49
328
152
334
402
154
236
40
63
242
148
74
76
474
82
153
524
194
244
366
323
246
48
261
330
556
129
201
257
168
86
507
602
297
427
393
270
468
563
331
30
39
357
395
287
303
153
291
50
427
138
56
232
43
236
42
308
404
115
41
259
89
440
338
529
220
175
235
317
569
15
178
325
157
124
197
191
347
93
31
58
373
215
213
49
66
287
259
263
14
292
195
575
15
424
233
350
456
200
278
541
281
385
172
276
277
137
543
125
493
39
27
53
279
141
209
191
528
371
62
316
115
517
191
254
112
10
290
620
86
60
120
263
135
174
115
161
96
10
179
269
367
241
126
394
387
262
462
424
67
232
377
274
75
86
68
374
245
294
485
26
323
490
268
352
125
215
88
358
51
634
178
107
294
115
114
332
228
155
51
295
542
210
515
399
128
94
3
118
494
498
41
379
36
235
136
303
579
81
27
53
264
132
582
79
449
669
124
10
78
335
199
556
641
502
233
37
121
121
209
13
61
132
263
152
421
98
74
263
330
85
279
75
218
3
8
457
238
416
131
576
83
415
25
385
117
406
98
689
127
597
192
156
477
210
107
140
438
73
303
251
457
137
337
189
44
75
172
530
338
207
212
541
521
451
56
587
294
116
350
550
468
113
357
672
88
149
186
218
19
263
603
733
17
80
40
268
595
461
27
145
283
344
241
648
320
558
83
412
154
229
183
102
179
274
371
459
276
456
338
219
20
150
384
36
30
236
735
241
225
104
23
463
143
277
517
14
74
42
592
472
142
144
152
94
470
276
210
126
138
30
102
269
416
205
167
534
206
238
10
31
226
221
146
34
466
174
137
552
344
361
559
214
192
267
240
81
30
153
474
225
26
162
37
176
353
249
474
351
271
410
70
284
115
316
508
38
46
39
275
43
302
326
46
49
130
107
21
303
126
187
271
524
110
85
532
222
272
347
354
66
90
59
512
134
129
130
273
460
155
513
222
161
107
173
471
109
467
52
171
176
45
600
578
80
269
11
366
328
255
701
88
22
277
122
191
263
35
73
406
212
376
71
544
97
268
381
228
251
392
644
132
115
391
221
436
102
207
73
392
387
230
180
536
45
11
233
266
344
79
116
606
91
274
383
388
118
461
310
311
157
124
100
576
386
249
130
319
194
327
587
740
196
457
208
233
309
12
274
90
348
176
117
245
565
100
4
159
332
319
240
133
525
405
9
230
636
422
11
130
409
605
323
21
397
96
417
555
25
124
313
204
39
142
263
37
360
45
21
110
169
85
101
261
53
54
82
22
620
57
129
30
342
349
243
266
452
331
5
481
147
478
81
159
304
263
107
688
7
362
501
45
74
159
437
280
622
567
275
212
354
192
165
239
94
158
402
497
676
338
65
420
23
391
159
491
70
631
113
108
21
352
252
226
348
201
91
58
49
97
230
59
330
163
380
270
111
73
567
133
122
82
32
360
111
17
431
531
158
107
147
655
2
123
211
96
128
308
207
46
199
456
0
220
180
391
574
80
406
52
640
339
393
106
483
101
423
114
58
131
193
241
48
218
106
311
52
562
252
391
150
143
90
640
52
158
609
119
176
130
607
125
180
20
244
164
281
202
212
277
316
346
346
500
631
230
603
362
101
455
423
116
202
349
190
403
675
71
484
162
345
226
325
206
78
697
314
568
107
42
27
77
530
223
357
264
227
11
230
328
190
379
127
174
497
695
187
8
151
190
279
296
214
104
104
206
54
375
95
313
141
558
368
89
477
154
428
22
577
51
497
605
104
18
195
376
346
579
123
46
120
345
284
277
108
381
322
115
94
31
412
312
447
145
116
91
369
387
664
172
547
40
225
152
133
541
400
77
96
125
697
228
100
461
488
339
274
229
121
227
218
32
102
177
319
350
256
112
45
210
524
140
389
299
164
203
527
52
231
386
145
111
201
675
554
99
499
288
564
224
356
11
107
620
124
77
269
89
281
173
273
393
222
153
224
393
261
456
163
128
140
381
118
272
361
614
233
124
140
192
432
361
512
563
193
230
84
112
524
55
441
157
333
381
344
266
3
127
113
339
516
241
117
457
149
329
595
171
381
84
243
680
590
288
304
22
95
354
144
261
385
26
3
7
409
10
374
204
565
447
260
262
240
317
442
486
201
85
22
404
6
588
582
291
138
470
272
182
74
307
60
529
280
165
69
121
239
362
449
108
298
107
220
290
610
337
316
305
65
416
364
162
411
94
119
251
341
198
192
110
235
123
636
215
523
137
91
528
81
175
216
8
285
93
161
254
409
268
47
652
378
74
124
506
113
485
23
260
159
528
18
37
423
316
33
10
124
67
302
65
567
271
8
203
233
26
26
184
209
268
738
169
261
226
153
185
261
72
181
22
41
243
155
154
161
150
466
64
505
442
303
375
76
57
109
203
325
327
223
378
131
102
286
168
91
186
473
151
347
538
62
294
452
536
266
285
361
13
503
289
223
93
498
258
235
340
355
45
60
552
271
248
241
459
154
454
87
371
535
102
79
115
55
347
474
132
79
421
61
86
143
341
139
238
223
100
550
222
371
38
366
136
81
31
160
140
609
152
179
227
21
203
253
436
402
2
265
86
115
379
634
292
551
147
62
436
171
135
34
223
207
298
764
260
46
384
136
77
249
180
137
228
279
176
38
616
289
344
295
113
113
2
82
229
257
324
96
115
29
188
115
31
488
197
196
90
150
230
178
261
510
384
301
308
292
207
356
421
481
2
170
306
42
116
374
446
9
309
434
366
218
250
201
533
76
158
351
366
125
80
272
36
209
88
310
356
548
73
164
430
297
553
260
45
656
324
48
66
173
396
93
560
687
189
98
490
114
220
414
245
67
102
100
185
551
67
58
50
285
202
176
530
285
99
177
47
76
319
21
464
61
158
415
255
256
33
270
227
82
415
695
117
267
291
514
370
437
5
237
436
291
187
248
183
288
43
164
147
285
143
117
381
491
416
306
205
89
137
84
162
81
103
110
157
513
29
94
159
-1
381
25
489
234
99
149
559
49
294
274
321
464
130
63
410
67
506
282
507
19
21
497
42
307
3
313
296
131
585
259
258
151
141
267
56
257
116
573
73
37
373
120
147
122
206
196
104
305
34
520
392
52
410
530
54
111
129
426
246
110
118
124
64
583
117
375
610
234
205
237
359
265
204
224
419
480
583
25
118
62
290
441
464
74
644
194
95
616
487
33
364
26
162
86
424
184
212
145
329
119
459
549
36
83
174
20
456
562
641
232
489
197
357
21
4
29
507
600
376
742
581
12
551
231
288
615
546
208
33
495
313
317
19
65
519
232
223
25
165
438
269
69
298
223
126
411
18
22
231
410
20
545
478
164
525
113
7
161
266
474
171
206
593
483
103
176
150
219
150
43
126
87
2
195
35
128
97
333
43
105
84
51
136
340
10
153
91
270
267
559
115
411
69
590
612
172
97
543
36
115
118
295
183
18
93
81
274
396
284
291
49
150
105
148
469
15
307
261
64
351
392
110
178
135
317
317
63
124
85
63
284
415
16
133
583
308
442
135
103
441
299
568
59
38
366
120
109
86
30
114
528
235
476
257
220
310
54
403
37
131
315
529
5
226
421
37
297
240
7
228
436
359
456
130
28
352
251
156
124
544
215
127
228
63
397
54
337
209
166
24
136
94
72
243
356
253
470
140
140
315
61
137
195
691
40
255
132
486
182
421
687
220
423
243
236
196
437
74
30
134
211
637
19
33
501
457
256
80
418
384
194
128
293
440
116
81
637
312
437
532
140
433
17
110
445
92
249
416
212
324
347
509
251
613
236
390
293
473
116
23
178
107
162
44
359
329
70
11
204
33
210
95
259
360
40
536
456
525
408
154
602
223
136
391
685
397
231
58
170
15
110
388
128
73
65
614
116
53
569
385
165
527
607
399
253
68
2
241
211
161
33
75
164
382
3
71
22
392
591
396
511
2
726
164
53
265
267
79
313
444
319
89
81
139
370
29
342
194
475
29
209
419
19
295
321
231
317
475
14
165
49
385
253
321
689
48
80
33
565
199
193
66
300
608
492
71
170
60
280
360
232
80
32
42
106
534
552
220
418
346
359
99
411
443
332
334
465
113
102
285
680
5
224
138
408
101
64
243
472
280
163
338
45
472
89
423
238
418
351
217
241
54
162
220
226
176
313
198
300
291
17
481
52
381
82
266
91
139
26
260
13
487
210
155
14
328
527
319
534
76
420
262
84
110
508
296
290
190
143
265
154
19
22
122
531
281
305
221
614
184
3
242
13
409
336
45
605
328
19
92
105
420
136
251
623
73
46
91
445
458
79
33
242
436
446
117
142
276
200
351
486
467
596
242
457
198
167
102
221
302
193
200
68
15
432
110
449
160
490
544
54
559
103
326
125
19
123
505
342
149
527
383
125
572
35
216
325
511
142
247
359
161
23
86
96
138
451
252
204
237
16
106
269
63
132
71
22
95
245
569
600
143
483
477
185
104
257
487
269
85
57
120
175
516
218
192
204
248
332
558
185
28
57
181
182
110
315
262
623
419
80
146
62
34
442
40
61
110
529
41
529
279
188
173
210
201
623
292
244
194
506
598
300
249
57
235
130
416
351
492
77
273
290
433
285
62
53
41
314
470
116
422
166
278
274
214
504
106
60
555
519
233
371
471
180
403
317
311
208
67
343
135
527
482
34
165
188
407
28
385
67
105
289
116
106
206
224
259
111
317
317
134
65
29
289
372
421
635
363
120
263
464
73
113
108
335
334
79
364
4
275
533
359
94
523
53
160
149
266
96
77
160
409
149
115
355
198
315
76
168
274
29
377
21
343
176
59
113
506
235
304
214
203
10
57
145
427
18
443
64
109
301
2
195
709
40
212
40
148
134
360
176
57
151
37
223
202
68
66
318
441
81
378
145
25
130
275
281
47
409
122
162
70
107
516
275
17
62
109
537
527
449
24
168
47
183
50
2
63
206
239
302
117
79
281
126
408
143
11
434
167
325
99
144
279
72
313
528
340
10
450
3
46
289
376
402
131
320
56
93
458
275
35
424
275
265
346
93
496
138
177
25
385
24
237
259
502
85
49
180
244
293
259
280
220
180
62
8
121
329
98
610
134
307
166
118
178
365
95
78
10
504
361
513
544
10
659
120
221
401
137
97
605
203
68
115
86
231
195
506
354
43
210
289
486
328
262
135
3
53
231
3
28
323
552
5
251
18
41
104
238
325
349
121
23
233
244
31
506
584
112
183
354
128
63
413
130
124
461
174
364
279
119
373
118
486
60
124
361
369
549
100
342
447
84
207
284
200
220
-1
92
494
687
352
229
246
80
61
269
2
21
278
51
420
328
166
282
17
286
383
491
588
561
55
188
503
531
354
257
25
583
96
520
195
240
111
335
744
73
184
433
357
8
15
65
19
202
33
494
108
2
32
51
338
58
179
28
134
338
337
491
205
109
69
193
164
135
248
266
539
157
122
210
255
48
122
221
103
237
214
56
226
15
24
462
338
235
17
351
350
301
429
257
375
44
140
592
14
313
309
672
128
480
464
477
279
78
207
536
88
129
658
23
407
343
229
345
505
261
28
87
352
415
2
570
163
236
438
4
332
114
76
266
118
85
240
66
206
76
219
131
16
31
301
454
385
458
468
329
167
231
380
-1
286
628
137
318
352
95
222
173
336
300
122
444
12
35
210
480
32
102
497
12
5
15
296
146
103
321
428
390
69
255
122
269
3
238
358
80
296
357
210
204
109
118
311
151
429
133
323
136
5
96
440
77
339
53
380
116
295
482
139
84
342
125
321
510
285
438
173
624
25
135
91
378
211
238
11
52
39
279
633
405
221
175
8
111
236
415
165
200
29
85
185
270
65
70
205
616
321
37
248
228
495
121
230
137
608
175
269
259
99
58
431
323
157
190
59
222
325
190
323
130
140
84
200
354
104
40
92
464
286
84
500
103
15
143
310
352
3
314
200
97
301
91
54
433
369
382
95
336
4
336
143
368
135
122
403
507
427
163
125
590
150
190
165
617
139
404
465
279
5
274
529
125
336
23
153
257
105
244
262
160
595
241
206
31
150
49
63
12
238
52
419
49
651
203
445
349
85
369
24
98
154
203
238
172
570
215
365
14
39
535
26
275
218
-1
381
483
164
457
468
557
77
138
301
223
209
52
256
166
346
110
128
71
93
297
594
447
76
206
206
170
491
315
97
278
237
28
11
378
408
169
144
117
78
104
127
44
86
630
96
133
309
147
504
318
9
250
405
170
138
584
26
107
290
513
14
56
433
624
373
95
6
163
120
126
47
64
219
422
429
35
249
249
393
282
576
465
319
196
42
558
68
79
57
174
369
49
56
136
401
220
10
230
155
82
365
182
145
487
506
102
133
340
662
63
340
36
189
57
465
158
257
226
54
211
78
85
629
334
489
158
135
219
39
493
498
318
261
120
643
235
112
40
190
169
145
133
305
120
266
246
528
152
517
471
441
409
415
81
-1
105
87
342
298
396
316
158
174
436
351
223
83
102
536
359
371
86
555
613
136
394
76
15
368
71
154
34
70
279
673
61
479
458
227
724
94
95
370
278
248
47
529
347
344
266
156
383
152
80
88
99
133
243
5
219
149
365
48
248
457
179
124
85
215
20
390
180
578
581
41
66
53
271
418
38
358
126
235
266
338
52
230
327
365
123
113
212
62
202
465
97
141
152
274
25
459
588
348
398
385
31
443
217
25
287
23
457
59
438
161
166
47
493
456
391
358
116
439
95
208
5
514
152
405
424
221
149
180
30
321
372
86
496
89
15
128
57
284
510
63
100
132
367
273
195
41
470
180
567
91
420
464
44
67
353
124
55
51
267
602
241
139
578
388
213
85
557
310
406
482
58
367
240
320
-1
82
223
260
562
255
123
320
422
222
162
294
144
439
375
570
333
3
128
448
69
17
388
225
106
495
277
127
330
282
108
24
360
167
181
234
346
200
77
382
261
22
342
680
125
358
252
360
38
154
173
191
208
311
240
118
94
98
515
371
183
484
120
532
75
312
180
191
138
168
286
321
512
153
221
101
273
369
96
79
113
48
29
139
253
468
10
130
7
570
88
489
356
422
186
268
205
390
521
203
391
222
641
195
105
292
68
193
64
574
185
95
341
318
355
176
41
6
338
66
360
426
298
334
194
293
533
166
369
152
238
386
57
342
184
197
171
242
94
98
365
261
250
311
227
94
298
220
373
158
340
184
219
86
49
344
176
89
493
180
521
185
151
365
572
83
261
84
603
236
256
771
206
309
436
189
77
444
129
98
279
82
621
61
35
79
46
315
165
71
435
482
218
258
213
89
19
597
82
322
615
308
249
295
440
625
117
547
81
16
372
312
325
50
116
4
321
384
71
518
143
8
203
517
151
92
441
75
458
345
450
198
103
48
343
500
176
38
205
156
67
82
140
248
14
338
1
62
362
230
209
146
131
488
541
503
23
363
193
309
163
311
61
454
333
32
139
204
499
64
39
263
100
276
361
509
37
114
382
128
38
347
191
178
544
91
401
681
366
475
209
189
539
334
84
409
13
233
248
296
110
311
131
77
7
243
289
617
102
10
21
33
146
249
235
89
78
435
502
120
182
11
12
596
154
459
226
188
248
69
115
636
363
208
71
18
323
261
205
295
554
465
105
341
373
379
299
183
672
52
9
199
218
478
243
70
17
50
428
535
87
240
562
152
264
389
260
135
183
107
151
96
20
212
32
330
124
59
73
398
338
203
619
352
174
215
186
428
468
97
142
482
205
451
582
50
178
486
112
217
466
444
139
215
514
162
10
93
619
282
249
148
5
413
277
249
278
407
324
453
231
180
114
2
203
325
379
94
10
106
277
454
316
429
151
17
217
411
487
424
19
400
25
130
108
72
312
275
117
88
210
165
64
55
118
65
413
497
306
311
545
239
391
213
78
530
180
15
340
282
144
5
243
71
117
269
89
434
43
535
235
569
175
194
592
20
79
135
56
84
29
379
43
90
61
79
615
210
141
236
66
450
347
124
555
400
195
120
111
45
396
150
124
152
206
499
390
7
348
353
187
66
244
140
171
450
299
240
605
235
176
21
342
188
502
108
334
362
554
323
361
131
317
64
429
7
143
520
364
140
414
20
129
160
115
156
72
608
327
188
237
3
631
429
179
330
248
38
319
199
260
40
393
134
315
560
197
198
196
131
467
534
121
229
429
224
32
144
522
268
440
8
143
472
493
285
50
563
151
124
300
286
668
182
56
328
83
60
293
50
226
474
484
452
92
675
125
113
169
107
215
77
376
236
72
110
212
164
171
174
178
192
591
444
27
251
103
480
195
102
528
646
346
153
525
459
195
536
96
53
125
85
151
82
702
632
122
399
206
45
263
86
460
461
188
216
603
80
468
159
272
10
51
468
617
6
118
47
190
253
487
34
393
261
201
221
454
3
144
247
222
277
79
322
602
12
156
381
171
70
218
310
399
222
429
345
303
160
481
74
17
56
50
484
183
66
105
257
121
369
226
62
522
94
55
343
21
11
588
276
178
142
374
19
150
651
126
376
459
247
130
3
26
335
120
348
32
60
420
61
51
187
314
334
205
45
277
450
167
381
261
440
355
365
749
503
491
49
81
421
276
474
59
36
330
291
190
428
192
81
121
540
491
312
90
15
21
523
16
251
322
263
442
17
496
52
301
364
95
400
152
524
560
431
203
143
132
165
60
131
313
234
318
206
44
286
659
405
447
377
92
205
3
100
285
326
66
396
142
142
62
97
274
230
97
33
335
343
454
285
222
82
152
80
506
91
9
566
144
13
653
400
49
607
287
355
174
277
224
18
145
33
3
46
155
497
194
78
216
59
192
274
327
29
93
254
261
378
95
95
104
477
227
66
70
65
40
280
142
15
406
123
341
265
504
131
265
61
677
351
257
60
25
250
34
232
435
115
595
249
58
224
235
535
211
200
161
350
365
181
263
696
95
217
539
709
31
113
554
103
71
361
530
324
102
216
93
19
390
306
42
217
276
239
77
316
350
281
505
102
134
31
361
167
41
383
219
161
307
452
537
98
353
522
1
46
301
189
386
270
181
470
28
128
159
286
105
623
346
28
455
506
15
336
369
224
467
85
306
82
202
68
197
403
10
100
342
353
327
92
534
621
118
32
382
444
80
136
319
159
268
498
390
15
50
175
570
420
487
358
87
173
348
212
504
74
113
50
8
113
506
697
104
103
510
327
192
19
339
418
155
534
328
347
226
187
471
100
247
223
403
261
643
260
30
161
64
160
121
265
314
117
9
140
151
71
12
217
277
442
234
217
395
329
658
145
411
242
1
375
263
41
209
418
388
280
25
354
126
81
297
44
534
161
197
161
48
282
247
356
170
384
308
87
224
145
384
223
21
24
139
238
2
89
44
325
237
302
176
152
231
179
287
17
172
194
62
495
145
176
269
13
127
385
38
355
255
375
161
336
12
74
83
367
112
578
285
414
191
399
187
113
527
3
234
398
250
138
615
12
84
21
158
175
39
81
329
348
106
184
101
239
292
82
180
556
213
269
10
180
164
279
597
43
469
438
234
546
160
361
370
209
269
250
7
156
163
379
579
161
460
193
158
601
434
484
291
585
50
81
423
284
269
102
18
99
164
572
42
101
165
181
270
452
152
516
453
71
291
150
54
172
215
457
368
124
54
158
271
112
10
268
420
618
350
62
214
227
254
43
161
70
131
321
46
129
653
145
626
5
159
192
34
324
247
379
49
201
266
325
204
268
411
481
765
1
527
182
230
83
138
98
450
73
11
382
50
221
392
507
271
136
58
255
78
322
644
346
468
93
85
246
204
300
31
26
32
232
172
221
454
349
265
172
359
284
190
35
88
73
116
53
64
708
642
327
234
295
423
381
484
263
259
221
392
179
260
150
38
269
180
467
378
169
471
10
627
75
450
411
59
202
209
54
484
505
88
590
326
12
381
412
273
137
554
50
367
242
185
308
462
601
428
185
92
65
26
100
151
88
8
81
138
78
228
409
446
304
351
102
459
339
35
202
447
243
146
43
528
314
237
288
187
133
29
235
120
386
179
49
310
127
389
559
157
332
4
220
129
28
122
247
303
248
558
86
468
417
23
432
253
94
243
29
92
188
492
271
177
180
190
380
433
239
140
33
470
76
394
252
79
208
66
369
34
212
3
155
271
31
386
218
422
122
249
223
362
59
102
321
305
54
345
190
5
228
52
335
339
349
34
2
88
181
568
155
513
57
195
347
284
443
578
294
43
269
109
552
77
114
66
516
20
136
249
8
94
134
296
469
172
124
91
348
117
36
328
348
53
237
512
382
180
79
492
395
44
509
80
472
142
116
56
479
492
51
87
427
250
239
232
245
471
339
101
6
400
100
245
306
401
501
207
57
211
22
187
435
491
118
143
458
642
50
292
320
374
693
351
81
400
197
130
115
120
127
83
-1
409
130
64
9
323
242
235
175
75
447
186
673
32
38
200
140
177
106
395
525
67
76
149
565
167
9
247
92
53
434
656
580
371
100
110
214
568
463
46
188
351
184
370
21
91
415
15
320
15
56
353
107
139
170
74
352
370
92
176
654
303
159
560
119
278
40
205
194
70
213
364
283
74
357
429
32
608
198
317
161
103
114
345
56
449
309
308
351
136
582
198
18
382
339
313
71
516
96
101
417
622
252
165
60
218
404
249
8
300
13
65
52
591
358
82
347
279
49
16
454
434
148
269
350
324
259
327
126
142
42
157
630
345
77
379
2
192
241
292
15
194
87
274
191
571
674
237
353
70
305
215
33
100
6
124
151
74
99
6
315
313
40
349
44
558
25
199
140
139
69
380
745
446
5
18
354
531
269
315
145
74
661
169
543
72
260
574
146
493
218
58
186
41
76
218
152
51
459
120
183
379
4
433
59
215
224
166
147
303
125
229
95
288
233
225
246
601
221
153
141
190
321
265
76
75
545
440
174
73
2
596
356
351
93
540
274
426
241
307
349
223
14
254
121
269
555
27
148
138
405
26
75
5
148
47
190
48
300
88
253
297
211
373
55
353
2
597
355
495
123
251
3
26
512
77
85
341
144
211
635
211
381
205
131
59
3
576
357
396
593
24
355
405
351
33
172
60
144
95
136
334
421
442
49
109
198
601
390
267
196
33
34
77
260
478
257
154
170
14
21
270
536
308
485
171
125
55
80
283
120
136
15
102
42
89
190
168
29
142
483
475
326
134
454
258
251
124
374
212
577
84
249
498
233
105
11
28
103
585
32
127
481
100
63
393
110
428
377
314
32
122
266
15
187
265
431
301
519
109
31
13
385
31
456
236
72
101
516
77
288
247
98
158
236
462
145
598
5
262
615
481
68
368
152
365
192
281
84
286
193
100
333
47
101
204
103
295
213
531
283
229
81
40
156
281
378
22
29
400
182
155
264
629
643
96
200
185
469
7
96
410
343
184
117
62
66
5
3
473
307
30
297
684
48
74
85
25
422
103
55
547
213
223
207
131
511
83
200
418
266
439
264
129
375
66
125
1
248
427
49
445
2
192
2
75
205
293
16
219
514
192
503
46
33
290
46
211
73
191
67
351
369
360
394
526
24
141
193
520
15
46
511
436
292
88
73
333
157
60
94
250
52
100
85
152
150
155
359
140
190
283
284
407
120
52
341
354
70
632
337
107
69
65
353
27
126
15
588
152
48
334
156
4
86
-1
257
132
364
491
327
20
18
366
249
83
282
507
643
106
73
38
480
8
198
474
7
70
128
242
252
9
46
9
119
110
697
223
208
703
86
414
241
57
268
155
54
525
243
392
316
163
249
37
14
382
53
485
88
209
180
597
377
89
413
578
407
185
105
274
122
231
317
154
42
385
192
312
15
339
128
163
386
229
248
21
25
383
321
81
275
452
646
401
54
176
375
347
497
27
226
194
379
101
45
13
83
530
336
209
142
226
131
404
41
478
127
208
451
143
210
359
185
224
44
141
17
23
25
39
347
514
125
8
361
29
570
403
515
284
125
60
434
436
61
162
359
217
13
298
104
46
274
116
22
21
34
79
563
304
92
288
281
19
412
290
111
326
32
722
171
272
541
414
213
589
65
1
99
150
72
260
245
181
723
304
584
434
219
91
174
422
429
191
503
47
289
484
558
497
660
495
631
12
148
165
604
263
129
329
328
36
418
86
290
243
288
158
341
353
165
16
113
90
408
196
510
242
748
541
148
364
325
151
139
23
113
145
35
152
313
430
32
303
52
154
307
30
465
22
228
71
63
246
487
221
342
531
37
680
35
265
190
98
562
490
88
446
312
309
19
228
118
49
20
426
73
115
204
120
81
259
423
85
145
430
41
225
102
349
356
313
323
147
347
579
252
79
62
256
271
261
444
358
101
190
242
236
25
187
577
171
119
204
374
492
370
122
77
118
665
75
172
141
147
191
49
5
327
102
14
9
4
131
155
304
23
126
180
48
431
260
9
112
379
171
148
478
326
220
340
68
100
222
46
51
61
212
292
213
205
82
499
51
372
160
181
430
229
351
169
69
318
60
254
431
96
561
200
443
382
495
53
587
137
327
82
287
64
245
473
14
151
211
15
244
44
32
272
317
440
231
543
317
279
482
104
627
26
352
283
13
125
215
387
444
339
18
109
116
409
186
515
192
322
467
185
270
564
78
156
257
173
336
350
40
399
137
279
487
89
197
333
503
172
48
102
138
609
203
139
86
321
583
499
60
316
22
43
157
161
154
328
443
184
165
2
268
341
182
454
567
282
14
251
58
5
142
1
412
501
35
336
382
477
324
41
81
283
255
367
254
50
133
555
50
470
165
220
192
103
201
475
74
220
149
412
517
439
438
70
168
95
111
93
171
176
438
166
407
263
191
3
249
31
173
56
260
260
88
58
82
364
168
83
329
547
109
61
77
58
447
78
329
192
69
98
53
136
596
155
77
206
470
393
166
98
161
393
453
243
36
94
559
123
633
327
203
326
645
271
5
4
133
350
54
381
368
370
223
713
21
62
540
353
131
398
576
199
442
219
520
32
160
8
124
231
451
400
151
185
126
67
314
286
253
72
27
262
68
171
721
69
318
310
232
200
467
111
495
137
549
401
138
104
10
342
406
623
355
183
313
586
585
43
81
242
383
175
15
512
557
257
71
416
218
610
20
10
154
195
578
530
322
309
287
68
462
571
243
156
544
63
60
469
514
23
533
392
300
540
125
205
132
261
97
482
150
26
401
217
187
287
535
680
243
347
338
466
18
141
174
59
189
414
28
45
438
527
586
399
165
220
184
26
515
13
623
255
75
27
205
197
276
342
3
620
46
133
137
242
185
89
119
207
132
435
307
587
75
448
283
288
126
599
238
503
168
196
408
143
407
274
72
420
186
351
37
80
34
540
472
353
381
284
34
64
156
288
215
420
184
560
562
363
392
420
258
360
286
10
235
379
251
135
720
66
143
10
202
204
37
75
100
603
8
338
393
59
275
223
305
457
112
399
67
188
408
316
114
361
94
43
286
98
122
222
156
83
650
43
84
31
173
321
264
322
71
359
388
62
282
310
629
494
144
268
188
399
407
330
327
90
228
130
442
136
487
385
229
155
19
583
186
559
34
82
68
100
124
103
103
46
73
385
728
248
16
38
293
419
230
318
161
32
279
147
115
250
216
56
5
126
66
312
13
33
114
567
213
236
228
96
29
149
127
455
20
300
116
34
292
73
94
268
185
363
310
27
424
88
38
14
174
44
416
487
209
325
182
121
262
109
218
104
337
154
118
388
437
490
46
550
364
138
2
167
279
185
34
241
169
28
0
78
445
584
606
158
374
235
131
160
15
167
83
13
8
331
429
427
183
281
139
307
217
438
290
146
283
643
470
40
44
39
67
308
400
71
638
178
277
524
140
30
326
424
387
357
358
98
54
66
202
46
299
136
460
117
56
58
361
422
17
96
274
289
133
494
597
29
162
365
89
257
55
449
215
101
470
369
79
142
104
489
382
33
366
277
304
95
344
32
105
342
139
387
80
37
305
99
2
139
126
152
14
83
38
54
152
16
134
538
167
402
244
362
199
118
232
383
506
70
358
604
329
177
247
84
44
51
50
125
34
346
79
6
227
344
85
81
732
356
330
10
376
279
262
4
198
276
175
68
121
686
401
663
482
158
614
325
357
65
242
152
50
238
288
90
502
227
204
111
193
119
319
140
486
273
71
59
250
662
319
196
211
143
124
24
314
12
206
162
341
488
205
182
167
64
76
19
129
211
610
265
298
136
134
279
47
445
214
103
424
146
88
174
43
457
28
579
460
12
589
371
276
241
106
119
35
172
290
36
44
674
15
347
471
160
409
39
339
322
511
85
288
310
346
160
35
364
630
199
193
176
260
251
311
124
381
396
18
73
315
45
88
416
469
202
103
99
78
73
418
306
0
406
159
133
292
113
14
352
9
129
558
142
236
326
132
58
59
626
74
356
426
570
11
330
80
528
542
91
151
65
152
23
155
270
3
17
160
0
227
113
35
153
283
82
111
380
184
256
308
-1
127
417
423
153
262
201
23
150
156
239
236
178
635
23
20
115
152
91
282
109
141
545
628
69
596
598
6
486
286
152
274
62
408
208
54
274
118
133
254
70
134
203
295
326
207
67
55
566
66
185
66
78
153
157
425
277
449
326
156
197
208
99
40
503
217
507
621
295
114
514
184
98
99
520
132
119
355
395
333
187
123
255
191
231
16
57
398
11
549
120
471
374
53
195
194
101
133
375
77
349
289
24
71
195
498
554
280
526
236
388
30
17
164
112
118
119
56
91
168
345
163
569
63
42
445
301
196
279
112
43
64
287
332
351
440
13
17
396
233
262
10
130
401
198
44
76
2
16
427
192
202
179
272
188
394
251
493
569
292
6
444
423
590
238
139
6
63
1
394
326
237
706
166
169
245
136
316
174
92
265
512
241
96
514
259
87
8
314
276
59
329
189
447
481
549
85
68
337
120
453
240
187
101
52
103
38
8
89
105
60
89
302
660
81
277
569
124
350
145
498
190
409
90
332
287
649
77
349
118
303
36
134
208
73
614
238
289
184
187
428
8
58
177
2
199
155
662
140
52
-1
333
666
579
80
299
150
57
203
358
478
220
15
124
141
334
213
413
433
321
153
197
66
327
160
562
37
33
91
277
639
307
385
137
151
142
458
572
451
76
205
192
266
612
384
250
3
162
186
35
57
158
102
540
176
583
40
95
68
21
190
173
230
204
502
319
94
293
357
182
206
25
446
66
82
75
96
47
437
52
127
226
15
235
321
318
55
71
218
363
158
150
132
8
377
27
429
587
199
302
54
74
144
283
245
509
43
3
302
244
189
501
317
321
68
531
187
381
246
98
85
377
37
356
607
63
319
544
85
7
234
398
165
567
107
205
157
255
283
57
403
186
166
190
77
76
326
31
298
431
112
188
160
399
224
370
278
639
42
469
389
481
210
13
320
24
405
631
356
220
300
217
110
258
95
13
228
137
186
312
43
58
405
40
41
191
35
26
132
245
7
490
69
51
109
83
58
99
243
534
80
180
385
524
152
164
419
589
11
36
512
450
104
292
465
75
38
453
36
110
40
77
121
115
143
420
477
231
94
288
391
193
299
102
32
390
103
4
128
493
286
349
313
280
105
378
231
315
159
136
365
420
140
40
240
41
190
164
702
64
183
227
29
23
355
526
238
238
44
580
2
402
377
106
284
1
462
353
163
152
295
493
319
78
162
140
392
86
87
80
242
585
154
144
463
3
162
193
192
169
492
160
182
2
256
258
119
163
643
440
38
476
462
52
309
646
26
278
35
535
214
375
101
98
167
57
86
44
492
40
140
536
527
309
345
60
383
301
421
43
62
578
195
125
92
500
18
214
597
194
221
31
208
710
631
158
410
76
479
26
235
367
383
423
213
230
42
636
302
9
240
301
59
104
5
266
233
372
72
117
27
93
14
309
340
374
140
562
203
126
71
129
170
443
30
246
5
294
327
214
170
199
260
299
26
373
546
84
275
30
402
596
224
189
185
419
284
47
137
429
207
588
36
141
315
231
518
344
309
243
554
388
482
167
244
482
539
391
95
165
154
96
350
326
10
197
420
175
189
277
194
192
307
71
320
357
238
86
89
216
124
541
393
49
401
257
132
425
172
318
41
206
302
94
13
110
22
260
31
7
24
169
441
320
381
402
497
208
53
172
14
227
30
332
229
474
268
35
297
93
336
242
57
229
101
30
102
359
221
117
278
115
137
86
104
121
162
690
637
440
172
188
183
389
334
328
5
493
26
17
206
325
254
74
191
215
178
164
411
251
14
179
431
347
376
9
191
285
181
14
187
53
383
428
46
195
113
212
490
474
330
82
87
352
274
553
301
204
306
31
47
55
19
123
150
209
400
451
587
166
367
367
542
158
293
34
225
185
460
219
523
146
213
458
354
638
368
323
136
37
256
145
383
433
61
44
462
346
535
6
99
422
20
313
249
226
126
4
589
316
23
25
171
198
472
39
308
149
465
317
358
189
268
427
251
367
389
182
187
629
263
53
123
262
30
254
43
98
93
328
567
219
43
78
608
516
165
89
4
105
87
364
352
645
53
638
303
191
47
249
166
89
109
231
325
165
94
15
93
44
431
218
481
72
344
445
4
6
259
40
385
421
49
15
383
52
348
423
240
639
159
265
441
180
73
270
117
485
417
127
29
92
303
115
419
272
298
352
674
166
592
470
283
337
365
177
499
129
315
55
26
522
18
185
265
61
12
319
265
29
3
246
175
326
55
569
133
119
4
3
464
348
339
261
267
143
160
372
91
369
99
236
195
295
17
68
357
105
463
156
34
102
30
382
52
8
554
122
415
2
76
17
28
338
579
257
119
114
144
35
565
109
226
208
372
204
400
555
315
296
68
11
197
145
21
134
152
378
226
595
454
176
3
490
321
13
436
228
76
480
411
100
235
315
376
683
4
151
339
120
22
79
180
439
159
134
318
380
47
85
206
244
28
106
262
616
407
126
602
616
164
174
117
289
533
181
423
268
373
117
92
172
10
38
251
590
236
221
128
457
113
386
255
163
37
224
92
301
20
443
398
360
13
34
424
151
274
54
6
253
20
251
200
38
545
461
88
742
180
327
275
579
178
102
352
41
175
467
254
97
202
74
76
30
508
403
434
589
52
92
411
617
499
375
256
131
286
385
152
109
103
85
443
60
142
132
232
6
219
459
358
19
308
297
489
434
60
94
245
263
168
82
346
594
271
270
124
454
538
139
356
260
120
268
378
231
326
131
315
36
404
92
334
248
88
375
229
115
457
289
226
246
208
268
104
276
101
45
329
303
81
374
78
37
101
143
76
5
23
124
61
84
69
147
466
149
164
559
481
315
12
257
399
375
93
222
456
282
63
199
132
155
123
138
40
447
439
243
265
460
26
55
335
444
165
36
54
261
126
155
246
591
95
163
207
167
208
46
201
335
390
156
316
108
244
384
165
37
230
30
171
307
403
170
254
540
191
381
637
29
114
555
352
93
178
514
225
498
109
205
304
88
141
14
50
433
4
237
218
24
575
393
156
309
465
87
437
232
513
39
268
285
209
54
74
75
280
91
286
54
468
37
426
316
294
32
497
379
462
145
547
101
411
36
191
303
248
43
605
78
586
53
491
144
301
23
462
500
548
606
318
188
56
568
232
82
443
528
629
436
429
183
95
13
110
241
571
524
122
93
216
93
268
196
252
94
674
5
585
127
156
131
377
22
498
260
237
192
336
53
4
18
458
191
66
168
525
210
162
479
192
462
103
41
646
431
26
543
35
76
279
337
108
21
18
146
350
134
125
396
516
146
81
332
227
314
205
369
439
161
338
400
43
621
423
205
148
314
297
355
279
527
130
138
60
205
290
455
15
146
325
585
15
190
461
114
350
250
13
96
243
153
117
87
86
237
85
163
313
617
50
366
88
73
138
348
2
292
198
451
36
312
196
4
33
293
194
533
170
331
339
588
303
437
318
395
545
93
602
139
1
423
291
75
192
116
541
132
434
626
39
48
146
28
361
223
55
230
288
182
123
248
455
143
223
269
297
97
359
302
243
75
136
343
68
264
26
309
490
188
226
692
442
10
157
397
159
461
145
111
29
318
124
8
41
274
254
44
81
339
261
61
36
37
18
431
253
235
132
72
114
10
140
84
170
350
426
201
105
123
17
288
360
320
96
74
159
229
570
66
229
194
163
523
185
649
407
30
51
375
42
14
11
119
220
136
210
68
65
325
323
68
8
395
384
49
46
123
480
363
232
561
524
140
459
219
11
152
398
244
221
342
51
287
355
255
97
396
359
79
134
121
33
35
163
458
475
26
240
49
193
158
170
195
96
18
203
463
66
395
90
442
281
505
92
612
238
34
132
624
229
9
57
298
96
357
117
125
317
452
144
35
16
33
461
90
16
213
1
187
530
253
33
377
28
11
95
29
305
548
318
114
187
322
384
40
23
558
139
2
469
172
59
32
470
398
141
621
685
59
434
574
79
465
340
138
133
4
3
18
158
84
248
43
168
25
381
84
123
439
260
162
173
591
322
30
73
8
25
340
362
267
311
363
324
620
262
178
406
63
337
138
367
343
119
241
481
381
25
225
363
13
92
242
566
111
418
613
79
139
161
472
55
142
233
404
238
175
130
397
315
262
143
288
350
149
523
131
345
102
432
480
106
9
116
613
82
336
231
181
307
420
356
210
73
337
456
550
632
37
442
181
545
57
296
384
33
284
76
10
419
209
192
316
31
368
190
266
12
326
399
370
282
189
52
113
622
167
159
18
387
189
158
187
360
103
20
379
71
82
443
74
214
31
141
112
53
378
249
27
426
407
329
596
187
281
68
81
313
9
520
196
491
236
88
332
152
13
245
492
55
148
145
141
53
151
220
85
167
7
328
15
59
239
212
15
136
300
136
482
35
463
136
73
365
102
84
212
115
457
405
142
439
85
477
331
239
630
87
21
98
233
279
229
70
24
506
542
387
427
98
56
327
16
85
146
178
34
71
147
120
100
26
394
272
625
621
5
235
267
217
71
44
238
393
218
641
87
242
358
135
276
56
2
421
269
314
282
108
605
7
86
137
186
168
167
554
429
144
223
94
183
519
280
480
266
514
127
193
71
319
38
29
121
340
138
192
340
187
185
318
114
-1
108
155
41
458
160
152
317
4
100
535
522
206
513
5
7
217
223
196
528
587
561
226
7
593
139
45
4
343
164
597
431
391
58
122
348
1
459
490
2
124
41
200
108
526
108
205
568
601
230
386
297
209
15
109
637
384
544
331
148
65
9
103
80
91
461
24
90
62
151
211
197
83
227
32
18
380
64
573
401
75
363
165
205
459
179
200
605
463
252
118
343
371
610
145
118
395
613
183
313
628
490
275
110
158
159
329
109
46
181
192
479
569
36
22
230
156
192
86
468
444
324
37
230
128
125
68
191
251
338
185
153
52
63
600
463
128
351
363
481
4
331
289
249
5
3
138
21
87
324
20
230
174
108
26
15
14
120
181
109
345
172
274
115
317
397
459
148
313
58
27
264
64
381
212
488
68
213
466
100
193
28
183
251
421
371
497
506
207
644
202
194
315
281
124
342
101
416
263
432
467
81
364
649
349
381
177
320
5
399
34
181
64
452
10
96
304
450
201
3
143
50
52
288
101
120
237
269
560
294
285
4
82
233
578
309
360
34
100
333
320
450
671
498
90
226
165
12
363
111
55
282
329
304
21
273
251
471
147
72
265
566
455
305
546
314
537
257
521
175
381
238
332
142
277
10
10
-1
493
168
153
145
376
462
74
643
388
63
44
338
231
189
201
70
445
63
44
264
250
126
172
-1
462
60
415
104
149
115
316
386
94
224
433
89
139
8
448
251
142
409
67
