10000
397 3385
2112 4934
291 2050
3622 194
4724 117
2846 3277
1602 4958
1716 297
3499 3523
4457 3029
3084 4181
3424 4551
1971 1161
1716 1995
3580 3781
4199 4677
3247 3879
2870 2090
3324 2908
2991 3759
3910 3653
119 780
984 2476
1590 1767
749 3553
3936 3607
4525 2905
1941 1022
2407 3291
4152 117
4928 4713
785 4131
3908 1175
3098 1126
3444 2640
754 1881
4725 3505
4828 4992
4683 3834
4109 3349
2980 4886
3525 3791
3850 403
4288 4958
1469 1406
3689 988
1553 2572
323 2890
2554 1624
1526 1459
4325 4851
4329 3884
4839 1840
3910 3247
660 727
1134 4165
2030 3224
828 355
4805 1915
2185 2875
1729 4970
2748 2793
4028 4447
4935 4059
2730 1291
1857 4382
270 897
2027 4828
2661 333
4081 2888
3602 3289
4444 1150
4464 52
18 7
81 4290
226 2986
1538 2854
3807 1067
2402 2795
4465 3504
894 4665
2921 1899
294 1839
3790 4181
4638 2125
1338 3809
4052 3627
747 4149
4608 731
715 1121
1263 4065
809 1619
1185 714
2290 4791
1588 2914
2212 1194
1264 3863
2315 250
2427 3756
3142 2832
63 3137
25 958
3979 2056
3257 902
4681 2110
4886 752
3470 2655
1032 4575
3050 1835
4324 287
1994 3857
1060 2678
224 4946
2051 1357
2351 2072
699 711
524 1270
118 2657
3593 3411
1733 2144
3830 695
401 1802
3086 2112
2835 2706
1505 490
4477 3301
3065 4772
766 53
3869 2075
3258 187
1121 623
3154 3211
4646 4370
1892 4307
3017 744
4481 2908
2636 4680
1550 2096
936 3646
4516 4092
4933 1027
4425 1677
4047 637
4433 4657
1442 1037
426 1678
4593 3146
4109 391
3578 4035
1578 1859
1072 393
4257 1492
3347 1031
3395 2624
4510 2209
1787 3662
3756 594
3715 2213
379 3016
4216 4972
4033 2100
4833 1292
1024 530
470 1542
3913 3978
2992 516
4262 3166
4559 4211
2629 4052
659 1167
2489 2445
4344 3114
949 3034
3175 1060
3017 1333
3801 406
1137 4800
1874 4875
91 4279
3853 1190
1930 1977
4641 3309
54 734
4225 3660
3046 4684
937 3593
335 713
2153 4426
4603 4388
1349 918
2947 806
3790 811
2456 3731
612 3738
2237 2012
1234 599
4206 2389
3245 4150
1509 3416
1204 3789
689 4333
3796 3607
3837 2965
4900 1693
2131 964
621 1638
4559 2690
301 3645
1760 1881
4362 747
1237 2625
3118 4888
649 1883
4333 11
2089 1332
2719 4427
3720 4259
3813 3163
3400 4331
619 2065
1948 3818
4017 3519
2875 4620
116 4714
4006 1764
1203 2658
3512 388
1438 4944
4347 3646
4205 33
3439 198
1935 906
1257 3998
3262 4815
3373 2005
3073 3871
2601 3321
4777 1975
1420 2386
1893 1068
4783 3290
2913 3177
4079 4867
1641 985
457 1083
4202 3855
3307 224
4815 582
3384 4195
1015 150
1651 27
294 4971
4242 1975
4690 4317
3177 905
3083 2575
3130 500
588 2157
54 4684
993 1899
2280 2421
3898 3419
3430 1539
962 3576
4708 4114
2192 2202
2931 4002
2286 679
3979 998
58 2906
4848 758
1495 1410
2525 2134
1569 298
1758 79
4786 1195
1358 3841
1640 1741
2912 3714
1235 4298
3141 1585
684 613
403 2187
2549 4291
3425 1057
885 4076
4676 3476
1272 4674
4496 2641
4814 2660
1773 50
2474 539
2793 175
587 3822
261 3057
2648 862
3987 4806
1583 421
3689 2896
1374 46
1630 2305
4156 1145
552 3208
301 230
951 715
945 3573
2094 1328
1256 4715
22 3424
1886 136
3296 1799
4275 3003
3632 1273
1229 3700
2951 3890
20 1140
2595 1973
3518 3640
1617 4690
1617 3382
3470 4049
2341 4978
4961 536
2450 1108
10 1857
1315 3026
1488 2788
1386 512
786 1451
2198 4330
4424 2474
1893 165
1523 4879
1454 4273
1828 2780
28 2606
2731 1602
33 3833
4518 2731
3255 2652
1159 4330
4146 4893
165 1523
935 886
2437 74
2150 3134
4902 3659
3177 3246
1759 2851
4937 3210
1659 3487
1688 399
1032 1579
363 400
4522 2572
4506 4883
865 4034
89 3953
705 1811
3940 1734
2429 2966
369 1855
1133 4054
1274 4905
1367 3460
158 4120
2747 2967
644 4241
209 3284
3206 2574
879 1252
3158 475
4635 3614
3246 128
1505 2791
2513 719
4431 1603
978 918
2090 4476
117 1569
452 202
4907 997
3028 3314
667 3984
4690 4854
1855 3540
1807 2336
1073 4690
3509 4042
999 907
3609 430
4332 2388
56 560
86 2022
3556 1599
2455 1655
3840 300
941 1130
3628 2970
1951 1867
2351 152
2001 4032
4771 2468
2629 1502
1216 4022
4645 2066
1218 1364
4987 3010
418 2048
162 2619
4892 1238
3588 4749
4134 218
2161 4392
3917 2553
2687 2934
3766 1380
48 1096
1495 3151
816 2689
543 346
3211 4574
3600 4482
3335 820
2721 3769
4595 4494
2323 1062
4569 1715
1283 4520
487 3950
4733 2330
2313 970
3339 669
3904 301
586 1639
3723 3723
513 1625
2333 1161
2636 3737
3225 4419
4997 3810
4896 2484
1549 1347
489 539
4228 1754
3608 4995
3141 2715
1225 3257
4983 1255
4998 3051
1169 1456
1476 279
3050 1290
1802 3343
2904 3259
2604 2565
4407 2877
1133 554
2955 2346
453 1206
4715 1390
4440 890
361 4872
782 1660
1968 484
3889 3315
28 213
689 2925
4112 4442
4649 2636
1661 171
594 4582
1545 468
1308 2421
109 784
4793 2874
1609 2149
3192 2397
3392 2056
1790 2178
2755 1715
1945 2223
1441 2250
3599 1968
2580 735
303 2321
2470 4615
2567 1673
4387 1277
2207 2959
3459 282
838 7
3602 2601
1047 2567
326 4606
1330 1296
3494 533
555 3576
4510 325
3641 3092
3447 4804
2498 1882
2687 4940
4415 3569
790 4912
3099 4427
1285 4251
2674 3173
167 3475
243 4049
1481 3393
29 3307
2063 359
162 2674
3996 4353
4548 595
1783 214
4227 72
3174 3215
4080 4509
789 3159
3180 4126
1475 3910
2490 4845
4560 3703
2002 3093
2842 3748
665 2582
4641 4344
3860 1674
1725 3216
4335 383
448 2372
572 738
2516 3618
1385 3373
4220 129
150 3993
435 1040
1779 214
276 4744
2062 470
3662 4859
1263 3191
4263 4520
4761 1229
2104 921
4961 3317
1890 3909
1532 1002
4222 3042
2863 2335
433 2639
1195 2454
3358 2710
1382 4028
1077 4181
3251 3805
955 2144
550 586
1039 3455
449 4378
2990 398
4704 558
3978 2304
811 3563
922 693
2846 2126
2798 2035
3803 2535
2632 4740
2584 4332
4189 1240
1726 2158
4877 2765
1659 3297
4803 1890
3833 1602
4588 509
2266 1257
2696 1092
2519 2967
3788 997
2394 4416
491 1822
1182 3917
3808 4391
1236 2716
1580 3637
4665 1107
2536 3418
2324 2802
1156 2016
4888 3978
2822 1739
4248 3826
1403 3996
223 4397
1058 1418
709 1057
669 1620
1513 1527
3693 2778
142 1342
1129 2156
4297 1103
2568 4201
628 4667
4936 4691
2728 1728
4555 3851
210 1545
3001 2826
4047 4100
2428 3268
3797 3030
2825 2107
4261 4127
1769 1742
2088 1899
2764 3095
3743 3808
2254 1915
4718 1041
220 542
4089 2150
4282 1283
1544 489
1332 1294
3984 1147
2422 3142
4762 327
1793 239
1225 2021
3550 420
4466 8
797 3160
3143 1995
1952 166
3760 4154
3010 2470
546 1232
1652 3675
1888 3037
859 2628
599 2560
3731 4310
675 1479
1464 2709
171 4135
3958 3655
3390 4255
4746 4252
1331 4176
4954 2646
1642 2766
2602 1463
2961 26
897 4130
2895 634
1022 2924
4347 3709
4177 4935
2735 4662
1475 3730
126 4494
2412 1560
411 2614
4516 2870
1386 3531
1429 761
866 816
3967 2276
591 534
4674 1262
952 1172
3936 3116
1256 1123
1739 1760
4725 1740
2805 1540
281 4411
2608 4868
1398 3511
1740 3971
4747 3084
3575 2572
3180 1904
4598 1782
3682 1620
1208 823
4193 2460
1248 4714
1704 160
3803 2671
1309 4840
2398 2643
3185 4574
746 182
4251 2994
3127 3527
788 1850
2160 2176
2615 3694
3612 3764
3298 3154
3918 4532
2725 1977
1151 2068
3250 2435
2052 2920
162 4081
2406 744
3393 516
152 3990
3004 2503
3990 4963
3485 1546
2385 4683
86 1892
4507 4411
3632 1009
4153 4059
229 4222
3258 1662
4002 3310
4635 4392
352 4622
4373 3235
1303 1808
3768 4365
1406 710
3638 293
3585 1798
1615 1252
4684 1056
986 1645
2953 1186
3984 1335
2493 782
3752 2229
1859 4492
3949 3703
2269 1258
3811 3297
881 3192
1783 3441
1702 789
1959 3870
4737 4805
3764 1694
234 1934
843 1931
4216 658
4073 4945
3603 4859
1260 570
3251 306
4443 918
592 4042
3461 2522
2343 2024
3556 4022
3106 444
2068 2147
3755 3542
3460 2034
3014 2888
87 2797
1906 2877
4029 615
256 320
745 375
1931 3254
4000 4550
269 2064
2975 3590
1937 3040
65 124
3712 4820
3127 715
919 1767
2732 2305
1758 4085
2584 3155
3178 3963
2628 1602
589 3904
1534 1729
4277 2755
2626 1268
1960 700
955 1642
1003 754
2903 2178
3341 1001
4976 4652
276 3209
3076 3450
3682 483
1058 1715
1139 2620
352 509
1671 3085
1846 4449
296 3606
3388 3581
2308 2675
1949 3830
299 3453
1827 333
1506 882
4041 1473
458 3731
1234 4073
131 1331
2203 4850
2928 2080
2613 4472
1979 2029
2561 4267
470 4534
4000 3453
892 546
4430 803
3802 500
4583 915
3188 867
4804 4560
371 4856
4159 1142
1610 2406
1994 987
234 317
3692 3313
3780 2975
3470 13
694 64
4356 3773
1615 4520
818 1174
1906 2918
3264 1354
2741 3565
270 1233
1155 4191
4329 1663
2548 1669
4836 3480
2055 1557
2979 2985
2894 4735
947 4675
2586 1958
302 2513
325 3774
669 4899
1614 2014
2242 823
2449 1040
1743 3573
4910 4535
1363 3032
282 1101
2730 2251
342 2763
3945 4045
2036 2983
3061 350
2945 1528
4416 246
1482 2291
2729 2102
3382 4828
2717 3581
1477 2236
4324 450
2384 1099
329 3491
3118 851
1332 1037
4727 4115
4334 4287
4982 713
2518 4830
859 59
3499 746
3044 912
4720 2514
3897 876
2255 1312
638 1643
3205 2471
3946 905
3864 2214
1501 3177
491 164
502 4028
3604 1386
1007 4903
4348 4024
3021 2141
647 360
2832 1442
2483 1788
464 4919
3118 4756
2340 1216
996 4843
1379 2958
601 4674
3318 2138
1938 325
2031 4113
4662 2118
2994 2061
983 4449
95 761
4327 207
3266 1511
2242 4594
1466 2607
1146 2213
4542 2422
420 4705
4634 3435
285 772
750 3031
2644 638
1535 3912
3975 4173
3643 3493
2906 3758
265 1815
2089 1683
957 4172
2499 3756
1220 1241
1248 3725
2074 3344
1732 3526
4256 4686
2418 4553
3186 4392
4503 1040
1951 3553
1482 2529
1767 4783
3043 4112
1950 4885
4012 3619
959 2503
3713 2245
1705 193
1548 4441
3659 3327
1680 4206
4276 3908
1239 666
3253 2379
3224 3833
2204 3948
385 1428
3636 2939
4584 4271
3320 588
4319 2165
3523 4041
963 2085
3374 4055
173 907
2693 4383
27 2745
2336 403
987 4001
1860 1423
867 1896
1967 1471
851 3560
557 874
4438 3586
3027 2840
1739 1438
4630 1732
2538 736
696 2163
4433 4537
2302 3973
4103 1572
2262 146
4085 2229
4912 2332
2220 4313
4963 3705
507 2911
2568 1195
2695 3174
1196 3897
2089 2583
2692 1555
4459 322
3491 2337
1442 175
1 396
558 847
2764 3662
2465 588
1582 733
2311 1185
1467 2946
36 1777
3415 4668
2906 1019
1292 1063
3521 1889
1086 983
1543 2852
4439 4439
3187 4679
4288 2246
1366 2187
4925 340
1316 4468
1730 2530
609 4626
2504 2349
883 2879
795 1653
4284 144
309 4060
1500 255
4439 2145
2992 3483
2111 1455
3037 3242
2044 3584
2701 4488
3005 4838
3052 510
2959 1946
1454 4408
1824 2844
4982 393
4395 4994
1568 4485
2834 892
4539 2492
2980 901
3355 2353
4923 2921
124 2984
4190 4030
1202 1093
4428 3775
2979 1516
1605 4885
2970 1454
95 2128
4140 2716
3776 4140
3490 2147
2743 3602
1431 4097
2678 2523
4654 1318
4171 3565
3451 4542
1931 3114
4421 25
4886 3430
1908 250
3111 2039
2728 857
2275 1709
2707 1594
2309 3150
876 4237
3414 2019
2326 4786
2247 1545
1984 3970
3647 4760
82 4369
3523 4386
588 4857
2475 547
881 4346
993 4905
1294 1896
1958 1235
492 167
2975 4232
498 2650
3803 3524
4523 3953
2502 2844
2840 1656
2267 3957
1446 190
4092 2218
273 4504
4091 710
1243 4895
4122 1054
2278 853
40 1831
3354 674
1563 635
2157 3518
1288 3787
837 4205
4859 801
1169 276
4879 3195
2870 1868
2560 1518
3119 1539
1750 4579
4256 1239
1544 220
1179 1719
1056 2751
1076 2273
3920 1644
3168 2771
3391 3887
3206 2424
888 29
3701 4271
4866 4764
4725 3255
1215 2393
3305 3316
4344 3577
1538 4404
4062 1784
809 204
2797 2772
881 2254
1027 2570
4283 514
4140 455
2859 3059
3790 4479
2502 3928
3216 891
2027 1975
1023 3916
2632 206
1499 4516
3246 2968
1531 4846
146 4953
1578 259
2328 1834
2228 2949
1910 2044
4102 3709
757 1507
3478 1616
2773 1825
4915 4355
1288 302
1683 751
1517 3852
3837 4234
4809 3140
1213 2798
4644 2671
1633 3009
4793 4266
4451 1403
3497 2111
2985 1170
2656 2335
3482 1843
3186 354
3397 2107
1448 3524
1020 3925
1598 1899
1998 1874
3884 4634
3986 3176
3185 3220
3979 2399
1389 3468
308 2779
3974 1807
3240 4781
4002 1747
1181 3046
418 1788
4320 4396
1935 1856
1699 2490
3168 2187
458 2470
830 2998
2396 1037
2603 337
1419 4788
283 2141
526 1777
2344 381
4467 4115
3702 4216
206 4288
30 4120
1759 2797
4963 1829
1610 446
1744 1539
3462 1151
3344 1465
3073 2486
3508 1050
76 1660
3513 1126
3053 2056
1505 135
706 3492
386 4774
1247 3718
4886 4005
3940 4295
231 3011
2442 4593
1578 3631
4806 4939
756 1426
496 2042
1275 338
3037 1316
1139 2828
4516 1850
1553 4436
195 2087
2872 3212
3715 4973
4290 3959
530 797
1037 306
1231 4777
3498 3900
2789 883
2063 1527
3267 3080
3396 1697
2180 841
4278 2736
2289 528
2663 2675
2278 3172
3808 4901
3146 4289
1918 221
2349 4482
3630 2077
4735 2519
107 3417
3025 95
1474 2264
3416 2634
4919 2452
1974 1800
2225 185
1555 1244
4980 3390
4209 3716
221 516
4249 4746
1147 651
3730 3534
1280 4377
4113 2172
3282 861
1964 1119
399 3120
1051 3337
4082 503
1908 2136
2660 3635
2060 809
3906 1126
1539 2664
1696 2890
3284 2322
500 2653
288 4525
584 787
2414 3639
3837 1962
3882 4682
317 4031
2286 176
30 666
4896 833
511 4524
885 4258
4529 1527
4361 1376
3141 3729
4035 307
3047 3509
2085 4306
477 609
941 2547
2582 374
3147 3971
10 1132
1110 3253
3528 4900
3994 2060
1529 2436
1910 4582
4447 2015
674 2018
4483 3828
4929 219
3747 668
4333 3392
4422 3482
2912 4426
4507 4059
3753 3754
4692 3269
996 3081
2054 225
4457 4597
4744 2609
1302 2518
2324 3602
1321 1830
385 3213
4367 787
1032 518
1644 3930
602 370
229 2540
3344 4165
2789 501
3661 322
742 1836
1029 4732
856 4430
1927 807
949 3429
3313 247
1267 1724
844 6
839 498
4131 3663
3124 4194
870 1981
3033 4405
301 4767
2096 3135
339 4986
3925 2397
1663 4054
759 1458
2073 2825
3145 4865
4188 1212
1397 4561
2716 1848
2805 4472
471 3226
4109 1120
1047 3317
4134 743
3549 4872
2279 1738
3306 3091
4267 3817
1009 2882
3077 2069
2964 189
1793 2659
280 1865
800 901
1731 4586
999 732
320 667
1528 1670
306 2335
2846 4512
3512 3126
2358 3693
3133 969
4365 1293
4952 1835
3544 1790
3655 3797
2730 2610
1921 2210
511 2837
2226 3310
771 3243
430 4659
1160 4375
3490 1655
3112 4021
4082 3286
4801 1989
534 4309
2131 943
197 2513
1819 4450
247 431
413 3205
1535 1840
2958 1103
744 349
2792 2004
237 4649
4968 412
4032 3509
3762 1851
694 1110
2989 1349
3052 4657
2721 3804
2356 2316
1358 1005
3756 2977
4940 1898
2008 2275
3377 491
3671 3939
3262 2959
2308 1595
1343 157
2393 4094
3225 1462
2830 4310
4257 1719
1031 4009
3828 1398
1575 1320
2296 4961
1723 916
1431 4669
1344 1857
1912 376
3094 1316
6 11
3135 708
2574 4548
3204 1184
4265 1245
2116 1622
815 2498
3813 2269
4582 1326
2915 4628
3833 2546
1691 88
3564 4718
473 2226
3126 1758
98 4218
1412 4291
3483 2623
2325 1242
3076 4032
3958 978
4440 3855
2429 4192
4111 1021
1364 4867
519 3856
3203 691
2172 945
2521 8
1390 3404
47 4520
1818 4116
395 4676
1637 4561
4646 2997
4599 385
89 1563
4077 2141
1078 3773
3075 3166
2690 2900
3917 512
3919 250
1638 1564
3133 1337
4731 4110
3673 771
4739 3328
4318 39
3519 4910
3456 4857
2770 81
2490 1974
1085 3096
4749 324
604 1935
925 101
3086 742
599 2367
3982 1351
4027 2456
3194 4040
897 315
646 4384
4856 3065
4986 3928
3367 3245
2038 1645
1806 391
4847 2254
805 2061
257 4583
61 3303
4622 2693
2654 2892
1979 1664
4178 2795
3975 3354
557 2050
2462 1988
79 2233
1990 3582
3018 4067
1955 4392
1717 1876
1552 2897
3121 4403
2095 1345
2320 4032
4368 1204
1228 1055
4095 3386
312 4703
2637 875
4176 1826
1836 3326
3969 1657
592 3245
1017 1314
1207 435
4354 4341
109 887
893 3322
114 1563
1950 4892
4390 276
3640 529
853 3230
84 825
3104 357
1851 225
2756 3103
3242 3779
730 4061
1160 934
2288 1722
3485 3044
4992 514
862 2849
2544 2020
3549 2475
4438 4571
1256 420
485 2165
4219 4567
3101 1289
1711 2717
752 2501
607 4698
3782 3377
373 2064
2926 425
4887 4965
3887 4420
1046 1952
1275 2931
1659 3044
4579 209
4546 3040
4877 788
4244 3058
1915 2757
2822 2699
2745 3050
4503 335
279 3375
408 2124
981 2688
1659 2249
1452 3631
4394 623
1606 3446
4527 3562
3845 2503
271 4145
4186 2083
1769 366
3447 1795
1866 1587
4553 1024
1407 194
1943 2640
2800 1867
2493 4833
3825 2172
1008 2453
2443 4501
3327 3566
2552 2261
2434 4278
4858 1314
3194 3365
792 4115
4477 2747
4710 2997
4096 410
884 3224
1992 2814
2986 231
4259 2337
3212 3941
3051 674
2305 1111
2835 1758
4468 3413
474 532
4723 715
3181 2158
901 3078
3070 848
2455 4423
564 2090
3254 4403
1198 3215
1322 2915
911 3133
117 3189
2157 2370
1359 3753
639 1144
2728 1317
317 3698
2185 1185
2785 3340
412 677
950 3037
4539 1175
578 2056
1333 4732
4678 4702
50 2974
447 3432
2854 839
1164 474
3808 4016
843 4372
1149 4333
2990 396
2324 581
4340 886
2616 1253
2910 4399
4307 1353
2911 3468
770 3625
114 1938
2721 1627
2696 3075
2085 3263
4304 3889
3712 4609
1597 209
1894 4496
742 678
2741 4990
4744 711
2451 2523
2816 111
2174 2574
76 317
332 2500
993 1288
2143 2431
660 4888
57 2361
29 2183
3618 1011
1709 1794
2071 3527
4237 2957
3318 4965
1423 2845
3926 2186
1501 1184
1838 3883
2575 2931
4699 4254
1309 93
963 1978
4477 3285
2238 2839
3931 1030
4860 3383
4165 2445
3717 1502
3764 2309
3796 3989
2874 2813
3728 430
1882 3264
876 1544
2490 3943
844 2351
2033 197
3047 1319
743 2286
706 556
279 4676
3750 3888
1850 2564
4587 471
1167 2329
1247 1922
2269 918
4674 4062
4093 4731
681 1813
4892 2529
2770 615
1105 4407
2290 756
3072 4186
4400 4762
2635 3595
3911 4222
3484 4317
663 1085
2708 3876
2644 898
1663 2572
152 2527
3472 1545
1363 4281
2109 3535
557 1080
4756 3015
4456 2403
1514 3272
2249 1587
4498 1894
3300 1845
1359 3654
2401 3589
2141 2251
1242 2498
3140 2891
2404 4199
4296 4484
4957 1926
2528 2168
1240 4089
2149 2625
4841 2992
426 2094
3275 2377
4520 4996
3649 1830
567 932
284 1868
1088 1467
608 2735
2231 2086
1232 4147
3999 2013
3935 4229
3775 1767
1726 1121
1473 4792
2881 2106
3003 3126
2677 1718
4676 4887
4406 2450
3870 635
2348 329
2394 3629
1698 295
96 3070
2258 1389
4798 2756
2468 4167
3418 4524
886 2574
1409 4547
4938 1638
4104 4672
2964 3902
4053 850
1899 750
2250 2374
3461 1835
206 2210
1475 3696
1394 2510
2294 4459
3862 2320
4843 1465
4901 1242
237 195
3511 2929
1357 4548
3153 1644
1800 4988
4786 4156
1617 166
4238 4246
2188 2281
2898 2176
2153 1250
2267 4427
2547 1854
4927 3341
570 4142
4546 3976
4657 3275
957 1304
4745 3915
4614 3722
4075 1298
1168 4666
1420 3233
1740 1173
1436 3481
3281 4800
138 342
3510 2580
4992 4620
3625 1429
2806 4869
3010 1663
1712 4374
4209 4539
4593 2946
3971 4018
3477 1688
1608 2309
4789 2629
4314 4315
1313 2691
3679 3265
829 744
3379 1865
2535 3815
1012 4533
90 3313
1912 4
1754 4911
1887 3430
4218 913
1590 1241
773 2003
2271 1079
4652 902
4894 1104
4067 4723
3804 1972
775 416
4159 2402
3196 493
3375 1477
839 4604
4539 2991
4004 4625
4010 2092
1931 671
261 4759
4972 401
2959 417
2180 1488
1855 174
2625 4628
3493 2582
2203 3344
290 815
3107 3243
3447 3838
282 1687
1460 1123
3583 2883
4282 4075
1331 3933
922 1161
216 52
895 2200
132 2163
4981 707
4875 961
2765 3326
891 4299
773 4002
4657 4372
3082 627
3411 4500
2745 4473
2093 2419
4850 4635
2685 4646
2988 3668
810 220
16 1909
828 3847
4860 3390
4660 1093
213 2106
4659 530
1705 1763
2641 165
2956 1089
1063 178
251 1696
3485 4216
4175 4983
1219 2539
3292 1767
4911 4273
3237 4073
4793 2260
2596 3804
4179 3062
212 2522
3242 4933
3098 2120
2029 4387
1549 1797
3211 172
862 4702
2924 57
4182 4226
19 2536
1195 2665
3739 1422
4796 4862
1991 2767
1214 571
755 3216
2044 3093
1414 1966
2589 423
4148 1725
227 1683
4196 3103
1061 1066
3897 3144
3355 4723
4876 1367
4349 1421
3717 355
140 1795
4 2129
4611 565
969 2834
2568 4791
4642 2699
843 1673
1385 2833
3892 1661
1514 2674
4510 3984
4715 2584
2304 1866
256 3128
1635 1104
464 1931
3047 2550
4797 4876
761 3722
220 1382
2947 4770
745 923
1194 4935
2416 859
3242 2814
1455 2791
3710 671
4667 3276
4800 886
2472 1507
3576 679
2998 4280
1369 4749
2426 3901
4918 2463
3691 2509
3383 1151
439 4086
2170 1519
4455 3846
1647 2613
973 957
2271 1214
838 4941
756 936
2898 4840
3458 862
956 147
2501 1166
943 1330
3120 1434
3521 3899
4265 220
1063 1901
1270 3558
1439 2513
4206 1301
2707 553
4409 2578
4416 2510
467 3085
1528 986
2442 3051
3831 1162
1230 205
1535 3807
4727 20
1894 1092
4356 3235
839 3189
1123 543
3728 2125
3661 4264
2528 794
1589 1505
2638 1716
193 464
1806 646
999 3422
3245 4026
3947 1102
4300 283
4425 2503
4597 4347
450 3788
3356 4028
736 2587
1386 4507
1643 2195
3184 2868
3585 4878
4246 2891
4306 3011
3738 3222
3373 2611
218 63
4372 1356
3618 3577
2957 3277
2634 271
1652 95
2818 344
3861 1526
3650 3410
325 4032
3078 4010
1918 2819
851 4694
620 184
1951 383
3987 4852
808 1917
1449 780
3857 3703
3222 3154
521 476
1228 3042
110 3975
3449 1366
1832 2931
4340 4378
4219 2225
3070 2819
1627 280
535 2179
805 977
3236 3117
4289 1176
232 1213
3222 97
1723 2639
1776 1314
3451 4045
313 3322
1996 125
4971 4466
4840 825
1040 748
629 2651
2511 2951
3974 4903
599 225
1887 3614
369 1149
3214 3075
84 1681
4375 1264
4167 4501
4210 1141
2311 1306
4611 4576
2880 446
4425 4098
1583 4783
2302 93
4941 1938
991 4442
1137 4685
4607 104
4271 4090
3591 202
731 489
275 4644
3615 543
2855 3962
2467 3142
1510 502
4597 4012
237 3446
3412 2309
1337 1511
3157 2641
1964 3992
4933 3818
388 836
2843 3346
1574 522
3769 1771
2211 597
859 1709
896 60
3416 3966
4229 3478
1491 4358
1749 4238
3747 4963
2544 4162
867 724
3418 3803
1181 4927
3185 657
2310 4993
3374 2334
587 4179
1226 284
2288 2453
2855 1078
2559 3306
366 3302
2005 2242
1234 588
2028 1923
4858 4802
2051 2403
4902 3540
4019 2366
2026 3183
2924 582
156 3678
4378 206
3110 4269
2527 2082
1886 527
2199 1977
2648 1937
1625 3379
1967 3391
2802 1828
29 2192
667 2088
3004 909
897 3342
3668 995
635 3744
2472 206
2952 2648
4766 478
635 411
799 3232
1517 4588
573 3003
4804 1269
3388 169
2817 3043
2859 4993
4158 1110
1523 1913
3094 2002
3314 298
3521 3822
581 3418
3745 2140
1281 2239
142 2248
3458 1443
4293 2143
4088 1850
3794 58
167 4658
15 264
2243 447
4501 3620
1797 132
625 4585
47 3094
1837 4313
680 435
2766 2478
1109 3600
1337 2511
3842 3743
1658 4764
3888 1285
3874 4475
2668 2111
2865 4241
801 4517
428 1870
1664 3773
1137 2158
4015 986
3678 413
3031 3106
3021 664
3522 3717
4230 2516
3784 729
1216 1985
1479 3939
3857 2020
297 1353
2958 3672
4484 1432
2898 166
4549 3377
3 2506
2192 3291
1212 1101
95 2515
3342 1052
3957 4942
704 2636
1986 392
1706 2048
1213 2866
3229 364
4103 2199
440 1409
1179 2912
4384 856
2828 600
3905 1020
131 4481
2574 4303
74 4045
562 1994
880 578
2921 899
3199 3766
3728 1243
3545 3304
4089 1335
2848 2307
24 2190
3005 2979
767 145
1190 439
3601 719
4025 2152
3513 4035
4209 58
2808 4032
351 3537
714 3118
1769 3540
4663 4835
2856 3243
4497 4504
2644 3309
4536 1658
804 3068
3279 2521
53 2221
1563 3064
823 3487
1631 1287
1369 2639
937 4840
4649 319
1680 4651
4969 1433
3996 4634
1112 192
4821 2536
2330 4554
1254 2633
3363 3255
4716 3406
2380 2986
770 497
4370 3872
1247 4876
3721 4722
1108 3440
4105 2677
67 147
2169 4367
3622 3353
2282 3761
2823 2186
535 3793
2418 2283
2858 424
55 2452
3941 956
1640 1647
2865 1440
14 1245
2523 872
1929 2793
989 301
2133 1116
3628 733
4511 3616
4101 4660
209 4463
4120 4761
3703 1266
2700 3525
2837 2756
1785 3306
4783 2797
4863 2924
3321 4508
1277 2182
3350 2609
3323 993
1096 371
508 4412
3388 3212
1178 2488
1497 4013
3663 1316
3063 3639
1952 1298
3978 2312
1117 4504
2285 1229
141 1057
849 1557
4692 2236
632 4050
1810 4601
3859 1281
2291 2466
2513 720
2910 4354
2083 4445
4878 4635
3571 3289
2033 4274
2564 615
733 2251
425 2441
3353 2472
3698 3439
2155 4013
1721 654
4646 4451
3116 764
4364 2850
4418 539
150 774
4876 130
4415 1255
3974 3796
1445 4083
297 1801
749 221
4038 1079
942 2523
4380 468
464 869
1487 432
598 1923
3512 2432
1019 2475
3412 956
107 84
4140 1479
1681 1851
4147 519
1752 4765
2782 4980
3758 4855
2405 2912
2960 199
2606 4807
636 2449
2648 2866
2545 604
2931 1598
1164 3434
4902 1841
574 3967
3884 3677
4008 4036
331 3930
4413 4662
975 2471
4110 4495
1363 2154
1324 2401
3017 4055
2914 4031
3099 2256
4359 3082
2819 2475
3838 2138
101 605
848 2450
2303 1390
1773 3473
2504 3809
4238 302
65 3563
4470 344
460 4569
1836 4022
1686 2189
4546 3309
3564 1529
2872 2936
2872 1276
3742 2780
3923 607
2668 746
1790 2324
160 2346
4213 3579
3083 3526
1663 3147
4894 4263
2975 3949
4351 4525
1895 4835
2205 4265
2458 3550
3723 3712
2043 3028
3475 4018
2006 4613
4685 572
2731 2539
3184 9
3225 1796
2564 4810
1977 4649
587 377
757 3659
1904 61
4779 3007
752 933
3084 3726
523 1206
482 3585
1110 1495
1918 3249
3881 4528
4345 2182
1868 3480
4488 1121
2425 908
3634 4081
2866 3841
1017 3678
2578 1113
1038 4947
2104 4968
1488 468
1049 4704
4504 3250
4148 1433
4840 740
3441 2551
4235 1765
1123 4981
1953 1157
355 4167
2598 4924
1883 4250
1292 3570
1282 4509
440 301
827 1455
1571 933
1274 2633
2487 1272
3348 647
2768 2906
520 1756
3271 3214
4821 3689
4727 318
3049 1208
1352 3485
3467 3455
3924 767
4845 1152
2377 321
3557 2134
1181 4561
124 1569
3227 2650
2931 1058
1142 174
451 373
787 4835
2508 3104
3849 3854
2970 4628
206 2669
876 304
2189 3556
2130 4076
78 787
2065 2146
84 1762
3042 836
4699 726
3323 2576
2729 1943
2909 319
433 4385
4441 940
552 1929
4317 2112
55 3357
646 186
3678 5000
2562 2597
1380 4415
3830 2264
3911 3357
539 3039
484 372
4073 3885
256 923
3973 4319
1310 3308
1898 4364
2978 3617
3040 3107
2855 4689
3080 3754
3321 820
2766 470
620 4842
2710 3939
3739 3481
1819 2343
4989 2376
3767 3304
130 278
2105 3471
193 2548
4257 2171
2371 3147
2988 4335
4697 1481
3799 3939
3361 4733
4248 1819
4230 2323
135 2363
250 2276
2882 1276
1158 631
4109 1500
4964 951
4453 2440
1552 1257
3822 2104
3531 4472
2406 2730
1032 4001
4217 3996
1199 2864
3109 2044
4306 57
3182 1055
869 4760
3828 932
4113 1211
4020 1802
1246 2479
1539 300
2583 3654
2352 761
4461 2125
2795 687
1226 4092
163 3090
3962 4307
3146 154
4932 3943
1447 628
3726 2997
4591 1404
3039 693
523 2119
1685 3237
1815 1139
4595 3849
234 2146
3385 2384
2173 1976
622 4331
1289 1248
36 4897
3401 1195
2709 4703
1398 3523
2018 125
2023 4279
1256 1809
4164 3575
983 4095
2977 4678
3699 3329
4984 2241
869 3010
4019 3555
1482 1306
3348 4944
4430 4905
1925 3544
1671 1548
2203 4612
4373 62
2216 102
1540 4932
582 4116
195 402
2969 3399
687 2297
1444 106
1768 2982
239 2965
869 2146
2758 1845
605 947
3267 3908
4138 2344
256 3750
2348 4275
2594 4739
2885 3998
1332 4350
3623 405
915 3840
4434 1355
3866 487
3566 4742
3060 4766
4053 375
41 3197
3114 764
4573 1729
2948 3598
1391 469
2150 2511
713 2522
3073 648
2452 1182
1899 1543
217 2854
1061 4987
1481 278
3860 1822
3258 4950
1619 4558
550 4542
4123 3819
507 60
4115 2750
2171 1709
4941 2644
1667 3893
1822 4054
2286 4143
4955 1194
265 2862
193 2095
3316 3403
3495 4735
863 715
922 1308
1237 1896
3731 4441
1644 3088
4300 3778
2504 2159
777 2804
3512 656
1938 896
1847 2244
2995 96
2451 2012
1169 2376
1032 117
1580 856
2399 2458
3457 3491
632 1418
3825 1934
4474 1867
4092 4815
4905 4636
2328 1175
4851 1628
2784 3891
3229 2503
4797 2050
1725 461
1586 4697
3274 2320
218 2273
3662 3840
4559 4851
4556 1019
1195 419
2449 1498
6 1586
1503 1281
4116 477
3520 2507
1750 1381
1680 3833
2668 2812
2624 2860
2756 1134
4167 3058
2877 2774
3219 3145
397 4941
1184 4450
297 372
2460 3495
3567 2237
539 636
4106 4642
3022 200
452 3595
1493 3464
3708 2540
4521 4300
4308 3464
1389 2272
3566 453
658 1336
1089 4182
2288 429
1321 4767
3094 2497
3724 2035
323 4799
347 1439
2740 74
3890 42
1978 4688
809 3847
2282 448
1123 504
160 2315
575 373
3033 2053
4626 1304
386 2200
1051 1578
37 3171
2662 3837
2803 598
953 3840
3935 2487
4951 1793
539 2494
4158 2946
2180 97
1426 4117
1111 2926
3481 2706
2781 918
920 2615
479 3242
4253 95
537 3944
1360 539
2376 3930
313 3005
1410 2697
4112 993
4885 3003
4426 332
4637 3095
3530 2799
3434 544
4901 295
1486 1802
1706 4132
4489 1792
4144 940
3350 1404
4130 3224
1737 1921
2468 2713
4956 1852
1834 3182
1602 4727
1308 1283
813 3560
2953 768
1608 4098
66 4897
778 1043
4482 3888
4808 900
1623 3085
4478 3190
1934 1293
2943 2998
206 3098
2792 3307
4736 3117
207 1444
1915 3733
4929 4274
3075 604
3358 4715
3951 4507
1616 3919
2394 412
4734 1351
4866 633
428 2082
2777 2509
728 2475
2261 4362
4014 2908
4381 3588
3895 1688
3671 12
2551 1124
4365 2762
3211 4736
4591 557
2326 4260
2422 2848
3168 1682
1806 2859
2661 4812
4466 1388
3986 1727
1575 2405
670 848
404 210
323 483
4360 1138
2103 2106
3265 2178
3616 3141
2725 4751
1971 1305
2747 792
2207 1972
4356 998
2290 3732
3818 3120
2858 3796
494 2112
106 494
2504 4602
4518 1364
2468 4554
3207 2588
2071 3700
312 3893
1006 4520
3177 1532
202 711
2390 2989
4366 2769
3040 2325
1723 1531
4924 1367
3106 832
1285 80
3906 4892
4390 686
716 3291
3711 566
2695 1047
3123 1256
1230 4560
3482 2257
1851 4313
3335 38
2388 2896
1120 3802
1455 1114
2555 4269
641 3676
457 2648
515 419
1764 2189
2079 2564
1132 2072
3903 4317
840 3570
1670 4573
2147 4616
3744 4518
1921 836
1559 1005
862 2791
3224 4374
4094 4234
2125 1451
1575 412
4995 4273
34 2898
3402 628
2047 2645
3907 4537
2837 2529
4846 4878
2543 2335
4509 2873
2280 2417
1591 3311
1916 393
2827 1657
962 134
3322 185
569 273
1746 3774
3254 1753
3599 3180
533 1186
2930 2893
4480 2261
4064 1581
4368 787
1576 952
3242 2691
2995 947
3759 2500
1403 80
3246 234
3380 165
1699 3791
1813 3569
2490 420
3997 4392
1138 1482
1618 1514
827 614
2414 3277
3121 764
1525 2054
3657 2780
3866 3031
2978 3314
3883 1713
1864 901
2420 4925
4828 2070
2199 3869
4232 4834
3216 643
3880 3392
314 891
4459 4907
2783 85
4719 1663
4544 529
1439 12
726 3148
2398 2213
1520 2856
4162 1513
3417 2508
206 637
1949 32
367 4799
3099 871
4372 80
3075 1654
374 2550
44 2397
4840 2269
589 1507
416 144
210 1805
4139 2033
2884 1261
3424 2781
1556 1778
3899 412
1355 4313
792 4402
4149 1703
2088 1976
3046 2058
4206 3033
2214 865
4939 3639
212 3280
4607 483
3414 3181
3944 2348
46 4553
2990 278
195 2968
1037 3958
1527 203
3166 3380
409 88
989 3687
3193 3539
290 2075
49 1280
367 2932
317 4675
4422 1011
720 2653
2694 2815
3489 4528
2666 4663
4910 4647
910 842
4401 900
3646 2102
867 3150
4250 301
3794 1856
4430 2793
4132 3250
1351 4949
2606 2389
495 1483
3596 888
1396 4099
1394 2273
1721 1935
714 3533
985 3586
4290 2470
1493 4435
1967 4393
2570 2147
110 3675
2474 3063
140 3664
186 2788
1113 283
3470 2732
3303 4895
441 4466
3391 1740
915 4917
2423 1355
4965 558
4706 2044
4467 1748
1622 1726
1402 655
4109 4913
202 3359
1224 2473
707 2876
3213 2440
2231 3312
2737 1210
4132 432
2458 3794
672 346
1786 4057
527 1177
783 863
9 2064
2159 1810
4830 3931
4934 4466
1797 3685
1949 3426
3316 1040
1482 3102
3000 2045
2135 4384
487 1260
1633 163
1775 4454
602 2110
2897 487
885 3481
1406 2633
649 3381
2962 1617
1014 2382
4046 1244
2850 2576
759 4877
3477 3116
4043 2271
3834 4029
1849 3067
26 1919
526 3009
4480 3842
3640 3210
2515 4785
1452 4858
751 1521
862 4531
2548 3490
1005 4833
3198 4039
173 2970
254 1026
571 1677
441 2325
3777 4176
1529 2521
3943 754
3650 1747
3875 2257
4750 388
867 2425
4955 693
2760 150
4084 3846
523 3861
1887 4869
4555 3068
3261 3671
4750 3163
3891 2107
1253 4352
343 2806
3528 1871
4136 4030
244 4452
1833 1467
1288 3835
4719 4788
4041 2872
3363 1173
18 115
2010 4485
528 2414
3581 1785
1433 3270
1989 2910
4939 2159
1927 1260
1816 31
4668 1739
1025 4638
665 2172
4823 1115
2935 4255
3119 4247
2421 3498
1695 1481
2340 1411
3845 745
2026 17
369 2813
3856 806
3706 1009
1707 3391
3008 3494
1675 3816
3348 1466
3635 3832
3557 47
1132 3969
4222 3202
504 266
246 694
1318 2840
590 220
7 4944
1824 1848
4509 1568
4314 57
3231 4091
883 4696
2087 3713
4751 2922
223 2143
2233 72
2052 971
2288 4691
4239 1742
2389 3252
3470 2296
314 4108
3807 2506
1677 3895
2540 1438
2507 3359
440 3524
3614 3993
4427 119
3781 4269
2424 2298
814 2513
4888 4787
1569 4779
2227 1582
3370 1289
1926 1849
4848 2479
3364 3595
3719 3608
4024 3744
763 1613
1625 3417
3138 3088
1309 3187
3635 532
1127 475
3084 3326
1036 453
1944 4113
4965 1647
2396 896
3329 113
2108 1506
1636 1587
459 4459
1102 480
84 2854
2679 3902
548 4179
858 4919
3937 1840
43 2000
3135 2215
135 2034
2677 1811
77 586
2486 4931
4544 549
4088 1947
717 4375
2610 3956
3912 2649
2135 4169
4413 1631
940 395
2172 929
4685 4466
1214 3248
315 2932
1507 1664
2154 205
3327 357
346 758
454 1885
49 3902
77 4489
1991 4732
3966 919
262 2639
372 3786
2602 3596
4103 2574
236 3542
224 2714
3146 2137
3804 3389
682 2663
2361 719
3647 2960
3814 2561
1744 1234
1943 2905
1971 3051
1605 4445
3554 1124
4757 3330
4315 4352
4448 4654
2529 390
4176 2276
1788 2451
2879 3723
4376 2373
1555 1402
4502 828
2318 3862
4977 3373
1684 3106
2242 1593
4265 2844
3660 3779
2778 2671
4200 4977
4577 685
925 3113
1762 4789
1268 4634
3740 2576
4047 3140
2264 2556
4652 3888
3446 517
141 2746
487 1067
3273 33
296 1367
4745 437
4131 1056
2769 2583
2126 2957
3956 328
4448 1945
409 263
4112 380
4616 1992
4266 4050
1805 947
3275 3033
1339 1061
486 2141
1016 995
1764 2331
3180 794
2069 1694
2873 166
2593 2997
3498 3635
3591 4778
3885 4133
3908 3958
3273 4008
3353 3887
3458 2569
905 4449
2611 2137
1039 2308
4972 1339
1023 3872
518 4329
1885 300
3991 4904
134 4974
4669 3291
42 2664
1980 3131
1903 3992
98 4531
560 654
558 841
1572 212
2814 3755
4067 2396
137 690
4673 2046
3304 469
1309 2222
1713 3325
2768 1437
4536 3387
617 1565
1683 4018
293 464
1931 491
3918 926
4013 1055
1101 4352
1521 898
1256 4302
3738 1417
3148 3331
4190 1551
4238 292
723 4082
1214 1567
2019 893
258 3772
1161 1711
1213 641
3611 1325
2259 4091
4072 3049
488 3090
216 235
4903 4947
4539 2251
369 2643
2364 1117
3646 2973
171 3501
921 3239
1386 599
4868 1056
2661 355
2405 3933
1491 2442
4308 2344
2114 3151
3542 2496
212 3221
485 4588
822 3422
1718 446
4065 2341
1985 3411
3413 199
4093 55
3322 979
762 4467
4981 1542
3188 397
4164 3691
15 3466
2947 4152
1732 1422
3716 2442
2017 2415
4764 1447
2462 787
4351 647
4762 2040
3008 3050
4120 2316
1192 1603
3420 4466
4154 1192
4190 338
4170 455
4652 3060
2732 3199
3838 3950
1939 2270
1669 1080
26 1097
2566 3745
2723 2663
1873 1332
329 65
630 3844
1807 2809
1101 1036
2270 613
131 330
1314 2362
4255 1601
1255 3743
1667 2799
2258 2112
1593 1857
1128 1532
4279 561
3114 3792
1004 1312
1922 384
4047 3023
3812 672
1096 4021
2321 653
4288 189
4745 3004
122 1455
3054 3051
506 3796
1506 4824
2820 4338
2760 3444
3966 4023
161 667
4362 1513
1425 4791
227 1385
4960 4695
58 825
2129 95
3787 3250
2346 777
4958 2086
3842 184
3979 1635
3191 4137
1267 3444
3271 1871
2969 3256
4859 4225
1438 2563
2481 3136
868 104
3420 2658
479 2202
1606 1147
151 2316
2690 2056
451 1249
2170 3569
491 2773
4401 2429
1217 3836
3969 4150
114 984
3659 2595
1950 3580
2966 1013
521 2178
1444 113
1207 2033
2554 4969
4646 1256
3195 4533
2014 385
3533 2282
4563 4116
4903 3704
660 1179
203 621
251 3347
1918 3189
2970 961
243 3298
4867 3391
2196 2017
4540 3457
1208 2623
662 1673
2404 2918
1143 4143
1372 2438
1587 1298
4326 1440
3674 489
861 5
1889 4714
2216 1463
2411 721
989 3246
3801 598
1241 478
713 441
3510 4528
4096 3275
2161 4692
4023 1189
3217 914
1489 4114
2161 1117
1485 2988
3577 3833
387 313
2301 3353
110 4200
1604 3618
544 2203
3032 2889
136 3035
3567 1797
4621 369
4625 1936
1957 1001
1894 3918
3032 1003
3763 2344
1227 1344
884 2699
2020 2808
2896 731
3506 4230
3936 554
3917 907
4314 2110
4107 954
2368 3895
1122 672
399 217
2747 1329
4009 4780
1192 967
2361 844
4930 2773
2103 365
2054 1688
1742 577
3047 1998
1248 3043
3208 4070
3869 1382
528 3259
4497 2937
2620 4291
1677 3517
4866 848
997 1295
2648 4416
586 353
4311 1373
740 3537
109 1381
4197 693
4541 893
3133 4126
2893 2581
2332 2376
3613 1129
2980 749
3805 224
346 4652
4196 205
3370 3771
4187 647
4362 3075
419 547
4883 1071
4818 2349
3247 383
1538 2979
4352 2337
2070 4648
3665 623
4800 653
3454 3847
169 1426
497 2595
4541 2711
4874 3111
4970 1270
796 3665
744 3954
4542 3574
921 622
4220 4569
3893 1727
2681 2619
1742 4871
1014 1955
1294 2147
2330 3765
3646 1134
3963 3774
2325 1664
2695 3939
3513 4589
2067 4893
2475 4091
2395 18
1122 4052
4595 3757
1898 4813
2635 3321
1022 4578
453 3710
1053 1922
1935 1148
2957 1335
4135 3371
4026 720
3277 4744
4705 2757
4350 3071
2134 1505
2993 4896
2040 1405
578 2188
2665 1263
3359 3870
2627 748
3872 2176
3438 2467
1369 4522
2039 4452
3006 502
1594 3421
1899 836
3511 4769
2153 1294
4042 3391
1096 2852
2793 4815
1978 4070
1932 970
3093 3801
740 4819
1827 4756
2218 4701
1565 3507
352 4374
307 2021
1150 4743
1115 165
1545 651
3913 2433
229 3495
4413 4952
3101 1028
2284 4003
3715 284
3096 3351
92 4242
1927 4812
560 3223
4820 392
4929 3373
4180 2119
2863 2077
873 905
3334 4604
2487 2735
3266 1733
4923 4917
4726 2329
1814 1045
4295 317
2307 4963
2394 3414
3745 3554
1389 2433
2437 1507
1213 3014
1381 305
1477 2392
3028 2066
2686 4788
235 3212
432 2778
1809 3372
2402 220
847 4126
4643 3681
737 2692
4907 1109
1786 4078
4980 3449
3887 4968
3160 3561
4742 2402
343 2349
4405 4835
4767 4229
4209 1217
1273 2590
3695 2790
3464 4957
1387 332
4920 790
2937 835
966 4209
1486 2038
3846 1421
830 467
1289 3936
2990 3207
3724 3645
1612 573
4852 4465
2918 3527
2794 2616
4112 4009
3675 2399
2433 3574
965 4684
680 2112
3306 582
3998 2742
4454 4171
609 931
2029 2813
1795 3365
1210 1415
4818 2196
1835 1773
2373 999
1907 369
2233 2426
1743 3696
647 1384
3913 285
2273 3754
1396 4001
312 1223
1900 1512
4999 662
4185 2010
610 2856
1619 473
3998 476
922 2594
2680 192
3127 795
2800 1985
4674 2102
2328 4720
725 3946
2143 3117
2812 2032
4311 1000
1987 3776
497 1809
493 3932
2057 2037
1171 248
4299 3291
3822 1385
501 1134
4333 2723
231 1534
1108 3043
2126 2163
1433 2360
2860 432
2040 270
2831 2406
2689 275
118 1365
2493 1221
2792 4975
2000 807
3550 1929
1967 1855
3477 3910
4669 2514
3917 4142
3091 4120
4882 2041
2674 3050
1415 2783
861 184
879 3242
3368 2334
1155 1659
2823 802
1474 987
1427 2640
4078 3583
1845 3701
3618 546
1488 582
517 1211
4252 1892
1708 2198
2378 2307
2540 4564
2269 3534
941 3984
2040 4453
939 1247
4527 3422
794 1829
934 661
2247 840
244 2027
1772 691
2878 3788
3577 2449
4578 4855
3880 300
4017 3309
3369 1803
128 3511
1383 4875
2153 18
4986 435
626 319
3714 323
4051 4913
3005 4066
924 2645
3270 3452
166 2103
3616 3813
656 3633
839 4907
4201 2534
3429 1781
4120 1120
1434 2501
3451 3129
1415 2495
1137 4389
3323 1801
2778 3983
1586 4228
100 727
1954 4088
383 282
677 917
1580 4643
4325 3907
2230 963
738 3639
4492 3304
1674 4461
3900 4294
3835 3731
4509 3964
1131 2803
4076 3480
4131 1820
1077 2698
3866 1369
2193 1935
1288 3800
4632 4540
1952 2011
900 2654
3384 4715
3307 1586
4265 4987
2391 70
4657 2924
4290 3184
2167 1847
4876 4712
4268 1999
721 3668
3500 2693
2285 104
334 4838
1687 3549
1915 1098
1519 1768
2920 3333
849 1718
4230 1842
4427 4328
3682 1122
1437 3223
3243 4913
3961 1120
2129 1249
3104 3601
3951 1824
1615 2376
2805 1652
4820 626
309 3354
3559 4609
1053 1517
2378 1991
2603 3864
436 1325
634 3108
4671 1281
3613 305
2372 3947
3945 4280
4948 3228
4698 699
2671 491
2600 2830
3066 4475
1131 1804
3291 2459
3009 3306
3064 751
4886 1958
4391 4309
3740 1115
4545 3045
321 461
1430 2087
4681 3888
99 3437
2939 1554
4314 1238
781 4644
3817 2436
4867 3515
1419 3307
2133 827
3182 4324
4333 1102
1185 4953
1171 1732
2604 3103
2130 177
4235 657
605 1321
3256 3526
3743 4075
2929 2983
3224 3968
2966 3754
4182 4801
436 2446
167 2215
4230 2937
3688 1690
3351 4500
1188 2852
2984 4039
3640 982
770 2664
1700 1522
3493 839
885 2713
1694 2830
723 955
4765 4071
4992 302
3279 2056
3517 1756
4558 3512
2340 132
533 3288
1343 4762
4068 3726
4701 905
2561 3620
4076 3010
4560 2892
4251 3792
2577 300
4688 3287
4660 651
3346 1079
4482 1292
3007 1477
2906 2226
1669 808
497 4012
3300 4879
3816 3014
1466 2394
3961 1229
3828 1325
4824 2171
3139 3870
660 1581
501 4576
3703 356
1631 1411
2972 3653
322 2623
2424 3210
4568 2324
1256 2757
1385 2837
457 177
1081 1013
3387 1100
3639 394
3504 4532
4122 3351
464 749
1237 3545
1448 2695
4803 2055
2685 3279
997 4607
3063 2717
3633 1569
4621 1043
4339 486
2367 1097
738 2091
2706 899
252 393
796 210
4417 1583
2504 539
3902 3584
4121 2498
1917 4950
1243 3967
3654 2903
1856 443
1597 2371
2955 2836
2178 4745
2164 872
3726 1916
1842 4491
3898 1139
505 50
1246 1852
1102 902
704 971
1622 2343
2377 3589
4218 4434
965 3487
2952 4571
2638 1080
2657 4409
4034 2934
3463 4674
4899 4122
3034 2468
1992 976
1027 2652
35 4828
985 52
2344 2320
3629 3096
865 1645
3966 253
1861 1079
1449 3470
3137 412
843 693
4192 1013
2451 1100
2376 164
2527 2200
3440 3836
3333 4458
4468 1256
2176 1896
2951 2183
3073 3040
1602 3135
3150 4866
2840 1033
1221 1555
225 3117
2215 4844
240 4650
986 1707
2715 4197
4982 3083
2585 1541
1353 2321
89 1496
2844 2240
4316 3746
1322 900
1367 2421
2242 890
3039 4489
290 2972
2243 750
2452 3477
4169 2552
4008 525
3631 4379
2108 109
2278 54
1272 44
850 881
2362 3317
2227 3546
57 2557
1101 4452
4543 1694
3143 4870
3877 4577
1548 3216
2904 4095
4910 4398
658 2174
450 3397
3041 2169
1288 909
933 1155
462 1406
2831 3351
849 3209
1535 3994
182 4720
2498 2717
3546 139
76 313
290 4545
2965 177
1570 3987
4684 4998
4507 2618
4247 1906
361 4893
4333 1342
3 947
1948 1578
2930 2104
2836 1947
3606 118
4274 4109
2826 2929
664 2697
866 2808
1355 700
566 1106
1826 3135
1286 3655
2794 1661
3479 2130
3504 4532
3237 2558
3249 3537
1064 416
2099 4271
2391 2646
3851 1296
855 2334
923 1655
1723 3400
500 4691
3000 1555
3855 989
3826 4481
1871 3537
3235 17
1147 3088
4281 2396
3125 1733
3051 126
1758 3150
2557 3473
2167 2687
4809 1054
1299 15
639 4140
4715 345
2892 461
749 2442
353 24
1805 2102
4855 1476
4802 4603
1193 3006
1870 206
1106 4006
2806 4932
232 4670
2108 4265
239 3789
4501 2637
1034 2148
4900 1125
2949 1111
2402 975
2298 789
4908 3075
4968 2472
4541 3261
4282 3420
556 3205
3736 4449
1370 322
1901 1442
1984 3390
4358 564
2284 2340
1019 4206
4492 3819
1503 995
3583 3996
4794 3283
3163 2776
1578 941
4489 3202
4629 2983
2432 4010
3833 4786
2249 1883
793 4168
876 1867
643 1379
3185 3842
4285 2084
2801 3738
874 3193
3570 2677
4041 1529
4046 1498
1670 3537
1584 844
964 1585
174 1280
776 695
4009 4966
418 1628
4486 2013
617 3625
4501 3261
3131 831
3540 2941
964 2294
1286 3249
2863 34
1811 557
1986 3404
1849 4562
680 651
2971 3089
1321 1183
1366 4170
3939 1661
1773 3798
4510 3395
3974 3056
3969 2947
4511 636
1072 3852
99 1163
59 4184
892 3790
2188 2977
1455 1581
2951 3984
1240 1706
3103 2063
1820 4708
304 361
1376 1625
4606 2774
3318 4139
3120 2125
1707 2934
2002 3905
153 1807
4819 4486
3958 4612
4866 1084
612 4884
642 2655
529 3468
4684 4972
2198 2000
860 4329
4860 4952
4024 2141
3757 2727
2956 3027
4736 3950
286 1343
3808 1480
4866 1437
2744 1534
3671 4860
2807 2101
497 2980
2647 2451
685 4919
656 4467
2506 3336
1854 3761
1627 1927
1316 1285
3233 3080
3280 857
778 3704
4320 3933
2019 1567
2602 3233
4925 4392
3638 2638
2930 994
278 885
4304 798
541 3693
4704 1857
636 3902
3306 4415
2973 4975
3564 2849
4490 4236
3376 1279
2721 2551
841 3599
733 4554
2796 421
1932 4805
1054 777
3961 3176
666 2349
2762 4661
1363 1119
4488 751
2120 2100
1225 2925
2484 605
4499 2134
361 3400
2972 4608
1367 1350
2813 4685
1971 2874
1060 1238
2618 1297
3596 1215
1932 3161
1851 4943
3928 3018
2956 599
3899 50
1012 1487
2957 1928
2072 580
4933 3429
1702 1330
1755 3120
3867 4191
73 1145
2535 892
3600 1778
2395 1445
563 2149
3197 3367
2645 3728
4460 14
299 2994
3080 1468
3735 741
1276 4681
3671 1759
3365 4514
4782 3737
1207 3606
3519 785
1187 3737
3615 2058
3411 1898
3048 393
702 2053
4808 585
2321 2280
4108 4056
2593 2300
2868 3231
2768 4032
3641 1416
4984 2734
4458 2660
3813 4800
2293 4174
2439 3221
3215 4175
3189 2186
4886 1462
2498 165
3155 2205
3740 945
4821 4279
3594 851
3802 3286
3637 2209
1852 948
543 2539
1820 4717
3265 1174
3752 3981
2102 1004
4302 2776
598 1429
2140 2590
169 994
4638 2477
2483 1790
767 1661
1842 1241
2040 1524
1864 1310
1978 2874
1830 1018
4382 558
1215 1531
1154 2079
4773 1943
244 2579
3071 3683
1653 4150
2228 1702
3393 2393
458 3796
2539 238
3150 3971
2799 1118
4937 3948
1564 2604
4005 1342
1092 1920
1624 1254
651 967
3005 2371
2138 3729
2268 2648
162 2867
1725 4660
4452 3021
167 4812
3385 2371
2652 2151
528 3328
3424 2700
4043 3150
1837 3253
3643 3046
4443 4755
4762 91
3224 3085
4283 904
1504 4649
210 4782
4251 17
2665 4753
1940 276
3764 10
2058 1858
3586 3434
3077 1658
459 4144
274 1795
1540 4236
2995 1039
2768 1216
869 1668
4813 2808
2781 1837
1858 620
2435 2150
4654 2251
4089 1621
2589 3712
2777 1667
2945 2579
977 3549
3303 2950
235 2506
3216 4132
1354 3137
3419 68
4465 4186
3925 2717
3263 1913
4749 4687
1251 3958
3518 3653
4759 4403
974 2953
338 3753
4146 3732
1433 2025
4179 2935
3089 196
3537 2098
3391 4369
702 2030
170 2595
3695 805
4325 3083
429 1387
3946 3955
1687 2645
4866 2639
4447 1686
4527 4456
990 2861
386 1680
1101 995
4228 2150
1747 1029
4433 3381
2642 2428
4033 847
966 4323
4553 1691
3630 3030
1048 4980
1334 2405
704 4357
2655 2025
2714 1859
1853 2014
2158 1311
2605 3953
345 4243
1686 3185
3703 4074
3394 121
4920 1174
2904 332
383 4838
3056 4534
1813 4690
316 3402
1808 941
2414 2894
1477 3457
3465 194
4767 1238
2949 4909
2859 2943
1463 4616
1398 3656
353 934
4040 1854
4457 2746
2288 1902
4080 3405
2562 1263
2399 4983
3829 2088
3472 4898
1432 1537
1108 2005
4145 255
3714 2908
758 1709
3913 3793
2440 2081
175 3819
882 1933
4755 652
1624 3558
3530 1633
587 4372
3272 1967
2342 4280
4695 3871
1436 332
4734 274
2411 1134
2310 1587
2924 1239
2019 312
1543 449
3904 3192
2239 748
3325 3052
597 2622
3421 563
4790 121
2239 3704
381 3787
777 2497
1399 1426
1469 1838
2355 2797
4792 4035
3745 4471
2488 2884
1413 592
4816 377
696 954
2022 2638
708 2894
2178 3292
2721 2714
3050 2205
363 4759
4635 4656
644 3398
4779 4474
998 3087
263 4132
2052 4275
3528 279
2395 229
457 531
3341 1717
2528 202
2470 4790
2301 65
1253 3680
1017 3828
4958 2991
1587 3976
4331 1498
4538 2462
85 4117
743 4011
4432 3243
179 2455
2348 3145
1906 1254
4313 1393
770 3799
1573 3378
1147 2406
744 582
4686 3473
3780 260
2793 2015
1657 3658
4968 424
1132 3065
1177 4414
92 4832
3867 1574
233 4002
3423 97
3179 4662
4831 1970
2699 2926
4077 3230
3900 2606
1599 1813
2972 1555
3678 4097
2164 354
4409 3619
2997 3550
3449 2300
4247 442
4568 3388
4817 4229
3498 2250
1826 4837
4487 1254
834 3539
4467 686
3810 1087
3584 3655
4885 44
4015 2027
516 341
701 2554
1231 1002
2553 2628
245 752
3756 1083
1687 3189
2774 737
2623 4232
3880 1307
3628 4027
944 4542
1205 3389
3017 3868
2042 164
1926 1678
2045 2665
303 4021
2254 3154
1275 3685
4097 4965
2971 3262
2251 1314
4741 2033
2108 3727
583 1494
3385 4860
851 2467
1942 2372
3035 2759
3376 4746
3260 3051
1150 1079
4574 869
1695 3339
284 3749
276 2305
3740 4556
2638 132
297 2592
1070 665
3798 3166
3726 213
3531 2250
495 3060
3303 148
3830 3894
96 1567
518 625
928 3654
2862 745
4497 3428
514 3427
4962 2531
3558 3965
332 3935
1371 2282
3982 1455
255 1367
4763 623
3391 4614
3064 2344
4359 1406
3694 2897
3966 1145
3911 596
3072 2330
2450 2558
2866 4411
2778 2196
836 1605
3249 4679
1311 3277
1461 3868
3230 699
3837 4419
4273 4558
3685 713
2635 1420
4988 2640
2830 1020
3227 3552
3827 1934
226 4367
3838 4401
3969 3839
3368 4365
1548 643
4093 2290
668 2054
1031 3248
2508 3460
4525 1090
705 4241
259 2363
4250 4123
134 387
1699 1731
1655 1130
539 1798
4145 924
2997 301
4322 419
4981 3796
3318 4185
1794 4647
1597 4684
1402 2601
2257 3837
4118 4111
2630 4470
109 131
4359 2572
882 1049
975 1204
231 929
2363 616
2317 3591
2234 612
2812 563
3197 3186
3480 2552
1332 2792
1366 4731
2362 2391
3055 4689
3138 2951
1893 169
1553 3894
82 3615
1572 1720
3906 4965
4378 1469
1126 2573
930 4390
1650 1926
1552 2895
362 3130
2805 1828
2864 2329
20 4160
1688 4570
3073 295
3672 4098
3522 3778
571 4807
2607 2282
1386 2672
219 3758
1098 4242
3063 4973
4818 767
3315 1749
1332 491
2311 4904
378 343
2136 1956
3436 4158
1355 2787
1463 1863
1592 1600
2237 1027
2458 3340
685 4340
4519 1997
2906 3839
858 2255
3384 1742
1071 8
1621 1855
489 4939
4629 3989
4776 1647
229 1614
1484 3881
4463 1294
1934 1276
1909 1463
572 3473
1087 1610
1635 4887
498 4162
4669 2992
1670 4464
4222 1696
264 219
2062 2872
377 3509
4173 2469
4491 382
633 2434
4193 1001
3700 3935
1854 370
3303 3982
3714 1387
590 3158
4616 2463
4384 4406
2205 1171
2136 4565
1123 3301
2561 1306
2300 2342
4132 2375
1837 2882
2844 4074
2143 3309
709 2817
142 103
2197 3200
828 2382
954 3864
1973 177
4704 2408
552 2675
4330 2495
1960 4638
3548 1469
2125 3459
4683 1911
1501 4205
1118 1795
2005 898
845 2102
2973 4072
2789 2219
64 1573
4359 2652
1888 4219
4605 955
4186 3420
310 1260
68 2435
4019 740
3609 2315
2013 2894
2452 165
2203 3620
3091 3052
3573 1771
97 2790
3379 2245
4150 4319
1900 2349
1739 3402
3190 3222
3589 1933
513 3547
2260 4978
3211 999
1596 2136
56 3549
730 2223
1915 201
4677 2997
3366 1423
2103 4124
4325 3586
3341 3552
845 1422
2967 1703
3408 1584
4881 755
636 3343
1785 3438
3540 3082
4033 1589
852 1489
2099 3306
2153 3698
831 2633
4835 1758
344 347
1461 122
2636 2470
4366 1268
29 2823
3077 1493
956 2214
3158 958
3332 4804
3467 402
4565 95
1845 4585
2886 1440
2694 311
4672 4515
2097 1248
1709 3244
2912 2749
1988 2619
4984 3830
4252 1111
3244 1029
3960 4023
1086 2703
2455 2741
4246 124
1848 2493
2444 78
2750 1020
3111 4565
3086 2918
3818 338
493 2883
1701 3398
568 4916
3381 519
951 2234
4016 3799
4128 293
1898 761
4747 1080
1340 1621
1563 2059
764 3194
2350 984
962 1760
3233 186
2071 2813
185 4032
3953 2437
2811 460
3164 1799
1811 3573
711 4910
1074 2077
2632 1100
2274 369
3369 1193
1431 4927
3552 2774
4997 3524
2316 1509
1975 1567
4513 4834
4972 345
4165 1942
8 1415
316 2708
33 200
2777 4415
2843 3664
4259 1469
3170 2259
1527 2179
1989 2529
259 3512
3450 183
1210 3193
2906 2470
323 571
3892 1801
3578 4226
2727 1418
3359 4902
1387 3719
1285 1322
130 2983
3606 2584
1878 3980
1568 319
4456 3538
1067 1743
371 2785
2061 4776
4650 1880
2969 3825
1038 756
4424 1149
4040 827
1413 1552
3761 2565
4495 1383
1906 288
1795 4147
4813 1482
1318 3104
4099 852
3794 3923
3205 4220
2593 3099
3479 4786
2742 2362
1902 1489
1788 2020
1362 3053
4837 404
2147 717
4042 3511
1561 3205
4241 3834
1262 3667
3022 131
2035 1422
2474 108
810 3321
2314 4872
2896 738
889 2739
3913 1441
1043 347
1138 4269
12 1341
1829 4473
1223 2546
4631 840
2404 2940
3859 3448
1630 2908
1593 3002
60 255
2301 4194
2375 4794
2602 814
2984 2892
2850 2494
3973 1254
3132 3954
2722 2124
1647 5000
3958 2387
4285 2425
820 4609
987 3813
2370 2529
1266 3682
3832 3266
236 2204
2487 985
193 3778
3341 3124
2090 3614
1898 2529
3593 2844
4932 689
2039 2848
3917 3826
1896 1890
2375 1967
4724 4538
4183 1927
498 1878
828 65
3756 1322
724 3293
2575 506
1334 93
4139 2290
2994 4975
31 4347
4146 2521
4240 2079
4664 3138
2332 3010
369 2335
4960 1093
2445 2476
463 2622
3727 1886
2501 477
2929 3764
3343 2984
3532 2570
2173 3939
3999 852
1432 243
1402 3226
2000 3817
4469 1589
1709 2771
2246 3110
4743 4351
2954 2101
4251 2897
4117 518
993 4706
1678 1836
171 2279
4625 473
3225 2241
3170 3872
2928 4928
2446 1646
4081 1179
1154 4169
2699 3509
4981 836
1942 4795
3731 3982
922 709
4300 3298
4856 4576
2379 1209
1117 3708
3182 4550
1452 167
3502 3917
110 3296
306 3747
3598 3680
1368 1792
4285 1284
815 357
3762 4396
1365 1047
3586 2685
1705 3536
3681 1230
2549 4740
2672 2047
2896 435
1638 1182
3960 961
774 3163
4530 4975
2659 949
4058 610
302 3440
223 2577
3937 4370
2049 4646
4918 2684
1572 4297
4676 2997
2750 3494
3406 475
1861 3395
3650 865
2037 3333
1616 2749
3635 240
2769 2714
1989 3298
657 4134
3636 4021
1525 2166
3872 3622
101 3789
1651 2555
1147 4088
816 898
3835 3734
2330 3085
1760 4649
58 3143
608 4676
1959 2708
3336 3431
780 3011
1309 1427
555 3205
2825 52
1936 1452
4441 4527
4452 1696
1794 3406
583 3118
1396 808
2552 3811
216 249
2061 3031
2837 115
941 3196
2045 3356
995 3928
1325 3317
2974 1504
1946 949
2944 3896
1106 4785
1283 3775
1155 2057
1576 1519
3563 4072
4467 1991
2156 2714
1365 1790
3020 3089
655 4447
4511 4605
891 191
2565 1626
1207 3878
1157 637
4651 3471
131 1037
2719 2694
4438 2758
559 4852
3796 2816
2447 2196
2347 4421
4094 2045
1290 1749
4128 4181
3156 3301
1941 1139
3525 2789
812 4567
2843 4507
1818 3017
1244 2261
2606 3520
3975 316
720 2901
805 2379
4730 1467
2627 699
4487 472
1709 996
819 124
4262 3005
1505 1790
515 2985
2722 2222
4156 2965
1629 3072
981 3699
3939 2240
3426 952
1130 15
4487 2235
2818 3721
3524 2997
844 961
4445 731
2502 2651
3666 508
2478 2886
3750 620
2535 4851
4775 11
2528 1352
4979 2896
4447 4270
932 4477
4343 1543
4720 372
4708 2305
3204 3181
3498 1558
1720 4426
4801 4390
1558 135
1675 3560
2401 2433
3174 1195
4448 3092
4076 4832
4910 2068
946 4716
4668 960
3491 2322
784 2639
1222 2732
2545 1189
2641 1665
823 4465
1741 1266
735 1301
1332 3664
4191 4652
4422 4894
4753 1544
994 2173
2963 2102
3126 3683
2165 1111
2578 1366
191 1528
4280 2276
2986 3643
2313 1964
737 876
130 2289
3388 1926
3733 799
1464 1214
1862 3381
4526 3451
3679 3674
4850 1453
1842 4428
1035 206
449 313
260 4751
4732 4416
965 232
4568 2265
4758 232
4388 3670
2262 1829
1488 4099
1156 3669
1649 1498
2301 2322
1738 4066
479 1828
2074 632
4714 2374
332 1397
3943 563
956 2485
2960 1427
2177 3894
3054 48
119 1128
2557 1449
648 3621
1045 231
4598 1494
1566 1685
1593 4366
738 1045
1289 1730
2053 4760
4605 4780
3579 94
3679 1463
3261 4202
3746 2380
1677 1213
37 4289
1099 3144
4716 2898
1588 2678
3037 3752
2241 1818
4135 4443
3569 2830
4696 2020
1356 1075
405 3187
1476 2611
1748 951
4847 3246
183 275
4743 4224
1415 1096
1686 1383
1964 197
1661 1207
4529 4161
2177 2975
3804 1576
1667 1905
2696 2116
951 2662
4051 1975
449 2783
4644 2865
324 4230
214 4749
312 1330
3715 3478
2446 390
478 1332
405 3749
42 1365
2411 4352
4715 4977
4087 4610
1229 781
538 2981
4096 4213
3521 49
70 4815
2738 4204
2298 4963
2979 4233
748 1364
4543 151
3897 3668
1026 3899
2073 3915
1382 1312
4041 1473
3116 4783
4000 1389
1773 2923
4169 702
2641 1819
1821 2697
3014 1985
4001 336
1563 3224
1002 3206
1438 4702
2903 87
580 4914
1504 309
2979 1033
1602 4318
484 3384
1618 1568
1236 4682
123 1018
2765 1757
4042 4112
3565 3586
2749 1694
4459 3817
1704 1781
2872 2271
1404 3626
2781 266
232 853
1898 3968
57 3704
4883 817
87 1362
3394 1830
4034 78
2256 1664
3134 1997
1502 4142
3104 3480
2156 4818
752 4919
4618 2889
4941 3252
4808 431
2222 978
1629 376
2064 3267
3523 467
2207 2778
2418 3419
2010 4573
4977 426
3273 2188
3248 366
1922 3101
824 2908
979 1377
1196 2797
4586 3578
2311 3277
1460 2689
3642 2234
490 1443
611 1189
1113 385
54 4197
637 1668
27 2826
3964 4134
598 4921
1618 4601
412 1265
3798 1522
2934 4429
301 4786
1048 3990
4415 1587
2111 4537
4136 3710
4781 1533
2314 2112
1332 895
2186 2900
4693 745
994 929
2136 4926
4653 1357
3810 4512
608 3867
4549 3036
109 2098
4099 3723
4695 3024
1286 1978
3843 3374
2694 1818
2553 4093
2712 1965
4356 304
3490 4635
2433 600
912 4651
3267 4045
4787 1595
3936 293
87 1602
384 4996
531 871
646 4378
3250 2909
4389 4805
2142 4129
497 2115
1440 2443
3163 3745
1266 1077
4117 3733
945 4243
108 462
1399 2518
976 4350
4323 3306
411 4625
4423 209
2367 3559
3700 3511
1151 2552
3615 147
1909 2767
940 1765
4067 2671
823 2328
3328 421
1791 3881
4042 4176
4443 4638
1975 3769
2703 4464
2900 4682
1738 2915
1932 2624
2850 2208
3621 2156
3036 4089
4206 642
3969 2166
1771 4689
4178 4642
3929 3873
1762 4780
644 3900
433 2853
3584 3931
1836 4941
1207 1740
1377 3504
4823 2674
4670 3807
2065 2340
2816 1058
416 3049
2071 4163
2856 638
679 2276
2054 2338
1192 3161
4569 1032
2279 3965
2976 2247
4021 920
1838 4187
3301 3087
4121 2536
3983 3439
4621 3148
4671 4242
4705 2504
2711 3351
4272 2223
1900 191
4828 1134
2505 1398
718 2824
970 1701
2535 4623
2578 325
472 1234
2849 2457
1217 497
565 1157
4543 1727
3752 1856
4827 2711
139 4244
3382 169
4123 459
480 4446
1778 2814
4917 3438
2827 3243
2895 4314
2929 371
1663 4943
15 4860
1019 1392
2118 1133
574 3030
4836 3481
3469 4461
364 742
4153 1876
3651 3107
3260 3739
842 2673
3477 4575
23 4078
2587 38
3687 432
4843 4862
1326 4147
2999 2848
4969 2782
380 1097
3938 3952
3049 4060
3611 4729
3338 3494
2095 2097
878 2943
89 2670
4413 2623
2902 3621
211 4775
2021 4529
1181 3083
4530 3612
1407 4058
4010 148
2971 3736
4768 4678
2887 4954
5000 367
4044 4422
519 2999
926 2821
2872 3207
4270 2164
2860 3378
422 1363
2294 4265
177 4902
2261 3001
4115 2227
4141 2471
3788 614
4396 2480
982 4982
4351 3118
1705 78
1840 3008
2779 1141
682 4883
4577 4608
1622 2083
3338 1098
4572 1543
2860 78
3139 713
187 4452
3087 1227
1410 672
2215 990
463 4479
2849 2120
3269 4242
4347 918
3924 3864
4265 2508
2724 1944
3767 2510
2606 4218
4427 463
4694 4598
3407 3083
1232 525
2685 3765
4526 1902
3745 4846
2513 2168
3744 504
386 2033
1156 445
1194 2456
3411 2620
2817 3230
338 4869
671 4358
853 4644
3531 2995
237 834
714 1174
4615 2283
2131 1262
3766 1791
2265 1412
1367 536
4355 1044
3947 2212
3735 2063
3950 2782
2925 4962
3772 1836
2511 3664
2932 327
2730 1895
2819 2121
2067 3319
4642 1791
3854 4230
3461 4545
71 3016
2655 2639
3189 4989
4731 3916
2834 922
3545 2025
947 2089
3839 1450
3560 3377
4633 856
2186 3745
142 4880
3676 2253
1812 329
3484 1192
3370 3601
4382 3111
3469 4148
2830 4867
3099 4537
3465 2077
4650 150
1384 3322
2690 3379
4289 3716
1939 2314
2403 4526
1264 3093
1453 3734
58 761
1252 2010
3452 3996
2455 4823
4389 3496
125 3813
1710 2119
1465 2406
1057 1731
3631 90
4632 2414
1822 2792
1477 898
3492 1641
2249 4210
1235 2021
1732 4281
3153 1412
722 1044
3023 3263
2500 2546
775 2857
570 1874
1601 4813
935 2384
781 4279
2635 3190
2129 1672
4149 4776
1251 2256
1255 2615
4088 2500
1949 1996
4599 1022
3180 1657
106 2728
628 4453
4623 1218
2031 3835
3558 4696
73 3503
4071 4013
627 1544
4639 2725
3803 1114
3209 1162
36 294
2859 3119
2567 2800
471 1724
3859 4009
1599 2369
3289 4624
3662 2821
1940 982
1205 4284
3166 3286
1045 93
1079 3577
4223 932
2684 3379
4570 3622
1864 35
2615 2721
2178 1961
481 2884
1728 648
1971 2264
4493 252
3918 3450
903 655
302 1838
3301 701
3124 4022
472 1403
2885 3532
2761 991
2013 3746
1666 4940
4942 861
3103 2010
2767 2467
3815 3665
145 1318
488 4210
1587 1412
4011 2997
774 91
2135 4274
3468 4501
2036 129
2487 4401
1480 3380
4186 2441
1128 4781
137 2355
2616 356
864 1522
3596 3710
941 2013
3668 4321
1888 1396
1718 2547
850 3807
614 3619
4768 2928
3954 1010
827 1309
2718 4722
2623 189
3976 4585
4406 1286
988 1188
3001 3123
2741 3463
529 3112
4118 4486
707 4290
4681 2754
1741 2046
1146 2964
4549 4775
631 3599
3240 1980
676 2107
659 1032
1998 4302
580 2760
4329 2125
2105 4055
455 1268
668 63
3096 2859
1186 2785
3424 2922
2638 2865
919 170
2696 350
1701 2633
1451 3182
348 4275
2753 1529
2022 253
820 3827
3851 1945
4475 412
1741 4500
4781 781
488 2653
1367 119
685 3556
3234 2370
2078 1818
3773 2705
3026 3234
4642 4184
1307 190
873 2679
1764 1878
143 3813
1327 45
3456 846
860 3597
2139 3366
2794 374
1451 4376
2415 4678
3980 4362
69 96
2122 4942
3590 1297
3089 827
2014 3510
251 4207
75 3064
2895 2300
4807 879
1037 2880
1642 502
3774 4584
167 2628
3615 2638
4930 4567
4324 4356
3909 984
4617 2616
1219 1956
1132 2209
2479 3362
3095 2040
98 1886
253 814
3684 306
2017 3987
2682 3006
4472 2210
979 4785
4062 3260
4074 4037
3386 2135
2583 4742
3223 1219
2879 3157
2791 2877
3308 2767
1711 4501
3561 4715
3298 657
3164 3776
3621 1971
4770 3818
4539 2021
3172 4408
2589 2335
1185 2529
4986 469
1812 1115
2741 2341
918 1800
4622 866
3246 3322
410 3205
531 1000
2605 816
994 292
986 974
2040 3653
1895 1477
3150 1523
3926 1053
1827 2470
2755 1257
3972 3824
2017 594
823 912
3500 4364
3958 1419
2133 1302
3839 1029
1916 4495
305 1766
3328 1273
1046 1657
3851 4811
1945 4671
4975 504
827 621
169 3404
1002 4292
2460 936
1203 3178
4439 4658
4831 1961
3198 2336
792 3233
3482 4579
563 3386
4849 1362
673 1211
1947 1192
4593 262
161 3965
2789 3154
455 2667
4157 4794
3934 1106
2912 965
1125 2160
705 1367
4314 1402
2368 2848
2150 3493
2556 4380
2366 941
4939 2258
4286 972
1735 3934
3605 1523
2965 2718
3933 925
1434 2773
4411 2358
959 4871
2742 3336
3620 4133
987 1307
174 1193
2751 4797
2366 1818
986 4731
3032 1729
1363 1177
3634 3352
2949 1355
4049 907
356 3185
2852 2784
343 4367
3830 3463
3955 341
1870 1705
3462 2266
4110 4006
1668 1467
1839 2113
4824 231
2900 2145
794 4077
1879 3287
2525 3580
3405 507
345 610
4760 450
2660 163
2421 2097
361 1485
4842 641
38 3256
1199 3795
3821 1928
257 2933
3166 952
4872 2960
1136 462
4094 3099
1999 4076
2777 11
3152 1335
1469 4002
4814 1370
3171 4931
1926 4666
2156 2264
4724 2857
940 2956
4871 3953
4897 4983
2915 1765
2340 340
1587 4684
2081 3117
2344 2474
2225 4651
4563 2911
32 3368
4316 2358
4002 227
2565 2875
2893 474
4467 567
4626 3663
2766 1305
4483 2512
1652 3501
4745 2132
3647 795
2592 3993
1934 3468
2650 3350
2904 2453
887 1139
4447 130
729 987
4234 4857
15 4248
3343 3169
858 2181
4951 2232
1700 1528
1442 3667
4200 3545
3368 1183
2021 2206
2976 614
4745 4873
371 4038
1395 513
3238 623
3447 1139
2506 2517
4448 589
2242 2515
4343 51
1537 4351
2595 4950
2384 1853
2657 1204
4660 625
4285 3070
3082 2043
3631 3781
4975 1167
2188 4503
1353 2777
4531 3874
1995 1752
3772 2123
4278 2344
2153 1941
4107 631
3066 978
3515 538
1867 4142
237 4361
4687 2367
2869 3890
3414 1426
2090 3428
1565 559
1029 2212
3349 4457
4916 1398
3583 2504
4244 4660
1833 1682
4344 2680
1340 1854
3923 3167
2875 231
3008 881
2169 905
2852 4251
3769 261
1786 656
1070 2616
2544 1191
2771 2402
3886 2164
4517 1273
3414 2947
2992 1497
1861 3610
4078 4530
3273 530
35 3006
616 4021
1697 4610
4832 2168
4378 1046
2023 3236
993 3740
4224 1968
1841 1199
3746 1106
2892 2917
536 3476
1361 2024
2724 3168
75 1344
982 2462
3343 3207
3422 666
2972 2390
1745 155
2300 4923
3248 3019
1989 3427
1025 200
2749 942
241 296
4134 1504
3933 3059
3615 3658
2613 4847
3432 3868
4340 4212
4923 3434
1957 2521
4006 4945
4463 1478
983 4504
3133 4179
4472 2158
3411 880
4050 4816
1251 4171
4493 303
2582 2377
2793 1429
810 1441
854 1520
771 152
535 2335
3403 2231
126 1593
4009 3233
4286 4547
1678 2659
4940 3738
3512 4744
753 2208
3069 1769
2315 3773
3863 1657
3729 3719
2022 1705
968 3573
2093 2860
4982 2125
3882 1585
987 998
3442 106
2127 3847
3958 4187
2471 2834
2706 2580
2615 2360
221 3076
3347 2675
4465 1730
1940 4423
4643 4426
4180 1729
3446 812
3822 4072
3951 4081
2215 605
2035 3869
1848 3140
1128 2847
3690 1480
4056 1792
235 629
4334 2418
4111 3838
2171 2432
4934 4069
1823 2316
2374 416
703 3502
876 3365
3972 1831
3564 4575
1159 695
1153 4701
2338 1267
669 764
316 107
448 1432
4547 4279
1233 3431
3835 1619
1733 4876
564 2583
3675 1647
4811 1037
2685 4286
1915 1321
4683 1256
2177 3834
4037 4635
3943 1076
1401 3340
1696 371
2225 3311
4085 38
4493 495
3380 2985
4127 2234
3245 2769
4046 305
4716 998
4592 4118
1305 1531
4026 2213
3302 3312
4515 1590
4571 4781
1529 1322
446 4580
4713 426
4092 4876
1385 2042
2126 4766
2763 233
2346 510
2071 1719
1156 1053
767 2408
1571 1237
2770 328
1131 376
2767 2668
4879 3044
4852 3039
2996 1430
502 1470
207 4643
1133 2205
4704 3448
3087 649
1569 984
1582 2125
2225 2677
4714 3210
571 3375
4958 4015
1896 873
2499 4347
4712 1838
410 3403
1758 2844
4331 4500
692 1480
3940 110
4728 725
3524 3909
2595 2034
1441 3873
548 1490
2969 3855
716 1443
2768 2117
3428 2371
2807 4887
4877 2724
4693 1431
916 301
4486 1555
3684 623
545 4107
4832 2540
4053 4160
1292 1689
4359 1926
3550 640
4171 1877
2025 4801
916 4485
1461 4887
1547 2735
3525 2535
3802 4650
1419 3274
4582 2159
1421 1145
2252 555
4241 743
2124 719
2632 550
3760 4677
3262 971
3158 1014
1709 1312
4585 3345
2841 3504
3306 2927
3827 978
194 3398
4034 4927
2725 590
360 4184
2538 4677
4936 1027
2140 2706
4888 3899
3973 1970
3299 959
348 3291
2913 4910
1001 3267
1731 4954
3662 1515
1684 1029
1939 4115
2564 656
2656 4486
1129 4307
2500 1513
3774 1384
626 3599
1393 2249
2584 4164
3522 1144
4774 1275
3312 4698
2844 4486
4404 3696
897 4101
2663 4333
2971 2045
3825 1733
1176 1842
4011 2864
4456 1331
4519 811
1236 3985
108 2747
2149 4955
4389 4246
2394 752
156 4354
104 4321
599 3197
4648 1042
2793 824
2372 51
2751 352
3685 4932
4785 1919
368 2749
2239 71
4025 3318
1835 3859
3018 2546
1640 4759
3945 1765
3344 4656
4548 716
974 1416
2259 157
2066 1310
1440 299
3822 4500
4977 825
1865 1694
3244 4530
2588 1145
4174 3759
1770 553
3402 2240
2265 3306
3832 4013
4701 4842
3727 4108
2400 2122
3745 1777
2822 3516
2735 662
2007 1555
2091 4960
3908 3327
212 2068
855 3151
3343 2328
3764 2877
2636 4580
533 34
4799 3495
1031 4695
3789 1854
1463 4722
3386 831
2323 614
2028 1722
3247 3255
3749 4753
1866 2571
4953 740
1194 1279
3324 892
356 513
2304 3895
1181 3599
1242 4596
4091 514
2202 2547
596 4514
2825 2398
2333 1445
4770 1991
3310 2212
2728 4257
4896 4869
1484 3281
1915 1285
2013 2949
4709 1375
1891 3277
1442 2629
1859 2366
3464 653
1616 4521
1473 3553
2779 1130
3157 1205
297 1540
2241 4440
2182 863
4990 4703
4713 1352
1665 1776
4745 2101
4850 4542
2769 1027
3395 2818
3929 896
4448 1498
1847 664
40 229
1018 4982
2940 1210
3155 3540
1154 3451
2010 3913
1606 470
4300 4018
4887 749
4920 15
4181 1889
4677 4332
95 4019
163 4590
109 507
3765 4124
786 12
2619 2551
2868 3481
2821 4312
3255 1212
1745 1880
3349 3559
3725 3773
4769 2429
3835 4990
4093 4977
1884 2807
3203 2918
4464 4443
2202 2359
4085 2611
30 14
3976 888
1873 3656
3602 1467
2592 3276
1126 3432
2059 1666
1217 3915
81 3666
1991 2044
2135 2317
3083 4975
2128 3610
2202 1462
1834 3965
538 3682
3588 4380
1475 3477
706 1466
2722 1601
2830 3163
528 2133
658 157
1805 1311
813 2289
2661 3593
2138 3939
209 136
3477 3624
1483 1959
4738 1603
1005 4567
1881 3168
1321 1761
4531 1477
4209 1389
959 2600
4771 510
3498 2488
1992 2381
2101 3176
2762 3220
1047 2082
4755 1816
3941 1975
501 3639
561 756
1489 4533
62 2717
3724 4763
3950 1404
3180 2767
3500 4172
1796 490
4199 947
261 1462
3457 730
2927 618
2443 79
1611 4565
2298 2285
3054 2304
3395 3429
2078 2794
2717 474
2867 873
132 3013
3853 1849
3517 4983
3581 879
1511 1406
3391 3323
1366 183
2284 2364
2201 892
1564 2527
2721 3907
3387 3285
3062 457
4759 3382
1589 1790
4538 1872
4012 1152
1496 262
2390 4738
4218 4189
3686 1262
1474 1007
3608 1369
4799 3269
422 4196
2605 2800
3356 308
917 779
3005 2260
4548 1451
1525 3962
2731 3300
77 2869
1243 829
4796 3841
4366 2631
2951 3273
3886 1280
4751 4266
3535 1518
4530 4213
1341 1329
366 1885
2380 1984
4482 112
1788 3537
3633 1869
3861 1293
3382 1413
4206 4118
1633 2511
3876 691
3338 3029
23 2050
2002 1242
4283 1661
3433 783
93 312
3005 4334
321 2413
4803 771
3801 2665
4893 452
2236 2652
3324 1369
4955 465
4272 803
915 3123
1953 3254
2405 691
2020 4661
3351 369
3697 548
4025 1802
3943 4752
3197 1085
3983 2789
2874 3
4238 1519
4212 1328
515 4623
2941 2416
1104 479
4056 1350
3097 1115
1697 2753
264 1519
4943 1035
4668 4862
1806 4838
2577 1067
1249 3706
3116 2416
1386 2273
2822 4411
3208 268
2992 935
3191 4108
4812 599
284 1087
4606 4375
2989 4237
1636 2220
3372 2951
4708 395
4486 2246
445 3488
2859 507
2277 822
4731 2231
2908 395
2082 4868
3497 1443
4010 2189
3792 1172
2028 1104
2423 2990
1728 2926
3902 2195
3380 2210
2235 4570
2996 3659
2193 167
1154 2941
1129 1175
3537 2369
3637 3814
4677 1391
2979 1209
3666 2756
3508 2737
411 2242
1565 4025
3280 4731
700 1764
4796 581
4099 1635
4279 4729
538 1448
799 1290
3732 331
4587 754
2007 2806
1106 3164
2787 2768
3148 3363
1544 4930
3336 1283
4920 2203
46 944
4441 3199
1277 3460
3505 2763
3566 1362
4868 3590
2424 1803
137 3861
4683 3802
725 4630
1851 2910
381 4522
3727 4103
1243 864
978 4938
1299 4705
3549 1504
3237 2767
4307 2681
3517 4982
3382 4365
3104 3030
1369 4854
3368 4891
622 343
3153 3641
592 1052
3896 732
4053 2278
1107 2274
1287 2683
3071 4971
2358 2440
4796 2691
3509 2200
4911 2180
2964 3126
3822 1502
1076 88
1465 1267
514 731
1334 1416
315 2092
3509 1735
1470 1582
3604 2538
4111 1149
2055 2533
4422 3468
1383 824
1648 1760
4385 2523
4708 924
1948 2904
4428 3658
3803 2590
3330 4594
2054 4338
625 3718
911 35
1615 748
3678 608
3269 1039
4325 267
2050 4278
4689 3556
448 1312
891 2751
910 1416
2812 1077
1621 1622
4604 2961
397 3235
1433 98
3632 1692
2184 2721
4472 4513
892 864
1871 3205
107 2834
2526 3556
3751 2178
1678 744
2825 4573
2434 1346
3861 4273
4453 2408
1352 4435
2645 1598
3232 3295
4747 2958
500 1012
3782 3033
1519 3536
2756 1254
3466 3174
233 3275
2739 2565
2279 2002
511 147
2996 90
477 4595
2803 2319
1604 937
680 356
4582 3136
4730 1629
2349 2018
221 2117
4355 2154
4504 1896
107 3150
3432 192
2004 4787
4813 400
53 1077
2568 1938
2246 574
358 2105
3716 1496
4004 4262
1073 1314
4598 4968
3758 1336
4358 3065
1957 185
602 2586
1325 1732
4428 2351
2482 4003
1514 1984
4875 803
148 858
3739 4923
4523 38
4653 618
2304 4197
4241 2532
1968 470
2366 4351
2870 3651
2729 3833
4990 3456
3154 4309
2372 4678
4926 1909
304 4884
2541 4338
746 1631
2925 303
4419 417
4231 1835
2438 137
2681 2177
849 640
1608 3931
944 980
2293 464
695 3735
1999 3062
2047 4084
292 894
4213 257
422 4317
4663 1537
4084 1255
4934 671
3076 2261
4284 1490
1314 3174
1363 3785
4565 499
2136 1109
801 3003
4581 113
3029 2197
2442 599
2759 1484
599 51
1538 1483
2576 4683
3993 4119
3925 3603
887 2172
2428 889
1281 4898
3360 1844
3867 4538
4481 784
3626 2536
1586 4158
4234 3989
185 4641
301 2505
1175 95
4688 3914
632 3392
176 3374
2052 1532
1061 4572
956 1906
3630 2196
2305 4517
622 4698
2909 742
645 1136
4200 1819
4450 610
3018 1975
3750 3069
2708 3521
2906 3530
2285 137
1806 4883
2369 1024
2800 4643
72 3614
4761 597
1792 3019
2329 3705
368 590
2448 1652
3115 3977
1850 3396
3479 1960
1005 2140
4452 2630
939 519
4405 4277
737 2070
4461 4330
1901 3620
1183 2348
3587 4849
932 1754
1177 884
2581 4520
2253 1434
1354 2935
2345 3068
4941 986
2522 1100
671 3563
392 2676
233 595
1102 2870
922 4583
1371 839
2794 2926
3969 3516
1985 4202
3756 1935
3955 1075
3506 3579
3963 3707
2969 1674
669 382
1490 2535
2002 3324
541 322
2759 4944
3545 2399
3231 322
4202 123
2746 3672
3303 4088
1148 4541
502 4050
4637 512
3498 4531
750 2589
3523 1099
1384 2367
2009 3422
2215 4689
3100 2465
823 2625
3668 484
4369 4622
2197 2863
4824 1615
468 1471
3153 2479
4110 3129
2949 3882
2315 4108
1021 2730
725 212
559 2928
4615 2950
3543 4582
605 1101
22 2101
1170 328
3388 2513
4428 3645
4360 560
860 1702
3812 2703
1355 1068
2494 1350
2566 4320
1390 4573
2497 4353
3058 3841
1382 2623
3787 3354
3266 22
2304 420
4251 265
831 2976
900 4130
544 4830
2445 504
125 3024
1994 1114
2120 2217
4565 3045
1646 3799
4163 4499
313 929
871 4942
2696 3400
3948 3368
3017 4863
4322 2377
2353 1622
1004 4684
3912 3713
735 3029
3766 3471
4640 3008
3273 1953
1149 8
2412 2829
2986 3331
4570 3738
2401 3532
3487 3983
1571 1370
2269 1529
2190 323
510 2327
4129 3664
151 4247
3806 3491
598 2452
1565 2761
1718 3180
3792 4440
4854 3499
3953 2603
2419 66
517 4080
749 4724
1067 476
3365 2258
2757 3945
1637 361
632 3341
2520 652
2054 4590
4737 4952
3582 375
2086 3571
3540 1065
2247 1359
1509 358
4583 26
2867 1260
3452 835
1171 1104
1110 77
1561 739
2654 2984
4550 4826
4241 494
4219 516
955 3213
2782 168
1380 856
665 1418
1336 2867
4962 2847
1363 4584
338 758
4941 2219
4245 4011
3336 4538
888 2263
606 4231
2051 3273
3477 3825
3415 790
3700 4737
2533 1584
2447 3465
3186 1340
856 1044
4554 4109
413 2835
4664 918
2305 3372
1686 3002
4054 2703
1568 1744
3485 861
199 1541
3675 983
1207 4193
2778 3196
1029 3649
3900 2480
2162 3779
4847 3733
942 1651
4578 665
3577 4506
865 2743
4133 2102
1066 3051
254 1761
1932 4086
3898 1312
2493 1743
281 2042
2369 132
417 1356
4165 3186
3301 1163
3161 4913
1092 4110
1169 4252
2159 3440
4628 1164
2874 3538
703 2285
4159 4545
1738 443
472 21
1935 1444
4847 702
2436 114
852 1435
4942 748
3215 2466
1282 848
4393 1215
176 2994
2441 168
1904 2181
4835 4583
2803 4211
4830 399
4717 1258
2676 289
3035 868
1672 624
2086 2988
190 4025
2406 1346
2245 3455
1010 879
1731 4901
1588 2161
459 3740
543 4581
2845 538
574 2181
1945 3920
2984 3232
4173 2228
1819 4396
1727 4134
4063 642
2327 471
3132 2352
3028 2722
929 3333
2820 374
2419 561
1904 1222
4098 1036
3691 4175
667 2144
2411 1338
1958 3686
3245 2846
887 3236
1612 2486
3739 1787
4712 3822
2822 4584
2505 4920
796 823
3393 3993
1563 2702
930 2027
496 3998
1154 403
748 4332
4008 270
1380 680
2353 2097
4725 3602
1765 300
1847 1683
3540 3085
4639 219
3702 3028
3635 22
3977 2970
3901 1646
1349 4530
1001 82
3219 623
3070 1111
4566 2807
3254 1394
4634 4216
270 2293
113 901
4892 1217
2431 1586
518 3048
4980 4454
2115 1151
2394 1386
1614 1991
2311 3543
4456 185
1443 4587
1329 4178
1874 3944
2071 4665
3957 3934
2089 87
2291 4810
4040 3075
888 2485
4887 2384
1633 4149
3107 4403
1701 4433
3999 3000
2690 3598
4706 2644
689 4441
701 3412
3219 1980
4230 2875
412 4733
2964 2135
1704 4850
1759 4021
4361 3236
2707 1996
1155 3504
4972 4775
4496 3458
728 4324
2262 2629
3750 2346
161 3327
1864 3187
3069 1575
2602 736
2696 1487
495 3600
4805 4698
3431 4569
3159 1917
1778 335
4983 1200
4965 1747
2337 543
3274 1469
3717 1278
1492 3748
707 2929
3411 433
976 56
1167 1101
3110 4493
1921 574
1722 1846
432 1933
3211 4507
2230 2312
720 1554
4854 3343
3782 3401
140 4819
3699 2225
1117 550
1282 4784
4704 3077
2699 3039
473 4687
4172 375
2676 2627
2166 975
3360 4429
3094 4372
3402 4816
2799 4040
839 1292
242 4888
2090 793
2133 2533
3084 222
2509 1384
277 2773
1587 1488
1837 2885
3470 1705
4386 2880
2972 1869
3380 3481
730 2080
1017 3818
638 2873
2654 314
1041 4044
886 4802
3372 1686
3684 3332
3035 4731
1361 3950
4700 2452
4664 461
3469 3527
2681 3355
3204 4271
3421 2258
3534 4597
1916 4456
4197 2961
1917 1197
3512 1639
864 1804
899 3637
1963 2171
2473 4343
4443 3405
2492 2642
1049 1885
3362 3359
3662 4916
424 1751
2251 2545
1284 81
3437 2545
4278 3901
429 3876
3295 1065
2671 2976
2802 881
3252 4579
1809 3697
4201 4893
3031 3947
1908 782
3796 2925
1334 613
2771 90
2121 3414
2160 1185
4682 952
133 3646
1355 1182
342 1974
4176 4374
4943 2009
4088 2912
4583 4723
1369 4762
4044 368
3714 4688
820 1457
3842 1210
4744 3541
3463 3710
1281 1632
3192 2481
301 1959
1174 1314
2436 2055
3800 4663
1126 1725
3126 830
3489 4932
2573 2628
319 773
3877 4422
3090 2171
1851 3089
956 2380
1295 1385
2048 3004
4230 2308
4222 540
3362 1441
3281 3597
2067 1921
4588 3204
4215 4819
2690 422
2207 2212
3964 3764
458 1191
2714 2210
190 3095
3076 1912
2047 2638
3627 679
4831 291
4556 4470
4648 1973
3450 3402
2904 954
1840 1944
4902 1781
899 2322
2346 2234
3448 430
3970 4420
2376 509
1996 4131
226 4677
1349 1113
985 4901
2197 3159
1307 4026
485 3702
2413 1055
3545 1624
1756 3980
3392 828
4366 2590
3015 2278
2058 1118
3022 922
2127 2435
2268 1493
3577 2164
2929 177
4431 557
3113 4020
247 3013
715 147
1796 1565
2199 3092
938 2013
4260 2062
2669 4752
4108 1925
2445 4983
2959 4533
1270 927
4644 12
1005 1938
3262 3792
4879 4414
1169 3097
1324 729
2930 798
2123 554
2407 1820
2521 1420
680 2336
491 2261
4872 435
16 1622
544 1100
1184 2166
1836 1672
4915 1512
4126 2055
3004 368
4117 1370
2800 2038
4653 1969
4235 1052
483 4141
796 677
345 1972
2007 1017
3457 3579
3251 4033
3442 3551
711 3376
876 1894
2951 681
1170 536
1615 1414
4679 473
4355 4259
1219 121
858 3177
250 4981
498 120
762 263
3388 3114
3191 1557
4697 1847
696 500
2426 1835
4500 3653
2693 1988
2184 2056
302 1195
1751 4385
721 567
753 126
872 3096
4221 2092
3653 3604
2266 3085
113 4565
2451 285
1353 4269
4656 2117
4874 4682
648 3710
3636 3368
387 2061
2875 4797
1697 4530
3070 4812
3291 2619
4515 1655
338 386
3482 2359
1956 1935
2815 2018
3399 4688
828 4171
954 1178
2151 574
4770 3329
4535 4351
2768 4777
2079 2719
70 1686
66 1643
4381 2578
3864 4835
4329 4192
4616 1967
3321 3891
3149 804
4952 3979
3151 4872
1666 499
2306 3779
4182 2864
3402 4320
4002 4796
131 3718
2649 1470
3139 590
3285 4708
1817 3451
667 4184
256 197
4442 1832
4666 1831
3516 1671
672 4570
4334 1794
1502 967
1465 4048
1834 1586
80 4654
1815 3252
327 2705
2739 1908
613 3979
1566 4675
3156 4481
1505 3121
2379 3111
1222 3910
4847 4836
3933 3080
1846 3143
4524 794
2319 3487
4580 2739
673 3181
4452 3329
943 953
600 4807
4422 4764
1372 11
3459 1107
2846 302
1543 1258
3496 145
3231 622
4196 2168
4790 1604
2522 3494
3081 4300
4135 3544
3356 1548
4135 2553
2589 4207
1502 2170
1692 3906
4340 27
3001 4111
1695 4999
548 1396
4842 4039
3285 1918
2290 1166
2944 2552
2970 3170
1936 3830
3554 1739
869 4721
1338 4849
2507 1936
4311 4488
2069 1523
3159 4923
1845 2327
994 4748
1888 3199
3331 360
621 3858
835 4053
644 2489
2524 4052
4678 474
4661 1217
923 2879
3577 2694
4085 2742
3632 4206
1580 1909
1010 2634
304 4385
1860 4085
4543 4224
4115 2813
4256 935
2643 1202
1475 568
1252 3096
4673 1137
2229 483
2530 4561
3281 2945
606 1448
2475 783
3250 1810
4136 3263
4495 2225
2849 4314
1600 389
34 437
371 687
231 944
3097 3576
335 2402
3721 1423
3760 3958
4075 2973
2111 765
323 231
2433 2874
1614 4915
687 199
2801 3355
4170 2157
2205 29
2389 4805
3568 4907
182 4497
1773 2630
1829 244
443 3839
3868 3301
2412 2994
3541 2147
4159 2837
591 3228
4182 3766
4615 1358
2137 1680
2221 2994
3523 2004
3197 2613
2121 4730
1575 3707
2300 397
1913 2376
4763 3331
2384 2348
822 1179
2550 3932
2199 3337
2602 380
4067 4429
1499 1233
1713 2098
2493 1241
3871 2661
1774 1629
4334 4461
1945 2706
369 2397
3672 4327
1215 2410
4921 3668
4202 1105
2105 1060
450 2809
4942 3302
135 3081
930 2593
2048 1099
4300 4568
197 2910
1376 2112
2120 2948
2360 4318
3858 2110
4972 1708
1330 1776
3590 2457
581 770
4917 4233
2456 1329
1780 3177
3816 1331
784 1179
2988 3654
3 1407
1007 2273
1826 1136
3512 2598
3356 3992
628 4240
2829 4639
3808 3541
312 997
3508 3096
1134 870
1653 1757
2116 1809
3814 2424
2821 3123
2736 3088
4778 3225
2905 2207
2240 836
2035 436
574 4895
1924 4559
778 1961
4379 2499
823 3488
1698 2745
355 4191
1554 4538
3196 3225
3166 1702
2823 3279
2565 1760
14 1614
4063 646
4437 4772
4037 2757
1736 417
4819 2375
3241 3400
4921 3626
1757 2700
1264 3001
3866 4824
275 2958
1957 808
3513 4455
3706 567
2256 2341
305 2761
693 927
1889 2365
3442 3158
587 2171
545 3822
4198 751
2099 564
2553 2978
3076 864
2172 4867
4929 696
582 533
630 2674
1386 1986
1564 3094
3510 3836
2070 2112
4649 1390
1028 756
2425 3304
3791 534
2633 328
2847 1397
4240 737
4484 3122
4466 2140
854 919
4995 3726
3347 180
2299 217
308 1925
327 1607
4049 3411
2925 3760
4993 4548
4456 1712
1305 944
2737 1851
1219 3810
1646 4977
3272 980
4722 1901
865 2574
4055 447
4064 80
640 172
2630 2920
3916 799
2005 2815
1926 3747
1491 3002
1111 4471
3917 957
4256 4864
2955 237
85 1294
1993 277
1847 2673
2238 3022
584 4486
1670 89
4836 1328
975 879
3697 4035
496 4110
2606 2698
4185 565
3016 1268
4330 4645
4991 4253
1761 1513
1812 2842
1065 4742
1365 4258
4181 4289
1715 653
3426 1730
30 1066
1152 1558
1844 1399
1123 3245
1540 9
4340 585
3859 2675
3251 2039
4518 3871
4538 4293
4856 3691
1868 1859
4736 1499
1033 4125
2039 3596
2736 2207
4291 2251
3588 450
3944 4959
4854 2168
713 3842
3900 623
4429 3075
4989 3037
4541 1502
4188 1779
281 4032
4501 2558
1940 3086
275 1364
3866 589
4454 1496
2561 3346
1170 4139
2129 4957
4253 4263
1749 4789
2112 1203
4888 2919
4980 3890
3821 2941
1949 2501
3070 409
3816 426
4142 1067
1658 4954
1563 1202
3224 4769
2372 4243
1871 3242
881 2971
4582 3145
3299 2016
3296 1245
1461 2413
2341 1721
2770 2986
3330 2280
3180 3177
1054 3101
1940 2018
3837 4958
4671 55
4602 128
163 3584
814 2480
2943 3858
1494 887
4147 4547
1886 521
2919 142
974 3374
3080 3942
4757 4996
605 1887
1376 2120
1430 3825
1218 4426
4007 1154
1104 2643
3505 1776
4642 1421
827 2625
3099 2291
3996 2686
1324 1967
1984 101
3675 458
4102 3489
1684 1794
3089 3746
1073 2544
51 3183
953 3674
1397 2605
3107 595
2229 2551
3036 2186
2614 381
2078 2134
1968 2825
2727 1396
335 474
2929 3452
344 873
3157 3301
856 1917
3654 4570
665 3353
920 4674
1816 4375
3998 4913
3009 4003
4344 1846
2607 2218
386 2677
3378 2011
2621 878
3418 4801
3554 564
2088 3101
2803 871
3853 3980
1846 3048
3743 1274
3560 1381
4999 2816
1375 1490
2355 428
1356 1669
4648 4650
1245 246
2685 1138
3229 1786
4392 932
3795 2487
3595 2035
1976 2231
1034 3855
3743 1448
2758 2190
563 4736
361 3161
1790 2974
2956 1006
2086 1565
4753 661
2674 287
3674 958
1119 168
4829 321
3555 1314
1493 1361
2165 1600
3301 2423
326 3499
2569 2878
3264 3400
1113 2154
867 845
227 2198
4403 2151
4070 601
1970 1758
2578 2903
4129 1546
4875 1736
3215 1542
898 2388
1468 109
1270 4643
4028 1580
4239 3791
868 4435
1271 1302
4456 348
4335 2019
4658 1072
2572 1359
3565 4209
3908 1832
109 2190
987 4590
3166 3561
3439 2568
4234 2782
3404 870
3560 849
2269 1273
4555 2301
1667 2048
1498 2128
4400 441
2758 2716
1673 3553
4374 1306
1412 753
4983 1227
1201 958
221 4024
2637 4702
1190 4467
1803 1097
325 2662
1534 3905
3533 1741
3714 372
2059 850
658 3897
689 1442
3738 1636
2722 858
2716 984
4666 4237
1786 3609
694 1243
2563 3927
56 2998
4941 4499
1897 3419
1738 4547
2145 2498
2465 3670
1153 2542
4267 2083
3315 3813
930 993
3499 3812
1142 3720
2197 3894
1119 3487
4119 4188
2158 337
176 4110
2220 4109
3307 337
1583 2620
3868 4528
2752 4837
1562 4688
555 4313
3707 3329
4674 4706
2429 2236
159 659
3373 1313
3875 1631
276 2772
1117 3068
643 782
3691 958
2999 2955
1318 2959
3812 1318
894 4981
3006 4985
4589 1740
4640 3613
1675 882
1696 4935
3744 1575
3548 1373
2108 4337
1561 3857
3704 3915
1496 1322
4159 332
4357 4254
1533 308
2404 1898
2573 4886
3962 2965
2692 142
1260 1313
715 4858
1664 4448
4035 3730
3482 4930
4809 3753
1383 2325
3648 1053
3789 4449
355 3833
2225 4806
4406 4116
3700 1958
1347 302
1106 747
359 579
3535 3363
284 926
2049 3446
3089 1500
4750 3346
967 4106
625 1830
2229 1250
129 1637
1574 1213
2351 1510
3129 1573
4925 4046
2179 1011
4202 3302
224 3561
1776 4310
1321 2678
3017 158
4727 4699
322 2537
3680 957
4300 2228
767 3667
451 3166
2271 3504
897 963
3419 2677
2882 4026
1289 768
365 4479
3243 1804
4372 3583
910 1450
4091 1622
4355 516
2354 3080
2279 913
3397 1922
1133 1495
1749 2080
2424 4833
4925 250
4607 2914
2346 4527
1320 3474
514 4411
1592 4851
449 3968
1083 3067
1406 1012
1149 2200
690 1471
4520 970
115 3762
14 1787
205 3884
2837 4544
4707 351
2894 2282
4392 1512
2469 4084
208 12
822 3082
2358 284
4282 652
2038 338
1020 2679
4438 3901
2188 3109
2690 1906
3568 2588
3688 3335
439 447
1207 4379
4432 757
3804 3798
4112 788
385 1587
3610 4486
186 2561
1567 634
4160 774
1223 774
1228 2633
2443 90
873 4329
4515 836
1841 325
3424 3804
1962 664
587 4501
2433 348
2468 3686
2732 269
3945 2441
2774 4534
4733 782
576 2004
454 4575
1056 3715
4055 649
4181 3905
3426 2137
4707 2596
2503 1831
4922 836
3245 3025
1101 452
2144 337
3214 3879
365 2595
2714 2594
799 3647
264 2095
366 4158
2105 1914
4980 4395
1110 1957
2899 1357
4671 1947
1514 4930
1080 1703
600 1052
513 653
2592 3134
3564 4853
352 408
818 4608
2463 3196
4708 1852
4498 580
4222 842
4435 2822
1286 373
4662 1709
2956 1850
2986 959
327 3308
3319 1836
245 2309
1863 4181
1072 4351
1541 2606
1376 2248
3321 4113
4259 1411
2753 1899
4378 1543
2751 3374
4836 3341
2948 1040
1805 4200
1301 2698
4471 4050
484 1242
213 3555
4227 1831
2692 4911
3189 2925
4634 1953
3699 4625
4043 4625
4212 525
1557 3029
221 2794
1543 1960
4465 2886
1755 4532
1213 1507
2420 1420
2493 1213
346 757
816 2464
2045 1188
4390 1440
4823 3074
4729 274
2113 269
2619 96
4969 4193
4878 2459
2565 476
3308 4113
2014 2228
3382 1895
4188 4386
3451 2837
111 829
4776 2426
3995 547
2987 3575
1597 4150
441 603
1350 448
2424 3827
4883 2614
3061 3984
2319 192
950 2354
696 4383
4847 1926
834 1318
3818 464
4372 3532
4177 1045
3203 1638
4197 4136
4559 1405
4203 602
4121 1949
1554 955
1048 2468
2178 2427
3903 830
654 966
2082 4003
4277 2544
3890 3231
1465 2629
248 1246
3770 1448
3820 2253
2682 514
912 3547
1290 1867
1839 3873
2444 4482
311 527
3339 1925
2881 3378
2684 1106
1033 1735
829 526
4557 682
1863 9
2510 2754
743 4348
1014 3173
390 2898
1983 1949
908 1243
3504 3097
1450 3964
1856 2890
3293 3934
1512 680
2408 539
3742 3025
1366 4769
4146 795
1881 2641
112 4403
758 2930
3172 256
4196 3845
2172 3843
2248 4359
201 1724
1540 1855
2930 1191
2381 3785
1360 3643
4902 232
2117 4846
4440 1725
296 4284
4158 3536
3696 4480
1273 1307
4092 1885
97 3423
3053 819
4692 3853
3237 3865
4785 3790
10 4943
856 1949
2142 3580
864 2959
4867 3024
3313 1960
4586 2236
2647 3804
4406 413
4082 2945
2675 417
4960 2442
2415 3290
1036 2001
2677 3381
986 2874
1754 458
2720 1385
4896 4693
4021 2187
4958 3221
3489 467
2880 1260
4451 1287
4494 3840
727 1522
447 712
3191 1179
379 3116
1548 1595
2198 4414
4299 3660
943 2303
4600 2813
334 2919
3015 1407
1452 3978
4242 3862
1591 2139
635 2524
2939 4888
4473 1484
3921 3080
2216 1740
4851 86
4484 3527
1690 804
4439 3428
2373 2097
844 426
1691 1781
2403 2658
603 4651
3306 622
4087 3366
4916 2494
3571 3146
4192 3154
3784 4939
2594 444
3617 3048
1352 65
4585 928
4174 4437
2127 1181
3594 4879
4389 1739
911 812
871 2758
4989 1820
127 4389
2868 810
2551 278
3638 4860
4623 1389
4693 136
1108 3376
1189 1009
4490 3951
3749 3215
1142 1457
1481 1905
353 4293
2195 325
2274 3397
1476 4985
4618 548
4377 1378
2132 2884
491 3770
2646 4937
2719 1622
493 1519
1590 423
2003 282
3108 789
3049 342
733 4543
1027 671
1950 2882
1697 2305
1732 330
2228 2680
1327 2833
752 1289
1380 45
974 1160
508 3458
3205 4144
3136 2581
3459 371
4155 3767
2460 3805
2589 3772
496 436
2484 2290
1692 1573
4415 2494
4951 1204
2126 4672
2106 4734
121 643
1170 1847
991 323
3679 2299
363 3096
4129 910
3275 1845
2214 2828
4596 482
1731 584
3043 361
857 3049
316 4093
2501 4710
429 3044
1702 4986
2547 4195
1448 1387
3804 2952
491 729
3554 1778
4735 986
2653 1006
2719 3798
4034 1686
3747 1863
794 284
3918 1466
4517 1819
657 3339
4166 3811
606 3401
2829 3141
3242 4100
2286 2660
4462 2269
4775 4430
1869 2200
3795 1397
1809 3891
2496 4819
3178 334
1635 2646
3420 4194
2659 1452
2115 1122
147 1102
3349 4121
2053 86
2582 1594
1523 3982
828 750
4639 4648
409 3716
4493 4729
1214 3891
4774 13
2465 155
2992 4685
4625 1199
4337 2901
2231 1498
3953 1449
4247 1383
1133 3873
3790 1786
171 4575
708 4619
2066 1166
1891 1750
4100 2130
2851 1973
4451 1716
467 4385
4423 4578
4399 479
3984 2949
2988 4962
2375 1903
2822 2495
3376 281
2421 3153
2098 4709
4608 4844
3948 4845
1302 372
2228 4403
3440 2350
4175 2284
978 473
4929 3823
4443 572
1966 495
3574 1361
1774 3778
2630 881
931 452
4543 53
3276 2906
3791 2104
4481 3764
3723 2420
1442 1303
415 367
4923 2783
3411 1780
1125 722
1652 2862
2789 2054
1538 502
2955 1175
2299 4295
981 1685
2287 1412
382 4776
4849 2424
417 544
2604 2095
4954 1463
3182 985
3123 2694
4067 1374
1699 450
4248 1580
1854 285
3673 3603
1950 1377
4239 2106
1023 1769
1256 1114
2593 1147
4987 3521
4169 4428
1028 1666
3693 4328
1014 2747
165 2375
4170 1840
3671 1814
3724 121
3760 3057
3822 2768
3193 3850
3696 3036
1296 3599
2705 285
797 723
2248 1728
3373 4600
2386 1562
4171 4856
3938 111
4983 2843
1701 1354
3759 1964
4483 3180
2724 4641
3896 2858
3976 238
478 1126
3664 3786
726 2828
4785 70
247 4328
165 3314
202 726
4658 3193
3645 4906
444 2478
552 3160
3257 1649
3094 909
165 4540
440 2705
548 2682
906 1537
965 2856
2994 2615
2054 3236
3804 3114
4798 1356
6 1258
3058 2697
2025 4430
4670 3233
1552 4907
1552 1763
4822 4668
3618 2135
3762 4677
61 3520
2454 4404
2441 1173
2237 2604
2485 1115
1516 1435
4947 4414
3570 1046
625 512
1883 1475
3150 467
2749 1340
3361 405
265 2421
1383 3600
4882 1670
4817 2578
170 4998
891 1076
4815 81
2843 3867
3784 3538
3412 1485
518 3239
4560 3014
221 1533
1545 2657
428 4950
4941 1982
941 2935
2802 2140
1895 4579
2099 4919
4448 3036
1179 4212
4751 947
2833 2706
3550 3812
4775 2349
3209 1107
3768 3034
591 1916
46 3467
618 1129
4927 4135
1359 2335
226 1301
4809 2805
2088 3239
2405 3215
4900 2765
4657 3853
3004 4277
4035 3233
2723 1833
4206 1326
2211 57
3195 2088
2060 4382
3755 155
4670 4435
277 3647
4312 2151
4228 4428
217 4790
3937 1597
4374 2194
4163 1475
1278 3154
4100 4447
2244 3608
79 2967
3709 1174
3976 2638
385 765
952 1781
3265 3981
3601 3903
2766 3937
4930 3966
3478 4853
4927 3901
2876 836
75 3212
4487 4614
201 1416
4288 1808
1066 1485
382 3974
3 656
1852 1206
2299 2744
3415 715
1401 2100
1152 102
938 519
732 2447
3890 2008
4180 466
2362 2237
3712 2029
1212 3565
4778 1874
2233 71
3016 2966
145 356
4469 2602
1179 2470
1632 2094
2574 111
2791 3911
3847 4412
4846 2619
2756 1144
131 3933
806 4640
3642 4690
2568 357
1813 3485
1500 157
3434 4367
3780 298
1854 2947
4731 3121
4930 334
1214 526
3717 3225
1852 2374
4425 1206
2897 347
2058 1168
1078 4210
3699 1961
2599 2413
962 3188
2766 4987
4908 3706
1789 940
3807 11
3347 2045
4978 1853
3373 4451
4366 1708
4199 2908
1568 941
3798 3559
2026 3720
2373 42
1382 2211
630 4143
2209 3692
4859 3246
2958 4987
1112 3348
4716 2150
4758 1515
181 29
2228 1453
3499 2263
3877 3996
4781 682
2775 1401
2008 2836
2110 1413
1823 4931
1381 4950
2744 4605
2984 2230
1496 1969
1136 1403
4920 4533
4614 1492
3980 3425
3947 4498
3089 1126
1327 963
1254 1313
4401 3245
1538 171
2692 2665
2072 2986
4609 3360
88 4567
4952 936
4477 1051
1961 4108
973 238
2978 567
3010 3876
197 873
4920 4472
3730 4743
1695 66
2546 2267
4818 173
10 4886
4451 4255
456 3839
2101 876
3545 418
3964 3067
3580 133
3256 4722
47 3613
587 3302
1044 2038
2679 834
3282 2268
2512 4177
183 1877
363 767
136 4521
2264 829
4627 2899
1078 2647
1417 2844
1763 408
2970 240
1290 4310
1620 4483
3509 4577
3832 4382
3257 219
2024 420
2604 257
931 717
1274 3301
4930 4751
3044 1851
4928 3675
4930 1534
2807 3923
1592 3382
2258 4468
2268 1418
4235 3557
2023 1493
3297 706
1419 664
1174 1653
4617 3956
2616 2770
3018 1267
3194 3491
4477 675
2407 4729
698 4358
4903 3971
874 2419
1243 292
1950 4312
4386 4875
2362 1147
3005 4584
3589 3217
3029 1186
1568 4362
4531 3612
695 431
831 3258
3355 4532
1959 842
1867 2154
3098 3820
774 4166
1740 2041
1436 2242
2132 3253
4008 1833
4004 1811
4163 4157
2254 1032
3646 3453
4251 1572
1163 2750
4446 1923
3418 3843
3675 871
329 4536
3271 4963
2712 3205
4959 2056
2431 1794
1784 2448
1100 714
2291 1069
4339 3131
585 4667
4669 4470
2173 3502
3437 1016
1842 131
2494 2179
2886 692
4449 1967
2131 4024
3475 4672
3033 3073
4005 2317
1965 4751
3421 3853
3000 970
1732 4806
4455 2730
2992 1411
1182 4449
3805 124
2974 3195
1457 4225
2176 3083
2301 968
3355 3268
923 576
3875 2128
2083 3388
3265 2469
2095 2267
4775 4849
3380 2193
2476 3745
2044 4703
3916 1073
2801 1470
4331 2587
3027 3079
1975 2208
4887 4743
2637 83
2420 1614
3520 3529
1695 4389
181 4416
1601 2526
2615 299
705 301
799 4613
1377 247
282 4585
1495 1659
2984 4238
2954 3445
3594 1818
1317 4937
475 2764
3480 2294
3281 4297
185 4264
4406 918
4039 1452
2195 44
1075 1094
1629 2361
3898 1844
486 771
21 1670
3548 2344
2243 2282
1344 3938
2912 872
3272 25
4306 3735
3034 4591
4740 1603
964 546
3286 253
3639 3818
1775 2357
2221 2256
2125 4320
819 3144
9 4004
1488 3631
338 891
1274 3717
1675 101
470 1851
1666 127
459 2191
1413 2742
680 2892
2950 1134
4579 4717
3998 3648
2877 2405
3595 1526
2393 4783
4223 1655
4978 4424
3489 1927
4791 2173
3505 4510
3366 3473
1214 3138
1442 4978
2347 4085
1328 1991
1860 2654
2398 4494
4568 1782
4248 3812
2459 1388
3985 4669
449 2596
2395 4348
1611 2288
1247 1660
3882 1046
4455 427
2210 3731
1733 2415
1181 668
2344 954
1963 1323
3754 1275
3599 119
4646 312
988 3501
3453 1412
4556 1811
4249 1503
838 986
4239 2694
1073 2330
4501 2001
4793 2663
837 486
259 1967
4517 267
3363 2205
4466 1755
1579 4383
3652 2230
3849 2959
3232 1996
4079 4772
1252 1083
446 2966
1579 1648
4706 4000
3540 2198
1505 1281
2358 3540
256 2123
3966 3997
3230 2023
3215 4635
961 4596
4522 1205
4422 2904
3825 2268
4681 1537
1327 3418
4463 1939
4976 1037
1782 120
4064 2720
4976 4119
3981 255
1786 679
925 2229
3967 955
94 4587
4880 3494
2336 3243
2468 1497
3392 2163
3292 553
4411 1406
1238 3982
771 2229
2683 1996
1703 1239
3428 931
180 4970
2978 612
4234 1432
3185 3391
4600 4257
760 2284
647 1638
1227 2573
945 2941
683 4685
3868 1582
174 56
3485 3600
2278 3542
1291 3628
934 784
2484 4611
561 4983
3978 3411
483 2176
3914 2685
1642 2855
3693 1125
3932 2875
4116 1311
2738 1587
3578 1533
4468 2392
1460 555
4355 1407
3090 611
4195 4657
2298 3903
3016 1441
249 2562
2865 2624
906 4121
4160 3782
3533 4907
549 1516
4138 3910
193 800
1371 3227
4707 4535
2864 3253
1710 3530
4835 1461
684 3553
2691 449
2696 2935
3274 219
4012 488
3148 389
4046 1190
1479 1570
4247 4486
3821 3488
4877 4055
4199 1102
3195 530
2244 4476
999 304
4714 1918
4336 159
1246 2443
1741 367
1907 1884
342 4321
1843 136
342 813
3134 1620
1773 4776
1423 3779
968 3529
2438 3591
2365 3241
1175 2619
202 2264
4314 3322
3765 4966
1431 4726
4138 1290
903 2644
1566 207
739 4329
345 2787
2606 2388
2285 638
2287 2047
132 4512
4804 2645
1118 3301
1948 4872
3794 4684
3303 4798
704 4160
401 532
102 1186
3991 4327
1905 4016
216 3661
4121 4794
617 3175
2226 4906
4204 2200
4030 4055
4975 3783
448 1597
4106 547
1133 4595
2876 3161
846 4690
251 4888
4400 1202
3063 15
2063 768
1386 2162
4909 4792
2555 3847
3741 4599
2255 3299
2013 4455
4142 1515
1434 3906
1110 1101
3171 4486
3645 2188
4150 2720
2223 4729
3136 1421
32 3208
48 1430
4603 3153
517 4954
3454 4508
939 4819
2341 3118
659 961
4500 1234
3553 51
2734 4252
3057 4403
3997 617
3366 4553
103 3715
1184 1115
2995 18
2190 642
2260 178
1660 2959
4226 2226
3682 519
2195 234
4086 1469
3239 1984
1141 2731
1828 4864
4559 1551
144 787
1097 4847
1784 903
2659 2204
3947 2521
1260 3503
3309 3491
4226 3384
3714 2052
2628 2843
2683 579
1144 1716
173 2436
3093 3847
4817 2940
1102 1663
2866 943
386 2121
109 2207
2115 4199
4547 1227
2620 3869
1493 1924
3253 43
181 370
310 566
3210 3433
1831 554
1974 2654
1145 153
2239 4323
3071 3126
2201 2491
122 3305
845 854
2137 4122
193 2879
3337 4714
1190 623
2028 3524
4929 1923
1309 3951
1756 1121
56 1513
3901 4844
2467 1694
1907 4930
415 2966
844 2233
1796 4055
4981 4941
361 4660
2722 2666
2262 4792
1798 2874
1697 632
2693 3019
2637 4920
707 2154
3848 85
689 2339
488 3905
1093 4344
3055 3665
878 2104
265 4871
4658 4719
236 2373
4157 2188
4004 2176
3227 115
2455 461
2018 4833
2290 3048
1965 1639
3113 221
1762 3635
3365 3577
184 1717
4654 3928
629 2064
1665 3369
1558 799
2013 1565
1520 645
891 1707
2361 548
3309 3383
1038 3811
271 1928
3520 4419
852 4272
4254 3459
760 4408
2428 1377
4801 3379
3681 2527
2013 2226
2405 2152
1460 2791
3194 3314
864 4624
3912 4249
687 3015
1863 485
1199 3391
712 1768
877 2121
2834 1298
1681 736
304 854
514 3251
427 3814
3122 1451
3153 164
1697 2865
3628 3337
414 511
3559 2920
1260 1098
2811 4263
547 2768
3875 2560
1106 1036
1973 464
2868 1727
52 2755
3269 1042
4777 3701
192 3454
511 2586
1174 185
1998 769
2099 474
987 1570
1160 2611
3938 572
365 1649
2053 1782
1932 2686
2444 756
4272 5
4667 3616
4057 2049
1641 745
3994 1749
4725 2440
1211 2878
528 3434
409 3929
960 495
1492 461
1763 1248
906 690
937 1781
3437 499
4997 4175
1182 2991
4976 3066
688 2154
4729 4562
1285 4104
4535 2667
123 707
842 4401
1232 2062
472 4451
1877 2292
3560 2693
1952 2332
803 993
4762 688
531 2217
2585 3805
989 2955
222 642
4039 2117
2306 2936
518 3398
4055 2777
207 2116
1264 1843
270 4676
817 2722
829 3225
2164 2577
3678 3720
4290 4914
920 3670
4736 3523
2437 1328
4312 3299
3892 2714
101 1516
182 3922
4750 732
1307 3401
195 1626
1462 4642
1400 3302
3395 4131
4758 3394
2850 4934
3654 1628
2836 1858
2804 2426
3353 1880
999 4479
4141 3091
3457 940
3475 3162
3369 4047
1252 1442
2491 863
2693 3098
1678 432
4967 707
194 76
3765 3446
144 4380
4924 1616
2155 914
4862 1534
3618 2995
3601 2679
1986 3965
2372 1968
1307 1623
2205 4493
1170 1529
3351 458
2207 2260
2680 4240
190 275
209 3559
4986 2171
1096 4480
4116 174
858 4296
3402 379
1991 1406
3035 3643
4588 3483
3337 3933
288 1926
3821 3127
4302 1617
1773 963
3158 43
3170 2409
3905 841
2604 1469
3460 2558
3514 3940
3011 199
947 340
4436 2524
2249 3965
1676 1766
4232 4428
3717 1512
2584 3188
3441 4627
1200 3670
4400 1213
3398 2903
342 1110
2172 3545
305 184
3859 4890
939 3397
4491 1935
2777 2015
326 1286
861 1272
2739 298
12 3592
1175 1903
2146 151
203 3455
3184 203
1881 616
1660 1553
3420 4976
539 2158
3951 1574
2163 411
4613 4983
2142 4047
1275 1810
3222 4925
2152 4939
2255 4457
145 1441
2059 3463
924 1657
4953 569
2733 4714
1144 4995
4187 4721
663 4489
4803 2922
1733 3636
2120 726
1817 3070
4523 1863
3346 4766
765 976
4283 911
822 1373
410 34
247 584
2673 1831
2313 940
4602 290
4859 2057
3551 4111
3974 2973
3363 643
3286 2400
3903 1757
3428 2649
2954 4565
4139 4828
865 108
306 1921
4096 4509
3873 330
528 2816
4422 1119
4293 2282
3781 328
2194 1392
879 4893
4937 2587
1996 2989
1695 4943
2675 1807
4000 4537
1465 1542
2025 2008
991 638
547 1291
612 4033
1042 1667
2844 885
416 503
3640 3304
2862 4079
4875 4153
1792 3034
88 2832
1175 4234
2461 16
2377 185
1256 61
2229 2018
2084 2886
4576 947
2559 2913
1829 4709
4630 2397
3253 618
4155 2013
2747 2054
1160 4252
1565 916
234 4172
2687 4881
668 214
1845 511
2467 3388
2775 3926
3867 2910
130 1404
2914 615
3323 4955
3227 677
3339 3343
4270 1433
2475 219
4854 2024
1 1154
1709 4162
645 2790
1254 3251
4329 3318
3335 736
2597 2813
1754 131
860 293
3459 3225
544 1607
4610 3229
556 3538
1391 3651
4045 1712
3936 1181
826 2340
42 1289
930 4625
3290 2519
3907 613
1127 3765
3901 4437
1246 1878
775 3734
1104 716
2043 547
1567 310
4883 330
2743 2385
3628 3762
1031 3137
3214 4186
1060 3422
4976 1432
2672 4331
84 2183
1284 3647
1046 7
3908 4198
4723 1053
1102 2771
1240 517
4385 943
2026 2805
1251 2318
