25
422
127
49
80
-1
437
401
33
5
183
4
426
303
23
181
367
666
149
190
522
409
364
368
650
149
162
673
206
34
386
374
121
376
583
261
265
234
220
364
497
542
490
124
281
3
470
361
54
247
86
19
498
183
674
486
264
82
376
104
171
237
184
289
179
241
349
306
124
81
182
70
173
183
488
34
262
116
351
253
139
280
600
379
118
288
269
95
540
521
237
119
511
221
109
488
84
359
252
405
590
585
432
390
449
368
178
25
87
146
152
220
694
62
303
232
238
227
266
264
212
243
458
30
17
152
345
200
81
238
30
395
253
393
289
497
295
350
64
407
113
302
215
496
37
14
131
338
344
84
50
269
24
377
112
54
367
125
407
441
282
86
22
537
483
214
52
459
202
257
46
597
356
424
18
495
410
26
106
49
597
165
215
36
546
72
286
419
126
588
121
379
619
322
366
117
87
420
206
377
511
660
187
239
235
28
172
57
287
51
343
692
122
341
74
18
611
6
175
22
470
271
514
10
175
203
447
355
13
92
542
610
32
91
178
232
92
140
374
425
156
554
385
350
586
158
258
129
440
428
273
75
304
514
367
126
374
201
226
19
119
118
144
168
214
84
275
78
219
4
427
542
254
322
39
51
104
31
34
473
558
296
49
58
229
517
209
647
211
347
108
115
96
118
235
347
251
484
45
255
143
276
327
138
343
48
50
335
49
332
49
181
48
240
38
341
550
398
86
399
4
150
367
369
90
191
172
353
59
143
314
119
97
211
78
313
377
124
460
48
262
2
468
7
159
138
346
108
109
674
158
323
294
239
227
19
214
174
52
479
559
288
216
79
237
198
553
439
247
16
43
689
427
463
43
59
61
440
87
544
521
256
642
95
428
465
210
678
7
141
513
299
18
445
112
389
105
187
224
62
170
174
110
128
198
138
160
345
137
528
270
43
427
36
29
405
569
127
66
50
11
120
242
72
172
278
385
415
531
30
47
483
74
417
14
279
519
615
189
200
28
486
288
128
374
559
323
110
330
179
167
408
363
51
87
456
152
554
277
39
124
47
179
8
155
135
147
4
60
1
156
413
178
322
194
646
26
169
105
316
101
273
224
580
507
208
125
170
152
327
355
257
310
30
385
100
35
295
325
378
724
224
137
125
80
371
223
138
65
180
302
187
267
124
19
107
149
87
551
143
48
11
361
694
458
101
101
365
66
222
38
211
112
45
492
110
46
289
176
115
72
241
265
343
152
349
104
313
235
494
56
97
147
308
255
233
540
233
211
322
153
510
34
69
439
408
405
224
11
612
14
34
600
14
297
89
88
22
21
201
460
74
95
415
158
491
494
340
109
156
113
16
446
14
65
105
249
273
147
90
53
60
176
105
229
71
474
19
42
33
43
120
41
5
370
110
309
28
128
492
549
229
375
20
14
13
44
203
-1
76
75
295
463
87
164
190
31
461
490
359
311
26
16
212
82
0
225
83
121
214
49
163
131
412
294
535
298
173
446
83
416
379
35
578
11
225
298
404
435
281
23
359
206
247
169
272
99
210
12
128
600
254
250
283
409
266
229
226
182
148
486
436
116
357
148
138
189
224
98
88
156
31
17
178
406
107
146
117
298
444
88
250
188
364
85
194
183
185
129
236
253
14
333
74
314
514
53
-1
336
216
226
126
336
139
163
293
43
175
146
152
537
121
71
117
346
5
586
414
395
25
10
82
443
499
263
516
294
558
264
138
560
715
15
373
78
291
20
550
183
148
198
197
351
71
88
89
351
721
154
481
4
131
56
516
71
41
175
178
401
345
228
197
240
66
182
405
57
4
88
255
158
110
609
398
264
218
168
356
78
114
-1
423
453
570
81
242
56
3
114
318
87
180
615
102
571
165
444
201
33
80
139
61
128
74
288
328
203
353
88
442
315
79
49
351
5
196
99
151
208
63
37
523
34
116
444
11
160
75
633
19
257
166
182
611
364
478
141
255
441
156
39
83
211
251
121
575
210
108
265
423
28
123
337
305
337
481
318
225
120
65
114
396
247
206
155
92
612
41
44
94
251
592
214
378
88
95
161
185
542
661
24
120
78
274
435
105
204
2
258
81
106
456
367
535
107
88
55
422
29
306
768
178
109
289
104
437
282
76
200
243
169
181
7
65
293
495
622
276
259
606
599
272
13
594
319
302
592
115
345
75
217
246
146
64
359
130
189
140
79
296
636
188
201
69
75
169
99
385
209
57
110
309
93
240
297
676
450
13
188
241
59
239
44
137
410
264
129
356
81
479
4
65
231
579
91
306
329
522
89
143
43
335
367
328
63
223
155
189
355
184
173
243
58
46
37
124
26
74
71
194
51
32
82
11
345
354
280
685
343
366
443
238
55
32
311
136
76
93
432
128
206
420
118
68
31
39
499
135
242
98
399
52
126
575
35
243
552
590
453
506
175
334
343
70
358
264
336
149
201
396
24
39
20
318
527
212
80
58
57
377
396
67
34
541
27
416
256
148
332
349
250
38
166
246
129
244
372
68
405
501
224
231
438
408
154
73
395
274
442
248
251
57
126
129
80
388
132
254
566
150
49
390
485
102
104
456
553
393
128
300
335
10
297
316
9
181
94
70
201
183
7
538
3
142
269
600
563
687
157
233
157
268
267
211
535
72
509
136
116
405
62
206
304
332
93
637
19
297
56
592
209
62
327
226
239
144
205
277
91
397
569
450
223
137
19
145
87
409
438
128
427
251
127
581
223
117
75
290
688
245
509
277
280
107
95
118
323
183
496
408
197
104
311
44
115
24
6
189
31
208
233
23
309
113
270
440
70
383
249
253
193
205
239
37
248
100
150
371
27
384
425
229
61
475
59
522
2
109
281
345
596
141
199
227
57
498
276
33
310
50
39
99
277
16
10
398
122
90
228
122
48
498
261
51
538
263
76
275
43
428
24
134
136
99
213
57
188
32
250
261
405
248
179
51
134
111
64
214
43
101
155
139
210
139
533
101
270
665
54
245
671
152
538
221
571
223
16
400
192
28
44
76
195
138
435
86
140
354
252
93
59
306
194
397
346
278
37
116
73
490
12
411
309
68
36
154
134
154
384
31
477
260
88
37
59
81
133
11
12
457
114
189
346
223
207
134
445
341
139
419
155
533
73
145
64
281
250
568
37
333
332
17
274
219
60
31
84
197
123
135
312
611
421
183
108
48
49
225
170
115
87
234
125
89
565
81
353
56
196
586
83
33
172
213
493
45
241
322
332
402
250
183
581
227
428
350
420
301
540
495
349
18
675
28
105
406
32
318
297
174
614
389
121
96
619
322
23
516
34
75
128
416
175
595
375
172
212
359
224
496
326
490
152
15
51
21
537
99
189
30
324
483
143
229
205
72
74
202
52
166
566
81
21
46
87
17
91
63
456
380
6
234
460
91
665
159
315
353
100
53
485
418
406
387
432
315
227
349
11
286
230
34
99
385
158
344
105
287
153
265
197
239
91
318
8
41
90
238
115
22
261
170
382
232
188
104
577
161
49
194
92
140
96
444
371
38
67
274
254
462
180
358
32
60
254
123
410
330
382
264
202
632
2
425
596
35
52
728
299
620
592
123
237
35
399
375
112
40
107
17
26
368
327
64
13
416
114
260
2
177
355
266
76
287
145
280
186
309
43
160
698
281
137
112
548
169
341
181
450
358
193
149
235
26
382
435
223
447
36
308
29
504
33
71
279
588
383
179
661
136
270
321
269
109
163
10
292
23
365
432
400
520
156
510
115
305
383
109
254
300
280
152
226
670
103
78
238
7
29
449
34
59
388
228
230
162
114
370
292
315
256
392
269
581
244
19
225
137
22
395
241
145
21
605
409
215
391
411
88
567
53
124
325
632
111
41
147
208
8
720
33
456
261
478
426
69
220
262
168
33
291
453
102
477
551
304
48
452
8
451
88
155
20
26
79
1
11
503
63
308
243
49
17
275
286
542
303
320
140
175
92
1
74
541
272
715
474
267
394
76
245
618
87
218
80
111
100
529
566
173
112
474
97
170
100
211
590
164
347
286
182
198
126
668
104
219
275
285
175
4
567
167
258
14
119
159
266
501
177
99
61
151
163
588
447
66
344
558
527
181
79
227
384
145
278
5
20
59
677
199
214
317
197
205
228
65
307
371
415
315
198
171
266
46
575
209
302
284
259
96
216
90
76
388
239
62
188
456
192
145
274
500
38
322
244
557
219
204
214
360
331
219
325
194
207
492
155
2
13
138
80
20
471
149
274
297
294
80
117
174
29
476
196
142
103
397
120
360
62
168
7
299
128
108
17
596
126
116
398
357
219
190
472
351
103
608
152
383
265
133
296
77
283
110
3
190
6
50
228
88
312
174
178
292
188
11
134
229
99
288
13
495
367
396
164
218
241
418
250
265
205
406
345
138
282
236
126
408
78
105
333
176
342
186
423
63
527
369
255
126
60
175
55
330
412
160
25
80
215
462
78
271
128
229
10
316
2
60
192
190
562
141
95
30
83
27
676
73
72
211
525
232
391
360
183
120
12
385
489
388
283
24
294
505
625
158
30
86
141
400
313
149
195
49
449
207
24
329
86
202
30
288
5
364
129
5
30
137
437
167
645
496
88
220
30
275
21
56
194
86
213
208
173
16
214
252
37
393
468
413
251
71
477
47
375
183
289
357
546
160
182
58
73
303
33
39
263
51
143
404
359
229
577
215
419
213
180
29
450
170
306
281
385
255
262
51
82
43
67
444
589
601
68
545
100
266
80
87
79
372
115
264
19
17
176
461
319
613
233
603
130
172
213
267
380
542
29
73
231
586
248
88
312
396
215
639
175
147
389
186
490
14
125
164
185
309
502
189
485
32
69
267
573
174
316
611
424
207
80
517
510
66
310
136
210
151
6
9
347
115
473
310
605
299
459
291
280
433
171
118
147
26
391
275
599
205
585
173
257
-1
126
79
433
52
56
228
191
363
36
430
181
127
308
80
204
252
14
310
247
36
208
149
271
322
595
338
396
433
1
5
676
102
609
27
626
9
70
603
78
380
444
51
398
19
517
317
15
28
54
39
581
539
56
66
138
273
566
133
46
151
557
130
5
22
170
4
370
260
152
63
163
235
56
517
329
247
36
172
290
371
61
173
113
41
588
3
-1
88
230
23
244
468
478
206
431
298
346
109
16
162
8
195
476
121
431
2
627
124
122
130
282
387
75
184
129
535
224
140
86
113
86
345
35
205
414
442
144
445
177
175
305
555
210
95
373
263
103
31
17
109
536
14
449
541
268
7
77
96
34
51
109
423
293
234
179
342
28
147
80
192
39
326
242
134
349
265
327
107
8
586
274
89
271
391
146
71
82
18
237
96
204
131
177
206
194
513
286
444
12
154
255
343
58
644
105
136
506
268
143
79
243
121
93
79
434
21
337
72
9
254
231
50
34
283
16
66
115
116
415
197
335
283
634
176
294
619
227
271
356
98
15
231
362
68
211
239
55
419
140
135
355
582
98
464
146
50
45
61
175
239
103
113
320
291
428
111
60
391
500
237
141
454
112
106
55
388
56
215
51
245
12
564
236
619
154
409
129
667
301
397
749
215
387
294
379
420
511
148
385
198
276
468
422
394
256
632
567
127
181
86
472
77
220
506
263
210
579
321
142
107
57
158
527
93
413
546
173
327
347
242
91
660
48
565
575
195
47
404
113
168
431
6
523
236
66
325
274
105
356
60
595
402
165
133
5
181
72
170
188
418
58
66
103
548
575
327
345
601
145
400
129
136
79
407
92
171
421
146
236
331
69
81
128
562
299
2
318
203
17
599
121
116
168
85
331
300
247
186
307
141
79
581
257
392
469
246
178
14
269
240
308
309
342
57
269
98
459
73
496
461
121
591
346
8
453
377
146
385
69
192
204
176
225
166
36
323
677
371
324
88
466
398
245
272
101
351
104
281
36
213
576
591
115
57
313
143
88
714
123
344
32
52
580
35
116
529
494
412
143
16
274
493
238
703
372
195
446
545
215
209
255
57
427
39
191
35
280
79
125
132
467
420
359
34
530
424
45
562
321
99
145
93
399
242
131
184
9
68
425
6
680
315
422
82
124
37
8
121
32
314
274
331
454
54
461
159
212
410
472
186
125
639
58
84
195
145
111
127
204
289
8
536
270
616
97
549
315
227
286
497
46
176
432
381
342
21
118
371
74
457
307
109
62
156
2
316
272
103
8
126
141
70
313
21
168
46
496
335
216
270
236
103
407
107
218
189
583
134
99
79
126
495
3
313
149
224
445
71
365
115
451
220
412
385
535
396
305
175
25
483
359
182
374
53
326
28
252
414
237
125
81
348
55
64
211
128
440
480
326
625
634
375
143
193
217
464
123
319
280
336
175
197
315
439
605
105
419
116
254
190
579
501
535
64
50
120
580
290
244
229
620
211
87
49
25
84
191
463
380
96
112
379
178
419
68
350
49
84
510
206
28
350
106
2
69
44
405
247
67
136
52
68
554
493
85
114
427
279
443
243
42
19
328
203
223
65
373
117
207
363
4
178
62
134
232
15
176
61
356
370
143
186
228
12
572
126
369
341
199
255
51
322
316
197
328
435
222
22
274
361
307
173
146
458
209
136
224
137
204
429
147
336
478
109
111
211
387
49
474
285
409
325
196
367
188
6
367
427
244
15
63
24
251
129
113
40
235
30
226
501
109
438
335
237
324
3
356
165
311
115
201
27
5
374
588
113
463
68
331
79
599
10
546
456
42
408
299
624
157
274
57
563
280
399
3
132
433
201
124
232
314
40
483
256
313
258
526
323
60
34
168
666
172
22
431
652
153
487
380
268
212
196
240
18
77
283
144
278
164
48
98
228
380
655
188
417
445
333
38
450
8
324
272
345
137
550
364
169
170
187
387
193
157
2
87
438
346
627
216
302
122
90
466
755
555
166
302
238
258
161
419
80
293
339
54
6
413
75
245
280
92
494
338
233
381
14
137
677
435
335
413
86
477
191
241
310
239
371
270
110
74
639
106
222
31
107
455
201
67
450
140
24
437
266
89
143
646
82
226
317
232
595
76
214
160
233
134
171
421
42
105
180
418
163
203
461
125
129
666
587
217
78
11
126
296
554
3
348
179
27
77
200
254
226
399
28
25
227
77
61
80
547
186
116
157
517
171
616
344
499
73
54
268
345
463
347
356
411
568
53
569
464
539
41
197
385
198
235
62
115
252
118
352
44
250
504
147
432
314
618
629
117
449
204
108
434
316
303
344
52
483
624
395
346
402
425
347
381
147
76
451
53
557
553
31
391
56
292
297
339
361
336
260
265
158
656
235
374
348
64
65
284
128
241
9
250
483
179
137
112
315
3
190
705
128
100
301
57
352
417
559
520
139
88
487
53
189
177
518
27
125
482
189
41
45
428
160
52
61
329
94
342
587
315
228
336
75
321
64
161
169
345
636
206
284
279
54
236
478
472
193
34
329
271
339
163
325
466
4
110
83
116
685
194
36
248
214
335
190
152
380
95
682
2
43
87
79
230
82
138
392
283
325
301
433
80
79
360
125
56
193
5
318
120
166
350
395
12
306
657
251
566
339
60
153
121
282
415
279
431
143
281
23
279
275
362
90
327
28
15
143
314
16
60
251
17
222
390
244
206
107
401
158
32
389
10
99
76
106
100
329
370
436
664
178
57
223
183
436
187
25
406
66
292
243
241
288
5
65
179
460
152
173
84
157
252
481
188
170
706
409
328
288
313
57
96
399
188
261
130
335
273
204
200
631
302
136
17
70
311
45
289
304
48
509
161
72
333
558
93
114
112
214
236
62
441
195
175
370
420
466
569
87
368
258
3
23
13
92
167
427
50
463
47
565
24
94
457
65
144
530
491
523
156
574
312
83
226
68
114
41
44
73
173
220
468
177
25
537
211
227
152
123
41
150
207
153
205
418
575
309
79
302
46
486
292
642
111
20
530
6
392
193
58
581
383
206
28
33
206
397
478
95
271
470
176
320
233
127
165
111
50
203
259
37
53
391
20
506
299
321
193
471
408
67
489
342
394
44
331
252
324
30
633
185
359
356
412
399
224
192
171
174
268
411
14
157
359
164
23
130
666
9
175
579
541
16
357
133
41
510
212
114
37
158
150
411
47
143
212
242
19
130
262
111
73
15
6
86
153
213
309
472
16
19
20
98
337
230
43
540
327
163
411
488
159
107
24
35
130
285
344
167
336
82
437
89
529
547
367
148
68
100
226
254
170
255
327
2
239
319
304
121
16
367
394
52
176
293
357
327
220
55
271
246
247
304
274
385
129
635
52
140
395
216
322
739
548
563
453
8
290
374
197
173
137
342
34
251
354
258
64
151
63
344
168
574
182
166
172
358
133
122
362
270
23
103
239
480
127
84
128
238
329
439
376
224
179
118
78
120
352
256
167
147
22
410
599
199
163
171
25
44
139
6
545
267
156
375
279
109
69
31
69
25
106
548
136
238
146
122
224
201
48
208
383
379
170
69
49
317
540
179
185
336
627
254
176
452
99
303
116
176
561
261
120
76
372
519
239
244
300
237
103
81
483
418
514
247
16
105
23
437
423
429
343
104
5
601
594
141
324
685
337
203
447
466
230
172
20
60
146
50
11
111
576
321
99
358
45
292
92
28
89
192
173
381
66
433
308
105
73
32
453
261
371
499
85
342
264
287
200
96
382
236
30
62
202
211
75
124
630
177
603
504
271
167
227
8
104
85
508
50
307
69
148
619
203
475
207
291
36
196
403
512
69
503
131
178
57
267
373
341
112
136
148
100
384
354
342
402
8
260
344
398
479
385
386
114
604
498
51
10
280
50
461
207
21
112
166
662
25
162
46
478
166
164
148
15
390
574
55
219
293
412
265
46
189
159
149
319
178
354
226
482
653
107
341
304
51
247
113
279
259
161
59
116
410
133
330
89
105
244
49
191
439
328
111
626
42
220
503
101
170
14
157
29
420
394
268
67
12
505
94
16
613
10
231
250
3
371
391
12
46
492
362
261
65
169
241
107
234
421
15
197
577
149
373
260
282
4
161
225
161
473
447
226
34
296
157
158
403
275
276
273
475
172
213
136
137
104
72
126
339
395
557
67
111
189
167
107
236
361
648
56
274
244
184
197
499
366
30
64
202
246
98
329
87
271
570
206
509
52
51
25
109
580
169
108
449
132
437
191
146
285
510
491
492
474
220
44
395
198
193
126
196
345
322
477
89
219
190
70
149
209
40
119
148
299
192
224
361
159
476
19
118
204
561
195
290
4
208
341
105
392
413
560
70
302
36
338
397
34
3
189
186
321
38
414
31
475
313
55
169
58
226
674
562
160
15
636
286
129
88
458
114
367
451
84
20
405
438
517
502
476
634
254
69
362
184
109
312
685
444
150
125
126
157
264
216
70
84
491
27
448
61
177
411
9
37
125
347
25
139
517
48
188
198
6
570
257
119
536
75
193
137
118
173
80
288
12
513
116
9
63
13
58
568
23
67
331
185
371
9
251
159
49
32
226
189
100
142
222
386
214
303
74
303
560
57
59
33
603
69
14
101
159
37
298
233
225
12
5
347
102
188
18
99
39
15
120
417
511
321
236
389
507
461
509
11
240
576
196
119
618
337
303
25
172
73
75
201
305
430
282
373
234
670
64
76
235
438
72
433
46
186
43
102
581
446
177
692
243
58
200
152
343
43
112
222
262
158
329
153
30
438
114
40
600
265
206
318
40
41
369
537
60
444
658
193
90
11
94
89
327
97
430
202
465
426
184
567
13
330
84
-1
66
219
615
94
685
56
163
129
279
392
357
315
207
151
40
20
87
134
213
121
742
90
201
272
183
26
141
780
346
433
440
234
87
108
12
97
351
134
337
92
177
603
93
58
191
347
69
344
140
204
46
196
230
219
380
239
258
77
355
241
292
142
13
103
114
54
457
150
334
271
127
66
8
403
187
36
421
18
46
519
72
154
708
141
269
76
36
291
278
65
262
290
50
516
408
80
114
288
22
79
54
617
166
547
43
494
49
37
183
6
412
191
220
577
110
355
188
254
50
191
264
56
328
77
149
337
552
82
56
87
80
202
273
287
357
476
77
404
364
396
19
17
4
100
577
36
323
148
29
71
495
193
13
154
39
279
489
463
204
425
412
328
171
57
180
72
357
226
207
143
127
222
56
511
166
384
332
153
102
4
217
518
462
1
322
387
131
492
156
35
309
243
229
116
167
50
246
155
143
115
356
394
148
129
7
311
117
474
280
23
14
45
227
374
150
192
460
63
595
121
386
57
488
379
156
242
641
478
315
454
315
41
300
613
116
334
199
272
164
563
533
223
36
152
173
436
326
45
281
462
639
262
132
396
243
459
232
533
89
239
255
313
29
351
481
235
96
148
21
400
510
487
6
85
169
335
245
229
529
217
63
3
140
253
95
324
383
3
143
442
55
320
213
358
123
135
153
38
323
247
209
6
123
76
349
501
465
353
309
465
322
145
193
224
232
280
285
91
341
258
526
603
230
131
309
440
28
17
634
183
200
416
504
113
133
108
316
89
104
108
118
435
343
265
51
388
297
409
535
524
333
22
310
465
48
168
482
228
182
319
436
604
19
495
530
2
178
62
440
138
286
390
548
346
130
455
335
535
389
607
190
223
272
200
323
394
79
733
254
288
575
231
131
361
474
343
578
26
99
329
53
24
172
306
339
135
278
107
48
36
44
127
41
741
310
149
525
142
210
29
325
414
143
532
171
504
104
604
30
382
264
142
156
156
84
485
236
315
24
175
525
196
525
179
204
470
343
76
61
200
392
204
20
90
39
121
500
424
626
99
287
555
405
129
118
182
107
118
386
502
116
132
178
57
155
390
639
63
41
26
209
135
206
111
204
278
129
513
175
433
274
556
230
654
696
584
194
235
549
370
438
35
133
104
53
156
634
358
55
117
194
121
81
468
85
243
43
13
207
192
460
74
84
286
228
79
78
390
157
396
638
160
319
395
403
72
6
328
67
262
547
351
5
285
239
156
558
70
237
322
409
305
659
150
144
31
172
354
520
351
15
195
420
95
334
67
415
210
155
281
193
56
149
167
381
291
0
404
322
55
34
124
184
219
126
152
375
292
130
245
68
105
323
370
504
10
204
517
447
1
611
62
34
112
550
408
431
15
16
550
242
266
112
153
146
177
268
429
97
53
558
225
84
107
80
641
391
525
515
157
357
459
529
266
466
497
90
209
463
311
554
272
71
34
361
70
187
441
52
269
159
251
229
361
88
539
574
254
69
259
288
100
146
50
316
12
213
254
253
161
293
506
9
231
17
234
423
269
555
41
419
487
701
217
135
101
354
44
275
392
95
437
95
415
48
503
244
103
52
373
375
127
483
269
18
187
432
546
289
583
147
23
20
509
327
394
414
500
55
94
326
293
552
14
226
508
104
252
209
407
57
389
12
308
273
94
123
219
335
390
681
18
112
389
268
147
231
300
147
500
325
68
642
68
91
117
146
363
7
177
46
264
204
466
219
11
109
189
116
429
448
220
198
602
418
182
526
258
127
468
196
129
451
286
63
19
282
255
226
379
232
281
288
304
461
727
554
89
169
21
484
52
206
118
39
33
54
497
143
80
45
222
3
133
113
650
329
333
540
237
92
87
105
437
363
62
612
165
431
443
166
556
150
374
23
96
156
97
255
427
388
97
136
113
467
3
460
228
538
242
296
429
625
411
53
372
85
522
205
87
346
168
134
8
90
60
448
144
291
11
499
182
389
171
73
335
171
39
737
360
112
272
58
204
54
26
189
269
175
416
8
85
49
174
229
626
109
86
396
272
495
9
318
381
146
511
57
166
67
524
196
280
467
470
183
56
191
12
81
29
35
579
268
172
137
46
295
110
666
275
327
310
173
151
22
500
39
414
231
89
201
52
239
60
23
24
558
76
270
184
172
294
726
299
76
204
119
182
653
256
309
160
513
198
235
106
575
320
346
444
197
163
37
105
91
140
12
420
270
174
293
55
87
96
268
10
77
413
163
107
13
234
167
26
32
40
252
164
71
7
393
94
79
64
531
156
328
384
356
171
480
261
77
348
300
247
164
342
74
188
235
101
233
120
353
313
348
603
651
352
494
492
121
403
514
5
345
334
192
60
52
534
39
409
72
383
669
124
505
86
100
292
270
286
439
440
263
457
182
382
62
492
231
311
525
84
345
55
188
167
697
263
97
173
5
114
633
508
203
78
23
251
285
18
291
176
252
70
545
464
62
229
78
488
349
241
57
262
251
210
229
8
4
261
51
701
109
560
221
64
51
148
386
228
105
518
10
94
393
113
4
301
421
321
4
168
87
590
37
429
353
354
185
265
119
647
55
36
2
266
160
4
572
223
22
451
221
88
228
308
610
202
1
425
56
432
484
522
503
458
99
198
14
109
276
428
20
212
335
77
215
295
132
390
50
193
329
43
468
267
156
213
184
35
410
282
434
379
659
481
97
10
38
201
147
148
558
31
594
303
515
94
138
10
31
158
444
27
231
53
472
405
160
10
65
34
529
396
26
160
255
117
115
29
486
80
331
41
112
262
62
109
404
244
344
477
98
183
682
502
373
140
604
137
4
200
632
207
532
90
472
35
467
370
99
302
173
445
107
206
90
257
549
429
201
570
506
48
217
339
605
582
75
540
189
174
448
102
477
26
630
88
12
601
91
163
150
225
28
220
279
208
99
311
198
232
128
7
23
228
148
146
255
713
44
141
320
136
96
222
357
74
371
59
341
556
35
508
305
290
355
43
225
533
118
288
104
15
29
548
375
556
115
181
55
526
83
439
133
142
311
68
337
362
98
383
220
285
87
501
52
238
22
22
96
272
518
480
294
212
246
17
171
72
498
191
236
666
266
122
25
340
511
180
98
234
376
212
118
267
279
197
75
187
580
439
12
425
277
495
283
447
227
37
229
404
108
512
97
270
391
149
371
245
238
434
67
25
286
209
360
479
264
253
123
67
100
249
432
79
245
17
65
142
150
3
97
519
234
505
34
80
369
399
287
163
141
143
376
82
215
675
463
43
61
273
90
662
354
316
2
402
32
650
71
258
309
439
485
255
461
85
293
383
188
76
56
484
220
516
324
638
179
638
226
111
485
92
110
220
255
35
19
261
203
245
87
135
34
49
25
214
86
228
689
106
155
733
555
310
549
345
352
23
232
589
53
258
8
394
273
94
35
312
210
620
353
45
116
238
9
606
2
354
311
75
14
465
403
292
139
587
45
379
107
415
165
567
3
334
311
2
194
148
603
549
393
353
397
25
126
442
194
181
544
206
221
13
238
15
202
175
518
243
92
31
396
126
548
179
248
319
353
80
83
276
131
305
449
233
85
183
305
198
373
499
96
559
309
36
49
593
453
565
258
80
355
43
48
289
272
357
24
253
376
139
333
568
346
437
82
4
20
66
33
365
3
70
550
27
126
82
300
217
336
509
170
454
31
347
411
77
476
128
255
203
17
103
104
182
77
73
509
67
523
6
82
166
152
272
266
283
336
551
328
112
400
3
340
392
421
15
251
293
492
10
392
87
147
524
3
221
251
258
32
113
166
385
468
115
175
344
93
68
456
20
277
51
240
487
513
246
117
410
195
14
9
19
266
39
193
26
223
3
146
396
106
199
285
167
46
105
4
27
323
367
123
140
481
231
354
12
415
158
177
440
83
335
427
98
232
70
84
398
114
250
170
341
37
323
27
319
7
152
690
344
322
580
113
209
1
28
337
221
340
289
324
61
45
15
192
118
230
205
371
13
450
209
78
33
17
558
51
261
378
216
416
22
110
294
215
204
480
193
21
92
153
192
452
583
149
23
189
249
337
12
14
153
281
18
17
54
168
554
547
588
22
366
348
365
264
88
329
255
554
12
267
456
147
247
265
125
139
178
354
95
171
189
141
122
306
194
74
152
80
301
152
128
348
235
302
38
280
69
243
72
602
135
15
105
28
128
402
167
290
352
266
237
302
220
512
162
24
185
340
217
124
60
220
6
59
88
48
334
518
52
139
166
122
225
348
87
387
126
521
660
243
104
179
102
34
468
104
71
340
591
116
502
268
540
695
6
433
322
235
246
609
99
83
55
197
5
68
135
60
10
292
273
436
85
522
8
296
237
228
447
719
30
334
23
611
77
9
412
373
356
390
142
40
272
298
153
219
150
137
164
292
121
42
691
252
58
351
259
74
345
36
87
147
724
117
76
269
404
224
165
189
286
168
299
280
60
179
122
580
252
302
257
52
46
2
252
131
428
476
30
321
71
180
92
478
8
596
235
5
453
280
266
322
340
230
199
10
147
39
307
15
269
9
186
179
445
241
317
661
529
259
453
56
556
110
426
12
388
553
128
207
429
682
223
472
149
73
79
493
11
305
227
286
75
99
159
186
251
27
418
456
6
245
79
234
115
207
142
154
22
21
300
239
582
186
33
587
418
53
456
136
99
238
153
58
39
30
17
137
185
125
262
146
365
397
247
148
67
293
263
69
346
342
138
139
189
116
267
59
403
456
284
408
32
67
542
98
245
89
53
139
5
224
41
111
91
174
372
256
266
255
418
104
346
86
334
88
518
317
173
100
63
62
178
122
303
436
160
358
110
196
155
519
117
290
284
188
461
237
43
502
323
400
158
297
133
356
202
117
547
352
67
397
115
139
183
175
382
579
284
260
552
332
214
60
159
709
212
427
185
459
289
241
457
747
121
477
311
38
418
14
153
55
483
625
6
254
226
295
277
37
428
403
178
53
171
129
213
319
100
323
164
180
372
232
56
60
375
30
630
447
138
53
487
403
216
170
117
186
573
36
208
274
396
154
327
165
65
244
17
185
30
293
168
75
339
207
4
276
467
124
334
22
157
414
728
509
36
80
58
264
179
355
200
67
259
458
326
135
504
79
363
310
39
20
66
418
312
390
550
345
228
86
36
346
257
287
533
345
375
140
180
236
121
461
597
3
193
381
398
392
357
200
491
123
377
12
138
88
130
299
666
638
348
190
499
194
529
23
144
316
66
170
502
434
264
421
358
497
572
260
209
327
285
55
402
274
85
539
25
148
30
139
189
180
410
190
102
123
80
95
362
308
235
459
30
519
211
265
13
480
54
222
365
55
121
270
320
380
390
325
377
53
265
267
101
451
140
356
162
73
252
132
88
14
270
126
155
142
78
652
768
671
550
5
148
353
72
235
166
403
19
159
106
228
371
219
661
11
28
377
73
272
112
235
470
246
53
69
94
71
184
598
168
223
480
205
157
365
128
338
524
566
77
261
660
333
276
335
318
309
210
446
220
406
575
30
66
229
197
103
110
80
607
301
9
331
110
28
153
217
54
118
352
129
302
225
120
376
237
61
591
27
537
165
29
522
494
477
125
241
76
266
375
70
200
243
141
57
37
129
414
315
21
13
58
146
340
297
465
295
125
406
175
534
46
331
613
224
51
421
114
188
144
38
176
630
306
184
275
77
165
349
166
103
456
140
562
47
25
252
295
338
362
268
563
236
528
54
612
574
139
261
378
53
145
211
306
127
28
56
193
609
57
99
33
85
127
402
171
327
87
147
117
165
102
357
468
239
151
109
181
176
95
339
270
138
552
49
279
40
43
207
153
48
165
543
201
444
98
650
72
14
333
233
317
243
309
510
179
163
56
504
399
737
7
60
427
304
263
6
137
28
143
394
8
581
328
1
246
614
90
363
312
407
161
4
87
360
106
736
248
60
225
151
111
360
108
326
340
3
39
218
311
312
239
189
3
378
155
16
33
199
449
122
247
71
308
520
91
402
411
752
104
579
16
318
180
133
43
256
442
34
386
577
226
176
455
643
625
14
158
72
446
273
199
258
140
80
140
265
349
308
582
471
231
146
278
189
143
425
487
175
247
590
190
268
347
137
63
297
10
147
317
225
161
393
34
126
133
68
220
635
367
107
51
291
49
150
452
60
444
300
96
84
127
339
558
187
368
292
336
156
255
171
9
125
448
550
727
11
63
168
227
80
160
354
390
143
118
242
542
486
111
482
117
250
37
429
99
204
281
57
268
45
590
313
125
204
359
224
172
133
562
552
402
388
463
53
374
330
351
63
520
64
123
12
104
164
4
51
46
253
66
246
97
175
286
105
176
68
422
143
464
551
249
151
109
391
420
75
263
555
130
125
103
285
279
24
78
256
356
143
9
227
388
213
90
101
301
-1
376
401
684
467
186
101
271
35
394
694
671
215
493
385
357
263
77
166
309
398
152
134
514
359
473
95
208
109
116
68
235
581
153
104
658
541
594
391
166
164
58
369
192
483
14
217
414
67
227
295
661
254
179
464
95
439
90
609
102
56
39
498
488
68
268
264
21
140
58
15
29
244
25
251
72
53
107
249
162
627
143
326
203
259
367
257
261
256
332
173
306
239
167
461
185
354
165
103
295
423
99
141
134
270
285
135
110
98
89
99
320
125
2
328
520
262
443
253
108
38
182
42
9
681
552
413
139
458
84
39
136
458
112
50
42
333
202
528
256
134
237
66
348
184
624
420
593
505
371
14
34
34
185
439
729
291
230
96
199
169
54
93
238
76
106
301
59
167
37
100
32
82
145
290
330
191
78
579
78
102
188
450
111
190
529
121
4
20
113
169
8
132
520
284
290
90
349
162
149
88
207
572
71
523
81
354
723
398
34
163
81
316
115
268
58
205
351
45
19
470
321
154
267
369
17
378
42
281
189
5
38
270
94
461
294
286
458
618
375
413
3
320
221
380
465
383
615
701
12
316
274
369
220
117
475
680
227
66
380
437
257
108
516
174
301
245
416
130
264
238
378
102
233
51
84
325
444
96
79
426
211
57
552
410
64
190
160
255
100
29
53
96
326
608
176
538
438
384
136
176
566
31
14
377
43
179
13
294
493
334
503
136
85
613
17
155
63
187
425
161
438
232
296
65
477
383
285
347
317
61
414
389
207
268
369
267
246
208
133
24
615
54
227
128
124
613
269
144
522
545
284
351
24
199
233
291
220
300
137
202
103
211
151
127
386
234
188
65
164
152
613
42
250
460
131
331
295
168
383
55
243
364
228
229
78
34
255
141
387
105
315
116
431
83
155
469
47
153
236
170
385
30
446
225
12
30
4
627
111
527
236
134
455
27
37
33
131
77
159
449
48
134
100
87
6
252
48
11
121
58
1
43
117
129
65
463
302
166
8
359
72
409
259
42
321
526
105
477
142
43
30
336
612
283
22
228
368
440
146
133
66
454
167
355
85
257
245
31
430
360
123
210
19
489
84
144
53
186
693
446
200
354
229
2
96
200
477
442
118
406
329
357
330
235
436
117
497
288
537
82
58
399
127
8
52
209
84
496
218
136
99
104
270
71
490
193
410
321
379
81
326
591
84
277
79
380
268
121
257
74
215
698
130
113
228
331
122
377
416
86
168
181
242
620
532
23
24
25
173
382
214
10
325
135
37
216
152
454
412
32
205
478
267
255
34
3
188
348
293
398
303
336
68
118
261
186
185
341
289
35
200
503
18
43
243
71
492
87
123
403
29
263
175
86
361
262
390
406
335
286
62
382
11
421
110
453
44
321
35
258
121
46
91
82
25
118
229
702
101
112
151
19
458
62
285
426
432
574
318
140
55
35
404
234
285
245
171
76
54
283
232
49
231
456
43
124
23
237
306
72
197
211
28
77
245
642
344
426
655
156
675
231
84
93
60
564
362
70
533
556
23
28
282
425
169
192
649
224
183
6
567
372
633
4
235
327
39
431
21
606
283
274
28
11
625
459
320
153
104
238
402
402
450
96
354
356
192
418
105
387
573
121
445
22
432
105
221
72
627
510
230
47
113
365
158
197
211
457
12
355
228
510
181
293
172
70
138
370
669
85
63
308
124
208
439
548
527
235
190
451
81
99
419
356
174
316
228
373
29
470
120
437
149
433
81
224
70
539
204
562
533
51
220
314
213
338
131
64
509
224
311
242
69
157
647
389
231
235
236
108
349
283
670
186
216
125
421
55
374
198
230
266
179
153
178
126
36
236
552
113
90
425
199
84
444
62
2
272
164
38
25
596
16
395
65
329
353
46
457
9
424
306
327
177
180
24
99
340
160
189
273
479
78
254
73
146
375
148
81
169
28
527
287
158
101
396
140
289
29
284
250
36
206
417
97
463
25
576
83
316
66
198
161
95
36
227
257
665
127
484
165
569
324
591
395
70
24
5
197
311
153
157
194
86
86
447
354
469
354
257
177
4
157
59
181
60
59
33
385
419
27
75
202
20
162
186
178
276
611
331
49
61
88
147
199
94
325
65
181
145
94
299
21
21
72
103
248
97
213
391
67
121
602
103
70
9
404
6
598
167
111
168
9
255
144
289
279
293
302
539
134
97
220
167
409
268
266
268
19
291
661
7
275
67
41
52
323
326
287
356
215
44
18
155
225
132
263
76
118
439
46
616
402
642
628
542
394
365
100
363
287
661
263
156
246
217
33
262
574
180
333
110
646
57
340
594
152
110
678
162
115
376
114
393
211
118
124
233
61
91
91
376
247
139
147
127
541
64
211
8
129
264
221
374
50
192
61
325
588
-1
13
27
103
64
644
184
328
185
194
81
527
86
152
98
271
171
184
523
394
280
134
218
545
302
311
61
167
171
278
525
235
34
58
274
72
152
224
370
3
23
370
113
85
493
368
319
606
211
425
153
100
53
5
629
150
181
201
454
287
232
609
47
92
341
285
632
300
431
86
529
620
100
404
17
4
214
301
71
544
249
38
318
16
315
491
39
279
604
110
281
127
41
91
78
312
18
174
114
358
399
126
192
77
239
135
95
18
282
296
133
219
45
21
556
11
213
40
43
367
339
186
111
49
439
92
235
572
284
50
400
214
370
560
199
355
399
123
63
417
79
82
310
50
135
8
7
137
331
380
213
6
440
469
122
153
11
283
317
261
154
111
459
63
141
481
392
85
307
216
616
189
139
15
266
89
132
464
78
270
521
59
562
31
40
314
222
661
207
56
25
309
87
48
122
165
338
363
62
541
425
639
42
350
207
53
324
192
204
131
255
215
191
204
58
477
454
155
344
16
492
22
304
200
290
26
98
456
208
309
87
441
47
365
142
210
148
484
530
389
339
573
319
14
10
67
25
-1
56
345
284
399
272
225
416
100
129
299
5
57
3
125
182
111
524
256
267
6
166
7
410
532
177
138
334
111
15
111
408
34
298
363
324
142
564
546
284
16
170
615
252
116
177
31
43
89
347
58
49
70
600
580
343
294
161
6
246
603
475
47
28
457
303
321
138
506
106
57
670
58
26
215
198
266
67
254
262
248
593
571
450
582
714
18
170
68
346
300
64
175
337
172
359
96
616
278
239
67
99
61
42
4
354
471
574
162
343
209
46
83
135
457
342
294
186
7
176
367
245
484
80
328
366
451
185
97
7
276
142
626
397
229
413
240
49
216
1
158
175
199
340
212
37
188
214
118
124
96
22
377
499
123
150
96
156
551
69
83
127
75
75
160
294
160
47
84
168
83
352
364
300
543
40
484
94
184
215
20
253
161
128
131
250
188
201
586
4
112
9
531
652
242
7
90
682
52
142
206
403
467
65
169
395
57
63
578
39
96
429
511
74
29
45
42
104
298
369
126
99
105
111
263
457
633
598
168
226
585
16
43
201
466
186
545
449
101
535
200
182
8
279
78
258
295
336
81
20
278
211
21
226
408
287
316
384
96
344
231
250
95
486
41
513
74
82
43
75
85
80
454
150
408
617
348
218
185
213
149
190
618
291
117
149
183
76
13
395
136
47
603
442
530
410
93
15
214
198
266
289
220
113
102
362
535
211
424
459
297
68
305
211
453
75
79
537
146
291
447
39
171
750
55
63
533
26
55
260
80
118
523
264
216
288
641
167
325
156
553
11
122
275
186
99
302
415
24
242
77
638
51
403
419
335
233
235
225
118
105
273
174
57
179
422
168
115
133
275
371
197
90
219
133
291
11
40
353
174
107
160
196
264
107
330
268
10
11
95
123
61
52
3
313
191
306
47
97
685
134
92
420
288
155
529
225
73
205
101
461
5
69
496
151
701
320
73
643
172
54
424
463
317
622
60
171
127
38
440
165
625
321
232
10
403
623
511
259
8
52
455
267
587
363
149
41
112
337
166
297
330
269
344
65
204
52
32
487
612
123
432
417
524
225
225
589
328
89
251
229
268
432
348
131
167
572
176
407
59
182
101
532
48
200
98
349
2
132
250
3
398
606
42
353
173
353
421
365
312
43
361
90
93
400
184
179
4
329
389
288
541
64
140
178
256
296
321
195
112
274
3
477
278
8
460
551
373
360
384
30
536
105
577
213
149
21
222
80
570
432
349
143
318
286
38
217
160
527
31
220
82
290
229
189
513
373
142
482
98
615
431
8
89
255
119
256
444
292
87
79
44
293
563
559
313
227
24
175
35
35
163
203
354
3
164
93
222
378
265
247
667
365
234
402
82
210
291
338
54
276
168
381
61
603
19
474
309
19
77
41
142
82
153
159
117
106
524
248
51
248
2
116
176
399
12
457
262
294
195
79
534
106
71
174
4
173
69
322
230
65
453
55
87
130
135
256
448
502
69
6
611
449
67
227
82
288
555
507
370
102
29
80
24
537
385
325
204
261
316
461
370
173
235
180
354
117
170
219
235
229
74
491
399
27
230
80
704
25
75
307
287
233
10
86
371
183
239
462
27
252
-1
148
604
182
411
42
295
20
327
295
115
138
672
337
69
129
361
146
545
56
42
482
237
447
549
427
197
371
58
226
576
338
211
226
133
301
537
224
413
81
304
50
467
327
11
281
119
117
264
197
229
580
26
94
463
167
35
104
376
131
277
307
482
142
22
371
456
50
305
567
337
368
407
65
461
240
323
122
591
575
82
15
211
567
309
298
432
218
141
101
191
148
13
0
67
145
401
317
3
83
188
199
80
78
304
275
608
200
133
182
97
161
335
341
155
16
138
29
148
101
223
163
106
131
400
120
272
326
487
528
17
14
73
404
575
253
187
28
665
9
273
90
47
108
78
421
283
468
204
26
99
145
439
365
568
266
560
352
21
79
201
16
33
623
23
673
63
379
9
22
308
359
91
169
459
529
196
643
25
227
455
219
380
314
216
161
139
291
90
665
681
552
208
290
369
143
165
170
524
406
96
302
153
159
200
85
131
274
491
365
361
31
134
345
356
307
431
242
89
102
25
237
355
503
147
18
607
151
343
95
415
403
26
186
101
132
206
270
506
254
123
20
371
35
62
431
204
184
220
330
108
461
34
44
135
289
335
67
594
361
360
536
300
9
127
603
282
62
91
266
473
215
69
181
85
175
512
233
439
224
144
658
111
53
233
153
70
435
284
171
128
120
272
248
179
266
45
413
56
356
308
82
266
245
85
14
167
80
1
94
158
455
178
166
539
530
21
5
365
353
17
223
653
19
313
331
208
11
197
415
14
70
88
341
266
59
40
436
112
181
413
138
304
41
32
49
363
322
107
456
219
327
32
238
386
485
106
605
397
114
304
127
247
31
440
328
576
192
32
9
312
121
268
185
313
380
54
477
10
84
306
79
375
18
66
164
445
49
230
148
331
404
193
339
680
479
253
468
176
76
177
208
258
228
582
4
621
544
441
40
98
542
511
275
284
404
482
188
131
338
408
293
586
5
77
17
167
410
118
86
583
67
425
355
204
173
83
107
192
154
444
19
202
102
248
233
121
42
39
164
204
494
400
157
437
105
25
202
189
19
207
49
196
78
9
148
242
17
128
490
15
253
137
424
651
288
51
306
242
181
695
723
740
89
343
533
73
172
269
332
81
41
28
58
499
64
420
224
203
150
366
534
103
406
60
166
224
363
336
142
46
172
550
482
319
357
94
314
243
135
254
-1
339
156
179
254
354
387
141
638
198
237
579
625
221
51
165
111
621
228
156
47
218
130
210
152
12
120
82
111
466
130
71
11
243
383
143
321
270
303
325
524
38
187
38
127
19
143
28
218
74
481
361
133
209
359
375
459
688
140
48
336
310
12
251
260
296
94
19
151
42
175
294
384
139
79
251
463
285
134
550
221
226
30
185
266
266
139
702
210
36
97
315
102
211
522
81
348
312
237
137
69
82
436
302
26
413
648
19
5
394
555
48
80
36
557
174
141
233
242
166
81
142
171
414
130
519
226
337
4
7
125
147
75
628
9
233
588
665
85
117
361
157
339
215
401
537
194
54
144
57
193
63
72
64
353
189
411
107
114
497
302
140
70
60
397
278
193
65
363
2
344
259
517
391
178
134
195
355
100
210
524
395
364
74
544
331
222
211
149
240
307
168
566
41
478
92
62
429
579
4
171
238
620
159
39
549
202
459
1
65
35
106
180
191
453
268
582
266
180
403
173
107
38
118
69
83
29
474
129
191
123
596
166
311
218
85
192
175
110
380
242
155
330
177
381
403
487
198
114
56
34
159
207
22
83
112
581
417
9
553
327
59
309
29
83
341
333
5
170
265
264
257
198
87
290
218
373
28
456
161
39
361
201
196
126
332
90
451
533
312
275
459
194
374
116
582
520
274
616
3
181
8
13
360
509
106
209
280
224
44
284
12
99
10
97
89
584
470
198
171
497
182
558
41
147
98
467
263
89
