488
151
191
170
70
204
314
59
143
376
450
86
381
173
72
7
468
184
147
172
312
149
231
4
11
90
46
526
239
489
74
469
107
128
193
319
44
61
398
296
215
360
462
77
679
410
152
240
406
9
215
517
601
378
76
349
377
217
408
214
78
117
85
269
9
191
589
451
134
43
70
64
144
284
6
283
71
198
124
213
238
348
143
3
42
529
346
157
177
20
94
509
332
403
91
135
359
315
148
204
106
365
255
211
53
211
359
97
120
589
666
101
113
602
89
338
332
137
210
282
550
297
156
35
602
113
230
509
382
478
533
29
100
54
613
265
151
56
498
282
219
412
413
435
420
46
342
71
201
288
100
116
207
198
236
47
52
90
224
376
35
102
187
397
326
23
91
134
566
204
549
91
202
338
233
18
685
644
2
18
190
411
222
206
140
376
39
416
123
449
311
60
13
150
240
19
325
99
728
460
437
661
88
646
490
498
127
65
32
141
535
129
106
8
13
325
562
410
21
30
641
195
282
567
507
217
50
3
430
466
29
600
19
486
644
741
316
229
284
97
7
38
77
96
93
66
50
113
567
40
65
196
331
197
270
309
11
379
114
87
217
141
125
50
206
338
199
48
25
89
106
23
430
61
-1
498
44
154
274
338
426
437
559
476
143
134
206
11
438
501
680
140
235
86
142
307
46
144
12
583
274
307
65
569
165
429
445
21
517
323
333
626
48
91
134
478
211
20
10
153
304
306
534
582
19
156
323
115
441
375
230
175
240
270
213
54
95
364
9
144
268
596
201
444
381
543
350
106
33
576
288
16
96
327
133
95
132
413
330
508
110
426
465
86
518
422
49
31
396
136
187
418
183
42
67
98
177
2
624
322
260
363
277
55
160
73
390
118
191
122
15
221
204
524
576
467
64
449
428
147
448
163
38
180
131
172
288
26
236
163
104
55
77
197
4
332
486
344
31
22
173
256
75
356
398
183
33
414
559
48
326
638
142
253
26
133
14
498
60
267
264
584
408
218
119
500
121
406
529
661
135
101
112
479
155
316
43
116
171
341
171
123
92
12
83
122
61
114
189
220
258
193
280
509
10
4
408
112
256
60
291
227
320
68
2
29
67
45
149
444
92
41
133
297
478
7
460
152
165
269
248
33
414
221
553
141
201
96
141
120
58
97
22
386
138
6
228
125
37
49
268
52
550
229
29
376
183
391
176
214
317
125
107
160
248
266
387
479
11
11
215
625
292
542
586
276
57
130
632
457
7
32
164
94
313
41
80
216
274
384
188
454
220
423
148
307
494
609
411
255
101
503
659
198
266
457
407
512
601
172
167
166
266
334
405
365
26
38
215
179
605
110
498
53
446
242
394
321
480
51
434
79
68
128
545
260
520
61
601
40
28
71
651
26
52
299
58
341
188
343
81
266
237
444
506
499
393
387
632
352
467
114
340
369
321
487
33
240
83
438
344
23
332
207
275
92
444
232
301
69
571
410
246
371
133
557
79
208
601
334
416
202
223
108
338
543
276
33
16
73
529
71
23
153
256
104
26
314
380
219
588
66
332
349
629
111
505
38
527
71
260
335
271
396
46
256
115
58
365
260
326
84
140
525
334
10
110
36
89
588
185
265
144
142
497
399
229
446
443
114
580
83
386
130
212
349
477
119
88
200
251
127
118
179
514
667
276
740
130
375
354
469
225
59
223
21
343
291
95
78
300
149
479
304
351
172
540
181
607
469
356
121
400
361
31
274
238
213
81
439
219
299
38
109
4
147
42
213
422
366
241
216
21
148
169
386
416
283
315
330
98
319
163
119
374
58
121
447
413
446
130
313
94
120
3
265
240
253
237
80
305
236
230
-1
298
266
133
177
233
40
99
414
143
16
102
509
436
346
235
311
238
420
485
112
480
9
59
137
244
401
417
306
307
187
85
75
94
483
379
388
319
283
323
459
530
467
245
407
523
17
579
51
192
206
356
147
186
35
136
263
73
184
61
226
439
142
441
121
265
681
145
201
87
147
289
5
156
56
10
166
26
29
413
18
688
184
331
204
209
163
173
29
229
90
227
244
309
122
292
298
178
569
174
402
85
108
449
394
264
360
543
87
398
71
136
102
26
66
481
699
49
219
48
63
171
39
249
101
72
532
255
208
2
83
302
637
241
596
462
220
101
502
222
458
22
653
179
190
580
13
30
555
71
160
7
102
268
151
41
239
413
33
174
434
453
75
209
200
134
371
196
95
378
127
52
396
55
86
385
346
461
155
234
231
69
188
234
279
315
374
134
120
395
110
35
166
28
177
60
210
418
265
22
58
241
252
68
154
33
144
84
68
369
154
60
243
311
274
126
146
550
69
679
86
59
292
57
192
173
208
355
286
102
293
260
234
197
76
509
310
225
292
229
310
98
296
5
258
681
126
120
58
37
23
465
555
202
71
265
558
225
93
178
211
12
95
529
126
143
279
149
608
176
85
81
185
36
317
477
194
394
92
291
258
426
106
304
314
672
151
611
469
134
143
283
353
221
104
56
71
37
71
157
128
216
39
433
182
331
536
15
513
320
217
161
371
53
80
94
270
197
232
310
512
653
562
166
256
452
326
231
60
152
509
165
257
45
463
238
108
26
621
453
139
78
58
128
164
161
273
69
379
48
9
42
144
175
5
95
13
429
354
368
282
136
227
220
216
490
87
278
66
69
180
361
601
391
344
297
161
545
99
282
14
285
2
528
161
559
592
84
428
687
86
287
132
220
224
38
217
438
192
377
419
124
67
319
594
41
189
186
360
6
331
39
445
205
150
394
35
67
78
262
379
58
481
290
405
348
292
406
116
133
82
78
227
539
130
217
356
52
368
327
420
562
119
398
231
161
277
366
644
30
199
186
248
92
166
356
494
214
471
341
20
383
533
248
470
337
277
744
81
91
106
28
423
153
44
122
410
460
64
219
211
299
308
393
4
116
28
126
219
409
100
325
262
200
200
30
47
56
116
46
345
528
238
161
244
219
163
217
350
111
329
578
301
171
35
284
455
84
593
532
218
207
40
282
309
174
237
344
495
323
557
525
140
125
272
414
65
260
110
292
15
144
85
141
249
55
343
176
522
695
119
552
37
70
556
95
266
232
262
96
569
318
150
92
215
319
246
74
511
235
59
301
159
291
147
312
503
179
67
62
3
669
99
327
322
163
255
203
475
285
276
66
179
69
484
229
393
552
45
427
10
532
192
304
272
648
382
452
348
60
642
56
50
658
407
215
495
91
372
461
266
58
197
93
50
325
400
373
23
491
438
48
6
389
386
550
429
381
293
438
101
476
374
86
200
339
141
12
124
110
453
49
71
370
264
45
232
159
6
262
442
523
649
469
205
454
186
446
67
266
59
313
23
257
269
298
41
143
176
229
300
266
382
296
274
1
58
163
29
382
101
74
396
327
46
38
665
5
355
284
82
741
138
466
183
237
249
27
264
381
98
117
233
426
222
219
538
7
58
246
217
42
182
455
243
275
296
166
48
41
128
1
295
225
275
215
517
35
53
106
122
141
27
167
249
457
115
246
223
187
418
455
407
343
481
93
75
139
157
187
24
557
450
539
329
312
88
84
260
29
3
303
485
95
231
110
382
526
109
222
110
27
89
37
27
177
230
243
537
475
69
171
405
307
71
8
6
76
262
290
521
3
87
249
38
5
152
115
185
675
449
74
275
44
251
135
389
447
120
193
355
591
558
421
131
13
273
521
193
450
205
295
319
39
92
449
255
30
408
232
176
80
335
146
339
19
499
233
451
127
440
261
353
82
297
135
241
147
323
218
188
165
101
141
587
124
370
487
140
172
203
413
387
153
527
372
299
225
115
283
327
263
313
147
195
339
487
425
36
301
385
452
187
77
314
422
20
284
477
496
202
515
65
509
111
62
99
400
63
75
192
305
192
292
258
214
159
157
2
170
288
340
483
40
281
209
676
376
194
26
83
306
442
123
169
441
90
28
36
533
162
219
426
581
103
231
214
73
701
613
525
202
105
87
479
82
122
649
512
270
115
610
449
14
200
243
5
64
89
142
137
126
322
305
259
86
358
689
650
146
329
201
254
419
476
474
245
201
285
114
256
488
96
573
521
214
266
340
356
154
79
176
475
65
506
9
128
250
456
107
314
520
144
60
472
42
425
21
454
429
174
554
349
598
111
96
415
257
160
253
29
320
91
65
122
287
24
630
582
62
306
122
405
566
127
259
87
39
296
219
170
128
105
13
113
240
64
499
596
285
645
69
206
320
131
348
656
98
382
361
421
8
111
444
291
642
118
259
110
45
6
259
156
14
598
466
279
603
115
46
548
462
60
10
241
21
21
103
186
322
218
555
216
486
216
325
294
496
95
103
43
234
458
332
527
326
323
319
214
24
15
52
389
574
354
509
20
662
75
34
93
5
559
397
70
490
64
84
52
396
211
209
20
255
237
371
13
686
246
170
6
569
284
22
70
388
154
420
11
365
111
633
340
418
107
4
96
210
374
295
60
107
287
441
103
238
547
38
150
407
609
173
474
114
8
504
125
458
286
306
252
162
385
327
281
653
324
36
568
150
45
29
394
45
28
494
218
188
140
119
197
546
141
295
40
472
41
402
120
196
375
85
65
167
71
367
23
34
176
100
214
180
88
265
50
20
237
410
492
460
97
282
103
434
383
290
149
186
29
314
298
475
221
522
445
39
73
53
448
381
69
142
347
147
289
261
128
274
471
392
254
78
433
273
155
114
270
415
124
34
75
354
66
253
367
262
38
191
126
536
19
306
33
551
18
173
3
158
142
469
271
153
343
307
82
96
318
132
331
40
401
314
224
238
194
323
327
59
370
98
489
295
54
195
212
5
96
304
303
527
287
94
252
136
225
189
633
12
249
295
386
66
456
259
280
88
428
132
172
74
688
536
575
241
153
159
39
180
278
387
18
38
253
35
553
168
161
58
191
226
393
33
589
290
288
187
221
125
108
71
151
51
266
316
161
117
325
440
379
13
293
47
58
396
92
11
156
455
184
344
41
598
181
79
104
450
217
187
458
292
213
49
137
71
163
98
135
203
498
7
422
297
153
523
80
179
88
12
57
561
180
95
30
540
462
325
410
13
632
488
307
243
647
528
68
10
224
273
133
56
43
274
480
248
247
4
143
531
24
299
168
283
280
68
568
257
149
234
105
295
374
328
417
2
297
411
98
247
449
155
2
397
179
272
52
517
211
67
515
84
89
269
130
71
568
88
325
534
215
571
592
78
2
268
221
82
220
29
444
490
120
323
92
411
279
561
183
105
275
534
250
283
530
487
400
128
210
79
237
48
210
435
136
102
50
455
366
215
3
243
149
113
34
267
425
705
243
632
318
522
81
115
43
46
295
369
192
23
385
18
297
572
430
343
41
43
49
28
288
118
57
84
264
532
401
213
35
273
68
185
56
309
252
279
233
257
172
335
287
573
258
332
353
480
281
209
35
236
21
469
315
362
33
277
339
406
266
40
172
50
3
48
24
7
151
491
34
49
149
279
166
15
301
7
143
162
393
162
183
574
193
216
408
140
278
295
84
256
119
28
309
181
368
676
54
14
360
504
139
17
657
368
55
245
165
522
170
329
156
436
532
388
101
211
594
215
583
489
45
50
296
559
25
23
478
599
72
456
386
539
671
308
180
383
37
523
215
395
233
367
423
248
657
0
87
77
72
428
155
131
31
129
397
208
70
99
188
21
319
114
115
103
177
297
362
185
73
256
424
660
128
6
92
131
152
78
505
55
303
422
117
43
458
141
56
29
319
478
311
132
288
136
61
305
396
709
128
4
608
383
314
170
9
7
263
322
332
365
268
55
-1
637
237
137
405
257
284
16
254
126
435
194
23
278
439
123
237
198
316
238
232
624
92
609
127
402
189
75
206
181
312
234
453
432
428
313
73
70
119
110
25
446
89
247
277
169
290
151
544
124
180
463
328
163
199
10
305
3
230
546
163
74
354
384
152
247
33
173
63
57
460
137
456
90
84
375
381
28
14
6
296
397
142
180
261
355
326
281
208
29
384
249
60
172
152
120
338
219
101
300
208
65
146
372
396
53
552
353
27
26
15
21
205
458
156
189
269
532
358
463
207
448
399
390
164
415
182
2
388
291
509
513
214
465
295
100
27
133
421
197
58
80
192
290
107
224
158
27
19
209
533
304
583
168
200
316
86
160
183
165
299
65
409
246
251
215
287
57
468
550
93
87
247
156
144
1
632
304
775
34
294
181
124
490
29
360
179
408
9
9
24
231
289
266
122
446
128
61
340
336
122
9
118
104
53
48
0
365
228
639
399
144
514
357
144
23
261
514
553
243
309
480
123
394
48
630
567
72
430
198
524
244
10
83
422
477
200
464
120
175
365
78
234
462
14
300
558
35
250
214
347
52
267
493
81
336
583
164
45
370
286
117
181
81
64
106
565
207
167
583
127
198
151
295
348
76
271
186
43
32
99
719
544
341
174
101
17
382
312
43
33
81
345
23
232
177
129
72
149
447
108
343
163
279
244
143
227
99
517
167
157
374
223
318
459
161
310
141
297
42
541
284
61
123
168
40
260
96
157
272
511
199
55
562
371
110
13
577
124
212
242
282
135
41
213
276
72
461
90
693
263
79
183
297
123
403
22
228
412
514
60
122
77
667
531
291
74
476
124
311
108
212
228
198
678
502
426
86
599
209
76
147
183
125
440
525
388
232
215
116
213
275
382
704
150
481
4
409
505
350
91
236
225
304
235
158
364
491
218
295
271
554
304
184
32
274
443
135
56
35
138
92
455
336
221
157
53
51
250
264
204
406
437
319
357
567
527
194
106
104
591
217
213
580
418
137
245
231
112
539
214
447
153
156
632
195
100
54
317
165
17
9
80
192
157
232
124
364
15
356
242
135
185
253
58
157
449
152
24
156
551
75
385
506
451
157
119
31
333
90
363
466
206
232
195
368
235
381
230
330
148
111
18
78
72
400
392
403
222
50
428
104
323
86
376
177
612
140
64
491
426
513
488
548
366
487
445
9
97
209
6
44
581
123
167
181
353
390
126
320
5
151
34
53
25
241
329
352
24
11
331
137
259
475
449
115
177
158
130
341
143
460
371
8
56
283
84
169
48
117
45
260
123
26
13
480
439
294
241
230
155
563
38
382
378
199
121
157
462
161
38
502
336
604
76
215
229
36
581
262
482
47
266
19
145
260
423
96
193
190
108
473
269
246
592
241
445
202
274
418
89
42
266
402
43
83
96
135
282
478
156
82
459
239
91
119
86
515
144
56
554
127
92
23
432
5
337
424
76
218
139
5
452
25
170
325
486
303
666
329
496
199
276
64
161
70
513
373
290
526
160
3
595
140
306
492
302
37
507
125
516
33
132
53
210
227
292
418
134
146
347
43
287
124
367
16
94
304
312
29
99
516
45
186
1
177
360
152
186
207
320
298
79
90
67
307
251
21
342
342
130
311
182
122
47
462
551
42
293
2
490
201
9
12
612
336
189
77
485
44
255
253
51
481
259
413
314
350
358
559
490
106
221
261
240
526
115
272
251
186
222
17
40
222
359
454
363
357
384
282
138
120
525
460
22
179
328
370
183
79
519
78
262
89
193
154
145
546
21
189
339
189
17
84
392
603
80
183
297
209
37
30
436
20
116
69
345
82
178
450
100
631
57
243
294
580
161
572
493
337
299
213
62
125
91
137
275
159
54
179
58
471
47
192
541
177
284
3
611
33
148
39
464
427
173
133
327
520
9
153
670
528
105
308
55
147
601
56
67
158
557
186
475
17
241
158
247
37
564
154
276
253
480
535
73
396
224
589
155
254
5
64
299
91
519
297
147
230
206
396
600
150
206
680
-1
4
209
29
374
271
192
348
581
369
623
296
6
595
98
363
740
173
82
292
48
8
248
52
86
719
94
279
233
106
254
182
160
28
499
251
253
245
133
234
100
311
453
7
127
325
227
38
95
227
62
7
50
462
495
27
167
365
607
30
189
127
441
601
159
118
6
191
92
184
237
442
222
314
261
27
277
95
304
276
362
203
136
154
47
278
155
387
47
168
398
139
23
5
131
406
668
686
386
31
156
416
547
428
348
97
164
478
666
382
89
284
20
132
155
120
236
67
96
405
266
305
353
384
208
155
297
569
23
393
313
634
408
31
358
32
719
187
437
103
12
29
384
136
576
75
177
420
332
109
298
193
279
180
159
553
186
521
54
481
221
210
70
120
31
189
136
262
345
358
500
39
89
260
387
336
390
83
-1
260
390
439
597
166
209
61
185
148
274
167
355
2
137
501
311
83
260
292
348
94
254
242
54
248
123
38
91
660
390
92
266
247
95
231
32
155
303
620
479
484
90
15
27
295
121
148
340
107
211
97
522
439
584
38
219
4
48
372
102
183
343
165
212
218
356
255
287
57
98
192
651
554
81
278
204
14
587
464
104
134
10
239
229
103
402
448
436
249
321
332
484
110
80
99
216
202
318
514
25
285
11
295
72
161
86
145
531
231
60
211
51
144
395
82
163
631
531
330
100
162
361
325
230
168
366
167
102
91
82
202
43
275
46
200
473
509
2
164
40
503
503
539
668
473
191
169
28
338
178
105
322
97
159
353
65
136
283
8
43
225
490
355
289
287
173
469
58
122
216
139
62
427
331
141
685
177
78
13
255
545
405
235
393
115
112
120
170
78
66
18
453
29
89
19
215
280
680
73
32
86
417
355
411
258
58
334
294
293
199
28
393
143
200
147
400
293
368
487
114
459
387
328
532
214
475
100
-1
606
527
2
45
436
45
331
25
262
204
469
58
348
556
146
529
247
492
214
347
48
28
552
124
143
172
331
176
361
511
472
39
375
127
49
568
114
216
570
396
255
285
3
105
185
631
540
10
618
255
219
106
86
6
344
166
207
94
147
154
197
457
595
99
214
190
327
39
60
56
196
525
38
240
322
296
135
584
482
199
100
155
21
172
223
80
337
564
149
56
50
51
10
233
98
358
83
351
584
42
453
73
188
124
439
46
118
419
424
182
92
446
190
552
52
3
458
36
622
61
127
387
84
13
404
343
53
120
498
412
8
201
73
239
221
286
118
-1
57
651
195
16
21
142
300
403
308
236
82
10
144
429
206
141
344
129
155
99
486
224
174
55
182
580
483
333
29
299
100
242
202
600
56
380
98
301
259
166
39
241
85
48
393
473
241
378
202
258
65
113
34
662
545
251
125
11
410
121
348
376
65
263
453
260
144
390
62
341
572
201
509
68
397
276
750
3
347
231
208
107
146
194
42
363
150
488
419
563
178
115
509
252
221
4
34
8
41
60
130
5
3
204
41
142
48
112
162
4
88
295
296
244
661
327
502
69
498
83
59
237
222
359
169
460
443
27
34
37
145
370
17
216
158
277
545
422
285
450
412
137
61
88
10
387
89
101
343
261
69
363
650
447
138
183
81
490
256
434
3
66
288
595
504
44
221
360
580
636
449
199
438
615
168
238
296
42
166
312
240
337
190
196
191
44
342
549
362
109
295
11
287
76
525
425
262
8
491
460
41
409
98
424
457
237
79
84
21
626
313
273
12
74
230
80
597
113
44
202
494
76
53
237
315
19
116
171
224
116
154
31
315
208
26
46
13
443
122
369
16
125
94
277
585
38
165
465
456
183
225
488
77
273
111
354
334
147
321
140
69
138
294
5
74
266
189
445
467
195
43
453
391
258
202
251
323
94
369
446
355
406
33
203
450
68
510
39
283
192
452
422
278
83
229
460
274
636
126
132
203
282
16
316
374
6
78
18
358
168
192
65
133
70
318
8
530
209
364
181
524
259
339
385
227
105
43
208
29
191
294
520
406
489
257
49
384
352
46
201
312
43
11
324
216
291
4
338
114
56
121
78
82
650
432
32
42
173
26
211
632
74
372
17
219
709
345
465
11
592
157
148
151
526
367
170
741
51
363
96
54
213
7
134
278
172
415
6
54
69
521
660
156
154
10
170
423
195
386
296
570
197
225
623
268
380
87
291
195
233
110
138
167
315
35
7
51
481
103
22
115
199
449
246
77
212
41
160
458
170
169
61
65
627
489
334
247
41
590
21
79
226
489
70
203
545
419
132
134
465
46
486
93
165
336
150
129
7
9
555
39
6
87
309
399
376
213
58
78
315
146
301
71
196
68
67
427
131
57
29
121
533
413
179
541
499
410
633
297
337
308
171
234
338
404
78
322
436
22
196
68
592
110
186
7
36
46
410
747
37
78
575
294
524
575
417
514
375
165
256
273
312
619
279
328
463
368
232
295
147
252
194
415
214
170
240
27
27
55
257
122
342
161
444
605
372
467
396
507
502
126
319
328
63
38
363
239
269
509
211
19
196
565
209
163
366
110
205
298
164
422
19
633
119
141
382
114
275
505
443
630
1
217
87
218
167
397
124
527
436
94
184
249
584
11
337
211
407
320
594
123
597
390
60
12
59
144
474
145
24
255
336
220
317
287
170
18
273
320
168
682
16
191
285
142
165
189
277
39
121
70
182
65
324
525
479
104
38
490
351
571
24
69
546
479
216
428
178
179
17
215
546
52
126
261
173
111
2
390
447
101
524
314
453
448
184
513
202
72
572
394
357
14
273
186
232
230
445
89
358
423
586
150
147
160
128
41
18
37
289
1
104
76
25
101
671
3
214
316
151
367
19
300
379
288
573
293
35
252
503
142
92
88
181
174
654
175
232
401
151
420
535
321
6
582
442
401
17
162
23
156
125
249
147
322
369
115
282
382
39
543
42
250
263
76
16
101
314
171
55
39
22
192
254
165
476
420
272
224
75
148
351
536
400
414
227
173
71
251
349
631
95
2
88
341
183
344
271
97
8
367
393
569
473
2
427
9
88
110
172
227
6
83
113
241
506
223
120
652
386
436
124
279
309
274
36
228
683
127
309
330
289
315
388
176
440
575
236
134
92
428
274
157
237
570
77
65
148
27
153
101
314
743
17
450
277
534
146
14
279
262
625
39
237
285
374
160
437
271
200
59
157
343
500
491
327
70
113
489
97
462
339
407
55
360
78
49
162
136
510
184
25
142
341
641
516
22
408
15
212
24
515
447
30
199
259
77
348
150
185
323
447
143
101
150
408
414
165
128
83
50
258
200
362
75
456
43
301
562
72
44
61
404
546
24
580
81
200
123
284
650
157
168
503
100
46
304
532
431
519
607
328
398
49
190
32
67
230
23
445
11
142
22
98
540
577
478
118
13
11
107
23
62
78
349
140
473
220
83
215
70
144
29
101
17
88
145
13
286
232
680
231
494
453
12
104
196
227
459
48
363
152
309
45
263
152
411
206
225
183
8
142
740
287
91
179
481
208
337
223
218
21
157
171
150
112
437
147
68
189
92
424
390
47
500
626
362
267
313
69
54
69
143
304
230
295
293
252
670
116
482
12
163
101
47
234
135
110
138
114
188
389
19
298
70
158
209
508
364
104
31
152
374
336
171
197
239
320
366
341
69
502
69
306
97
328
349
363
257
309
438
655
152
68
93
171
548
71
104
37
562
89
247
101
413
501
267
52
26
27
360
152
316
330
518
91
162
513
25
204
111
167
135
307
357
203
154
174
393
42
543
699
632
49
220
42
124
437
402
575
492
153
92
390
10
481
117
77
278
114
406
350
586
579
432
31
477
12
331
112
575
240
130
119
402
399
356
11
529
590
155
107
221
366
490
174
355
443
258
486
379
5
240
128
259
166
23
224
485
616
292
630
46
21
459
125
196
113
346
515
21
229
223
481
31
137
179
281
379
561
138
97
3
38
471
82
227
177
302
313
34
95
150
258
119
73
143
412
164
193
370
135
197
36
176
74
59
245
342
69
490
127
66
75
326
366
18
469
271
62
61
46
424
436
609
270
678
205
24
373
85
130
358
535
300
101
277
179
203
324
303
93
102
414
74
471
92
68
355
238
268
313
95
17
98
105
320
362
42
487
74
555
327
69
261
14
42
355
109
181
151
387
126
256
51
288
253
123
366
168
221
462
66
199
447
337
330
218
17
584
6
68
590
349
258
311
496
60
201
95
419
412
265
196
473
177
204
17
103
440
313
47
284
459
382
555
296
267
375
311
36
402
386
527
424
129
71
420
37
419
17
678
274
69
53
163
528
267
138
121
131
134
26
4
313
27
14
118
122
463
160
552
269
187
327
601
512
243
198
93
391
99
1
364
407
55
154
72
10
224
527
136
130
25
307
252
169
281
567
194
242
252
462
482
147
643
162
442
413
162
320
174
164
148
198
711
214
312
760
470
307
21
75
177
262
237
119
286
16
230
245
52
83
170
402
175
40
391
679
194
494
8
317
689
51
108
92
203
302
26
215
242
108
366
75
309
228
138
136
475
139
152
257
93
86
98
427
142
157
79
148
326
144
207
4
140
174
340
184
71
118
321
449
526
131
129
513
361
155
63
160
194
72
338
352
184
103
21
279
296
109
272
-1
572
150
177
331
347
4
165
279
51
318
204
246
255
259
149
84
509
39
318
166
543
87
108
9
394
74
114
155
45
613
41
88
303
321
72
82
151
492
137
712
216
145
368
337
439
392
397
167
318
399
485
529
35
108
280
249
182
366
382
25
153
369
51
113
309
130
215
539
511
641
754
612
464
89
244
546
257
61
360
381
484
532
271
565
122
124
161
123
431
140
14
23
276
54
5
274
147
8
185
635
67
346
252
410
129
364
176
182
404
39
42
370
89
574
13
97
262
40
434
119
556
270
615
237
414
30
81
28
385
151
165
220
12
464
496
16
1
494
21
329
497
669
14
22
218
14
322
257
499
13
540
192
227
246
352
324
110
413
57
102
77
159
138
655
502
124
312
326
452
162
330
106
251
37
482
146
106
570
8
11
185
142
253
201
213
242
18
186
269
87
19
119
145
358
58
273
38
245
79
457
405
4
55
615
177
556
174
215
373
93
248
606
22
258
243
231
136
575
151
178
170
104
199
485
59
372
127
94
454
319
469
482
449
112
41
289
5
442
277
365
203
448
166
268
338
87
229
128
344
57
211
664
66
254
58
58
342
160
441
532
1
70
427
352
173
246
112
135
564
426
196
445
27
467
580
514
135
403
600
44
99
378
168
466
303
165
269
497
250
316
76
299
6
64
145
311
79
517
125
141
47
65
28
388
97
671
131
213
280
290
149
289
101
250
226
197
326
40
24
134
342
134
169
113
95
66
341
70
124
57
26
289
53
134
306
29
537
221
126
409
624
31
317
217
37
20
519
76
601
519
104
143
203
508
7
137
56
334
345
295
52
614
23
575
15
403
610
32
146
238
345
407
250
116
400
369
87
243
513
170
619
158
463
37
345
347
319
364
496
64
467
197
201
166
208
255
177
103
146
351
244
239
176
130
6
47
190
84
68
347
539
53
537
129
499
84
381
180
34
357
53
340
172
265
43
372
276
447
79
451
110
59
107
89
323
150
556
234
204
128
176
365
33
314
57
417
299
54
197
384
303
451
235
338
429
95
115
229
171
31
94
209
162
57
78
105
697
26
224
77
160
210
555
238
159
6
48
83
261
140
505
334
286
346
280
362
155
79
358
322
14
2
319
309
189
387
614
167
342
403
88
240
511
30
3
159
279
371
335
25
152
154
521
409
309
106
192
343
685
340
316
63
130
344
508
37
207
314
53
187
61
383
211
278
168
280
561
176
294
532
116
115
474
305
100
85
404
13
36
41
300
522
342
330
234
54
47
145
8
374
3
168
603
313
580
428
409
120
364
154
72
162
229
501
24
190
112
546
335
125
51
39
276
635
430
79
90
520
500
562
377
11
156
77
26
153
469
524
351
133
591
-1
179
177
329
361
49
178
58
117
377
55
323
306
334
237
182
336
107
100
162
320
107
225
254
416
342
402
96
159
61
557
474
268
594
324
7
125
31
563
168
157
6
7
484
603
127
487
352
176
31
461
7
30
163
200
43
182
408
119
25
31
48
137
191
473
90
654
82
52
29
289
496
543
41
385
135
229
3
228
228
10
359
8
27
363
47
65
76
394
162
600
549
439
662
636
320
610
525
20
467
280
43
320
270
25
426
361
268
315
395
354
137
61
620
457
361
399
207
244
298
240
33
115
359
227
66
299
100
393
482
423
113
321
15
683
108
304
76
240
171
358
319
189
123
515
419
146
480
393
93
3
454
386
130
230
83
543
317
65
296
72
281
58
145
566
576
17
610
80
121
155
112
143
123
168
21
542
241
358
753
174
15
359
76
35
487
130
437
243
138
415
124
68
330
478
361
155
115
238
164
168
668
342
346
11
312
180
236
65
409
207
170
63
106
130
71
423
87
476
187
50
100
470
54
672
657
399
217
223
82
693
372
211
404
11
120
350
250
214
573
68
433
711
574
176
497
461
237
16
238
35
323
255
185
218
49
435
57
294
258
173
550
272
90
186
246
229
223
214
24
171
351
387
422
186
209
179
247
32
336
229
526
119
398
139
150
295
73
448
113
314
298
387
528
344
238
256
249
170
130
358
364
362
56
518
7
279
131
5
344
305
118
372
497
181
418
230
225
157
236
156
560
158
515
544
39
120
78
36
256
262
43
330
79
268
232
116
71
393
475
-1
273
356
411
119
85
364
556
119
254
414
296
211
587
124
92
199
199
97
87
19
702
314
113
208
263
544
80
378
323
560
404
381
437
164
103
579
308
387
141
109
221
167
250
66
39
441
253
477
8
312
74
177
11
265
607
334
233
433
23
189
418
78
316
317
159
422
324
215
508
120
48
165
36
47
171
52
283
445
435
499
60
177
116
142
76
106
345
238
121
143
17
159
177
183
117
273
198
24
17
25
111
73
179
345
610
308
520
292
59
136
122
55
238
368
14
120
349
3
460
295
325
160
1
191
80
375
20
73
205
97
220
650
60
185
424
129
620
63
138
137
545
359
341
96
26
333
212
215
94
159
441
68
516
405
108
302
271
129
141
372
255
390
363
111
397
322
234
437
389
124
717
16
87
551
129
610
218
227
131
324
191
45
108
73
18
331
453
212
186
42
492
593
272
31
455
197
366
220
384
294
509
345
296
397
165
230
353
221
138
81
2
549
121
68
604
58
287
124
88
118
447
230
287
38
94
177
293
435
69
423
225
553
242
114
278
186
219
83
509
716
460
163
42
114
498
273
285
54
21
111
166
176
93
436
18
422
20
54
200
140
110
19
55
3
449
191
336
89
367
144
373
104
167
612
32
257
34
115
549
538
303
397
293
61
298
190
521
110
262
148
357
633
316
109
342
222
381
668
156
290
229
222
347
75
202
280
306
619
100
33
485
184
151
258
675
183
3
30
291
137
368
528
442
302
178
310
245
235
232
348
421
171
459
168
159
46
257
24
125
347
1
116
106
315
67
173
147
275
224
530
425
121
184
160
142
199
97
514
392
372
232
44
189
82
158
2
-1
20
97
63
28
254
15
226
156
286
178
96
222
61
70
464
161
69
350
113
307
414
176
284
457
499
405
73
257
258
174
198
455
90
200
141
55
183
206
3
319
131
107
291
281
29
255
363
157
67
106
186
270
73
52
569
69
206
597
275
12
271
504
150
147
73
200
515
173
508
610
17
515
22
380
349
441
43
217
577
12
83
65
174
276
410
61
457
240
388
134
205
157
130
110
244
209
14
604
326
459
504
80
88
146
153
336
265
44
187
28
563
191
8
112
218
112
330
3
49
25
347
234
137
85
210
262
625
146
497
444
216
3
199
565
42
454
53
161
106
52
22
516
38
190
157
74
381
140
167
366
196
399
10
301
532
387
364
371
578
577
43
114
276
606
88
422
341
428
232
559
236
198
157
321
553
335
403
1
560
344
379
4
146
618
193
117
532
208
30
108
178
152
364
157
69
496
231
375
405
393
13
10
227
138
136
263
18
213
85
232
545
125
636
80
478
140
72
261
587
181
286
551
468
66
295
5
45
258
13
20
357
347
158
301
395
19
417
28
227
62
103
6
281
234
58
348
182
32
48
452
115
54
229
201
118
308
278
404
76
36
318
300
109
437
108
148
534
113
215
306
139
118
573
622
178
216
87
291
438
201
237
96
99
529
84
600
218
332
176
474
161
256
341
53
378
354
263
175
566
148
529
42
118
342
296
262
192
65
338
534
112
241
308
15
204
504
405
83
223
170
335
244
275
409
160
297
188
10
187
152
112
311
15
358
441
531
162
85
457
234
59
384
47
251
328
101
12
126
58
312
524
41
419
172
71
205
646
80
670
148
355
89
310
320
359
215
379
299
41
592
22
720
177
79
256
330
273
289
174
131
160
80
578
407
349
518
392
140
179
233
17
277
8
46
312
46
514
3
26
458
310
134
435
342
286
440
320
320
58
71
5
397
239
64
353
500
36
22
253
292
41
225
127
92
514
136
13
357
461
227
319
195
25
228
138
643
58
39
174
229
31
278
206
326
504
448
97
224
346
326
351
549
27
530
225
54
417
236
44
653
213
503
603
85
81
189
207
80
442
87
256
35
411
-1
286
40
494
17
508
399
248
234
264
396
67
257
49
379
65
13
459
120
70
234
362
173
25
81
292
362
137
241
141
319
70
4
178
252
676
1
510
107
68
304
243
54
80
500
198
227
73
360
286
422
230
149
362
241
276
31
45
73
542
151
65
426
46
174
176
470
226
468
301
41
193
519
376
545
12
301
153
210
158
125
68
111
122
720
517
248
531
266
188
70
324
66
86
228
336
64
158
139
626
81
29
216
150
51
67
204
39
375
376
627
23
588
35
279
389
90
449
377
327
92
114
151
19
93
283
572
203
275
660
23
366
147
121
436
90
176
44
270
67
340
152
78
283
68
333
452
336
211
546
312
121
114
134
284
192
252
76
92
238
279
93
194
347
125
266
289
634
250
67
94
297
144
96
428
169
145
15
51
206
99
330
80
283
22
202
131
486
326
91
575
398
379
154
478
154
398
175
439
98
15
406
255
181
29
129
48
177
75
143
50
333
237
288
569
420
163
608
28
40
134
386
175
80
417
284
102
52
380
20
536
72
62
545
12
475
354
112
401
76
400
115
197
526
65
240
9
210
73
106
272
519
524
-1
510
107
100
369
188
153
59
106
63
549
53
296
365
454
3
203
70
350
358
241
412
410
24
643
140
192
155
305
537
225
6
236
22
56
194
385
68
9
424
251
206
258
26
608
96
20
308
361
63
107
187
88
81
78
492
366
27
368
532
381
126
79
310
639
115
40
3
235
450
286
127
574
264
283
519
122
205
20
214
327
372
25
90
451
221
432
226
25
73
423
379
324
229
600
464
68
81
175
289
186
531
245
253
223
170
80
112
461
27
258
98
195
85
570
20
33
6
254
484
19
222
280
245
359
542
196
365
35
80
8
215
275
681
504
206
544
239
27
370
93
207
437
568
496
14
569
506
6
435
590
196
69
257
448
581
75
232
326
349
628
173
88
89
188
625
246
478
29
303
41
436
154
295
246
15
492
178
463
387
118
352
105
406
538
200
415
108
132
274
430
124
413
220
449
103
118
294
8
16
585
30
358
386
299
537
298
42
237
283
214
227
466
345
13
70
409
383
383
87
93
87
179
228
202
189
262
248
45
210
556
353
507
190
100
144
506
13
91
96
256
435
36
165
40
322
152
422
292
41
355
18
75
568
501
119
447
316
427
596
402
263
181
482
7
43
425
150
167
120
248
185
114
251
358
443
218
10
75
238
345
81
74
17
303
450
31
239
79
503
326
461
224
40
262
647
25
400
319
449
328
136
188
51
426
189
89
17
170
599
25
53
536
489
476
433
344
420
167
186
505
364
326
119
243
372
164
66
459
236
414
389
143
50
6
126
393
761
601
367
496
220
221
202
141
44
204
5
712
72
122
111
453
132
492
142
187
271
275
557
193
177
366
15
263
311
563
604
212
340
413
275
291
182
149
223
191
7
171
97
460
202
473
486
171
223
114
149
152
213
488
282
201
293
625
300
463
184
80
566
381
-1
153
100
442
101
365
419
362
84
443
333
186
96
269
71
539
95
302
173
121
368
20
197
49
245
585
64
69
197
242
346
43
153
215
125
278
304
700
125
53
23
77
216
119
176
29
359
172
152
122
372
400
308
64
45
459
37
207
262
19
258
527
361
533
614
457
231
508
340
419
179
207
115
20
12
543
47
242
564
31
44
23
560
482
495
2
310
186
75
281
347
6
161
92
75
179
533
283
145
415
343
501
37
120
284
89
484
440
193
134
465
323
301
85
53
602
48
193
97
212
337
594
258
448
217
513
2
530
643
16
312
180
580
413
598
88
256
77
289
359
253
481
141
106
143
151
160
203
310
5
221
61
650
595
406
118
474
23
203
84
381
179
35
325
382
248
224
82
49
250
269
68
304
134
156
74
31
178
15
506
98
416
30
236
401
290
2
410
145
410
357
260
159
42
254
374
43
99
405
24
306
198
215
109
293
52
279
191
12
469
7
53
459
68
93
53
103
68
188
99
198
64
48
494
250
603
186
8
93
363
428
84
37
382
130
209
476
425
146
216
27
280
190
325
434
286
295
265
70
424
79
186
457
174
185
249
32
125
144
108
59
245
227
410
406
117
74
444
374
501
337
59
530
203
15
480
89
294
423
509
226
613
10
350
135
510
88
175
522
341
161
350
622
420
368
74
193
359
47
168
21
82
242
216
53
30
291
21
206
231
52
218
9
259
575
253
54
365
282
139
36
373
26
92
294
342
320
99
231
367
176
206
279
17
39
289
286
47
375
128
84
346
519
178
120
10
425
245
414
236
65
150
194
190
135
347
446
97
20
149
41
250
196
66
201
306
414
111
206
221
738
32
540
205
91
487
232
508
90
154
120
117
150
87
128
54
118
233
243
441
517
189
10
449
47
547
449
304
392
398
81
98
168
127
60
106
178
206
95
641
362
51
557
2
67
447
171
469
271
746
124
236
455
202
116
34
43
395
2
221
590
394
47
183
286
585
496
128
237
64
278
149
144
252
102
434
10
441
191
314
63
219
534
284
553
490
73
276
128
375
396
10
306
403
604
130
10
95
41
316
170
406
237
4
184
102
53
153
21
279
28
460
536
38
224
393
394
316
309
91
235
40
36
386
55
185
11
433
269
434
341
370
227
166
169
53
305
365
135
280
156
349
95
13
94
667
129
324
432
139
63
221
221
427
26
296
398
394
389
192
484
78
172
402
153
73
136
330
202
281
388
86
303
407
351
62
39
287
569
299
674
160
212
523
187
191
347
276
120
254
523
124
220
149
106
36
137
65
309
642
203
326
120
121
157
243
628
270
242
208
91
341
348
379
350
547
173
643
563
280
206
637
511
290
60
203
164
18
471
284
379
412
458
158
174
46
638
429
445
528
66
662
216
312
111
377
446
140
91
94
506
61
314
108
88
334
37
200
308
291
154
46
138
13
388
35
276
184
188
350
222
447
227
244
57
610
327
86
225
506
59
108
102
345
675
300
60
86
15
534
108
255
218
491
9
403
231
534
535
77
101
40
118
36
455
5
333
324
279
159
140
139
174
291
682
118
66
359
227
117
130
422
36
410
81
88
354
15
98
176
216
280
267
352
206
50
639
123
215
450
237
264
19
14
426
20
226
144
626
121
143
371
65
564
42
32
117
435
78
525
91
442
112
9
283
181
253
50
130
145
441
221
194
488
116
106
240
424
87
13
169
20
15
187
206
481
134
578
683
486
291
282
463
561
518
258
297
307
60
75
117
635
62
436
85
323
54
126
169
539
171
41
20
344
285
242
112
620
294
220
368
127
507
342
75
14
365
289
578
257
144
314
375
701
207
50
407
221
260
404
91
309
230
519
119
139
344
186
39
170
21
462
36
152
84
213
15
7
57
6
123
60
353
15
135
86
122
295
327
221
616
394
403
192
256
571
539
350
57
140
148
424
169
36
215
34
615
443
381
28
10
360
242
117
21
190
414
292
9
285
117
301
457
315
93
278
84
440
33
149
406
47
192
119
352
83
543
16
168
33
317
27
272
402
407
56
442
272
186
73
756
198
423
15
323
61
454
16
116
654
59
588
355
126
36
333
269
44
268
116
18
273
215
317
1
134
42
90
143
198
535
189
49
76
150
156
93
38
177
569
316
480
395
178
588
5
81
352
139
438
273
160
171
222
12
177
208
109
2
12
300
342
442
121
455
96
403
514
170
192
415
88
383
207
264
301
28
87
425
336
323
168
48
181
238
307
344
100
146
279
610
430
251
413
84
357
198
634
22
256
121
149
57
25
64
149
126
635
7
74
503
145
386
317
324
58
33
266
713
7
366
65
114
278
222
742
40
420
483
445
104
46
127
404
541
542
162
45
332
465
143
187
34
148
267
566
272
307
502
64
487
122
473
19
68
216
273
529
480
314
203
221
69
360
462
152
174
318
265
276
385
11
90
122
309
34
254
413
311
94
228
13
74
501
30
345
367
136
373
444
253
203
379
488
39
569
76
104
7
33
347
28
262
28
464
106
284
44
24
256
43
366
192
381
715
-1
323
285
164
15
295
142
584
418
592
34
182
169
19
160
214
112
441
66
490
526
93
247
306
444
68
407
524
337
510
84
18
133
17
53
328
412
341
78
33
184
464
90
277
101
209
572
59
260
15
262
123
97
611
538
219
427
454
92
537
40
197
321
370
568
215
432
203
104
11
116
137
42
375
481
194
289
10
416
642
261
466
18
93
164
129
154
212
33
200
472
244
199
217
251
578
429
289
301
274
441
22
306
288
139
31
227
25
127
252
40
235
515
58
130
218
195
152
88
524
182
46
275
563
230
6
381
219
34
158
537
31
158
578
207
362
327
409
183
19
372
155
297
280
65
608
538
319
458
259
126
290
125
342
404
202
356
180
56
382
39
25
243
531
25
293
66
466
330
323
223
73
261
80
190
69
484
364
51
444
394
72
306
4
241
10
164
212
339
339
511
127
33
67
509
408
467
375
423
165
116
24
80
332
174
370
29
109
120
75
186
211
3
200
178
343
23
109
112
616
157
174
475
204
452
569
34
236
194
332
381
258
612
26
449
162
74
53
224
109
415
450
269
171
180
213
200
190
449
48
223
328
283
420
140
147
154
441
179
47
21
9
86
51
31
555
338
440
332
187
350
478
278
200
84
97
86
401
68
272
516
532
175
179
27
25
362
211
37
7
288
109
272
173
156
552
228
397
534
366
40
20
56
306
564
309
136
28
150
498
191
59
78
106
414
360
130
283
368
47
10
168
30
366
496
153
195
120
163
251
93
8
61
630
320
104
64
408
104
373
21
397
243
200
77
221
128
43
281
156
321
221
221
245
25
83
421
419
428
260
112
253
127
12
29
160
376
40
381
139
156
216
136
516
42
221
28
9
552
586
82
91
283
74
48
269
328
170
153
412
465
682
297
310
3
323
600
263
26
202
57
327
15
454
55
146
31
394
74
25
236
327
231
130
696
637
40
105
156
133
111
11
408
354
253
37
13
412
430
399
20
219
272
254
597
79
415
143
150
35
113
466
358
395
150
315
52
290
369
31
348
4
463
140
406
121
426
53
374
526
230
215
32
299
561
201
334
230
22
102
25
62
519
631
25
489
38
87
11
144
27
336
30
619
95
135
252
156
484
307
339
234
62
326
7
142
26
178
92
163
237
223
499
215
303
433
2
179
364
465
190
209
149
235
107
288
581
632
340
1
273
119
103
169
66
260
66
178
79
485
380
343
404
259
89
285
20
108
421
188
594
437
208
562
314
80
63
112
129
406
508
457
332
218
351
400
267
201
154
373
129
332
296
338
52
285
366
140
40
67
401
248
36
265
222
383
612
148
62
331
75
204
132
4
301
160
207
69
97
312
291
283
216
16
474
210
452
332
585
143
278
61
38
502
91
245
83
416
185
159
146
714
411
549
489
81
207
46
474
146
20
132
231
-1
518
694
259
96
428
317
459
395
329
65
92
215
236
81
188
634
548
437
231
131
455
30
640
162
456
118
342
456
261
131
416
642
546
141
183
12
34
476
354
298
46
241
8
119
164
290
319
158
621
394
72
467
554
1
152
124
161
387
48
181
450
292
411
148
251
108
164
571
391
222
60
378
716
13
226
342
189
11
335
243
86
400
446
229
106
82
499
317
52
95
99
133
75
84
32
19
171
77
71
80
510
372
716
8
321
108
142
410
72
429
341
238
128
75
68
575
42
238
120
179
103
274
141
433
175
47
11
170
397
8
333
241
141
79
222
14
621
76
96
539
288
89
195
259
337
45
12
516
321
9
6
184
229
271
676
96
113
231
411
167
360
652
60
304
18
439
357
211
184
237
696
45
265
218
45
489
128
131
280
464
293
247
356
407
86
153
82
256
78
152
431
294
156
250
234
54
45
142
56
342
148
289
191
127
25
225
251
563
535
29
315
108
405
328
131
94
267
464
54
582
28
574
93
111
638
169
593
159
22
240
174
597
48
332
508
507
331
430
309
124
316
16
221
38
245
100
15
94
288
415
426
641
217
383
131
62
24
374
178
242
48
212
505
112
258
79
42
408
175
365
279
96
332
46
470
466
154
580
590
208
396
167
60
120
295
76
53
30
438
249
186
443
22
425
24
78
214
124
219
203
270
629
143
206
624
518
252
158
37
391
34
96
470
376
40
265
130
273
161
353
