10000
2131 3009
1168 3503
562 954
2136 94
3129 3103
1827 3047
1345 4666
1571 3583
3652 987
4966 622
1038 1105
1357 312
3129 901
926 2254
4961 3314
2531 2371
4554 3214
541 1293
3898 1457
3099 486
273 2347
3883 4219
5000 540
4009 1320
1013 3966
1529 754
2174 4660
626 144
3089 3097
422 1571
1730 3788
4770 1633
716 1771
1239 2812
4641 98
1042 2483
3089 2962
4001 2421
2509 1699
2494 4843
3479 3148
1761 4634
934 377
2889 190
576 2748
1978 1358
2144 351
4195 2763
2345 1569
4475 3873
4072 2371
405 106
2671 328
1922 4037
1713 1451
2923 3676
1467 3408
1642 1239
4307 72
4123 3126
4493 2928
2495 2784
3554 1189
2113 3295
1827 3352
4098 4940
88 4261
1781 230
666 2860
3005 537
3953 1222
4734 3453
4719 3918
4020 2033
4163 215
4423 2773
3699 788
638 1176
2780 2579
824 226
1712 3695
4247 198
993 3074
141 3270
3554 3526
1583 3864
1096 824
1000 4598
3676 4555
2847 107
3896 4440
1075 3368
1684 2259
2254 2822
3202 1777
757 3697
2502 939
1635 4791
3010 4386
3491 610
737 10
3680 741
1132 2264
672 2203
1715 660
3108 42
733 3662
1583 3229
4051 3427
3411 172
3771 4047
1685 4530
2521 3158
4965 3142
4711 3252
892 2596
3349 3575
176 453
1970 4235
4761 1216
1539 3100
2959 1293
2924 1708
4984 3363
3435 2516
3236 2273
3585 338
1673 2588
237 922
1998 988
2343 1950
3276 2093
708 2560
4908 4824
2166 2659
896 4415
1513 1094
1354 560
2766 843
4008 2328
3809 1413
4448 4669
3076 2951
1367 2891
1493 3098
2081 705
3116 3962
3368 4084
4995 3250
3056 1174
1231 3238
3873 3750
2388 4345
2963 2007
4224 1049
4268 4873
1670 3173
4656 1217
3891 1104
3259 1582
1806 3945
2037 3973
3859 3777
4216 124
866 1902
764 3595
2150 1844
3295 3571
421 3914
710 4967
1449 3391
4428 2850
4742 1185
1820 2557
2199 3543
1351 4911
2803 1071
4901 2812
585 946
4323 4448
4497 4308
4686 4342
3140 2690
3692 3840
3347 2090
430 2738
2213 3282
1341 4865
327 324
2432 3731
66 2256
1440 3183
4221 2771
2409 1764
4083 3732
1026 3426
4671 3160
463 559
4056 2406
2754 1905
863 4027
1311 3463
3892 4541
1155 3654
3047 3065
3949 3168
1929 2745
4879 3597
1656 4807
1861 4515
2311 3869
3192 1368
1082 2563
1241 3880
824 1499
4671 4217
171 1779
4672 795
4630 3522
4493 3687
4773 1768
925 574
4053 18
1727 3127
3828 1749
2316 2853
2952 1212
98 1001
4173 2263
2465 2777
4983 4760
2802 2393
4109 4092
4800 4912
1249 2933
4676 3414
2048 4134
3926 4027
1336 2628
1505 342
122 1670
2184 4692
4174 2946
4547 3547
3511 507
1104 864
4792 169
2180 2566
4079 1866
2450 2205
4570 3944
4546 2406
4887 4046
1009 2688
3829 3792
2748 3689
4842 3851
3743 3172
3754 1389
1321 1461
3684 4701
3082 427
352 963
26 1728
3176 4941
4437 801
1652 4362
2600 3084
3181 1246
1447 3701
4864 929
630 1112
4858 4104
439 412
1256 2207
42 2490
1242 2925
1096 393
4929 2858
3825 3398
4126 2207
3287 2853
3364 4751
4185 4017
3197 4220
1676 3265
3787 3233
3585 1432
3424 1555
2305 3116
3105 1821
1402 3524
4891 765
2515 619
1394 3837
4067 4244
719 3545
4776 597
1123 1653
567 205
1105 933
100 3733
1790 4306
1335 4625
4923 2383
3145 3254
3040 2624
1893 3657
4143 4285
2872 1626
3602 2129
292 1419
3895 1739
755 3142
4409 159
3578 1731
2078 1259
637 1769
2700 898
4088 1672
4001 293
1898 365
4353 1451
450 3519
211 3655
879 1366
795 4096
1024 2521
3669 3087
85 2563
1028 4854
2658 4006
907 1530
3260 2211
3072 3377
3513 1848
1231 2929
1646 1794
2653 1004
1938 2627
4462 2049
3262 1916
4413 1614
2690 1079
1229 433
2570 1955
1552 3765
937 2678
4779 3553
347 2393
854 3287
656 1205
3176 2288
3985 718
3770 4929
1261 3047
540 2186
4309 4957
1194 2028
2342 4504
2687 3446
2606 2944
3006 1307
487 4704
1715 727
3976 1168
4863 4660
2915 1375
4100 4307
1115 2050
1002 4387
1108 67
3287 2198
1798 4032
4955 1207
3274 1373
4562 325
816 4458
1808 3512
4523 2453
11 4112
2203 2258
2257 4569
2512 3133
2103 2299
2949 3665
4451 1600
768 7
2576 1689
4665 2515
2762 3241
1319 4486
164 1492
941 2402
3887 1427
2623 2121
2950 2533
2766 335
1281 3755
1952 3614
1394 4246
1052 219
4327 3831
3753 469
1790 2685
3141 404
201 3514
2448 1778
1970 4312
2279 689
1455 1295
1392 3397
4300 289
1738 3919
894 4396
255 4850
4828 189
2711 3535
1650 2076
2731 331
3276 1131
602 741
761 1064
4795 134
1046 1184
2788 2184
673 514
3819 783
2159 2515
4882 1961
1605 4702
4222 4122
371 4470
2590 4247
3352 1470
3308 2655
994 428
692 3746
4973 3268
280 2811
4233 1617
3191 2795
124 195
1512 3775
3798 4476
3005 1747
4767 3768
226 2858
1474 1366
4352 4910
3602 4725
1057 3669
139 445
1887 4067
1991 723
3635 3956
3096 1482
1882 552
4932 2087
3094 4621
2851 4009
1966 2876
115 3305
1243 2077
4804 3021
1461 3638
1573 827
28 855
3221 2230
2982 4674
4720 2022
1582 2138
2366 3616
266 3300
1045 4598
299 639
3803 3034
1121 2838
2161 3511
4945 4430
4695 499
304 1033
4318 155
3381 4197
349 2561
468 1601
855 2105
136 1898
1362 2851
4176 4628
2464 2851
1469 1780
1612 874
2773 2080
3699 4125
1250 3050
1256 2528
1995 1465
2336 837
4385 1990
926 2395
2266 91
1825 2745
4618 83
1187 3067
3689 3441
4059 3449
2938 2468
4454 3754
4285 3241
3448 2108
4956 3050
4235 1062
179 1581
4324 654
1342 2235
3156 4767
1966 283
3654 2705
3981 4047
2041 4240
903 3855
2757 4732
1123 3257
2798 1674
3122 2004
2023 1122
3319 2675
3286 2947
4635 4283
4768 3497
75 3645
1762 4106
4883 3034
473 4971
3782 2231
2666 3701
4080 1820
4332 2345
346 2686
2104 4837
808 4497
3870 3982
4175 2406
4914 3525
2074 3112
780 4688
3002 1575
1315 2969
1667 4825
2475 60
1145 962
2337 4352
1879 4214
4382 3249
1934 4433
4083 2752
4777 2828
3201 1201
4419 238
3122 1798
2438 4516
1400 315
3903 4552
416 4304
1027 16
4151 4251
2978 771
4358 723
4373 4456
90 525
1537 3961
1711 3975
1166 4293
4949 2295
3474 3564
4172 2147
620 1918
1273 4962
3942 2246
1983 294
3032 71
4444 4238
1150 759
1701 4768
4619 4562
2241 261
4135 2419
2536 3179
4097 4050
2636 1142
2087 4249
1959 589
2486 1007
3590 1472
122 992
689 4650
1880 3184
846 1545
4910 4369
426 517
1725 2202
1601 3083
2297 3291
4668 1400
1583 4013
2041 175
3621 3618
215 4984
2224 3522
2502 4947
2200 3039
613 4125
393 3392
1975 1540
572 3941
383 293
195 834
4460 2519
4954 4688
4850 2936
3906 3488
948 2201
292 2997
4472 180
3276 3667
3437 4184
3990 891
3067 4488
4537 2039
4725 1223
233 3987
3653 108
1520 3613
3683 1214
3295 3931
600 3956
1195 4771
2541 4121
426 1035
3559 3475
4547 2804
1582 1470
3149 1247
4889 893
432 2962
2727 2361
1264 641
4329 2801
4551 2087
2932 4206
3367 1147
781 2623
3739 2880
3861 2592
2597 3231
1599 2950
2953 3722
4110 2591
2461 4350
4172 1509
945 1803
521 1544
1906 684
3615 22
3340 356
2844 4388
4362 3469
2308 367
3267 681
2499 4616
1914 2013
212 2183
4147 259
299 105
2595 2603
4982 813
972 4148
3693 2745
3396 2860
2369 1074
1489 2181
431 3043
4359 4084
4661 1572
4776 4701
3052 1016
1743 2343
862 743
2058 482
1730 1017
3665 1782
494 3077
753 2665
936 1589
91 860
4756 3527
2882 2149
2428 2058
2999 3255
1787 644
4725 4684
1782 259
1421 916
862 2179
103 4185
629 4567
101 4249
2673 4556
804 1705
3369 4840
2012 1791
3055 3685
1234 1867
1001 3514
1890 1792
4079 1617
3219 2953
3931 4037
993 1040
537 4334
651 1900
1081 3536
3456 4419
585 4638
2317 1911
1963 4341
1792 1837
2747 1727
2883 3968
648 4671
3724 760
2038 375
4273 74
2200 1079
2782 3343
4481 1246
3539 2731
3862 3016
220 211
4228 265
4540 2450
4258 4497
3180 3040
3152 4939
2411 3261
1324 890
534 2971
701 4284
2145 2723
4352 188
2012 984
1573 4083
2876 2727
2007 3337
4726 898
2536 4185
2267 4254
957 1469
980 1762
964 2458
3480 3989
3990 3249
2695 435
2137 2428
1769 2205
636 4749
2170 3069
4083 1235
1436 4770
1782 1314
1113 3329
4293 361
559 3397
1183 3761
3414 158
160 4464
3716 475
1189 3415
4466 1818
603 4901
3765 2266
503 2797
255 382
1573 629
3537 4995
2664 4309
4125 1773
3548 1863
1721 3635
3087 875
814 3099
2995 3452
3516 3802
4535 291
446 2281
1007 349
655 1075
4855 1957
3172 2079
4018 4949
3768 4838
1366 1979
3149 1565
1517 2035
2309 1446
676 1825
1287 2382
2838 3654
3312 2627
790 3644
4566 3719
2755 882
208 4153
846 2471
1757 1107
511 732
302 4238
1210 1120
3472 1327
4240 1564
4453 1190
2987 3480
3785 1870
1885 4143
4424 627
2120 3067
3515 1615
2208 2145
3957 3900
4858 4566
1384 3449
795 1045
30 2489
666 4265
3387 4487
2992 4247
2480 976
1278 3899
2285 2184
103 2019
615 1833
2219 3441
684 491
4754 39
627 2937
4224 4623
893 2474
1783 3578
1127 4282
3055 309
2501 1699
2365 3222
1553 2961
3892 880
3460 2642
2875 180
3390 4820
3809 1071
775 3215
1603 3513
3315 3860
1619 2907
2836 2942
671 2345
4885 170
3621 188
364 1983
3113 4607
4630 730
4826 3059
2129 2976
850 2360
2121 3191
3641 4832
2173 1671
1463 4894
4942 3738
1153 874
1406 4753
673 4055
3266 3724
4354 289
979 844
2311 4974
4565 3394
1093 1404
735 1260
4636 2813
582 1590
4626 2499
3599 2616
464 3579
2909 1024
4259 479
2626 4731
1869 3517
2602 4689
3287 3027
227 4386
3987 190
1876 378
251 1438
2657 2627
1547 1394
2205 2644
2264 3716
871 3006
880 4399
2424 1442
4445 4244
3284 53
1321 4318
3205 4128
2913 3861
2503 3029
3279 136
3060 3808
1380 3169
3639 4265
4915 3302
3307 3066
2151 1156
3742 1940
1857 4879
2353 5
1906 4249
2363 762
3454 1674
2185 455
2045 2278
2191 4837
4028 2790
597 2219
2209 2074
3544 958
4567 4485
3649 4095
3322 4883
3219 4311
4677 1279
1039 2498
4056 2394
3111 3285
3728 1526
3368 4888
4638 4417
4984 1445
3210 406
100 3549
3599 4161
1946 2434
1292 2343
3865 3414
4655 499
898 1732
1986 2074
3168 2498
3823 2976
563 3393
1906 1960
4523 171
110 4815
4423 4668
202 1800
713 2046
4718 693
2765 875
96 2735
4801 1400
4408 3478
4823 2543
2065 462
3291 1823
4258 874
4061 4978
4738 4607
1329 28
188 2295
1068 1914
1115 2571
2658 1333
3890 3376
3839 3407
642 2175
687 4687
4800 3019
4568 11
3171 3532
62 6
393 2265
3044 4346
2871 4455
2865 3641
1201 2640
1730 3517
2147 4543
3064 4708
3117 907
3656 4471
241 2312
2163 2510
3813 2547
2788 171
3945 4955
710 716
3314 3139
2074 243
1982 4126
431 1049
3845 3801
4735 1619
3009 2988
2524 56
2867 1947
3540 324
4009 4451
4179 1546
274 530
2402 522
25 3646
909 3828
2924 1405
50 3397
3514 1262
2305 698
769 214
1044 1582
4081 2285
4258 1193
3172 3035
4237 1376
3506 1652
2082 643
1094 2046
1166 3361
3520 3764
9 1122
3694 4976
3531 343
2761 749
3880 4440
620 36
1426 1175
3557 2651
1220 3366
1445 1866
3291 2847
240 3334
925 823
3453 2955
188 636
1332 2938
2378 3599
1996 3339
4133 841
1301 3693
1096 4247
2373 4515
3788 1380
3550 3131
2853 4463
3454 4987
508 1963
658 44
1950 2332
3798 3968
2484 403
4483 4742
2638 3791
3988 3673
1196 2674
4337 2881
144 3516
1030 801
290 3832
4542 4416
3712 4411
3293 372
2946 4687
4890 1260
547 3654
4882 3925
1934 1970
4487 1934
4689 2754
453 3239
533 3454
4740 4955
1409 4892
1994 2836
2859 3327
1186 63
3091 429
2898 482
1724 3238
3713 709
2472 3995
4775 129
2312 4597
3664 3261
510 4847
2055 2539
2724 4711
1743 2503
4775 2195
1639 4935
2398 861
4267 4410
3020 1744
2276 2860
2883 4428
3501 3723
1270 973
1303 2975
4079 4225
298 2470
256 403
1199 1850
1311 554
3567 3212
1279 2075
2833 3914
3482 612
3223 294
3765 4918
4707 1068
945 274
1817 4126
3024 4090
3258 1330
4519 2829
4495 1090
674 4843
1128 1478
1862 291
4659 1322
4473 1499
1071 2827
1623 3693
4800 3116
1191 3798
613 4207
4401 4662
4245 3630
2679 2336
1012 3927
4680 3575
3055 547
858 3156
2671 2397
2163 2538
2610 2968
4148 1002
1983 4184
916 1618
1237 876
3976 4291
2491 1756
1887 2396
1998 3995
1262 4571
1866 1366
1537 128
2984 4321
2048 3358
4780 2086
2190 1155
3535 4801
1025 4751
3249 976
1763 3601
2231 1469
3514 2055
4330 4221
1306 327
3619 2409
3349 919
146 487
1923 1806
2325 3147
1280 1773
3863 325
181 2519
4218 3420
4955 1537
4216 4264
3413 4474
146 4735
2140 1463
32 2382
802 4421
3760 1533
2236 1061
4612 4717
4976 459
1922 1922
1697 4851
2688 3104
1029 2936
1584 4875
3727 3721
3740 1822
3987 1705
3042 3966
4243 1388
733 3160
1814 2739
1767 2110
2753 1644
4466 3611
4727 1984
1446 3967
4788 3596
4227 1561
1412 346
1276 4760
2961 4446
4333 2669
4898 2364
143 3266
4897 4335
1790 3614
1535 3546
2053 2601
4565 1963
1727 1287
2556 2263
728 452
2100 750
2470 2303
1900 3373
84 4856
1432 713
2723 1799
4906 709
3909 2329
286 4046
1531 1503
3089 4212
2315 3093
2671 522
300 2515
924 658
2969 2469
4373 2534
3591 4567
4242 4780
359 2979
3034 2536
4256 4893
4822 4137
4768 355
4470 3108
3958 712
738 99
1564 715
423 4847
652 436
1133 2710
4828 2994
3719 3621
1968 4962
347 3066
1084 3485
1160 1863
567 3789
4850 2941
3240 4909
2945 1740
1515 2059
2505 2098
4374 711
2968 276
833 4790
2358 4448
1892 347
4223 3856
3113 4968
143 4982
417 2984
324 4941
1723 4939
4627 3298
3811 3635
4488 4827
1679 4124
4425 4094
563 1545
4167 1153
3178 1392
3472 4253
322 3444
2799 487
3795 2216
2973 750
1666 3541
2994 3691
3097 2329
814 1401
279 4515
1186 4828
3298 4207
579 1329
2470 3928
4508 751
3317 1494
1576 2194
1598 473
4461 3704
1419 626
4013 3287
516 4047
4573 4786
1809 2578
640 196
710 4228
57 2549
3394 4774
3001 4448
2116 2799
2154 4045
1288 148
1572 3403
660 1639
3319 1596
2479 2896
1305 4368
4618 4959
2787 468
2735 4464
3073 4588
317 3983
4242 2139
2840 786
2793 4222
2042 1206
1973 3807
230 1407
1834 1332
3996 1116
1035 4448
1032 4389
4674 639
1095 808
770 2202
4501 3569
214 3444
4442 608
3100 3274
1563 983
1741 2339
532 4139
4581 2206
2006 2602
2313 4954
2818 4488
2731 427
267 2240
4763 2118
2399 1942
4430 3724
795 4937
2262 4095
4705 2481
2851 3358
3168 2058
999 2202
2750 4446
3694 1120
107 4734
746 3716
712 3328
3022 437
822 4493
1443 1735
3607 1295
3498 4800
4370 4862
4489 3904
1905 3044
3458 318
4647 2515
1668 769
4508 1131
1968 3744
4759 2343
462 3555
4276 4573
1514 2860
2739 1586
4497 292
3421 3068
4569 2228
4809 1755
2896 318
3536 2679
1257 265
1487 3089
2834 1834
1556 3530
1109 1945
1787 3983
1478 2610
1688 4318
1617 742
1385 4277
2903 938
3226 406
4415 3383
370 2911
3560 2843
4117 1309
1916 2912
3410 1888
3013 995
1671 2029
2502 1611
344 2704
304 2395
4414 336
467 629
3193 2520
1493 1761
4445 1833
2450 3152
2441 4175
2679 222
3812 4773
63 739
4140 3914
2967 2401
198 4976
2250 4119
74 1696
535 923
2983 2084
708 4687
4005 248
980 2806
4509 1032
4525 2876
2658 884
3176 3524
1270 1203
945 2211
2061 829
349 4893
2421 563
3512 3667
2438 3825
1809 1670
457 4602
1526 4911
2283 3901
1262 3874
4395 2200
3595 3631
3892 1573
3347 4446
2471 4693
656 3905
4364 925
3850 4134
1706 1041
3937 1628
3201 3952
3167 2879
4858 1161
4538 143
1749 4626
2126 707
1094 2499
1126 355
220 732
3228 3874
3591 2414
3008 2301
1715 568
2728 4463
4766 1101
2983 2341
3576 1634
3732 3414
3666 2906
2447 790
4065 2922
1340 4673
637 2770
4332 346
2998 3473
1969 3743
3071 4604
3031 2171
4930 2528
1137 1693
1915 3647
2420 4117
3957 2897
1692 3033
649 1656
3864 4746
1200 2712
3204 2771
2323 3818
4053 1121
3485 3983
1431 3224
1526 2763
4342 4911
4959 3457
1095 215
4858 7
3399 2853
1291 3874
2922 622
977 3666
1515 4561
2008 2083
3242 2746
4095 2293
1396 1139
289 1317
1341 1518
1045 3376
1041 758
4323 2842
2564 980
4499 1528
308 3580
2411 2034
3239 486
3417 4218
2814 3496
1869 4720
3845 963
2645 4155
2600 1050
2988 4572
3799 3156
1928 879
4871 3489
3206 2807
2153 2747
2350 4690
3519 3644
2902 2348
1033 978
3142 2975
4982 4616
3668 1130
4697 758
2560 4009
3739 4981
2009 269
1455 3159
4210 2826
734 3918
3195 1208
4599 3899
1715 798
3855 3411
2426 3606
4407 356
2535 3920
1401 1551
2707 1954
4964 34
1656 4736
1538 48
91 1549
3045 531
4619 330
2511 2942
1159 856
2612 4110
140 4102
1664 284
434 4411
4307 2968
1841 865
677 1194
4227 2375
2838 4353
2353 3167
1123 4571
4756 3132
1430 1701
3725 2106
3067 2137
3426 2103
183 1720
842 302
1767 4607
4307 470
1834 2899
871 4551
2160 2164
4589 1974
3465 1075
3587 4426
1258 3943
3547 710
4104 429
1970 2975
1858 512
1035 1611
668 1893
3343 4110
1685 3756
303 2564
296 3877
2546 3111
3225 4244
3739 3174
1404 3863
3964 700
2624 4666
2752 780
1103 3001
2917 2407
2455 3153
431 2342
998 2306
2605 264
3177 2243
4209 4219
2904 2191
1150 747
3187 3444
1253 4307
3856 2319
102 2013
2029 1722
4960 2291
1092 1912
2042 3196
829 3730
3618 149
64 684
4227 987
1772 4550
4721 824
3019 3603
1256 1814
3831 3460
1953 1537
4614 335
1481 4559
1600 4991
2533 46
878 100
2947 4345
161 262
3096 1562
4483 3028
837 3746
3189 1196
780 836
1438 4001
3348 1605
760 839
4153 3861
181 3049
3107 886
2161 631
4578 1197
4221 2328
261 3565
4752 219
3755 3661
4418 3576
3294 4201
1613 294
551 1800
434 3391
1016 1436
4478 725
3200 2112
4151 4296
4340 4103
2825 907
3402 4769
193 1803
1676 1961
284 2609
4578 2167
2873 1835
1118 2953
738 3228
1640 982
1352 493
4103 1775
713 174
1214 1059
970 4078
2893 2707
1276 950
2990 3143
4487 4885
4333 1183
400 2658
1096 1596
3622 4333
3518 1251
3879 3574
3142 815
3892 238
4844 454
2237 4276
2899 3943
938 3000
1671 3106
3557 2165
318 3108
465 1034
1263 1508
1220 4972
1421 1751
3277 1149
4981 3319
1597 2204
116 789
529 3470
4069 4858
2976 2424
1639 3121
211 910
2693 2268
1935 2949
3829 1581
4705 4706
1574 1721
312 3001
2006 1088
2983 147
3893 1152
3348 2305
1467 3209
3457 2653
660 876
3380 73
2765 3360
3452 3604
4963 2792
1647 4244
4981 3459
39 212
2374 4878
2331 123
4225 4040
25 2826
4109 3299
110 4812
4367 4979
2703 400
1089 216
4750 399
4862 4576
1281 2094
252 629
3970 3737
1024 4452
2736 2978
1214 3150
2701 3790
3988 1549
439 4949
2205 1759
2825 1061
384 1058
1470 4624
3333 1690
3049 2196
3889 2506
754 1772
1959 3230
2788 3660
4723 320
2897 1753
3295 2249
1428 4982
4264 2640
2851 920
785 3546
479 1765
4039 2178
3331 1173
4463 837
2860 2169
1748 4159
585 4133
1367 2587
4018 1456
1526 1405
3502 4056
799 4132
637 1113
853 2133
298 1737
3943 4411
2242 2069
507 1496
2206 1420
2448 3450
2977 2518
3837 3813
4239 4557
4028 4147
1810 537
1853 1843
2306 2502
3319 1610
4712 2993
985 2456
797 1140
1581 3589
3331 826
4610 1510
2807 1960
4353 4783
3544 1186
2410 4922
4688 3447
555 3291
2725 889
770 1156
2171 2452
2070 540
1520 2517
2126 3785
3139 1172
692 3682
3573 2516
2737 2135
353 4409
1518 436
42 4462
107 879
8 1345
492 4087
4271 620
879 3544
2945 1752
2695 370
789 3265
3608 150
458 2511
3249 4046
2916 3863
1583 4244
4351 4836
4440 1124
1582 1123
681 4714
2951 848
2287 1406
1141 2770
4542 2010
1227 323
2347 4472
253 3544
1193 2480
3379 3326
4955 4740
1332 2418
3667 488
1533 2764
3124 4608
1080 625
3701 2723
1793 378
1662 1999
575 797
1253 3243
1114 597
2074 828
4563 2406
3439 1985
2959 1994
465 1472
1894 1917
3520 4911
266 1892
2380 4225
4836 4453
157 3809
3747 3373
2117 816
4737 4172
4231 2740
2481 132
2864 1933
4737 1435
1247 789
2278 991
1481 4710
2023 4743
296 2722
877 148
4315 640
4620 2970
1727 1669
4943 711
69 4638
1997 3522
2764 1022
30 612
457 3391
1920 4449
4583 2638
944 1065
2463 4455
2869 2572
4009 2969
4431 1045
253 2102
4030 959
193 4738
2917 2853
1473 1435
3642 2717
3586 508
1884 3256
1134 1676
1038 3255
4859 3276
962 2421
1044 400
1903 2769
3498 4260
721 4516
2586 4479
2486 4642
4530 3862
4358 1606
4976 3456
564 1812
822 3666
3433 3985
1102 1403
2438 2789
314 1116
3946 1388
1277 4359
4377 805
3431 3328
2316 2657
1932 339
1877 4044
2145 3545
2879 3859
969 2259
4397 2252
4271 639
3562 2648
982 662
2224 4710
3238 4833
2962 3999
1324 2843
3819 1035
4774 4987
3372 1120
4200 2595
428 214
2738 4501
1054 2081
63 2551
3367 4592
535 1321
2604 4199
1246 4562
716 2434
2515 2979
686 2459
2992 3655
1736 631
3963 2615
1290 549
3192 1577
4095 4785
766 4774
1325 4121
3499 3740
4110 1314
1215 3425
1111 3499
3932 3620
2375 2814
3303 1688
2845 212
2908 2601
4000 671
3169 3444
4274 4252
1455 2923
1094 3089
1662 2394
968 2603
4992 2936
1306 4033
2094 4960
2426 4183
4613 4851
1647 744
266 863
2439 94
1372 41
635 21
4824 4575
4974 958
2243 3074
3851 4371
794 455
2219 937
58 1119
267 4530
2128 3587
2993 4200
3072 4993
4196 1056
1767 1296
145 2873
3040 2825
1782 4979
2924 1968
3650 2976
4293 1675
4494 816
4031 2812
2393 4781
842 1395
389 3548
626 2852
514 2023
2560 3392
1054 1927
3353 1111
1174 3410
1682 1355
4190 4600
1226 2020
3998 1611
2062 3536
3139 1332
215 1943
231 2795
2227 1277
4406 403
484 4044
482 1429
4583 1358
807 3924
2538 1053
4678 3147
4158 841
3300 3152
445 841
1517 3926
3389 2269
888 1275
214 4949
767 524
744 4360
962 2882
3584 1318
2663 4572
3718 572
1361 994
4299 3153
3135 1619
352 3363
2860 2644
4477 4665
3010 4915
1849 1796
708 997
3907 43
4503 568
3587 2426
335 2659
2550 3657
3952 1840
3683 3122
2026 668
2431 63
4428 3151
270 2323
4014 2078
2059 2994
1837 2914
3017 4778
4327 1124
4081 105
1216 2799
2570 4333
3106 4592
2593 1214
1146 759
4763 112
4365 2442
1956 2328
3830 734
1496 4508
2854 31
2795 4184
2182 63
2039 1232
2126 228
2854 3269
1820 1032
763 909
3627 751
3892 1063
3290 2432
1879 2301
808 1296
3537 2147
381 1614
682 976
2556 123
557 4068
2811 4133
1574 2392
3242 1628
4821 953
2345 3776
4840 492
3362 2105
3978 4790
187 771
3006 4089
2341 225
1341 2065
3192 4610
124 4956
1533 3097
3966 545
4442 2749
3431 2445
531 4497
257 2243
3882 4500
4112 4225
2116 1261
2621 2819
293 4263
4158 3936
2820 3223
3339 1003
3051 122
1907 3989
3737 4014
1985 4693
1474 717
1718 2199
1319 3146
2467 4104
3910 2046
3346 2515
3349 81
1917 379
1248 57
2541 1734
2824 944
1746 1725
1257 4923
2791 3835
1439 106
2334 2833
1815 4817
2792 1492
4582 411
3288 484
1122 3578
3992 893
380 48
4547 3333
3864 4738
1644 1981
1231 1348
580 4310
291 1595
4899 4675
4556 3278
2562 4928
1160 2826
3514 3386
3752 1076
2440 3386
691 989
2405 1953
3191 3823
4049 581
3612 4865
3517 4041
2431 3274
2787 1230
3296 1216
1074 3530
3515 1543
88 4566
2768 3960
4293 3950
1951 3971
3433 3054
4688 2431
1988 3347
642 3972
4636 1421
3986 4279
34 4325
3673 1994
1758 547
4753 4879
1319 177
62 3658
2494 3463
319 984
2418 2076
2900 1028
4334 4482
1748 1505
2000 4822
3555 2824
2253 2151
3731 4274
3686 3291
2733 42
3919 4309
2438 2430
2147 1480
4678 477
1676 2462
2433 288
690 3582
3845 334
2209 2389
3201 1999
509 3894
706 3865
2332 3266
529 784
2900 2578
2701 2583
4851 67
4072 2018
1837 76
1183 181
2234 68
3589 120
4158 2518
709 22
2246 4073
4482 3350
1910 3348
2102 2815
1336 3697
4323 1095
4173 1834
3213 502
974 2418
1382 2281
2112 4426
431 2925
816 3697
4588 13
412 335
4019 3562
520 928
4225 1457
668 2650
3086 2507
4419 4001
604 4057
4139 1095
4862 4929
1247 535
1712 2110
4854 2557
330 3498
2332 1076
2962 1642
2136 4553
228 1963
4040 886
22 4258
3745 2827
3639 4269
3489 584
1799 183
842 4634
1872 2907
4507 1272
4180 555
1294 3600
4226 2292
398 3040
200 4104
935 2231
4890 4093
2262 438
2754 3808
1795 3957
4439 783
4588 2051
1571 3739
3892 2763
4842 1367
4720 4100
326 580
493 2237
4683 4634
100 4860
2383 4399
4106 2568
3470 3691
1391 3329
4879 1960
1510 4342
2226 3991
1351 3027
1887 4513
3176 2105
1873 4525
1123 245
4832 3279
3030 2212
4750 2020
3691 2290
4108 1931
2762 1262
4893 2308
2163 370
1324 2195
4817 3351
4015 564
4854 2321
3673 3396
1822 1642
2366 4765
801 4312
4171 1306
4779 2627
851 12
2593 1210
2663 2880
4715 2783
880 2854
4557 1767
2432 1658
4378 3077
2899 773
584 3547
2514 4888
3938 4755
4046 4783
293 1365
2245 1725
672 392
4402 2174
2561 1344
3279 2658
3533 1654
2301 3450
2232 3399
4326 2289
1997 3361
4831 349
2182 2384
1946 1352
2180 4393
4479 891
4799 2505
4718 3545
3532 976
4847 3524
2447 3508
402 1092
3079 173
528 3412
1572 2265
4480 4032
940 784
1781 2200
1347 4678
4566 2594
774 1760
1031 1805
3899 2177
3492 4719
1745 518
2378 2234
2981 3161
2741 4003
2793 2607
3236 3940
4307 1739
4693 4356
1744 3029
4772 2020
584 3282
3696 1112
4333 3286
2031 4534
1194 4128
4163 416
2527 4314
235 2039
1839 4297
1569 299
1566 1473
1350 4901
816 3864
801 1686
917 571
1099 200
113 361
813 3418
4750 122
4284 646
3662 2337
2752 2048
4975 4841
2178 3014
1658 3413
3457 4971
2074 1910
3586 3761
3846 1248
520 2969
607 4209
2346 2113
4072 4912
3283 2264
439 1967
2638 4151
1038 4889
1734 2687
3990 2882
2560 334
1749 36
96 3386
2539 306
3651 4365
4156 2891
4448 828
4242 3300
1201 2848
1187 2167
544 4461
104 1598
4422 3011
1499 2800
638 4129
3345 2341
1508 1446
2455 3553
2996 391
3372 1024
4995 285
3164 3184
1002 3567
1086 3324
368 4458
854 3189
3884 2427
1891 4793
3345 3289
4182 2604
70 3164
3736 3056
274 4759
2126 2547
2980 2176
4889 3423
4682 3547
4306 1097
3887 1931
2790 1391
4044 2589
3697 3258
1155 889
109 4878
1098 3962
2756 62
4006 2252
1450 1476
4067 1415
4719 4310
3154 4162
2044 4118
1821 1852
1162 1647
2606 2219
3879 1304
1655 2366
2795 2402
4975 2893
1792 4839
3829 3002
1884 4219
3315 730
1361 4476
2275 4455
902 2455
4133 2201
4648 4332
275 4953
998 1746
2413 2907
2868 1722
2088 4052
4229 1109
3280 3838
3157 1754
3436 1167
2072 3747
1627 1835
1129 107
233 1123
382 2490
862 4275
4780 4473
673 1019
1300 2275
2924 552
3581 3716
1221 4150
3575 1923
3105 1037
4391 423
2096 3939
1276 4064
2741 4635
3095 1395
3605 3918
2174 1596
3914 4734
4512 4348
4837 2459
1940 3822
2677 2573
4065 3138
723 1890
3162 4100
3678 3665
2796 1439
2436 3846
47 1482
1538 1017
4201 2597
586 1250
2271 4198
2932 3511
1604 3582
1669 459
1009 3111
132 4209
1814 1867
3160 3442
287 1516
2946 663
320 2596
4195 4679
2520 1784
739 1306
4849 2086
18 2094
788 779
3559 686
3025 3687
2385 4976
4228 906
1935 2981
3158 4864
2088 2475
794 1434
625 1667
2998 447
807 4528
1553 4938
2060 4232
3535 4312
1509 2948
1706 1558
2282 1058
4158 2518
4133 2053
2024 3337
4554 3571
4038 544
4085 1160
729 1631
4182 3185
4879 1967
4838 1742
3014 3413
1094 2632
3613 4607
326 4588
4619 1726
676 4763
269 1774
1288 517
3003 4545
2689 1583
1058 4781
234 1447
2555 1428
27 2695
4439 3837
4884 2712
768 2597
2635 4662
1548 3881
593 4288
1107 727
2151 2254
4843 675
2263 4431
4066 419
4180 2942
3486 1991
779 874
226 2906
1741 699
3434 3824
1744 4240
653 4661
2376 447
825 1300
3857 1499
3916 2154
1556 4180
3436 175
1158 1359
1457 2165
2613 4202
3791 4512
1701 1807
451 4681
1028 281
4268 4237
2489 2369
604 2765
1762 251
3599 393
4730 4842
4124 3448
757 3103
745 847
429 1308
1970 537
2388 4871
1702 1201
3804 864
397 2132
1905 2671
4707 3452
3219 729
3128 3295
3819 680
4060 2325
3679 4534
3525 3269
914 3275
672 813
1038 4518
1371 3061
4481 2529
4690 1141
2676 158
1065 4142
2581 1897
2075 4979
3662 364
2129 4834
1139 2102
4828 796
3009 1243
771 3571
3546 1039
3454 1071
533 1272
4512 914
3385 1932
4366 2950
142 4843
3613 1012
3968 4055
4693 1839
3370 4428
1210 484
4198 4494
3165 2591
1851 2752
1216 1483
1183 3800
3633 4509
116 4138
3698 375
1331 1108
4697 2713
1500 4463
3131 453
1198 3504
1279 3783
3631 2763
3255 1684
4645 613
4684 282
3073 286
4973 1267
1809 3586
1244 1828
4710 2500
1481 3811
381 2993
1102 2485
3529 3148
1437 2437
702 4168
4169 4198
4950 500
1230 144
4057 3479
1798 4547
2727 4556
753 1100
1821 567
1168 29
3020 4976
1305 2574
846 3543
163 1026
1419 4880
1732 4975
2476 4631
2775 209
3739 1685
1824 4592
1784 3580
4748 4976
3096 3560
4856 3089
1032 3762
4928 2157
4627 3315
2198 2747
1953 278
3941 2228
1026 1990
189 351
4461 3113
2185 378
35 4722
3898 3066
847 904
2210 2716
179 2086
2938 1607
4475 3802
1817 3516
319 2109
57 212
4142 2395
2984 4673
2381 4918
4845 4730
947 1040
4818 3724
2929 4724
1626 4987
3707 4612
4345 2797
3883 1317
2581 538
453 457
2811 1661
3477 3203
2564 929
4082 1588
3291 3654
1729 4638
3941 14
4558 1722
4834 3389
2574 1080
4813 4960
2334 1520
413 95
3302 4907
4800 2852
533 1402
4471 1870
2189 581
2282 4100
4311 3638
1535 1920
4249 1282
3232 2985
261 4599
2314 1332
1706 648
4200 992
4457 171
4111 4351
3296 4302
3281 4235
310 4873
2298 4777
3711 3802
326 4757
4694 4048
245 3890
3309 1770
4604 215
1232 2466
2458 1865
3788 4381
1670 206
1275 2481
2832 3005
3250 2719
875 1253
884 975
2578 929
471 194
3235 3887
2145 2809
227 3478
1528 1905
95 1285
4869 4170
1793 4804
468 4522
3267 1284
3305 3841
1030 283
4613 4971
727 4740
3360 3862
3262 1188
1969 934
3070 455
1516 737
4863 1042
3253 3842
4607 1457
4303 1144
1690 3612
602 2228
1555 1499
3402 4052
168 4083
3000 3205
2240 4833
3703 3188
241 4990
99 1956
2250 4241
1563 2675
3948 1246
418 4846
4002 3071
241 2720
2222 616
4872 3100
4550 2376
3603 3671
4660 1884
2500 3075
1071 3400
2452 2687
4824 4849
3286 1778
1898 1682
44 4229
3182 1734
4843 4453
4580 40
715 3864
1897 4457
272 1979
4044 4992
3080 1710
1540 1534
481 4419
3461 1387
449 3844
2801 3440
4876 3951
3268 2224
3355 4614
2657 2511
978 4171
1268 4525
2446 4384
4126 3441
4117 409
1060 3231
2106 3782
3061 887
1190 1667
4717 163
2129 2517
1112 3635
2823 701
4383 209
1501 2476
3401 4704
2417 1833
1578 908
1128 1062
1016 516
627 1733
48 3326
2433 1459
4254 701
2334 1947
3319 2747
2356 516
1576 695
3126 311
2171 678
928 4231
1207 429
602 709
4205 3764
2762 4007
3469 4383
2855 541
3681 3766
3993 2193
1858 1603
1798 4751
4361 4730
3158 454
523 4935
4584 1362
3440 723
2397 889
4457 402
4435 3727
1986 711
3782 2434
3397 32
4456 1874
2632 4057
795 1632
499 4125
3091 2076
379 4157
2105 3297
3295 351
4834 3443
21 270
535 1570
140 743
3221 689
4621 4096
810 3123
2407 168
1900 4097
3189 537
1288 2055
1341 369
679 4027
2099 596
4747 2073
3636 843
3082 4037
4437 2819
2964 4106
1731 4120
1226 3956
806 56
4491 2902
4898 4553
2580 2410
4302 1483
3402 3676
318 1520
1811 334
2279 710
3750 901
3000 2139
4731 3178
1326 798
138 1758
2412 4751
4264 4774
294 1054
1479 2318
4505 3050
4312 4268
657 3299
4802 1897
3010 932
1556 2256
3579 71
4102 896
3163 756
4011 2109
2056 1677
1083 3182
2725 4541
4638 1814
3312 890
3955 4137
811 4027
599 404
1444 3418
2420 8
4346 3786
4 3777
4114 2133
1916 489
1790 687
70 569
3479 2123
4477 4165
746 716
4247 3214
1967 2436
3049 1613
835 3663
1030 3486
1517 3638
4545 4461
4604 2981
2631 4241
1843 1936
3198 3559
4149 4699
3503 944
285 3016
2109 1979
4601 4212
2224 288
2957 743
4915 2812
1377 4715
894 3280
257 3609
2712 109
4699 850
3196 3717
2797 4552
927 363
245 2756
2772 2472
74 822
4011 1638
2877 1051
1782 2956
1460 4679
3818 4698
1564 2545
1332 3348
1192 967
72 1898
4300 4868
1613 1372
117 1871
4282 3351
1356 4998
3655 1369
1774 185
4329 3380
4016 745
3982 2762
1436 2244
3131 3907
2368 3086
316 4372
3848 2204
657 3196
4572 2209
2577 4426
2104 104
2500 1814
3902 4336
2597 3413
4502 1291
880 2966
956 1267
1092 4696
2677 2989
2222 761
431 2585
1721 4200
2216 1567
250 3730
267 4752
39 3817
898 4878
680 1608
1575 1394
4404 334
4512 3519
4163 39
4597 2025
926 2954
2968 4602
1426 4644
1809 4770
1377 388
1745 2431
4982 1431
4063 699
4009 4178
4211 421
1892 3005
2365 3767
2313 4855
4759 246
1567 3286
1626 4009
3660 3348
921 425
2224 4104
2366 1935
2436 4383
2082 1154
4711 477
3707 2285
1933 1760
2087 387
4401 3183
3411 742
564 3637
2538 3779
4108 743
4233 2904
4091 4337
825 2604
787 870
2433 3873
2514 1109
4445 2580
1987 635
4422 4847
460 2511
2611 2822
4612 3544
1752 1981
3382 4011
3441 2837
637 4876
778 1693
3998 4996
4422 2049
3313 1140
2643 4958
272 1931
3427 1241
744 76
4791 2214
4218 3963
68 4237
4803 4511
3079 2155
387 3276
4352 2772
325 864
2640 709
3650 3635
3749 4999
3806 4792
3563 1741
3649 1884
4317 1053
848 1332
2385 4690
4166 4874
1134 3393
1209 4147
4984 2175
2911 440
1951 4822
2002 4288
3455 2137
1346 227
1409 1562
3220 2265
4971 1077
3865 255
1461 1364
2999 60
3909 3263
4583 379
181 4344
3105 3157
2021 1801
4314 2374
1886 2203
122 4608
2293 1203
2191 2560
1707 4128
4411 4257
381 2458
807 1568
3612 2886
102 1550
2218 4585
4128 1562
668 1099
3388 151
2048 236
1906 4124
1785 3075
1747 4252
3994 3162
2872 2221
502 3060
679 960
1621 3867
1787 4221
881 4461
1480 436
1930 2818
4865 3527
3528 4235
2483 783
375 4452
3424 4242
1650 4341
3968 2577
3166 3161
293 2903
4508 333
231 2979
557 132
1980 4529
887 4243
4188 2026
2711 2874
3280 2115
1960 652
196 1802
1685 242
1409 3237
970 2113
4716 3
1109 4211
1001 3556
3770 2460
4029 692
1366 2828
4607 4575
227 3484
3129 4065
1743 491
835 4634
951 1429
1739 1527
2768 2493
976 1456
2821 640
2892 1483
2724 1035
337 4598
1080 4422
2903 1236
572 2595
64 3339
604 3972
291 1453
3331 4490
4148 1975
4491 775
2485 1073
817 4465
4925 3124
1165 3935
1944 3834
1263 3189
4812 4242
4582 2648
223 4481
3899 104
1757 689
2580 4956
4520 238
1383 4821
3277 688
573 4171
3034 3347
1104 1467
3533 1134
4621 2443
2375 2836
3099 4572
3352 281
331 2237
2312 2879
3468 4743
2713 4103
1345 3451
4773 1486
4783 3605
4003 3793
204 1857
4195 4504
1806 3313
4087 4073
4284 834
81 917
2166 1682
3065 1314
2848 1481
186 3579
70 1011
4713 45
4469 4662
1768 3319
4878 2935
3316 158
3554 3147
694 2425
3826 4745
1435 3577
1333 4975
765 2747
2332 1227
4587 2438
2661 21
4123 1954
1959 4166
1789 3248
3251 278
4107 2155
730 873
25 2506
2823 361
4622 731
3035 307
780 3368
4008 1031
3075 3471
3450 2400
261 1308
3069 4808
462 4269
4510 687
1176 1232
3402 1035
2288 3981
2558 2886
169 2135
4557 1730
1398 678
359 4109
4125 3687
877 4461
895 1598
6 2211
484 1296
3954 2946
2650 3884
4653 4220
4546 1648
1726 2389
3320 3054
4871 1962
3848 2137
2250 59
2860 4329
2738 835
3899 4121
4806 3975
1524 4851
2113 2179
522 1412
674 215
3864 1373
2155 4059
1009 4478
2073 1210
2541 1637
1024 4892
2895 3903
3078 3295
2824 3355
645 971
3946 4711
3697 4405
3644 2171
193 156
2579 1290
1724 2615
2209 4279
1491 3433
3664 4986
2625 1487
2317 1286
4163 1480
2213 1520
2082 204
484 2490
1300 423
86 2974
701 1751
2664 1345
3658 3836
1226 1596
3831 4940
1841 4235
1260 4918
3757 1236
1225 756
3170 3834
2079 1519
3085 1299
583 828
4722 1715
297 90
4095 3603
2788 3229
3892 2853
2689 4561
2687 4767
4120 173
4087 313
4857 848
2013 1939
1837 4053
1748 4737
3130 962
3621 3253
3063 288
4047 3114
4379 4142
2570 86
2370 2649
194 2845
1484 549
1275 4186
1577 2128
1841 872
1398 3003
4814 860
193 4472
1939 2106
245 3670
4063 3438
1998 2579
199 4284
1526 675
3024 750
4239 2248
1895 3482
4233 1120
2970 2154
3150 1360
3843 3697
1493 93
2228 3293
2098 2599
2688 4509
1122 3163
1919 824
560 145
3939 486
3520 566
2784 3052
754 1621
1668 3167
3402 3832
204 853
34 2187
1974 4448
1727 3493
1244 544
3163 256
249 2978
3022 1919
3367 3957
4270 4914
2507 3241
1911 832
2824 4430
2856 2488
4182 3172
2892 1957
986 1357
4327 357
984 3855
1789 962
2192 4863
414 463
4611 4269
2043 4722
4435 1245
2663 3255
1132 4388
1981 4109
2250 2235
4352 4791
3921 1894
2582 2862
4503 1306
3982 4907
1688 3892
799 2199
3806 1039
3607 1259
2022 4555
3288 3728
1339 3289
3340 3628
2614 2146
3416 1559
1840 3140
25 1003
4908 717
2215 2994
2495 2920
4989 3855
87 3540
4977 2389
4864 3023
1630 3600
538 1268
4690 2851
3012 1050
1394 3272
1551 867
1857 2008
1641 472
4451 4572
1248 1878
4537 1259
3058 4913
1236 3609
1260 3213
4573 3155
912 717
574 4209
4140 4504
4044 887
3354 2959
1106 1699
2907 1674
1498 2126
1351 2997
2372 188
4551 3654
2491 1665
2737 2490
2307 277
690 577
4315 3578
1384 3176
3272 4677
4591 181
2283 2390
3145 2683
851 1954
1283 3934
4316 3027
2490 4570
4341 1885
2136 1297
1844 628
4399 1194
3338 390
535 1928
4537 2216
4111 2459
3984 544
2798 4439
817 2696
3875 15
2836 4796
1980 4919
200 4625
560 2670
2123 2417
3551 4621
1236 4465
729 115
4754 1726
3026 866
3147 436
3970 842
2248 637
1154 1107
833 2812
1683 8
3036 2484
3048 3128
1281 3160
479 1164
3519 4762
176 389
2560 2018
3111 1535
2893 1523
4101 4998
4564 2102
1532 4083
1743 1225
3016 2573
2865 1468
3821 1869
3281 773
4291 2094
4983 190
744 832
1039 3436
1369 3108
4651 1725
4904 1350
449 3162
3609 2349
3680 2260
193 424
3116 62
2244 1737
1101 1982
629 23
1084 4864
4167 1908
4208 2492
374 2536
663 2684
1926 3952
1191 4085
1112 1597
4165 267
3050 2576
4534 417
3855 424
3792 2308
549 3063
2192 3132
2323 3585
1763 3687
642 3131
3480 506
347 1318
4054 2069
3685 3515
1129 852
1417 681
406 1667
1458 4751
646 1001
631 3953
2060 2178
3346 1689
1163 2241
1366 610
1244 3877
672 1448
132 3467
831 1021
4343 72
1160 3529
2466 3512
1495 339
3596 410
1901 4610
2856 891
2308 4770
1524 642
1511 957
1707 922
4305 1550
2254 4668
1924 4111
3916 4345
4477 2476
3702 903
3474 1299
2386 4931
4011 1396
2030 1550
2139 2366
3128 4163
1428 620
3504 2961
84 2377
645 1961
3422 734
2415 765
1804 1064
3074 1567
3819 2342
3205 1594
2732 4379
4096 1750
2848 744
3364 3822
4533 2267
1051 2867
4853 1884
2580 4697
3432 1974
292 1380
2448 146
3574 4851
1935 2927
3792 3474
3518 3216
3735 18
3734 3876
3068 3502
4856 4677
4365 4129
2306 3824
325 4315
2444 3848
1745 4133
1700 4260
2484 3017
4262 387
3813 278
1881 465
3761 985
4380 2276
4758 4120
2805 952
1338 528
1341 1866
4528 231
2618 2036
4204 2388
3594 802
607 1250
2220 1442
57 1366
3527 4122
2130 4342
3813 4711
3650 2817
1429 1020
3262 3422
1371 4847
4276 3591
1491 3630
30 559
2691 4650
1077 1342
3319 4953
1657 1230
610 2275
4205 3084
574 4826
1469 2498
506 1915
236 3726
3600 3325
2848 643
1030 2406
2950 2714
3517 439
3309 834
2893 724
3741 4358
1801 1653
2955 580
3772 4980
290 4559
466 2126
2302 1193
1226 868
84 135
1417 4613
738 3871
4730 2422
1939 1569
2421 3201
1087 1885
1094 4211
3940 1356
3879 4441
442 4212
474 3704
1982 1059
2288 2350
1526 3726
374 1715
4560 1048
2726 2587
4901 3774
3411 2753
3703 132
1178 1796
3353 2824
2789 1485
4752 2530
423 4510
4789 291
3191 4587
923 3044
4388 4315
3893 4432
4481 1591
2735 3574
1303 1065
1523 2537
4484 4811
3234 252
2930 2013
3309 1929
3118 3789
4693 34
4149 2730
2100 4573
4646 3923
4660 346
2413 2228
1584 747
872 2143
3345 1892
2798 1378
357 2959
2087 1805
1373 3872
3282 973
1123 3215
4114 1330
1879 2397
1513 3633
3632 4220
2215 781
2102 4863
1203 672
691 4274
568 3429
502 4558
3207 3064
3588 3445
4900 6
698 1315
2676 1764
4740 70
1696 3386
3359 4856
741 4736
1932 417
3767 360
3788 4041
2579 1230
1743 3751
749 2510
1044 1706
1082 3703
1602 1382
1806 475
1707 430
958 3369
2897 1707
2044 4062
1043 2444
4064 2679
3818 2419
1697 414
3644 4497
2918 2034
4517 51
2827 575
358 3422
4499 2692
984 2561
4962 2658
2900 2463
1406 4200
1077 3592
4397 3971
2767 4930
4602 2500
869 2543
4731 3219
3029 2307
2531 3954
603 4283
1363 3367
1217 4924
4720 2089
3880 2242
1903 4987
646 2014
3485 2095
627 1216
2857 3740
4327 2147
898 2554
702 4597
4965 4111
4711 1142
1470 4854
463 3167
3352 4406
692 4585
4968 3891
1864 3232
3228 385
2248 4214
1516 4022
3583 1101
402 932
4698 763
963 1307
3824 3086
1003 1982
1941 1336
3284 3559
1558 2022
1593 2141
3231 3421
4665 3417
2962 4316
4852 1200
4374 3447
127 3556
2195 3128
3015 1022
1559 888
2991 3842
421 1737
3920 1369
96 1580
4715 1366
2377 2921
1354 4128
988 4867
3890 1194
1388 3135
3941 1075
1431 3142
4661 3812
685 7
2591 4829
1079 1167
3178 2625
501 2207
334 988
4127 3025
4862 3440
782 4381
4479 829
4497 1249
2207 2745
1269 1549
2296 2391
1045 1765
3563 3727
4296 616
247 3508
2887 520
4274 1930
3512 2613
3458 3394
2119 2329
4736 962
4736 2360
101 1321
3392 1729
189 4573
1197 3230
2516 1809
3511 4411
4751 2939
1812 3324
4631 4182
3016 3777
3595 2059
3944 3051
866 2287
1885 2117
3965 1464
1400 3242
1314 1189
2927 3624
4603 84
2488 4951
956 4811
4084 982
4669 3958
3124 4512
1131 2238
395 708
4680 3212
2832 4845
123 2897
55 334
2160 2903
1625 1664
2531 1479
2128 269
2262 1415
1822 2133
3766 1279
2032 844
2088 51
4404 4157
3470 1783
4997 3892
45 3613
3420 1883
3073 1677
3494 3179
1235 4377
270 1563
4933 3627
293 1560
101 1670
527 1192
2154 4190
4075 3237
4787 1109
3535 3291
1597 3255
743 56
2006 3438
1307 1244
2254 2424
1940 4655
1104 1376
2806 3015
395 3656
1841 1033
1940 1376
1962 3646
4165 732
4391 605
819 1652
3889 4041
4421 1673
2201 3063
1951 4748
3606 2859
4072 3949
3150 1225
1264 2192
3695 1811
2916 84
4232 3790
2248 4867
221 1325
2933 745
4579 1170
2571 594
187 3504
3880 3728
1290 4124
2497 437
952 3297
4194 1542
4348 2653
4640 2287
4993 2757
3544 3212
4430 3911
3655 3585
3435 4295
4841 1834
1994 3277
1682 48
673 2150
4427 3616
1265 2169
2199 2040
1480 3462
4092 270
4551 3129
1467 1919
2868 4898
1551 3877
4214 70
552 4627
1924 4
2893 318
3316 1312
2107 4657
3512 233
500 795
2528 601
2766 4849
918 2104
3577 1237
792 1621
1446 3660
1355 2409
3841 1387
4099 2731
3417 3476
1091 851
2459 4605
1826 4971
4106 4700
529 232
4787 1605
966 4844
1873 2908
3956 3668
1052 4495
1608 2408
3747 4778
253 4955
613 4994
861 2693
1115 1538
2660 3497
4412 1965
2756 4418
2840 1546
1656 4776
1043 1840
3904 566
1085 2341
2940 1269
2881 286
2443 3557
3810 2972
3950 737
4253 2924
3653 1979
1156 531
3915 4842
2316 820
4766 796
3377 3460
1279 285
1860 2479
3472 3848
4713 2416
1206 4967
2107 4681
1479 2461
3285 2050
1051 4150
995 3900
155 1794
4401 1753
2758 2943
507 2330
1176 742
4351 1611
2386 4395
717 1417
1780 4030
864 162
422 4056
4122 4083
3996 3991
4710 3173
4182 2731
3867 2293
2534 3212
3148 23
4983 3191
3244 3858
1814 2929
4920 1392
3971 4319
1126 143
4185 1088
4919 410
4761 2689
2916 2204
4610 2802
3615 2588
3560 50
3807 4404
3145 3873
2322 2439
4877 2694
4490 4076
4946 1738
4521 2325
1259 1442
948 51
1266 373
4347 3860
2216 1131
1852 4129
2864 914
3897 2023
4007 698
539 3219
3239 192
390 4048
3813 1138
4724 4300
3687 3783
2286 2147
16 3796
2182 3268
4996 773
4455 2636
4475 344
1877 3640
2384 4827
1805 4036
2580 115
2830 3421
2544 373
2685 1367
4208 4710
3946 712
1361 4054
4324 1929
3701 4179
4672 2803
3673 2235
3666 43
2271 2902
4121 1456
1894 664
3826 2423
4673 82
21 4161
2205 3792
890 1905
382 3217
2017 1326
442 1009
4897 398
716 2438
2555 1893
234 3138
96 2976
4159 3437
749 4369
2829 707
3542 994
1453 3621
284 3828
2875 2355
2987 2549
4330 4542
4189 1532
4675 696
136 1434
1612 1558
533 2399
1982 2635
1510 822
1308 3132
2911 3117
3874 2301
3727 3306
4191 3283
1334 1885
3377 339
1615 4223
2957 2934
4496 4842
2513 4699
145 1752
3687 1529
2638 1039
3136 4088
3879 2648
715 3618
4444 3787
1285 2987
3007 60
1795 1443
483 74
2312 4066
1720 1008
148 4815
393 4540
43 3549
905 4459
1385 820
169 4219
3319 3871
1259 4593
4281 2373
2726 1395
4079 2705
1725 1720
1869 1517
1070 1612
3933 1918
4095 2037
3571 1434
2 1324
2911 1071
978 2873
3616 3973
1611 3344
224 727
3562 4630
4118 4858
3751 4321
4092 3476
4865 1662
1671 1639
4178 2336
4943 4248
1076 1804
1906 4104
4705 1071
2427 4469
4116 3999
1451 310
797 4781
1765 2279
184 378
4640 2727
4135 1356
4140 1929
1218 4420
4248 1954
383 2817
3066 955
4963 4297
2849 3176
2979 3767
4914 4584
313 3283
4558 3210
1552 1733
880 335
3550 3779
3703 1517
999 4974
4799 3466
4875 493
3950 2627
3483 386
4651 3178
1156 2907
1327 4201
3309 1635
1952 400
230 4572
162 3870
4128 1531
4904 1724
184 1065
429 324
1881 1537
933 2817
891 4080
2901 4448
4082 1310
1553 3915
2494 1984
1737 1138
3793 542
714 326
776 3945
154 2793
1277 3573
69 4080
3851 4265
1057 2571
4472 2994
435 3464
634 1837
3880 208
3468 1458
2396 2359
2543 155
4479 1753
1076 1206
1130 1197
4888 1446
4815 4748
4157 1570
1096 1004
4202 1637
4856 2238
690 2109
1931 486
4702 1462
4152 1912
1560 2755
2051 4774
535 2522
566 3069
796 4796
3093 4666
2448 4735
416 1127
115 2799
4119 4467
2752 2813
3843 4671
135 1010
1761 3416
4627 1377
3865 2818
4388 3120
2318 714
492 3558
4091 1963
4720 682
2513 2411
3495 4684
2946 4780
1749 2397
4483 4996
3574 1018
3491 1518
3367 4313
636 2301
2696 1256
1070 1584
4087 228
690 2305
240 3514
1345 3137
3562 357
3207 846
782 3543
3459 1320
4691 313
2256 4595
295 4457
3490 4644
27 1783
437 2576
1389 4313
1714 2715
267 1720
1481 4242
2396 4093
2941 4329
3324 2799
3506 3857
3960 1966
481 1055
4938 654
3685 2612
357 4167
153 3895
3375 4304
2368 3277
3196 1501
585 1635
3312 3333
1075 1921
4046 88
2783 4156
118 3349
3165 4499
65 1272
3639 2421
490 3114
2524 1899
2026 3636
2507 4755
2736 1558
4641 882
4154 2327
4444 1666
843 4854
4331 2964
4512 1722
206 3771
668 447
530 2646
2192 2531
3827 2003
3687 1543
3854 4659
1636 37
1212 2393
2580 193
2012 4385
2639 240
3642 2728
3815 4411
1951 296
4092 4176
46 2182
4248 4111
272 3867
2947 3953
81 2840
3939 1438
419 3021
335 3456
3516 677
2386 4332
3180 2834
2753 3502
318 3182
816 4501
2455 4914
1513 689
4179 105
4881 4026
2786 3866
2103 1314
3273 2732
4025 3138
485 4370
1649 3981
3620 3246
2505 4791
69 1573
4851 1862
334 2286
4944 370
1097 4023
2779 2789
2985 2444
4327 2379
792 1362
817 65
1215 1429
4613 1872
3536 2663
451 3867
4441 2857
982 1832
1017 1342
2171 1725
3806 2453
4866 4438
328 1783
4714 2491
215 1170
1168 2070
4249 3755
1271 3521
4905 1687
354 4797
4209 2450
4426 4543
1519 2514
1924 4950
3590 1070
1193 1701
4554 1609
448 3880
2567 2127
1141 4904
2951 2744
3757 4844
3754 4236
118 3558
1475 721
1636 1667
2924 4546
2387 657
3602 1863
4240 4783
4787 3014
4955 4269
1046 440
3666 1239
3636 243
2669 162
3177 1023
4602 3529
2975 1274
4606 1865
2525 4359
4253 2110
4244 1750
554 1331
4381 4743
837 1280
2222 1506
2673 1344
4245 824
2862 1475
2096 1750
410 3572
4802 4944
2405 4674
598 2672
4087 4981
3322 536
4151 2744
3232 27
509 3529
3875 852
2088 2735
4779 4090
2705 2925
3161 4640
2324 857
2301 4946
44 4013
517 2174
2196 2561
860 2139
4615 2422
2977 2859
1471 1171
442 1291
2733 1557
4097 2797
571 4205
4081 2676
2276 222
3231 3534
1397 4168
3306 40
3235 4020
1834 3555
942 3181
1852 3882
310 3459
483 2081
2946 3973
1125 2457
4313 4320
2004 943
1706 777
2177 3534
1592 1792
4654 2130
1115 2959
397 1795
1256 350
1259 1056
4751 3881
1077 2181
695 4400
1246 3299
270 3116
2958 4738
348 1736
2250 913
2243 1651
1342 2170
830 3939
2913 3344
4922 3556
4975 1612
327 4070
362 247
3796 3791
2035 3532
1036 359
1116 1588
4064 880
4223 1809
4514 16
3896 465
3928 1232
2227 2809
4703 926
614 2421
2384 4768
1555 2391
3713 1798
1525 174
4804 4040
4705 3473
1888 714
3510 2258
4579 4857
1838 3993
138 4664
1833 2826
647 1377
3722 2170
3574 3492
2652 1909
4842 3401
2974 1423
759 4253
2850 1929
2248 1766
4635 3536
4602 924
461 4908
1528 2593
1668 396
1670 429
521 4152
775 3053
1404 2764
521 3899
4229 265
1509 133
2442 1023
3339 1040
86 1334
137 1181
4375 4606
124 146
2682 3070
1766 1776
4740 3971
4442 3573
1448 3407
1465 4927
562 691
3658 24
2208 371
724 851
3549 1933
2825 4039
4577 1757
466 2085
716 458
4200 2841
652 2035
2501 1079
2647 4417
2706 3393
1054 1365
556 245
583 2603
1247 4906
20 3350
2571 1872
203 4240
4233 2753
171 841
3589 4969
1472 1033
4264 2164
4218 3929
3906 838
2927 388
1466 4882
440 1191
1028 2640
3228 1605
2462 3510
3393 3603
4956 122
2829 2449
4449 268
779 3732
4443 508
3506 4201
3580 108
37 2601
3263 2273
2233 1026
377 2256
3060 2145
1763 2545
4496 4373
2228 3267
4357 3418
1134 3185
4714 2946
511 3759
4116 106
4710 3223
2922 1992
2503 3966
1619 1130
1513 4165
3313 2966
1142 3397
2746 4567
397 2149
247 796
3821 1040
3738 4441
340 4614
1210 548
246 4284
1874 3970
2784 4902
149 2319
4944 408
3833 432
1953 1991
1535 1045
4647 164
4290 3872
342 3258
4768 3503
4149 2127
1947 3513
3278 3387
2571 4508
1235 3836
233 291
162 2521
3606 3984
3165 1275
687 2522
1766 1857
3690 1424
1111 4656
3958 2782
2416 3596
3801 3774
4537 1517
908 3021
3558 4083
2396 3471
3565 2628
4349 720
2996 2095
705 862
661 2070
4850 4642
1289 3218
1663 648
4463 1445
4133 71
491 2126
481 1716
4637 3441
4427 3022
4248 2278
720 3180
1479 928
2905 2847
4926 4339
481 821
2782 233
867 3657
4627 2156
1519 2731
2977 4434
3732 103
1948 3644
2675 2225
2026 4782
363 745
710 3329
2546 4964
3650 4546
795 3966
3921 68
3407 1384
2976 762
1680 831
887 310
3269 4749
4289 2505
433 440
684 796
3240 2641
3446 932
419 2911
2947 1070
1493 1277
2478 2560
3710 3427
3417 2914
2244 4211
3040 2544
2764 4768
1364 3419
3558 1197
1536 1225
1804 268
2404 2678
1696 2324
1140 872
1468 4504
3694 557
3091 2089
4027 283
3425 1712
2143 519
3686 3345
4398 1248
2113 1238
4124 469
3080 115
4853 2804
2488 1029
4341 1784
300 3689
2543 593
2986 3567
1112 796
74 3091
3835 3517
1735 1807
1111 422
459 2086
957 4271
1500 3221
3979 3525
4867 4264
367 521
3826 4718
2807 1313
2797 3707
1123 4019
4594 3247
777 4097
2315 3554
3570 7
2226 3791
36 3116
4990 138
1482 2589
221 1968
2301 4128
3403 4145
1676 39
3813 1828
1974 4192
1500 270
126 4672
557 1034
1289 1410
4525 3357
3713 1781
4112 3328
1621 1105
4293 2674
556 1874
186 3712
4288 2055
281 1006
3717 8
2275 2695
618 2584
3933 760
3647 2255
214 3427
1039 1542
3094 3250
2594 1431
1905 2211
4660 714
1485 2101
22 2678
2492 4859
3891 3347
3377 3082
598 1102
2355 3857
2841 2834
857 2453
397 812
4533 895
1336 1910
3588 3561
2107 4465
2653 1979
3412 2795
1210 768
2453 4906
4670 2056
3281 159
1219 3838
576 2356
978 1762
2071 282
4079 4445
1809 4355
2070 567
1399 2779
2244 1536
1518 3088
3946 3978
73 105
3292 3789
3801 776
3989 3062
1086 634
3385 2017
1249 4921
4871 4268
4885 3188
3656 2758
1089 3447
2398 303
2350 3599
1672 3107
2504 4317
419 822
789 2761
1291 2152
3242 3696
3801 4058
4280 2723
394 2556
4473 715
1182 3140
2549 1436
3486 738
4938 792
704 1955
1967 4273
4696 3015
1801 294
2299 1408
50 1281
3516 4075
3044 3253
512 4428
4357 1949
529 4899
3455 4899
2568 4325
3096 1204
4643 3451
1433 3586
236 4727
1871 4660
1676 1953
646 666
4278 10
1143 4990
4493 2906
36 2871
3116 1471
1427 2580
3103 2951
4678 2565
2646 1352
4748 3810
4209 883
3968 2180
1729 1527
1296 4811
2232 3569
2620 4148
3683 1646
3327 2056
2650 387
2139 4761
1694 521
3907 1585
4751 4272
2259 1681
741 4488
2360 3116
2136 4446
4731 2264
1289 334
794 4306
4111 4783
3264 958
1482 4605
4365 4049
2926 4756
126 636
794 1330
4168 4825
508 4573
103 326
4959 157
2329 3414
1614 2181
3663 4060
2269 497
2806 3128
330 1862
3087 2108
3262 1552
1635 3905
3362 1934
2448 4488
1943 10
2368 320
613 3394
2811 2699
4735 781
4919 4920
4080 512
2554 3228
4362 949
3047 803
1774 2574
3484 3523
2202 2530
1955 1484
2318 3300
3312 3355
2409 3575
3145 4232
1610 2552
2687 2020
2413 4402
633 3249
3622 1746
1410 657
3639 1880
2886 1572
358 604
3251 3801
3989 4564
4724 2434
3580 1279
2192 2546
108 1263
3380 1461
2091 1619
3672 3131
4119 1411
4125 2269
789 450
1647 2634
4971 1238
4594 1389
1780 2461
36 3650
3428 2533
164 2916
624 3658
4661 1013
4636 3674
2178 2672
4698 185
3378 1723
4159 4011
2575 471
709 4193
137 1506
712 2968
3113 1406
1556 2161
1726 851
3297 3424
638 4787
1891 2454
382 4165
1501 508
962 311
4526 1306
2973 3436
2768 45
4028 4443
4581 4311
3331 2300
4381 2285
4832 4250
424 1840
997 243
2047 2215
2078 3290
3155 996
2129 4881
2775 2442
3502 2293
940 80
4500 4513
4567 1075
4389 4249
2512 737
3214 2386
201 652
3868 4843
2911 48
4235 302
749 2642
4512 3353
2605 770
827 4244
1517 1945
1075 1178
3701 4026
4987 3505
663 1042
795 4011
3521 682
1226 2689
2128 3107
3363 4495
2017 184
4633 259
3930 3902
4138 2370
1729 4616
1312 1013
1708 1825
1112 3116
796 4083
4539 856
992 944
273 4746
3138 40
1419 1620
1338 2342
3523 1074
2502 869
2171 1262
4348 376
2864 2695
4406 2486
2753 2262
2054 3042
1729 2678
3440 2980
1682 4650
4191 3638
4692 1430
1270 1369
3767 4432
2340 1435
819 4889
1706 4696
3921 4213
4162 1353
818 4473
1936 4566
363 3383
1045 79
1546 2480
3756 1242
1161 2747
278 2428
2840 1010
1647 1515
1768 1830
1709 1107
809 1348
4841 1189
2866 4919
760 3353
231 3860
1385 4632
1488 2190
4289 2941
1506 2864
1997 1573
567 3811
2325 890
3476 4073
861 3803
3640 2450
1615 3815
1735 2907
3928 756
3000 4303
3752 3585
991 4201
4539 4612
2589 3142
1237 3832
3187 298
2826 344
964 1002
641 2350
107 175
1957 782
3463 4928
3414 2356
4704 4467
2406 3422
3246 4207
1065 1786
3139 4717
1873 610
3860 1836
4885 402
805 2934
1876 4471
2530 3145
1104 4115
4468 2900
2096 194
4968 1300
193 1965
1812 2653
3701 4808
1629 373
3578 4393
2040 462
4136 2685
2227 3229
3150 4358
4614 2662
4057 2962
2044 1397
2500 625
1932 3761
2179 1456
4034 423
2956 4548
4799 4876
188 185
1140 4217
3899 3736
4316 4432
2455 3292
2381 4363
369 885
1340 2250
1427 426
1664 4838
898 2315
3667 4587
1640 1691
2911 3467
1340 3947
3153 1706
3148 2116
1257 3868
1724 702
3749 3295
1680 947
429 3362
2577 3348
2748 1391
1070 4656
774 4599
3834 3033
1716 623
99 283
1478 1877
4973 3989
4939 2054
3817 1242
4975 1001
1256 3437
632 1758
1526 3804
959 1828
1214 2086
1190 3377
3287 2728
4140 813
390 49
4418 1483
2277 2401
2856 4521
828 4669
4977 2983
1276 1553
2649 2654
1093 2711
3290 2795
2923 3612
3010 2049
3780 3124
630 3564
1154 2584
2842 1114
1609 2973
2249 2069
747 2846
4584 2542
2975 1914
2034 2966
3061 1132
4045 653
170 4423
4116 13
3981 196
2089 262
720 2475
1122 1552
877 3593
4288 542
1234 4756
4419 3000
1925 2556
540 4855
1571 4371
2221 2990
4578 3550
2629 2027
1072 168
3233 2304
4920 3553
3600 4226
4918 3874
1958 2905
4253 112
1916 3876
3623 162
4877 1724
4456 356
4885 4970
2672 2181
497 2260
364 3275
3630 961
2349 4357
2323 3552
3480 1199
3351 3200
3363 4328
4209 4283
2988 4093
584 4934
2238 2147
863 4342
981 4737
2914 4454
943 16
4205 4573
2812 3487
243 4796
2432 4634
1035 643
4622 2695
1613 4335
3007 2235
4838 3891
1900 2501
3555 1878
3086 1365
2749 3011
700 2132
3733 4273
2828 3605
1239 4282
3400 3360
3004 268
4061 2980
2624 1247
726 2871
2078 4188
3111 4666
2444 2360
53 4907
2763 1709
427 1123
2800 4980
2859 570
4475 3306
2444 2765
3376 2446
4308 4450
3502 2024
4769 86
888 2093
2312 3666
33 1893
446 3187
4157 3633
405 4518
3038 3298
4827 3213
3430 2856
1988 1107
1940 1870
796 2773
392 3603
3712 74
2089 4924
4665 4808
1386 3998
4806 2058
4416 4099
2994 4575
374 1162
577 1284
523 235
4584 2252
3629 4968
4607 2003
2729 4185
3291 1519
733 2812
3070 2135
1511 914
1872 4665
4827 976
2457 140
4157 1782
3928 265
2529 4141
3945 2669
1003 2421
19 4674
4344 271
3066 4500
3976 295
3429 4009
4309 925
1036 425
850 2963
2918 4679
3723 41
288 4792
1038 271
586 3392
84 2601
3516 671
96 273
3070 3945
4503 447
623 4967
4421 3181
2678 1175
62 4198
4041 3281
3624 1559
3573 4497
577 172
2660 4840
4608 4610
820 3456
3948 4961
4477 1048
4625 463
3222 2386
15 4649
2073 1957
9 2860
4115 310
680 2594
4644 609
4374 1655
4742 2074
3983 3589
4741 852
4239 3763
4694 3583
3244 4166
4024 4481
3973 3756
4595 2724
1339 4614
2324 4234
359 4219
1927 230
1101 2435
3082 1694
4829 3079
4055 300
117 3950
907 55
4555 4925
1415 2323
4379 1917
1288 1372
1850 2717
1188 3426
3757 4661
1177 3111
265 1166
3295 4503
1954 2774
3124 3054
2188 2231
4872 4772
1900 3778
139 3622
3394 3911
1613 2509
4719 1316
4689 181
2476 4042
232 4072
1579 1510
1082 1390
2486 201
2660 3247
4803 2826
1913 874
3948 374
3782 1404
3565 4054
2573 1015
1752 1990
2271 2273
411 342
82 4837
1069 1854
4912 2273
2114 2173
1820 3639
2208 4889
1997 465
249 3276
3220 37
4040 1209
3419 289
4865 2403
4024 1115
969 3665
926 1186
333 3238
937 2098
3320 3304
1117 4120
3205 33
1828 2259
4972 1497
3389 1908
4107 896
4678 4249
3208 1282
1124 4360
4795 4672
2685 2407
2637 737
1447 3255
3872 1346
1489 4315
3242 1423
1820 2613
2713 767
3822 2062
168 258
3528 96
1706 2567
3559 1870
1380 4801
2713 95
990 3712
2594 1648
3929 3383
892 4020
4339 1157
2970 4447
1968 2991
3500 1013
897 3269
2051 3485
395 3940
4893 3644
2080 3937
2762 4396
4302 1815
4273 3503
3457 4417
3393 2378
3728 447
4957 1087
2675 4747
1696 3013
819 3988
3248 1351
3963 2554
3936 1359
2399 4449
4452 2988
2865 1815
1024 1522
4321 4448
3622 1244
3302 3304
3340 4568
3558 3909
680 3746
4727 3431
1998 1202
4012 2406
1294 1057
1408 687
1380 1799
819 2149
2758 2233
516 3698
2369 1534
1013 2855
714 3921
3030 4230
4721 1044
2155 3637
1478 1235
550 1165
2588 888
4056 554
1228 3924
4364 2896
2803 759
1304 706
1126 2623
4930 4291
4514 353
2068 1989
1295 3158
3817 3864
3308 3681
3592 2194
2710 4049
1452 1651
414 4004
3640 4482
2526 4084
148 858
2716 1026
4776 2138
3704 3507
397 4451
1722 1302
2973 1255
4311 2597
4743 3523
2690 3390
886 2590
3112 3967
3574 4002
366 3113
3601 1624
4319 3515
1278 3377
3262 659
117 1010
1979 4916
2457 2828
2333 2477
3088 2880
3751 2672
1555 733
1880 1404
2076 971
1687 1456
3752 4082
4994 2868
4475 3627
4990 1636
933 1234
4122 1485
622 1529
351 4357
390 1536
1393 3460
4896 7
2565 2194
1573 2242
110 2398
4302 699
505 4780
2560 2955
3658 2
4799 5
2465 1457
2322 2936
1981 2030
659 4720
2042 1827
79 4119
2210 4898
756 1
800 741
3080 240
2648 4123
3958 2831
1356 3200
1409 1723
1005 1035
4688 3760
4051 4172
27 3226
1190 4408
734 4483
4038 4115
3710 1660
2638 2512
4903 2660
3874 3305
1074 2308
4065 1399
1162 2613
3921 543
2390 4393
1689 3762
1803 3487
2675 2562
3942 4517
3502 1109
3832 2875
90 204
2591 1315
2946 2133
2819 4098
430 2134
3594 592
2357 4526
3260 13
4098 4128
1459 897
2904 1757
253 4455
644 811
4440 447
1413 172
2383 4765
3055 2837
665 1963
2081 2645
49 2332
628 778
1091 3934
3726 2127
1776 3202
3269 752
4494 4803
2925 641
340 1695
1463 1914
1831 611
2039 3305
3473 3389
4277 3704
1286 4610
1426 3371
4585 4401
3115 4848
408 4575
4954 791
343 1319
1346 2591
4080 247
3871 4958
373 810
4309 2920
1724 3458
642 2807
1628 4667
4101 556
4434 457
312 2053
3500 1573
2366 2592
5000 1414
4187 2616
4548 695
1466 1361
4712 1962
3321 2686
2203 3701
1856 3133
4506 1556
3697 1131
4333 2963
3514 2753
2892 4635
2699 3491
3553 4363
1100 3944
4504 1275
3001 1659
4019 3128
1660 952
4107 3985
2878 1191
3585 4493
2496 4228
4624 3040
1242 3009
483 3277
2175 3115
4153 694
4185 4102
4132 2480
4874 124
3069 3209
2265 3053
4718 2002
1081 4044
3689 1263
33 3829
2895 2731
647 527
2522 3763
2245 3460
66 4301
3204 4824
1867 18
428 2495
1749 4679
3023 4708
4005 1671
4561 4424
2010 2434
3104 2542
2501 4867
2311 856
2545 3669
4491 4949
844 4963
4502 3658
716 3393
3265 4196
3599 3536
1029 4733
1552 4277
3407 4748
3910 4867
2928 2083
2638 3701
4437 2106
4327 1408
3627 3199
880 2534
1346 2907
2069 1012
4234 444
2150 1255
94 2187
726 4374
2461 4921
2356 1502
2228 3187
1839 4131
3332 251
4786 1083
1084 4371
1449 4575
1283 4738
3556 4453
4893 2967
1544 452
628 1867
4058 4766
2336 2075
582 67
821 688
4315 1839
4403 2106
3820 4487
4293 1344
3362 4249
575 3128
46 3060
4737 2860
1748 1330
2639 3570
2305 955
2654 3869
1272 511
3698 1161
957 3605
1341 4611
1687 144
1913 1641
1296 4018
811 1104
889 363
1534 1006
552 1290
4618 1162
2819 1174
3819 2336
1059 1161
270 2378
1572 1301
2936 999
4061 3705
2327 747
4249 1757
2492 3324
2975 4835
2950 4353
2299 4975
3528 330
643 4774
858 459
624 3226
3394 2487
2179 1246
2252 4009
4193 3892
2072 30
3999 2457
4613 4998
2808 3792
2957 3931
3112 905
3336 214
1831 3735
835 31
3286 4136
4207 4070
4628 2509
882 4619
3314 2504
2454 3164
3714 3426
1357 590
3660 3613
1853 553
2468 609
4010 2643
261 801
1737 33
880 2968
802 3913
1656 4604
1520 2828
299 3060
1697 6
2184 2959
4142 1765
954 3739
2099 4268
3213 2815
2939 1553
2917 4155
3188 3427
3774 4003
1139 1538
1684 698
3540 666
891 317
3155 3893
4155 2837
2395 1717
719 4680
2907 1897
4218 1696
3196 2092
3801 537
3854 4299
929 1608
1277 3014
75 798
2897 4143
4413 2701
980 2843
274 3064
3628 3246
4105 4873
2669 2775
1641 953
4823 4781
787 1527
4514 2203
340 350
4331 4597
4108 1887
3157 2241
3136 2365
2849 1728
10 4621
2509 954
223 3958
4864 3509
4713 1224
2088 239
1886 1271
4238 2413
1693 4277
337 1594
148 3448
1096 1944
1040 3591
4195 4350
3197 2233
4181 1836
4515 2924
4537 932
4463 4241
2828 3577
1832 2060
2843 478
2154 2982
2186 2160
3393 2821
4858 655
1298 3037
2051 1493
119 4509
1307 3357
3725 1082
3566 329
4449 4083
1485 4508
948 1693
830 1716
1834 720
2629 4257
643 1733
1616 2222
2176 3485
3302 4546
3717 2305
3423 691
4966 2084
3738 3799
4331 4108
4415 2775
3675 2310
916 2878
3504 4627
3590 530
2153 4550
2593 3355
3330 3890
993 3484
3837 3473
4738 4728
623 4387
1671 1797
1873 2398
1679 3587
4526 2315
4363 4164
4381 2414
3680 1586
3892 1615
169 1689
3229 663
3125 2281
1003 3691
4465 744
1128 477
3004 4585
3399 3993
3841 3705
2741 3890
1505 521
1519 284
1832 3658
4026 883
1920 2631
2448 387
2951 1266
4149 1565
1819 364
4004 2253
3081 3520
1739 3997
797 225
3815 1766
3770 3598
657 1116
144 263
1722 3842
3219 4312
4031 3052
1644 4324
2065 2537
1857 1652
52 1481
2194 2137
2614 3577
4162 3558
3532 3691
4326 3747
4983 2930
676 4003
186 721
4894 2612
2627 4334
403 4793
219 3674
554 823
4901 2278
3244 1923
2572 4942
2790 2412
3513 4466
4709 2793
537 4289
2903 3644
3686 3279
2555 3349
1852 1653
281 4181
1742 4591
4842 2506
1619 3988
900 1636
1256 4087
4506 4256
2386 222
3523 1732
1608 613
3057 1673
3831 4076
2002 3842
3096 2229
2244 4848
4288 3356
4250 3866
49 3251
2158 88
3196 1818
2644 3576
3279 3786
1936 2163
3372 3652
2211 4362
3079 2871
3576 3766
4712 4480
4978 2934
3097 432
3239 2052
260 359
4810 168
4402 522
3064 4877
1685 4432
2448 19
4827 3943
3626 2000
1664 3473
1890 1874
4323 1646
3818 1453
3137 1490
1384 2058
3718 2704
4605 524
2918 1223
3829 3213
2323 3426
467 3290
4603 368
3482 952
4468 833
2999 4303
3294 2874
3187 613
4483 106
2719 1341
351 1792
4682 4120
2886 4901
4882 700
890 336
4462 4295
3740 2531
1100 4158
69 3646
3805 816
4350 3567
4529 1612
2007 510
3419 1075
261 4438
3267 3427
4106 3496
1550 139
3391 1810
1792 3531
1797 3328
390 894
2758 113
688 590
4788 1216
1457 3597
3561 4152
2949 2978
2160 2189
4827 868
1610 1819
2730 4250
247 4060
3550 378
355 1700
2967 2874
962 2045
1079 3659
4522 4082
3944 3323
1324 3631
4474 4658
1631 3531
3691 759
4554 829
2563 3351
918 5000
4486 52
249 476
318 4926
165 2857
4902 895
853 2853
3348 1947
363 2700
1323 3284
4994 4423
1385 2812
3358 2787
150 387
1352 827
3659 362
2223 1289
4258 4663
1245 3309
4153 2987
4342 2067
814 898
93 3653
1915 947
386 797
684 1762
1877 1938
1821 1230
2399 859
3533 3500
583 4683
1412 3072
4258 4625
3833 265
3505 1650
4028 2203
1801 362
812 135
3587 4745
3814 3517
2781 2171
3892 507
36 167
811 4075
1243 3568
61 4696
2345 3817
4086 4145
678 1477
3028 3434
3435 2964
2642 4182
2955 1448
4367 3224
1161 1216
1122 4354
2731 936
343 3916
280 1066
3088 708
1782 2377
4101 2373
728 4344
1467 1452
1919 3109
4341 3116
516 1554
3686 2234
4092 298
1386 347
1484 3194
1738 870
4471 3240
3804 1106
3114 4364
3076 1851
4930 1927
4856 1293
3442 2072
4685 2928
2347 4883
2604 2464
1988 754
2029 4875
3755 3702
1317 1006
4784 410
2556 1433
488 660
1660 1169
3413 2462
4731 777
2627 3259
240 3053
803 1484
1213 4199
2258 3560
4893 3994
7 4857
3846 1494
4307 4250
40 33
4828 164
803 3537
4153 1542
4948 451
309 357
1222 1943
1694 3013
4694 30
3571 2438
392 3737
4925 4419
2191 2872
397 573
3154 1004
343 3642
1426 3921
3956 1746
2627 1833
3954 1994
1282 1721
4384 2406
457 2889
2144 67
2636 1648
2477 3482
681 2276
695 3472
4570 3085
681 221
2841 1561
88 124
2600 3857
2816 4120
1542 2195
4552 2885
597 3224
2002 3304
2600 2193
2948 3748
1764 2653
4127 3800
4899 600
4193 3816
1603 2497
4280 3990
2959 3316
2240 1365
1641 3790
1814 4026
4568 439
1079 3299
4602 2035
2707 2799
4323 3615
4586 105
782 788
1480 1143
4341 2744
384 3522
3850 1076
4924 1878
3900 2282
3364 3504
3470 3540
3610 145
4165 4312
1649 2052
2559 3318
3379 286
3115 2081
4434 1515
780 1056
1047 3700
4370 283
2689 2612
1713 2075
72 3663
1248 823
668 3837
2010 2897
4647 4752
172 1255
4838 3802
4948 4590
2410 814
4492 4864
4542 546
4581 3955
792 1608
564 1076
4775 3302
3660 2299
3636 1460
4666 1434
1101 1646
1996 1088
4856 445
3342 4273
3389 4402
1111 167
1885 718
4487 3397
3551 540
4597 3478
1035 3698
3167 2944
4885 2846
4983 3544
3063 263
3211 2420
1361 3969
3047 3984
713 4214
3285 919
1999 4677
465 3891
3648 1587
571 2710
4663 1718
2890 2485
3070 834
3402 3133
2321 2874
4866 2704
3590 3230
59 217
4314 3313
1967 4034
4487 1601
340 2535
2566 1107
825 4291
3657 2984
3114 4749
1165 337
3855 1216
4018 3306
3902 3730
3807 3761
4753 1994
995 3954
400 1294
3902 2782
3691 3217
1882 2472
3055 592
3250 1412
3568 2569
4665 4217
2492 2227
2354 2184
3582 2651
536 3983
3578 1529
4713 655
64 3691
36 1157
2407 1329
40 947
3671 2176
2618 801
485 1592
4084 4738
726 4020
3226 4133
3677 2246
2095 106
3910 3790
3779 2808
4424 623
484 1789
3892 3684
3638 2007
2170 1756
2082 4209
4918 3008
619 569
238 435
2085 2716
4976 1117
3646 4358
373 2925
2313 1933
2915 2712
4614 2638
2701 3201
1436 1653
312 1875
1726 4056
2811 2677
3384 3820
2797 238
3039 3203
1834 911
536 4317
726 565
3804 3672
855 4930
4814 435
636 1825
63 922
4552 2154
2988 3972
2277 1897
646 4979
278 552
2213 1081
1432 4454
4333 4612
3215 4580
1843 3684
4704 4939
4936 4122
1479 2421
2813 3358
4101 2233
3226 4032
832 2126
3589 3127
3798 410
4260 4361
4244 1507
3480 1004
890 4415
1986 4540
2976 4973
4432 4441
1562 2041
2505 3978
3784 3790
656 886
4024 4885
1827 4399
2036 4829
104 2148
1433 3770
1296 1376
876 4352
4645 4014
2150 4284
3301 931
2016 2496
435 3319
3715 967
496 2948
2451 496
2856 192
916 518
4155 4945
3777 1629
1386 3575
4277 4024
2278 1879
4930 2069
12 3258
2727 580
4322 3913
3238 2883
2273 2229
3183 2570
4499 4910
3792 4931
1716 2049
3866 4498
2604 1482
976 780
663 2891
4999 57
1192 4481
4903 1081
4194 1397
927 1023
2553 1441
2093 4547
4355 285
320 3050
4070 3122
240 3646
4515 2275
2282 3901
3504 2256
915 1976
1802 2149
3971 2660
1401 3491
3229 315
4697 1284
2762 3756
756 4856
1840 578
612 126
2635 2346
2513 1936
549 493
544 1421
3812 593
2577 3729
4504 1290
854 2455
2083 1093
2817 4387
417 2979
1530 3830
2691 218
573 1117
3503 2699
4180 3605
921 1162
3206 1696
4592 3438
1820 3749
2468 376
1459 4566
3837 681
1307 1129
1251 2556
228 4580
4242 349
3778 3174
3761 2315
2942 3380
3642 2395
933 1828
41 767
402 1225
486 4573
926 1111
2571 6
1980 3812
434 4492
1803 912
4511 1354
271 4272
2582 1107
3472 2938
3604 371
1433 4487
1921 2289
74 3438
1939 4712
281 3817
2236 3140
3537 3440
540 1870
2662 4147
785 754
3325 3088
935 36
4276 3714
791 3852
2956 1131
619 1650
3097 4864
2100 1749
3690 3458
2295 3992
79 2397
869 2632
1384 4522
1890 1621
452 4860
2080 4288
1255 4822
2063 3674
2342 3722
315 4519
2978 1333
1635 649
4707 4381
3404 2683
2366 3997
621 1681
993 3427
2077 2207
4744 4414
4703 743
543 2879
680 1178
2552 3206
3923 4629
288 3063
1821 918
1290 3990
4399 3158
248 2330
778 4962
518 4257
4481 1863
4990 459
1334 1959
4695 1410
3940 721
418 1647
1021 4711
1903 4158
3100 1077
3210 4714
4208 355
3044 4817
3465 711
4388 2693
733 2333
18 867
2829 2187
2598 1764
3489 1670
3967 2169
2073 1475
324 4261
231 3077
1278 1189
222 4631
4600 3492
2958 4216
2339 1502
593 3137
1845 509
1891 3995
2879 265
573 124
1594 3289
3060 1379
2608 3118
4948 556
1086 2877
2262 165
2789 1955
3173 3337
3426 2441
1446 98
1692 4180
3906 3970
4013 4915
1522 2902
1166 749
3049 1401
1404 2660
497 113
4837 1383
4335 855
3163 1562
811 4009
4647 858
385 2428
540 3290
743 3825
3436 1589
651 3514
1102 146
3681 1263
2398 4264
1633 2993
2064 462
2575 678
3971 508
2337 1407
899 3609
3915 2646
2128 3657
3225 4266
4947 2518
2763 1546
4021 233
1888 198
4157 1636
3450 3215
1683 1857
953 3803
1150 1241
3175 1732
1498 4330
2628 4189
370 948
4979 4831
646 4955
4888 2789
91 3833
4607 2853
3686 2696
2182 4858
2342 425
930 286
2112 687
177 3463
3547 3637
2005 871
128 657
3290 204
1090 2519
4828 4680
4676 3958
4195 2808
569 106
2672 1508
3018 3742
337 2544
2977 2927
4682 796
3897 4638
4865 1544
2189 2352
612 2462
317 4677
2445 1410
2183 518
4921 1399
1972 1147
4161 4698
1134 4939
4722 4395
4113 2841
2289 4377
36 1558
1137 1032
1769 1263
1677 4597
4483 163
394 4977
1475 4269
668 3122
611 125
837 556
1040 1989
4083 58
4475 2784
2007 1653
4262 627
4304 1131
803 4802
1698 4572
4408 219
2811 3158
4563 4385
2701 3340
336 4404
3315 4643
3197 3610
1954 1357
2169 2671
1704 672
995 2876
3067 4908
3425 729
2102 2512
2260 3216
3102 2853
3872 3666
4317 2165
611 1386
1681 1839
4902 1087
816 50
2069 528
1847 1624
3158 296
1920 4272
4805 3012
2259 106
3156 818
58 4843
4766 3988
4735 4505
616 4832
2081 2912
3735 1483
835 689
379 3462
2901 3248
2486 1929
3827 2994
4882 40
2203 1495
2529 1688
605 1119
3658 3411
4112 3218
444 1078
4666 1562
2567 2353
4061 3035
731 3291
4070 4193
4741 2195
21 4537
4492 101
2222 3326
3680 831
2136 1778
2579 4416
4536 3620
2305 4077
4718 1485
2832 332
4894 2593
1700 3964
3651 2913
412 2694
1360 1248
4694 1531
760 2635
4574 3926
1428 2670
4846 4008
3176 327
1077 480
2678 3662
3535 2215
706 2067
575 2090
3793 4085
4774 4571
4271 3936
3144 2666
3142 1824
804 3692
4455 2692
750 3003
3938 4748
205 1539
1382 1585
3539 2840
1440 2716
780 98
2252 4030
2782 4912
3170 2788
3636 1108
3555 2061
1766 3119
4275 3315
3884 1594
3313 1555
797 3463
1511 4667
790 4795
3346 212
391 4830
742 2391
2714 4935
2660 4251
1002 4257
4578 4511
3501 614
1525 3991
4199 2324
2893 3593
1869 2357
1113 4661
3098 266
3009 1108
2326 2661
1076 4030
4878 4282
4212 1136
3396 4298
1089 4857
462 2605
4375 3802
569 3390
4597 2764
68 2279
4521 3486
4903 2333
411 4960
3746 2080
4011 4763
4222 1021
4999 773
4185 4379
3565 3915
4876 22
143 98
4406 3377
2219 460
591 1555
4920 3824
2155 1957
2166 4346
1694 1133
3669 2885
4329 2340
2899 2960
266 736
4068 1860
1596 3673
2889 271
358 1334
3820 2161
4229 2820
2547 3969
1799 2604
3027 4963
2085 4217
1335 3565
648 3212
4228 742
4106 2362
73 1686
1173 2369
116 841
1373 3241
2 3418
3344 2593
1284 460
4617 208
2388 4126
706 1787
3696 1321
3411 3112
4690 3452
2144 507
3921 556
2469 249
511 2135
2299 2510
4870 3468
4622 987
3568 4312
4515 760
2816 2047
737 3748
3447 1490
4012 258
2664 1880
1185 3715
1693 3941
4466 2227
360 3838
248 1177
381 4993
4117 738
3636 2478
4220 3886
3237 1107
4948 1977
381 4706
1496 1531
2051 2584
695 1914
4748 3906
1284 4958
2180 3838
525 1337
964 3618
3319 2548
4220 2640
4198 118
3224 4170
4742 2377
30 2999
1317 4317
719 1706
2465 2794
2825 4500
820 3405
1270 4184
1317 1189
2351 2472
3143 2795
1207 3107
2821 377
1043 3716
50 3916
3023 3170
3932 2935
3401 3501
4225 718
1051 3491
1185 2565
4764 937
2424 120
1150 944
3378 3492
3187 3149
1882 733
1502 1786
785 2311
2810 4244
990 565
3974 823
3347 763
966 4647
158 592
3324 802
2322 3798
680 3079
2685 4153
1937 1202
1342 1152
4713 2987
1323 2138
4756 4882
3092 1542
4070 1710
2879 3303
4070 4761
2952 613
4501 3883
3105 2463
2293 1597
2971 1769
4847 786
1850 2507
4323 2010
4612 1863
4652 4751
1344 3652
2286 263
1535 3713
3340 2377
3002 1034
390 1744
1813 1423
4418 4545
2203 1645
3533 1160
628 3652
1707 104
432 3986
4983 998
3937 2198
1461 1750
4773 315
4610 738
1219 4251
125 573
302 489
3687 4504
2164 4819
3141 4887
933 4544
480 417
1199 1995
4150 3907
2372 859
1448 4614
4913 77
849 3856
4623 240
794 1992
2943 1724
638 552
14 51
2440 2767
878 2080
2322 1479
4230 2943
2859 522
4161 1167
735 1058
1690 248
4777 2471
3007 2828
1000 88
3562 915
3098 4997
260 1216
1108 3688
3246 3906
4036 3431
4047 638
449 4410
1926 740
4243 116
1548 4411
304 224
1453 4441
3123 4558
1773 3284
2390 3877
2683 3018
4630 4510
807 2554
450 433
1666 1994
4137 948
511 800
4267 1749
3545 4806
2899 2972
859 1394
935 2747
2776 819
3224 3545
1650 144
287 4833
4620 1694
2692 2706
3910 4100
2652 2141
4879 2194
3172 2189
3360 2993
4918 2905
1341 3145
2351 310
2899 1960
3187 3205
2910 4967
1926 2314
2922 2204
4631 3946
625 3181
2593 844
1690 720
4500 3362
2748 1285
259 469
4754 3033
1840 881
364 2367
2247 1520
3371 3889
548 3560
2427 1999
3510 4726
3092 4695
4287 3853
3456 1667
3124 4760
1060 1075
718 3715
184 2857
4164 3906
2909 559
2431 1132
3702 3476
319 1264
4424 1162
2446 760
4911 4944
3719 3953
3000 3486
3122 1180
1622 1161
759 4478
2902 4760
4141 3133
4885 911
2421 3065
2800 1755
1508 271
4480 1165
1752 1899
3374 1530
3889 3858
2250 3654
1056 3252
1224 82
1700 3887
391 3730
1465 1834
730 2669
1795 3590
3458 2660
572 2939
46 282
4563 4119
2768 4579
1878 2786
2020 3390
2762 4864
798 3090
1732 1212
2877 2932
645 1822
3360 3671
318 793
3449 3459
153 2485
1494 36
3466 4455
1243 589
643 1717
2342 857
3745 2179
1986 1063
1808 366
4495 1336
3986 4231
1508 2608
496 3094
1303 3968
1936 4175
571 816
3698 822
1830 3750
1570 2368
3269 2079
3868 2812
3347 610
3492 4353
1278 3064
583 1972
4612 1085
1854 3901
3190 1667
763 762
4484 1668
1370 1185
805 1204
150 811
3151 423
3580 3139
1542 1975
2324 3219
395 3970
1560 2201
2577 2035
3771 4875
258 2726
4371 3620
3210 984
969 2039
2284 1602
3306 1086
431 3312
3483 474
713 2575
542 1563
3913 2589
4665 3913
4760 4465
3958 147
2508 3562
831 443
2105 4252
562 2968
3679 3483
3806 1357
4421 3250
3365 1341
1704 2054
666 4480
4724 1624
1863 4793
2712 3640
3968 961
2954 2826
3449 4627
3181 1392
2181 2965
2238 4340
4540 3001
112 3257
888 822
2092 3932
3751 3311
2632 4542
1248 3011
630 207
2487 1771
2740 4257
2180 3468
380 3458
884 1912
719 548
717 2936
26 3759
3297 4794
808 1825
4832 4589
3552 856
410 1769
2047 1287
3665 729
4360 1610
768 24
2714 2518
4393 1614
811 3036
2183 4976
3455 2005
4587 995
2588 3557
4501 868
3954 1467
3640 3447
356 3649
39 1292
1777 4453
2635 2508
3176 3093
3909 4944
4129 1472
3434 3521
1656 4867
853 158
3125 2826
4734 4862
3439 3201
3932 2730
4702 128
3806 2342
343 4115
2788 3950
3457 2037
2405 1490
1987 135
4412 2009
3574 3652
2912 2081
2349 453
2 1607
3484 3789
3458 3382
2163 78
2827 1763
2489 4400
4275 2894
231 1582
1691 4099
3100 393
1511 4784
415 774
2339 2891
1748 2865
4797 3794
2559 3021
1939 682
536 1196
1554 4680
2880 3507
4479 97
4823 1304
1424 2906
1785 4067
3575 2485
773 2314
4503 4680
65 2404
1616 2383
1230 4304
4490 986
787 4866
226 1349
3340 1327
4813 4927
2729 446
3977 2354
4579 1455
2524 2301
1051 3011
2178 1708
1858 2674
3248 1253
1842 3477
3062 3176
3021 119
3463 1434
2043 3239
1047 3871
33 764
3585 3416
3637 4243
1795 3299
3659 3535
2511 3225
4775 2538
2292 1583
883 3563
2695 1342
3079 1001
2875 2145
3821 1868
930 3140
2295 1712
491 310
3177 2104
4608 1174
3819 415
1838 3679
434 2027
400 4874
358 1990
12 454
1712 2621
3031 4183
2543 1762
1145 275
4885 36
4292 1956
4528 3507
1359 4289
1232 4070
3179 2151
1187 3535
2034 415
3677 1145
3713 4027
98 1482
3193 209
2258 4469
92 3680
955 1190
57 312
2203 1733
2992 4574
750 4734
4068 290
1528 228
4184 2360
3088 3287
2108 2204
1567 2217
3883 4675
615 4222
3238 442
2685 4775
1239 1924
3909 2775
75 2748
1077 3832
918 791
3004 320
49 4464
336 3312
4078 2225
314 1946
1923 1212
425 4157
924 3720
1681 976
2816 165
2866 2551
2036 2092
3809 4809
4291 1328
1005 1529
4775 3306
588 710
3868 1922
3593 3875
3586 1549
1034 577
1900 2091
742 929
3277 2253
2172 4273
2435 4893
1629 108
3875 3305
3717 579
3253 3236
3613 800
1612 4133
4175 4698
1602 3272
3680 807
604 324
2728 159
2207 1747
3057 2634
3611 1273
2151 1477
2037 4214
2371 4611
1315 919
297 4134
1025 2928
1675 2321
497 30
3138 4591
4865 806
2466 2598
3860 4366
2729 546
1222 3173
409 1331
2651 728
1384 943
3480 213
4514 2375
1626 2266
3691 2994
2068 4926
4441 77
2539 980
2310 4279
3375 2112
492 985
1184 3271
3488 3061
2948 909
1410 4296
4571 3223
440 770
79 2559
3742 1333
4114 4031
1342 923
1728 959
3511 971
2956 172
577 2422
4690 3422
4547 1469
4225 4891
1139 2211
3462 2682
2499 4535
620 1134
310 1065
1105 791
3387 4026
3916 51
2444 49
1274 1789
1188 1476
3958 499
1289 2728
521 783
4091 1206
2368 3280
1563 3075
1751 130
4950 2188
2140 3712
4383 1694
4867 803
491 4548
2919 274
299 4928
4085 2416
539 2195
4204 299
3845 3259
1211 4563
4049 379
1181 317
72 1484
618 3433
2065 4048
4940 2950
1024 3576
1401 2382
1485 2106
3966 1930
4094 601
2815 3634
599 3039
2737 3249
4820 350
1589 570
2433 3826
3327 2816
1565 2595
2457 2797
1424 2078
4460 3086
2014 2779
1013 3893
1225 1658
976 601
4553 1799
2064 4979
363 4914
4502 4328
1184 4219
1985 4085
295 3516
487 1737
398 1446
2428 3952
1607 198
4069 4857
2876 2302
3093 1501
1978 1574
4080 87
339 4106
3710 59
2410 4541
3208 4056
4093 1469
1740 2872
1800 1694
3042 624
2833 4650
65 1193
1622 716
2870 695
3218 2461
1788 1619
1053 3856
125 476
1330 1822
729 777
326 3293
4748 3389
1904 2730
843 2149
382 4639
4843 4146
3172 3202
2723 1352
1185 3477
1608 4652
3070 1834
4140 4567
330 651
396 4456
2047 2557
3992 1107
2414 3061
2201 4886
1806 4208
3712 1111
2169 2871
4270 1953
3244 4726
1052 2477
1897 1380
4721 4580
3172 2116
4469 1691
2093 967
4007 379
1093 3307
1824 1867
397 4768
637 4466
4867 3288
2684 1416
2365 4069
1639 2061
946 4948
106 852
2736 3211
1806 4818
459 528
270 2500
4411 4109
4142 657
4570 4759
4874 2177
3216 1742
1124 1177
4242 685
2739 1150
738 3662
3088 3496
754 3134
495 3032
4231 1809
2278 2816
431 4788
2135 3014
3814 3970
4632 828
3761 1683
1726 3681
4527 835
421 1624
2972 890
3930 2906
600 3864
691 3137
2653 3540
1204 2262
2103 1078
3231 3575
4475 4946
2484 1391
1670 1954
3447 2081
2346 243
3082 4719
2861 1366
501 1268
378 1232
1755 344
3892 1561
4699 4001
4734 3901
3426 3134
3900 2529
475 3067
4306 1297
4502 3118
1566 1952
3669 1026
473 56
1452 4843
1268 2976
3719 3634
903 1044
2288 908
3703 4605
4980 2797
1858 1010
4613 3148
4223 1120
3909 2871
2556 3894
3674 2097
210 539
702 2108
2981 696
1803 86
836 464
2461 1842
2300 3490
2342 2590
3955 4733
4431 3302
4873 172
923 3756
3579 4964
2845 872
3950 2737
1350 448
3624 1195
2091 1421
3323 2473
3084 1091
963 4742
3491 1230
264 1379
4592 2767
2633 917
3381 4686
165 1300
330 2012
218 1627
2141 1514
628 2978
1542 501
2034 3145
4639 31
1032 2520
237 2391
1516 2459
663 1309
4269 1188
1244 488
3640 2452
846 3529
2333 3243
4743 2887
2566 3489
2240 901
4766 4557
4931 4301
4980 1523
4739 369
3464 880
4486 2305
2142 3683
3350 2854
3389 2250
3798 4654
4146 3625
3921 3751
1133 2812
2905 4755
1878 1086
527 413
2535 4742
757 2015
2834 113
3350 3015
826 2428
31 4263
4832 4915
2875 2756
4842 3382
3014 3659
250 3233
4007 1501
2574 3745
1014 2183
274 2527
3975 2733
3064 922
3402 777
4319 3146
3164 3041
1521 560
994 106
3170 2555
2926 509
2759 1667
3862 1154
3021 1468
908 3901
3437 2354
2425 4288
3465 1114
4468 1181
3808 1336
2343 2316
4780 2921
1980 909
1308 3724
4985 2866
3675 1726
19 4502
3655 413
4776 2835
4661 315
4644 1821
778 308
85 452
3739 1938
270 3909
2340 32
1514 1694
4770 3657
53 3632
2073 2678
2053 2020
2087 750
3454 2401
591 124
1473 2125
2338 1440
3971 2135
1651 4131
2971 900
319 4605
2249 1970
4177 3499
495 201
563 963
1110 16
1825 719
1605 384
1360 2554
1012 1638
550 3836
3046 1808
2667 4416
1219 1630
2268 2236
4573 1685
1850 1638
3295 3544
4417 2410
2888 3723
2076 1572
1290 2122
2390 2652
3411 556
4585 668
860 4620
3950 1744
450 1789
4825 3498
336 2258
1338 4295
4679 1075
544 1011
1448 385
1590 1035
4984 1696
297 4684
2378 1953
984 545
3458 3016
2997 1011
4814 56
562 1513
758 637
351 4772
1388 4626
136 1461
312 614
1207 1321
3332 3530
3525 1586
1405 4228
3300 161
1368 2170
350 144
4056 3549
1808 1331
2609 3267
4903 4518
4773 4818
171 2105
657 1520
182 639
2399 2771
1823 4236
3401 551
2533 4489
552 4047
4345 3537
2221 1476
3988 2862
1393 2902
1208 2792
3593 2178
3309 1705
2017 4687
1919 3313
1103 3096
4049 4873
1835 2905
4721 4741
2574 2130
841 4770
875 1566
3930 1863
4744 2852
4801 4850
1273 169
4303 2604
2977 2510
3332 1558
1758 761
466 3215
598 1749
2057 3105
3579 4761
3251 3304
3409 4042
3854 1975
3679 1040
2697 4717
3471 3252
4426 232
2802 4342
1767 438
4847 2236
1085 2482
3249 4758
3739 1465
1586 2246
3011 2494
238 1870
4314 993
741 152
945 1641
4340 3483
2753 1592
1895 1215
744 3830
2669 208
4617 3405
2457 3580
4137 3821
3316 4701
2741 4929
2373 4847
4693 1349
1915 473
1804 2891
3141 4334
3689 3146
4894 287
2219 4755
2498 194
4460 2304
4791 1148
1299 4831
1744 1942
3484 3150
3257 3769
4520 1965
4769 3283
2891 4229
3350 3424
3836 4592
1809 2564
1235 1908
509 3347
4522 4432
3875 3807
4597 4483
2040 4772
2150 4989
2315 2691
3801 1625
3721 1540
2350 124
2151 1611
1944 2733
4705 1075
896 2302
2587 2861
4092 3788
3973 1462
2744 3527
325 1006
352 1213
1347 2321
1871 3801
749 4962
4030 3089
876 4611
4599 488
4006 4961
4537 1296
1339 4266
2035 909
1922 1125
3903 626
2751 3996
2381 4384
3547 493
2718 1529
4058 3068
3116 3112
4026 2594
3929 4482
693 3310
2869 1577
312 103
2639 2301
132 592
3830 2466
1631 2847
4266 205
660 1517
1509 1668
2058 2848
257 2623
4687 328
3831 2151
4223 1506
1303 391
4196 3640
467 3335
4630 3785
4839 564
3114 1083
3162 4432
4095 4037
401 3013
4333 1195
3770 4701
2635 3783
2621 2674
4937 3281
2436 1670
4192 3490
219 747
2584 3880
4732 2899
4991 4266
2719 4875
3996 606
3848 1072
3407 960
3906 1647
3064 674
2485 2142
4005 4458
2243 599
47 2831
3954 3343
2952 1844
4292 1515
67 4169
4127 2904
2805 2137
749 2819
1089 4851
3953 718
771 1598
4648 1627
980 492
313 3568
4715 3535
4672 3258
483 2077
3796 3781
3824 2908
3273 3995
629 2790
2923 1625
2977 1916
2724 4825
1020 2871
2596 907
767 2634
2679 3332
2882 517
1085 21
4857 3998
1210 4557
3090 2256
2442 991
134 82
3964 2652
3634 1749
615 3248
4731 3768
2570 1696
159 4928
4340 818
3208 3745
2454 1666
4661 1245
720 2932
1959 4711
1256 2933
391 797
4317 3146
1611 2363
744 3604
1394 4333
90 2943
3462 2145
1806 1406
1321 2330
1127 2204
4916 3194
4517 1837
808 1467
3575 4350
488 3441
78 2459
4884 2089
3318 4028
2911 4321
2932 3530
1006 2819
1250 2843
954 4945
2553 4232
4732 291
2672 3438
3654 1982
272 3283
3288 4900
3212 514
812 2706
1243 4849
199 2098
3876 3710
290 4261
1733 1041
2952 2342
2721 1563
3592 1564
921 4766
4020 3090
166 2358
270 3395
2970 924
4955 2026
3069 2456
4389 1134
1470 4883
1899 2892
4768 4546
4122 733
3538 606
1687 2917
2738 3398
2438 4921
2488 2853
4318 4461
3314 2452
67 3016
2142 1603
4932 4557
2453 4170
4968 1264
4540 1041
25 3901
787 1060
3487 1726
3020 2543
4240 3861
2293 4077
1320 2306
4311 4886
3156 75
4985 4655
4782 4469
4183 4034
2889 1404
1040 759
4656 2438
3464 1311
3081 1947
1415 2854
3389 367
307 2591
4319 1038
3101 790
376 3384
1030 679
3072 1087
2942 2519
4005 142
2191 281
1173 258
555 3668
4281 2285
4403 1924
2895 2564
1535 2121
4089 1785
171 946
2848 1325
2656 3308
3980 4338
3922 2580
2872 931
1405 1103
3402 2805
1107 4606
3380 3559
737 4710
3642 466
2582 4968
3512 2761
1707 2256
4702 3052
2950 211
3269 398
2260 1958
1208 4502
4591 2676
909 3938
721 1382
3495 2219
2351 2837
2880 4555
454 4261
3535 1926
893 1999
1168 4353
748 1668
112 1171
1675 3063
2904 2181
2793 353
1223 308
2581 3894
4254 1326
3582 4304
504 295
3678 3308
1725 3119
391 884
2239 2209
2992 395
212 1009
4426 1868
2854 2855
2948 3015
1886 4221
888 464
913 3963
4413 2417
1923 3930
4817 632
568 4635
905 586
4628 1681
1643 2971
3879 3726
4121 4732
1776 2506
1383 3167
588 1961
3592 1534
1014 1838
4714 1832
3082 833
4036 234
357 796
4738 470
2142 1135
1943 2893
4805 2030
2733 3698
889 4934
3045 3663
3197 723
4925 4499
2049 668
1374 2439
515 983
4395 1756
3582 4156
883 634
3632 2962
563 3882
148 384
1107 3919
1572 1806
437 2854
4147 2064
4123 1049
3665 2740
4159 39
705 4337
4482 252
225 3506
4103 2768
4980 3722
3900 875
217 2674
370 3802
1849 1649
2062 3563
1644 2000
1684 697
3101 1973
1193 4123
4965 2150
1274 4848
48 777
4106 295
1395 4618
4934 3397
3561 2718
84 2623
252 3712
2753 769
4006 1523
1879 3509
1818 366
1222 4685
3749 4639
1576 539
3900 1265
1034 290
991 4999
521 1268
1887 4014
962 1725
852 734
4502 1549
833 1814
3849 2361
800 2021
3075 460
437 266
2028 1527
2917 3848
1853 3989
4055 1873
2005 1621
2822 4181
2751 3730
215 1605
1037 4995
4907 3025
4711 3737
2843 3195
3434 50
4618 1934
269 1146
4530 4411
4752 3678
33 3980
2485 186
1033 4139
41 4230
1391 383
571 2064
2622 1787
1444 4404
4243 1202
3996 744
3128 4549
4150 228
2281 1432
1375 3187
1612 2907
3473 587
1056 1162
915 1573
642 4898
4810 4538
1999 1130
4675 205
3996 2390
4549 4890
4722 978
3672 1109
3629 1778
1434 2577
861 1729
105 3373
1957 4703
2588 1986
1593 4772
285 3869
2631 1021
4414 601
541 3121
4992 610
4496 4943
1566 2201
1475 3414
250 1764
1436 4236
4382 4158
881 4098
1375 65
4995 3999
1743 699
1575 4176
2376 3117
4766 2073
2714 4579
4221 3949
3120 1449
864 3972
4154 340
98 459
4565 4531
642 4624
4437 3502
973 4119
831 817
1307 975
1685 1932
4514 4929
4217 4245
1218 3652
4853 2666
1980 3116
3547 339
4560 1068
2012 4813
4262 3234
1109 3163
4421 43
631 3330
4691 4937
2728 199
22 182
3409 847
499 4685
21 3986
4900 3930
3259 3341
2717 3277
2001 802
2386 213
2593 4161
4397 886
2999 3784
2545 85
1626 1635
4194 455
4070 1872
3714 1644
4303 2212
951 2146
584 3402
1092 1622
1948 1272
75 2855
1636 928
1044 2626
561 2206
2316 1162
1569 1039
4046 4773
3048 2141
4668 1960
4360 126
785 3292
1755 4746
3752 2803
3087 4981
1821 2273
4630 2936
4662 1547
916 3124
529 2227
1672 554
1023 1439
2899 1295
1892 4136
1632 3651
2943 1824
4058 455
4562 1859
2766 1801
1273 3055
3598 2835
3261 1879
1447 4528
4640 2200
294 2224
4794 1378
3916 1490
3365 2192
40 559
634 4691
1455 3884
692 3166
3327 1036
1876 3904
282 3351
4403 4496
1072 4671
3119 884
4673 1795
2801 1995
2541 83
4410 481
2875 1607
146 3771
109 2173
2788 4206
2287 878
250 1371
3732 2896
2933 3003
974 1980
927 3301
2814 843
2481 4666
3491 3735
995 2923
3268 3946
2974 3289
3310 1868
412 1446
3715 4732
2587 4512
3312 2705
3290 1467
4701 690
4041 1223
2933 4255
1655 1054
3116 3179
1707 1998
4123 4120
1218 527
1870 312
1239 4903
1321 3236
4559 4043
3614 4157
644 3627
853 1861
2534 4750
2538 2531
4938 1705
1150 1355
4302 3188
1836 2357
2997 3129
2281 4602
4054 1586
4828 1702
4428 3925
4133 2548
552 3095
1192 614
1262 4548
2262 724
2401 1985
2327 2130
4531 3215
3976 48
4961 3172
1 1452
2712 4555
4177 3570
3839 1084
1609 2778
3741 2001
1860 3765
435 4837
219 2647
4835 947
4376 3604
4173 4714
4250 2541
1044 4039
4148 178
3117 3802
4213 48
1268 3683
1556 108
820 2843
1143 3086
2740 4247
98 629
571 2023
494 3491
933 3283
324 861
2144 4622
4804 2463
2785 3396
3320 4000
1665 1090
661 3992
3070 4959
4747 2367
3274 2036
1750 949
3769 1649
3945 280
3239 80
3998 4496
1566 2292
2491 4767
3304 3323
360 4323
2157 4606
259 4182
4044 2984
2489 2672
2196 2602
3003 2350
952 1021
542 3043
3704 4135
1829 3420
4512 885
855 3106
4952 620
4496 1182
3572 4257
1224 2035
466 1711
413 3491
4737 4427
12 101
3895 2515
3595 3192
4448 1296
3920 3368
1105 2085
3390 3114
4365 1286
3921 2926
3578 4238
1467 638
2189 1300
3938 4310
4584 2894
4798 1388
2042 2472
2614 3287
3808 3379
1439 214
731 569
598 4559
295 4974
3914 4960
769 2051
2210 3210
3385 2333
1397 1627
3493 4913
2040 1096
1891 1824
4927 3513
4203 4862
953 4373
3294 2560
4563 4883
529 871
4438 2781
1107 114
1581 3147
3664 1647
3869 3770
2077 3354
3399 4226
3099 1972
1668 1513
3966 3819
4258 3107
1925 3152
1967 2860
4890 1898
24 698
753 4976
801 1939
346 3724
278 3438
2434 2623
3866 3512
2522 4675
958 4282
2630 1
4899 2285
380 877
1878 1867
3272 721
1367 3938
445 3060
923 2089
1434 63
3030 3566
1533 481
4109 1767
570 27
3371 2499
3697 3677
4703 882
4880 1037
1140 2569
2613 1101
4282 151
1382 575
330 2836
1775 2858
1908 2233
2371 612
311 4542
1091 3266
1626 2144
320 1329
205 4397
2691 1467
4475 4217
1123 2802
201 4084
1452 1247
3460 330
1611 3810
4485 3852
3877 2880
4452 2807
4992 3878
173 715
1447 1249
3098 1358
1512 2158
4647 1199
3720 4102
9 1013
510 4058
4137 4248
487 2629
1839 4450
4154 3072
4749 3858
1293 910
1235 3604
1008 2065
1275 952
2929 4680
3419 4797
2350 1346
642 865
4915 1963
2894 2644
1815 481
1123 4980
4792 4258
1757 1613
3589 1683
992 791
1454 88
3704 2874
490 2247
4003 443
4832 2334
3131 3333
579 4736
4921 1281
321 4820
646 4284
4702 1937
3385 4874
2574 1657
2898 2389
1915 1212
516 380
3307 4595
2602 1673
4284 1111
1583 1897
682 4956
3250 233
2865 1153
1357 2419
1369 3484
826 1027
2444 1169
689 3607
2782 4453
530 2446
2947 1600
3465 2714
3177 1840
1682 619
2167 4437
1009 2173
1334 4376
1190 4512
4253 2692
3305 1262
185 4969
2902 4215
3423 2904
160 736
2277 1925
21 1412
1903 1154
4873 398
2294 4150
4143 61
2258 4722
1524 2658
4071 3359
3792 855
1861 3645
1545 3424
4266 2901
4054 3540
1305 4439
365 4877
1445 369
4630 577
2005 3071
3921 2535
3070 1632
308 3682
3743 83
2737 4583
1968 1420
2260 1012
1098 2651
1413 360
1665 4049
2027 3837
4663 3010
4489 3977
4708 4534
2962 1602
4284 2282
4430 3562
3267 1954
2622 3556
4577 2105
136 469
1157 3062
3686 1839
1251 2609
1066 4165
3065 2295
4807 157
4035 2054
4876 1466
2707 3377
3077 4496
1815 4333
4455 4014
4268 3632
260 2955
3936 540
4936 548
4421 1498
3316 3400
695 4890
706 2654
3531 787
3858 4712
1604 996
2505 470
3110 3719
1181 457
4984 4612
4011 1483
2048 4673
1866 2228
1563 2140
1546 721
1742 3072
381 4195
402 4034
2210 2634
337 403
4633 788
1704 1484
559 2268
3075 3107
10 659
1698 3473
903 3394
3375 2120
3649 4105
3015 2310
207 22
601 3428
380 4706
1909 1564
2040 2298
442 3461
1036 1697
3225 2415
4637 3923
2271 987
3513 533
2455 908
4587 2715
4273 4232
1921 108
2106 3743
4630 753
2861 4940
4473 3043
2328 2416
4387 580
799 1
1452 1063
2878 1214
252 1498
2448 252
3450 1416
4120 797
3390 1700
4507 2940
4784 3196
627 4451
1758 1405
3672 3761
3239 2838
424 922
2299 2182
52 2328
3611 4955
3886 581
450 1696
1918 1920
3452 1635
529 4692
2005 2648
2713 4362
4321 3650
3694 1371
4647 1943
2804 3380
692 2159
4751 2538
166 4857
4318 86
4818 3994
3633 2272
2897 3931
85 3279
3595 1159
451 990
4358 2988
4884 2901
352 958
4132 508
3411 2203
3993 1231
3978 866
2374 3284
2335 3219
1344 4718
2687 2934
4080 2589
515 3691
123 4245
3602 729
1454 1195
3386 654
1935 3770
156 4115
892 1785
759 3320
4779 888
4263 2424
21 1282
631 3024
2622 285
1097 484
3485 2990
4882 349
1382 4627
2458 3667
2178 4195
4438 2675
4520 521
1863 3040
2970 3986
3446 309
3775 4417
2064 3112
3683 4175
3078 561
2312 2228
1090 2552
2601 1267
475 1153
942 3228
4587 3249
750 3701
678 4342
1209 84
3463 206
4283 3387
63 1395
1149 2892
1256 3399
302 2874
1549 2091
721 3348
3373 2671
2191 2747
2107 145
4524 2482
3601 2197
1594 4942
4475 2636
1441 3379
614 1584
3958 1884
314 4326
2744 415
165 970
1238 875
3811 3506
3059 2254
3734 2940
609 433
4395 4744
1513 1498
1483 2057
4389 2100
2909 1749
1257 277
614 1352
665 865
859 621
3587 213
322 1165
2231 1441
4183 1286
2798 728
481 4621
3702 2809
719 1306
16 599
3736 3486
4116 249
154 2534
1922 1902
542 1958
3597 3354
2629 3166
2755 4650
2779 538
1366 4645
3949 4843
1165 1855
2207 1476
1226 2693
2715 497
3891 3159
2080 3575
2121 3495
3256 2696
3892 1944
3775 1788
4792 2499
4478 3322
2154 671
394 2925
4454 2551
3305 4881
2110 2754
4449 1206
4563 49
813 4151
3739 4204
2808 2127
49 1123
3057 3473
1578 419
3837 2676
4637 25
1354 3401
244 946
1727 2924
2711 549
2836 1943
1791 4293
4924 2019
634 52
628 4804
4250 3899
2863 4605
1727 1236
2503 4619
3554 4321
2974 1931
2894 3591
941 4970
4381 2874
1994 1741
1196 559
3803 3338
3083 1814
2352 525
2643 2862
1077 1145
1314 57
515 5
1776 4685
2017 2323
4921 1625
4025 3142
3589 3700
1792 4270
195 3043
1292 1928
4185 3646
618 3719
3577 3675
2629 981
276 2391
3408 3619
1840 3732
4171 127
1295 2065
1404 457
71 1074
667 4581
4766 2113
1134 2730
1124 3861
360 1977
73 1678
337 1487
2879 1107
1445 1202
346 3635
527 228
2805 4457
1968 93
2307 289
166 4063
3123 3362
957 4987
4152 970
637 423
1385 4635
388 4577
4755 1722
1942 3714
4611 1916
2773 4730
1668 3497
854 3399
2101 648
3920 4268
1313 3408
1952 1530
2043 2132
3648 21
3332 1651
1598 4494
2828 3585
2993 4790
2598 310
4036 180
4932 2368
2572 1520
3371 2098
3427 1664
2408 3850
608 627
2112 630
781 2992
3261 3818
4953 2228
2737 3733
2143 3499
617 317
45 4790
3104 3615
2745 2527
3022 954
4265 1395
3072 202
2973 90
4338 2785
2858 618
789 3743
2494 590
4095 3319
3182 4908
4010 2661
2194 60
446 4154
2252 559
852 540
2659 2437
1830 593
2377 2867
943 260
4100 3750
3148 1099
3899 4664
1793 4300
34 3642
2350 848
1995 1715
560 168
3546 3523
4234 4527
1319 2358
1136 4131
3513 261
1635 909
3718 3027
3213 950
3854 2481
4701 370
1916 4300
1417 787
2196 1404
4119 4623
4841 834
219 3194
3628 2914
1379 3230
3508 827
1315 4491
4292 3152
410 915
2100 4958
3894 3656
688 2334
1484 2268
2773 55
3608 1014
4368 229
542 1184
279 2970
2474 751
4366 1902
824 4900
4736 727
3249 3411
4018 2836
4608 1812
920 3260
3858 2277
4978 303
4822 1781
4557 1959
1388 2906
3954 3557
3039 4049
4506 3776
1015 1049
4287 4080
1692 1119
3036 1631
2980 4081
3018 1881
4601 3082
281 4866
524 2535
70 365
182 2251
1713 1634
3759 10
771 3232
796 1950
675 4264
4654 2564
3156 1188
4955 4437
2659 498
3454 2782
704 1144
1335 3344
2553 2517
2417 2012
3055 1157
4877 1677
1860 3005
4960 595
1938 2634
1918 1409
4546 2401
253 4598
1199 3452
2497 3394
3848 1859
2210 805
4793 936
1888 4041
3334 3718
4163 2807
3738 629
3062 3577
2503 2411
2236 3377
4755 3584
2118 3501
2463 4614
1040 1699
801 2689
127 3233
4961 302
247 807
4551 3067
475 4992
2763 323
3879 2501
83 4735
941 3998
44 4857
3658 377
4707 78
948 3896
1202 2619
2213 683
2466 2234
3755 1690
4221 3005
925 1973
4340 3593
1493 2768
2500 887
1222 1201
1780 1102
220 1336
4307 3338
2058 4939
3813 3678
1072 3488
2177 4594
4627 1617
1597 4279
300 523
1500 401
3228 4100
3346 3149
2682 3259
3968 657
2015 4439
2315 361
3097 2931
4905 4736
4510 3885
1125 2320
543 1827
2899 2716
99 4860
2758 2162
2675 4033
3762 4977
1387 2283
124 2611
3578 818
3041 1014
3935 4703
1154 4475
453 4217
4725 2532
4766 3962
553 352
3397 3751
4033 3123
3274 4683
1801 251
894 1542
313 3391
3612 1236
3913 2670
3083 857
2055 760
137 3378
1455 4956
2984 41
2454 4105
249 1813
3256 3080
3493 3512
4825 3588
3948 3741
3096 2949
9 3469
3976 3890
2244 3561
342 1439
1198 4586
2283 4252
3518 2746
1921 3364
2493 3369
4862 2972
1948 4972
2213 564
3912 749
463 4651
2383 3375
4048 462
2732 2312
2736 503
735 4990
3096 4345
2643 1070
2045 4939
2587 3148
684 3617
3812 534
1662 693
1830 2285
4114 940
2454 1912
2910 498
1041 1264
986 308
4933 2516
653 2189
1038 4057
1506 610
2391 218
4339 678
3597 1443
2186 2103
1028 4322
2022 3579
3918 3124
2738 3073
1970 4038
379 2429
3999 3613
2309 3722
1528 2127
648 315
3833 2787
2883 4818
4168 3546
3402 2290
4047 140
4255 1804
1450 2376
4405 4475
1593 1131
4001 144
2729 4548
2840 4175
1025 3177
4181 2581
820 134
1848 3676
3213 2648
4408 2006
3111 3382
1848 4246
4594 3228
2673 206
946 1955
3688 1674
2628 3881
1849 2907
3208 3175
287 2137
521 1232
1603 3906
279 2934
1396 3850
1433 3177
3345 4033
4025 4758
196 2624
2343 824
1884 2341
4038 4272
1622 1006
3186 376
3667 653
447 268
3656 1792
3971 392
1002 4131
3760 3945
1635 2381
1033 3783
590 878
661 3023
3567 3003
2853 1745
1873 4018
1806 4014
3930 1596
1253 4210
2043 3263
1898 1301
2995 1033
585 2722
3346 653
1624 1179
4192 4330
493 3377
4305 2086
3093 2659
1759 983
1215 3316
4960 2360
3649 4300
2277 2077
1286 339
275 3130
3438 3891
812 1378
725 2243
3804 2183
3698 4656
3772 4052
2155 330
4057 3624
618 4665
1205 2420
1269 1211
1718 4255
3257 1699
4048 4633
1625 4756
3868 4950
4957 4627
4215 2817
3678 1121
2799 2789
3645 2315
3843 1063
2608 2915
4384 988
1562 3991
3456 4648
1989 4834
1184 708
2996 405
1995 1117
60 658
2882 4074
219 1638
1144 4362
3232 2112
3799 985
1155 409
4114 1876
3363 2727
1968 2769
3823 3031
927 1017
538 1151
1161 1594
3112 632
2278 214
422 393
1487 3286
3967 1292
26 630
1941 3650
1830 3450
4201 2922
2086 4093
4870 3452
4983 2895
4484 1743
4104 557
3715 2740
3549 3439
4256 2463
3777 3152
194 515
4932 264
4388 3774
2514 2744
1347 1593
3546 949
638 3640
1638 2790
930 3505
4028 4941
4742 3704
1838 4478
2888 4105
2680 3384
3603 2695
1234 504
4198 4470
3007 3521
2304 595
2719 1186
4346 2174
3824 2826
2096 3539
4020 2033
2427 1863
1323 1414
2118 1611
4040 1701
3500 4659
2903 553
332 3331
3891 3309
4443 685
1657 2762
4623 2362
2196 3222
1067 1762
3914 4767
1568 3769
866 4518
2380 599
2306 4895
3700 2145
460 2475
4181 4550
2585 3087
4368 2327
2751 4897
317 523
1713 3100
2973 3909
1263 1389
4818 4115
809 1070
990 4961
1173 2928
3994 2046
1839 3313
2102 597
1213 342
4617 4215
2167 4902
431 2497
3516 1334
3103 1219
1243 2160
4217 4512
12 4280
1608 4979
1388 4686
2549 2892
3503 3647
667 3258
2794 4462
3655 3214
1931 3962
3999 2032
1626 2628
881 4618
1039 4441
1460 4529
2513 3394
2972 628
3222 1383
3659 850
1953 1107
355 4038
2628 1834
1978 4709
3240 4011
488 3818
3546 3596
4874 811
3200 2592
4458 4161
1965 4117
4732 116
971 4815
2788 4574
1284 3789
997 4653
2253 2219
315 2274
3627 4783
638 1296
4295 2685
2161 3539
4885 352
712 3459
3534 3398
3156 2942
2749 559
228 2267
1636 2216
2281 1308
4795 1468
1376 3645
2501 2944
549 592
3651 3404
2553 443
2704 711
3588 4428
4905 876
4497 2045
1992 4712
4821 1606
3117 3310
4227 4900
2240 4461
2809 3400
996 745
3548 2241
1467 4101
2839 2327
363 4079
922 976
3326 4589
3252 910
3191 483
4498 3351
1318 3967
566 433
189 3084
3200 2970
531 1033
1800 2240
2614 3807
1166 4454
4533 2499
4891 2711
2265 4512
1159 20
4661 2925
2840 1580
574 3654
2229 4612
3651 4434
1197 3950
209 679
1684 3984
1084 3220
3818 1712
1241 1229
4248 2256
4731 3535
4434 4606
4942 1621
2628 2502
2980 2650
2252 4458
1670 3761
910 4616
1515 838
4614 4454
4581 1230
2434 4516
4526 2612
414 541
2903 4732
4302 1157
3765 3473
1450 951
3284 861
908 4436
3406 2057
1953 1164
379 4084
2549 866
1888 4314
2036 4560
2201 570
3585 4844
623 4767
4618 4506
1335 192
2214 1803
3218 3259
10 4405
1457 605
598 3732
4849 3160
2311 769
1868 3824
2188 1095
2348 2147
3630 1878
2072 3281
1869 2547
4677 2480
3490 3797
2617 811
3168 776
714 3554
1827 2325
3873 1226
3688 3060
139 1602
1356 4175
3829 2558
1431 860
3590 229
4177 3375
23 222
2593 4756
371 4259
113 1485
3052 3851
3594 4663
2667 2085
2092 4222
11 2424
578 2527
1794 2789
2989 3445
4930 4483
1991 3549
3350 3470
1287 3929
2257 1797
4600 2944
877 4567
619 844
4462 1939
1734 2538
3366 784
4389 39
4430 2864
3939 4721
2442 3777
1496 2978
4018 4947
3385 599
3193 1155
2511 4813
2842 1986
2573 1899
2198 48
3635 4557
4319 314
109 121
1545 3779
3809 3395
4663 3099
290 1664
4599 4472
761 3569
2503 4665
2680 170
1505 3465
20 167
233 2860
2963 3255
4888 1596
368 418
3925 3191
1182 2758
4490 1069
4531 4533
1413 482
4216 4311
2844 1826
