123
171
348
392
99
349
376
146
64
494
340
466
345
137
407
110
666
375
221
471
308
63
188
370
173
180
257
20
24
292
511
92
85
143
556
314
155
129
477
227
52
10
10
537
342
286
191
596
35
417
59
173
234
202
203
231
396
204
640
446
390
571
317
80
294
369
98
71
387
352
340
210
496
295
105
331
258
19
97
163
231
189
391
176
110
152
229
64
126
221
483
131
80
530
277
266
481
661
49
74
339
192
-1
33
183
9
79
85
320
227
426
213
169
696
27
178
21
191
409
41
630
99
665
297
285
498
39
295
550
306
129
404
294
27
203
323
26
121
405
33
358
44
16
228
300
340
47
143
132
111
586
138
31
264
389
307
577
56
441
394
425
65
573
122
210
294
490
221
720
336
68
310
220
6
98
117
85
376
173
256
221
360
655
308
469
63
232
317
381
124
287
304
221
107
199
490
3
496
301
72
28
218
148
81
203
296
42
567
30
110
535
241
57
13
527
90
164
458
87
67
281
129
408
333
189
121
34
313
361
443
746
140
676
492
52
162
330
113
33
201
251
134
210
43
310
121
301
120
391
307
495
166
502
479
235
508
616
185
45
167
309
268
339
354
38
240
301
188
244
612
359
479
74
124
399
68
149
119
126
140
41
43
381
128
424
214
55
235
251
113
81
176
105
130
412
228
103
205
548
19
252
75
608
663
325
238
488
108
136
409
28
233
225
87
565
129
493
654
166
257
203
56
300
47
475
27
25
245
518
205
8
577
129
117
385
22
92
608
27
193
378
51
343
108
207
294
236
267
262
124
170
37
554
172
389
416
69
49
277
343
3
189
536
243
44
83
352
24
550
668
134
145
121
376
95
68
150
27
59
149
283
413
233
303
258
580
50
11
235
72
17
243
386
149
399
291
415
22
268
280
472
252
166
647
647
145
49
621
642
207
142
124
90
179
296
50
83
8
21
27
313
92
192
190
533
41
248
338
256
91
98
177
100
382
184
233
303
133
127
142
42
178
622
138
577
164
324
59
57
103
51
16
288
432
250
322
317
427
187
166
406
20
156
376
223
573
438
463
560
518
87
340
264
155
177
524
96
93
564
243
117
266
160
163
181
207
630
160
50
538
560
71
436
343
251
282
285
475
128
524
229
107
312
30
173
424
28
437
45
143
314
131
23
380
158
288
502
338
419
136
51
518
18
248
237
144
223
306
505
275
177
89
10
339
589
238
142
60
122
609
547
442
159
558
305
21
311
422
411
134
256
26
68
144
224
210
490
455
61
297
33
25
325
1
340
380
194
475
250
473
131
381
323
16
17
383
333
659
33
195
214
9
151
159
486
474
199
421
72
83
191
417
33
473
254
274
163
480
304
458
639
145
210
240
552
405
361
342
32
139
175
87
202
597
36
99
685
81
131
206
224
446
338
435
320
32
18
125
422
79
352
93
274
307
204
13
263
292
241
493
282
146
154
66
201
201
290
469
11
21
111
109
620
359
359
121
95
118
470
391
203
42
301
23
242
174
185
199
396
272
382
6
108
5
483
427
345
136
359
38
520
241
94
442
653
315
416
322
346
292
56
264
63
317
219
201
525
211
224
178
102
408
91
108
259
10
336
214
174
337
138
128
635
229
366
201
417
346
128
42
70
310
118
218
178
244
102
131
285
443
371
466
176
158
186
251
279
461
92
115
291
142
13
116
123
232
367
88
59
256
171
155
9
463
200
300
20
29
271
13
72
157
25
256
110
500
55
403
300
191
621
215
187
268
561
483
77
579
181
47
28
388
444
232
114
387
437
23
261
672
355
479
279
316
613
202
263
101
31
44
-1
112
156
439
190
63
46
29
261
324
237
3
444
146
196
638
391
564
101
391
324
190
203
158
447
27
152
596
286
295
231
159
446
74
261
112
262
408
57
91
7
162
288
91
389
205
320
691
293
415
180
153
305
71
195
534
49
159
502
137
617
323
353
280
62
309
25
322
3
477
281
144
333
432
63
53
199
150
115
708
144
55
535
333
222
66
18
357
79
62
299
439
159
36
555
75
472
293
325
256
202
429
181
214
101
55
213
24
118
576
9
21
325
108
585
93
83
187
484
331
511
368
312
501
280
447
166
354
293
80
151
69
444
86
93
324
626
6
572
277
358
142
57
517
192
87
315
52
351
157
190
423
79
495
638
91
119
167
283
191
592
236
37
309
58
324
421
268
184
109
193
16
440
317
582
154
7
473
254
129
38
587
308
525
146
101
34
166
187
80
44
252
87
62
58
516
37
158
237
36
131
332
33
122
311
18
158
93
216
219
426
385
21
145
100
113
9
110
98
417
481
102
551
256
80
169
258
477
123
107
11
305
244
263
465
8
273
29
19
101
49
69
320
347
247
42
69
274
143
406
385
377
390
307
467
300
24
184
111
486
268
334
187
396
5
90
88
26
26
183
90
276
187
22
4
450
490
329
87
12
328
262
141
60
532
181
212
498
57
294
173
48
37
385
437
169
418
10
344
513
2
150
287
81
418
11
490
354
39
13
160
108
465
102
3
151
245
177
174
302
362
371
300
357
313
546
510
205
113
290
157
227
159
278
63
28
41
31
57
118
469
566
462
469
270
129
16
382
30
150
637
130
245
208
276
196
131
290
568
158
231
138
46
95
285
394
268
180
479
469
57
2
619
460
681
76
63
334
522
640
270
143
97
639
242
196
330
100
7
654
234
472
474
253
26
272
211
77
536
317
94
261
250
278
441
305
579
38
487
146
144
216
225
21
215
17
177
221
44
409
287
61
355
44
513
391
622
85
335
403
114
132
272
546
171
340
239
25
71
21
448
69
63
219
65
274
159
505
550
12
211
421
297
149
53
322
358
118
378
342
628
35
174
187
135
104
320
568
206
572
106
112
142
263
273
330
-1
381
21
334
456
451
570
172
198
162
157
16
446
-1
19
539
48
102
122
386
277
223
154
185
666
291
358
310
398
459
277
323
263
322
484
347
379
156
208
156
303
76
533
194
36
205
407
15
278
614
349
562
178
165
499
482
139
138
287
173
406
230
224
106
232
358
23
416
216
96
538
63
223
261
230
353
122
202
299
296
126
67
155
357
289
365
146
99
526
25
366
65
427
74
131
27
418
180
648
9
473
455
377
154
478
340
573
146
228
649
413
726
160
270
197
77
478
278
132
232
62
151
200
241
459
46
88
83
101
317
410
349
159
395
287
77
252
238
94
209
384
116
4
96
259
328
223
296
74
205
147
163
127
234
335
456
163
57
36
236
55
97
201
426
126
-1
327
242
130
149
287
19
234
183
416
258
41
434
32
51
182
130
12
152
448
219
304
339
76
215
304
416
191
226
6
456
491
77
105
263
292
249
347
472
176
266
90
154
299
119
44
329
300
448
32
368
92
151
75
340
92
549
218
7
345
496
398
24
329
358
220
574
528
513
143
207
474
443
404
527
346
327
318
263
79
73
268
257
4
407
714
168
284
109
387
176
178
42
102
92
544
214
60
284
248
239
267
280
379
202
292
171
96
166
34
156
287
2
309
559
81
143
116
438
262
480
164
100
219
167
44
352
107
379
23
104
177
72
619
226
111
29
289
99
190
487
423
81
215
381
208
189
521
220
132
143
75
539
142
608
73
144
91
258
161
647
93
62
205
148
69
381
407
189
195
12
72
97
36
691
245
293
160
335
531
43
1
89
9
636
326
71
200
571
78
113
289
464
199
362
210
456
36
106
247
224
190
360
387
213
190
199
47
431
5
481
419
736
631
83
92
125
288
240
320
62
144
229
473
659
38
283
280
243
536
70
454
197
275
113
141
276
32
358
117
22
398
617
415
41
103
355
69
197
123
441
332
211
483
86
346
176
182
5
246
262
227
28
168
545
33
139
381
235
130
339
81
453
567
39
685
48
377
143
203
411
337
92
52
78
233
350
146
223
65
226
262
571
119
228
52
407
480
21
176
258
452
90
14
375
402
53
487
136
107
460
46
120
479
553
285
290
397
234
79
109
186
143
118
427
67
24
201
298
509
202
305
328
504
287
342
404
191
222
490
156
258
162
97
142
229
189
204
136
85
228
424
534
14
396
24
580
122
159
570
110
417
5
392
395
685
245
110
191
229
166
366
587
286
238
204
277
680
361
274
152
132
92
33
249
26
364
141
44
177
322
64
174
176
53
624
52
438
237
235
35
567
37
160
172
259
213
152
397
63
70
294
421
30
330
146
188
506
34
499
407
356
286
444
641
9
196
15
88
64
28
64
464
99
283
65
17
71
442
538
591
487
55
286
360
350
6
430
10
39
319
391
158
464
384
43
69
338
217
54
66
130
53
427
18
107
34
223
402
394
120
264
60
294
128
206
703
254
24
40
515
132
439
204
72
67
430
462
173
195
60
276
377
177
340
330
50
25
107
340
211
134
413
365
654
40
71
427
595
619
305
96
237
371
453
11
75
26
334
42
365
256
517
31
544
118
8
196
125
518
89
331
507
173
313
60
561
562
158
96
281
336
379
158
391
126
78
92
316
209
394
209
201
304
268
150
78
86
106
98
49
463
76
228
16
102
86
54
40
58
176
241
105
56
118
268
431
314
78
259
370
377
305
279
129
64
382
208
136
95
581
739
174
669
286
15
215
53
481
200
148
570
573
259
372
386
260
158
102
214
414
44
230
55
392
198
180
141
347
374
26
138
33
402
451
308
502
481
82
355
447
53
474
270
325
106
141
136
579
15
383
138
18
679
318
490
222
202
184
36
539
66
192
520
216
156
636
151
695
66
8
212
76
145
107
299
156
279
202
198
282
229
48
66
231
92
228
516
7
454
146
191
168
4
274
52
28
122
482
33
27
169
725
349
50
633
327
132
483
21
396
163
123
7
549
305
28
175
212
32
335
30
442
397
206
86
74
259
269
178
73
108
439
416
80
377
279
259
35
30
371
500
352
302
10
186
132
234
151
573
30
568
40
442
134
2
152
75
154
440
435
365
18
354
39
366
157
567
128
116
54
311
22
97
432
60
182
306
158
184
379
311
500
300
296
95
221
301
245
156
110
576
77
244
331
364
79
355
463
408
239
198
182
334
480
94
174
246
293
267
623
664
234
372
230
67
72
274
314
320
140
360
11
223
90
285
112
341
513
186
169
616
261
367
351
186
146
268
630
249
187
112
223
524
6
31
586
474
439
205
463
95
86
254
16
532
160
16
147
395
78
106
263
15
154
151
346
94
47
27
18
374
245
50
299
79
237
214
223
313
124
87
91
238
167
357
139
242
88
18
145
137
126
211
336
118
87
544
254
168
141
222
153
290
353
65
498
51
227
171
307
221
281
120
532
123
239
56
207
779
346
97
316
3
174
73
286
202
631
455
191
63
466
33
50
149
240
233
43
170
362
293
325
94
397
93
100
228
27
302
65
194
54
208
420
22
269
46
634
440
327
98
79
434
94
599
379
600
338
219
628
86
328
172
281
121
204
279
142
137
107
252
633
45
35
26
51
81
291
273
13
92
280
192
131
671
209
368
59
545
461
58
2
30
265
424
137
165
650
195
258
335
19
361
108
75
438
68
194
221
588
45
349
333
84
108
396
287
20
61
147
54
370
341
103
190
449
174
554
98
362
212
164
363
129
292
55
236
66
61
162
474
466
355
118
135
575
569
221
274
239
310
445
136
587
67
148
57
343
33
203
188
201
201
47
83
496
511
555
368
372
5
509
163
91
50
320
516
205
39
544
396
134
117
243
594
86
324
11
123
55
442
191
117
527
13
444
250
537
180
419
463
337
243
509
45
412
52
38
16
364
121
632
330
344
709
52
253
517
206
630
55
86
371
679
112
250
393
394
208
241
157
77
67
183
715
150
272
178
227
263
55
161
276
224
549
119
72
61
150
699
516
163
644
240
452
241
378
254
272
452
438
274
170
119
17
5
208
297
247
144
6
44
35
88
41
50
66
447
287
142
175
496
327
638
187
186
184
420
361
530
622
705
4
437
41
388
63
353
109
140
158
116
51
111
42
707
411
306
61
111
374
130
61
104
78
539
537
78
311
344
54
392
429
4
23
136
20
291
100
152
64
430
19
284
36
79
117
205
416
438
8
445
523
637
166
227
252
563
334
303
25
47
140
490
84
168
225
339
82
42
598
95
371
201
36
248
17
385
369
183
111
526
49
186
379
254
478
399
365
57
110
270
47
187
529
98
2
17
273
515
110
109
346
153
331
140
458
343
173
581
466
353
397
220
288
216
39
271
376
502
74
305
98
160
10
183
338
589
136
420
71
154
261
4
95
86
10
305
120
14
209
310
473
38
134
41
33
426
134
73
475
295
612
576
12
217
188
448
261
170
627
156
506
234
529
216
407
396
60
341
504
117
20
371
453
310
178
518
422
197
48
28
403
597
324
411
307
130
432
14
366
145
302
89
3
280
254
386
215
157
457
233
91
4
356
57
91
102
58
492
103
64
38
321
272
270
254
129
315
41
91
190
411
638
389
207
39
202
112
155
529
216
75
384
192
184
48
13
353
99
583
356
392
22
7
37
72
366
323
279
121
130
84
460
313
32
146
3
274
184
264
60
307
446
547
108
174
74
592
98
31
159
152
452
35
568
19
4
261
278
55
80
152
168
208
141
90
47
543
342
51
328
237
407
200
82
405
236
264
221
223
112
453
200
527
200
150
328
109
94
165
379
317
-1
563
302
194
5
609
588
478
311
249
537
3
41
105
347
69
144
178
589
291
161
334
298
68
117
615
121
42
359
352
64
40
703
208
80
404
326
75
56
430
577
344
112
304
94
554
191
111
26
237
154
158
485
21
444
58
83
192
221
241
626
1
167
146
286
265
73
49
104
17
586
13
155
148
477
670
305
473
104
326
18
355
112
47
301
379
494
271
69
300
152
101
172
646
325
414
380
290
45
262
347
185
150
85
178
118
230
166
484
213
594
175
74
134
684
256
464
5
514
432
288
212
241
249
102
128
114
50
12
389
274
126
132
438
488
115
345
301
53
5
455
8
193
574
288
377
242
129
479
538
455
409
283
567
238
12
445
170
151
292
324
117
534
398
317
123
43
23
465
41
455
340
27
405
106
23
48
111
525
52
394
8
12
48
448
495
199
120
34
600
4
43
83
341
132
126
225
254
94
61
517
256
231
308
309
629
32
6
35
358
96
369
16
89
453
208
543
99
195
167
216
278
315
106
266
84
201
24
129
704
512
118
55
174
113
529
235
201
460
32
15
258
386
718
445
20
184
173
175
118
322
130
132
25
231
88
17
261
416
263
267
103
5
150
34
16
14
97
77
11
166
285
46
134
264
151
28
45
252
83
60
451
125
470
37
129
510
227
72
183
441
192
543
98
329
148
316
180
182
550
395
415
414
271
335
490
242
22
63
363
33
540
273
602
145
184
63
384
239
403
290
407
371
224
164
559
408
35
304
185
309
115
101
185
80
151
33
219
317
183
45
57
383
404
17
236
585
467
40
127
697
225
480
139
26
168
129
137
252
427
44
499
186
78
122
15
262
323
172
50
101
82
53
125
55
527
182
150
337
25
23
344
80
48
84
115
261
434
111
104
138
237
85
312
589
456
110
108
118
248
161
74
109
29
430
225
440
60
140
155
435
59
184
196
590
366
276
330
89
89
150
167
521
223
364
621
243
195
153
227
180
21
0
85
29
90
431
419
528
140
162
249
308
79
168
49
427
26
119
213
224
394
394
274
125
100
597
198
150
238
533
293
431
240
43
141
49
39
9
383
579
267
459
340
284
135
186
284
105
249
42
251
26
68
451
51
64
414
99
261
256
438
232
403
38
334
276
233
193
187
198
372
140
387
161
145
134
302
315
58
9
38
59
183
106
171
31
480
300
161
6
43
390
13
427
418
125
336
58
307
27
118
542
218
564
173
96
79
271
362
524
331
390
276
402
321
90
676
380
40
38
9
415
174
523
498
146
232
75
144
428
271
2
98
439
20
256
536
19
464
196
47
243
440
26
419
539
432
4
74
608
368
251
187
116
481
274
103
241
7
506
604
105
366
62
98
24
524
539
89
101
87
67
3
147
592
16
170
406
100
130
187
322
225
301
267
147
119
229
36
294
575
98
65
169
25
238
699
133
105
198
428
373
358
75
33
98
330
422
116
50
90
276
57
390
16
152
324
139
55
185
42
75
643
254
208
486
38
113
193
129
565
302
126
12
90
374
362
51
352
132
104
120
171
203
1
83
240
377
106
198
199
36
506
199
43
252
586
173
324
62
13
513
1
468
162
5
435
449
251
368
169
154
136
233
239
233
170
473
700
148
459
38
65
451
387
68
94
89
235
93
77
279
148
142
203
557
394
456
39
107
562
75
304
124
162
69
375
279
60
107
192
710
208
9
375
245
437
179
182
483
387
127
30
400
206
28
237
62
285
113
520
216
724
73
86
378
18
306
459
380
349
351
187
16
299
426
80
181
469
97
81
44
279
107
101
539
249
166
87
385
155
236
251
361
520
498
296
23
162
319
396
256
76
403
239
361
131
431
147
32
56
6
556
266
42
212
518
138
507
8
582
334
21
69
73
305
506
431
94
656
44
72
392
311
116
171
544
58
7
366
12
452
122
28
157
497
130
8
35
225
400
622
129
423
43
203
226
237
189
571
277
409
278
208
261
77
63
13
5
300
174
26
257
233
306
299
315
505
156
606
198
446
74
25
27
613
294
38
243
162
205
18
18
165
87
186
76
2
188
74
90
441
278
148
330
387
240
680
164
393
221
114
514
399
171
343
139
137
56
173
29
248
237
168
282
220
421
553
478
182
574
52
265
86
144
40
65
3
342
91
197
446
105
386
529
416
78
84
230
143
52
70
495
629
328
144
197
257
364
195
532
204
16
65
266
404
55
72
383
328
414
111
376
57
162
48
594
164
150
155
132
157
163
119
127
355
147
35
204
84
227
499
497
413
522
394
210
434
512
536
96
58
30
113
270
282
48
96
551
182
462
3
281
271
254
586
6
149
342
622
345
412
384
216
2
10
43
240
220
87
162
66
252
6
255
301
499
63
354
217
181
100
154
236
134
70
224
503
105
103
349
136
185
446
202
318
20
359
131
193
46
276
62
175
70
293
215
144
239
385
206
243
295
541
205
299
462
426
273
100
404
57
399
103
33
271
599
231
462
14
269
34
513
82
112
81
32
392
84
304
431
121
274
361
1
243
36
183
165
7
24
380
570
3
95
316
465
293
504
422
59
55
291
479
297
11
183
506
78
125
218
590
90
226
445
364
5
651
470
56
277
688
17
217
391
218
446
450
27
32
426
132
531
75
62
466
503
182
79
306
305
129
33
78
355
84
232
153
18
108
122
313
120
38
6
515
83
564
226
10
345
108
154
424
244
99
172
25
216
250
120
295
207
21
505
498
268
274
496
347
49
520
511
306
222
607
410
389
238
5
97
497
157
516
88
36
128
581
85
101
310
153
23
270
-1
130
111
291
6
43
227
292
5
169
56
490
358
444
267
501
140
82
593
254
69
576
67
87
26
4
137
159
135
361
532
277
168
242
14
440
61
38
405
225
180
452
210
51
182
309
155
369
662
359
68
554
143
50
130
440
219
324
492
513
421
241
570
143
22
416
470
338
232
189
392
47
3
610
373
68
239
447
233
49
480
387
315
587
188
411
514
486
660
344
69
172
398
207
282
172
243
95
289
149
119
601
18
177
108
363
29
137
506
163
23
43
284
212
225
182
243
225
223
49
113
110
218
87
104
273
211
300
39
244
53
100
156
115
418
327
218
102
399
575
91
132
19
18
37
368
178
249
341
439
133
121
490
173
405
49
145
114
106
95
255
86
69
150
84
388
320
106
81
70
156
396
123
138
213
143
401
602
280
245
45
179
191
105
247
296
616
21
484
417
57
155
379
7
96
615
5
532
124
10
633
78
554
337
448
232
232
587
320
115
255
22
83
135
236
519
386
350
44
8
73
416
92
347
422
56
221
109
470
662
186
559
328
231
143
34
106
261
22
34
134
183
426
511
24
503
70
181
199
145
143
392
398
179
423
166
139
217
372
154
278
476
382
259
341
230
521
539
93
131
125
34
47
132
588
115
307
23
9
184
389
347
15
250
311
74
460
431
254
576
369
156
127
324
233
419
42
362
339
93
279
205
46
189
316
202
47
717
472
7
133
177
334
411
584
343
18
138
539
517
410
323
32
444
398
597
37
299
38
603
149
558
286
209
268
618
427
219
304
170
82
413
156
319
420
303
566
175
35
192
24
85
332
139
230
291
338
577
75
279
59
31
420
244
372
142
183
386
617
144
163
110
372
341
135
423
209
430
56
43
374
179
201
485
553
46
364
614
545
4
139
124
350
270
272
523
218
251
590
366
383
120
307
42
350
172
80
552
29
27
155
379
126
256
276
76
77
504
347
201
456
564
7
197
32
580
80
444
186
346
172
276
227
34
260
245
55
116
467
475
5
228
186
274
117
111
128
55
428
346
231
444
370
222
337
52
29
297
152
136
339
15
24
213
193
511
54
25
406
48
499
49
144
222
60
363
321
134
281
30
299
424
318
366
257
126
534
243
80
386
485
496
33
250
33
431
86
206
336
556
505
325
43
172
154
358
430
443
438
19
169
184
73
3
168
183
508
552
29
641
402
151
316
562
272
292
347
538
181
404
342
224
68
100
74
49
400
280
383
154
522
6
277
159
56
132
510
117
463
26
109
207
82
100
392
415
630
33
358
321
480
211
517
413
290
82
428
319
52
27
3
78
4
352
156
85
325
279
644
20
113
310
380
209
291
11
4
100
176
510
85
168
362
149
295
447
174
169
285
193
24
484
-1
133
423
68
189
34
303
445
43
9
449
266
163
32
609
190
148
372
424
507
528
284
148
673
509
158
239
50
12
103
414
167
105
162
346
26
573
673
99
189
358
67
136
58
506
231
344
475
41
82
85
95
239
28
237
188
113
126
418
323
111
38
283
8
90
504
350
209
242
140
357
460
109
16
546
33
183
204
113
446
14
183
167
240
31
135
313
136
277
140
251
336
204
302
179
327
140
121
167
22
486
546
143
591
402
199
41
95
75
48
286
203
77
245
75
7
21
398
439
256
619
376
463
86
509
56
33
222
288
39
445
59
306
1
240
321
346
243
41
259
211
224
72
181
217
319
370
30
293
152
440
249
190
190
186
29
465
30
175
150
171
154
54
333
158
41
97
39
148
34
72
121
100
101
96
229
227
211
437
30
579
11
254
149
494
175
59
128
75
373
217
313
535
126
18
601
340
16
408
356
299
77
32
12
341
174
179
492
108
302
205
136
3
619
189
334
37
194
166
40
108
170
396
302
429
235
104
32
456
27
79
185
668
425
94
280
293
469
29
560
386
89
362
2
405
97
39
49
87
153
8
56
53
45
469
476
105
422
67
232
54
129
5
321
145
243
46
133
404
49
278
446
432
245
108
267
694
127
288
24
148
13
499
371
152
441
168
645
101
81
198
139
326
171
32
208
43
381
303
286
615
467
282
334
121
327
417
48
64
247
369
179
180
191
415
31
248
181
231
461
289
531
537
495
93
48
42
67
174
130
363
160
297
85
230
504
338
238
194
441
130
21
75
30
208
22
557
204
104
178
503
317
356
356
174
153
67
17
239
256
174
632
119
533
124
161
200
207
123
233
29
216
188
387
9
100
159
287
637
8
124
131
55
41
184
246
262
58
261
89
179
97
51
156
223
394
59
73
320
23
25
178
425
572
269
321
182
259
22
259
224
565
112
336
315
383
311
472
460
187
362
86
33
608
158
462
491
20
15
459
126
593
79
416
205
287
142
28
305
283
63
169
405
20
204
108
150
39
119
66
189
242
274
78
172
288
151
466
203
392
483
315
16
436
191
336
123
392
640
396
36
150
566
511
453
99
422
170
360
302
20
503
94
410
162
139
611
24
585
203
353
369
144
124
6
198
502
58
473
706
597
255
425
5
426
163
89
58
35
426
79
435
628
174
263
739
46
407
323
427
227
62
487
257
387
504
459
125
539
38
23
13
14
578
495
266
730
240
378
101
478
34
324
364
187
266
383
135
570
2
144
218
349
95
169
91
171
483
22
386
202
439
460
501
174
103
155
121
280
372
-1
366
23
306
154
504
317
163
73
262
47
309
17
171
334
265
610
457
631
59
181
33
99
251
670
256
537
170
34
92
130
340
149
191
70
117
420
233
724
48
500
415
41
160
543
187
9
26
246
67
51
322
263
68
66
192
562
366
562
7
564
82
85
351
230
112
147
38
20
275
272
306
35
244
44
289
106
304
250
115
401
227
108
26
353
12
340
277
19
215
147
194
617
88
346
400
204
389
304
327
608
195
173
214
321
474
332
267
75
20
333
47
150
452
260
536
211
6
201
166
511
160
397
371
247
335
327
328
351
642
279
389
202
134
153
516
93
247
278
59
17
119
145
310
234
615
53
36
186
626
460
378
426
513
119
549
172
268
120
189
318
16
238
190
99
188
259
87
630
569
463
133
445
254
13
174
29
66
154
581
416
205
289
283
590
218
385
112
141
511
129
265
231
244
104
129
453
252
81
230
355
275
49
21
504
456
59
186
606
187
10
242
60
71
350
208
340
140
621
437
305
125
134
186
108
81
166
432
573
257
241
111
85
213
11
162
150
617
202
10
14
166
251
362
322
144
194
126
499
276
180
167
6
197
174
410
74
148
416
576
219
507
23
342
340
214
187
9
13
81
263
119
182
136
84
26
689
533
106
31
112
104
344
697
47
177
338
299
59
381
6
475
573
27
469
168
72
33
99
25
175
257
675
225
603
89
523
46
73
48
141
31
342
411
72
124
91
631
491
4
46
308
288
31
123
484
300
49
269
208
360
22
221
224
381
203
197
5
439
12
399
509
125
457
327
639
66
244
139
42
64
111
117
408
85
66
281
2
423
334
178
604
53
32
344
471
179
447
333
209
218
233
273
36
237
59
339
152
33
243
95
53
153
272
226
3
146
529
216
319
640
187
91
5
42
481
589
161
94
37
109
175
28
79
160
93
420
217
292
156
129
143
9
445
592
31
72
206
200
80
521
130
187
5
180
108
523
435
662
357
135
365
393
39
255
532
381
202
299
430
253
160
540
42
358
183
711
350
212
255
64
66
83
76
72
20
265
416
494
91
148
301
460
225
220
39
329
290
111
52
426
302
368
183
141
595
23
69
11
41
224
419
216
175
514
73
544
220
465
229
17
47
453
482
262
131
7
519
521
336
52
71
51
131
349
192
169
376
256
71
89
509
312
424
331
485
211
30
459
395
132
71
123
3
610
245
261
271
195
480
224
40
47
394
745
24
475
389
51
384
423
95
467
196
408
377
493
539
303
490
388
59
190
554
151
0
127
12
120
81
455
364
12
40
139
312
46
509
333
98
155
244
182
215
299
541
224
13
39
297
340
200
122
471
191
6
63
141
164
554
449
153
342
28
449
335
230
203
491
61
265
307
642
25
156
64
419
150
533
171
11
88
322
262
35
328
203
25
281
278
357
220
76
287
70
95
52
332
311
215
243
20
60
17
163
142
286
406
93
281
63
433
76
141
120
482
182
51
243
33
274
48
141
385
9
12
120
56
385
336
250
104
112
296
10
378
59
259
554
208
433
286
117
135
8
258
372
195
354
601
392
89
30
155
48
33
287
341
93
361
368
127
324
87
46
143
233
215
215
246
200
3
275
81
97
39
229
112
291
602
266
363
107
121
340
8
333
95
438
35
58
398
559
321
342
41
374
-1
181
405
-1
274
612
17
86
41
14
130
130
40
421
478
603
301
377
212
197
318
407
527
548
102
88
416
2
136
48
225
75
218
2
110
351
394
374
16
94
433
62
302
99
136
186
201
407
83
230
531
94
205
54
319
262
101
18
487
193
138
545
194
417
8
230
124
265
251
60
55
338
38
54
549
8
250
46
36
61
277
301
73
7
52
175
719
455
309
85
240
199
82
73
513
38
527
349
14
191
38
298
48
101
689
512
404
279
61
322
555
131
449
297
125
539
208
42
271
250
128
41
299
304
225
13
508
408
124
221
368
511
388
278
60
174
343
241
297
49
464
408
363
43
125
323
10
39
217
132
76
219
376
4
125
165
40
121
437
89
136
557
5
522
73
570
100
264
137
346
5
133
363
258
192
122
558
284
381
260
352
518
111
99
55
414
97
103
448
246
648
647
121
7
175
322
240
113
670
353
501
379
161
336
37
485
47
347
52
664
46
54
500
233
192
28
75
17
146
164
204
73
320
497
122
53
195
167
506
501
675
447
507
294
124
17
247
466
243
716
117
190
277
122
723
257
440
318
385
147
38
439
710
312
252
570
239
278
48
493
163
346
92
16
408
123
346
15
82
347
385
46
285
309
261
66
164
364
188
101
626
275
369
53
69
395
234
394
53
99
400
358
149
215
84
93
391
317
262
126
570
457
116
630
171
55
359
697
501
78
226
290
330
131
209
189
81
152
88
185
325
1
94
188
138
314
330
312
33
371
288
306
32
119
38
155
642
124
223
101
157
234
10
617
10
209
290
58
161
252
90
171
78
44
39
388
255
354
246
26
406
155
337
392
384
160
71
608
168
279
28
300
21
171
572
62
143
96
300
367
124
347
412
171
44
32
236
428
48
415
172
168
204
18
256
52
7
153
557
314
354
110
386
645
179
315
1
300
195
358
350
96
81
277
1
145
324
199
217
447
416
432
22
193
24
616
18
176
256
161
709
316
29
161
97
512
630
159
52
150
16
166
86
50
103
605
211
484
527
283
234
48
502
736
89
292
244
249
18
443
96
169
419
329
6
143
247
79
239
238
98
67
573
227
169
131
238
333
379
377
13
109
561
379
581
336
154
44
256
271
38
46
115
390
240
156
28
139
39
29
504
452
261
238
580
16
160
21
26
175
270
261
298
44
76
145
339
366
-1
205
57
7
12
333
34
392
228
25
454
7
336
390
553
574
442
747
257
499
266
10
86
137
430
382
275
281
112
166
485
22
305
92
241
37
349
225
281
331
155
85
35
261
110
70
110
69
222
228
622
41
308
64
446
32
330
94
65
508
417
81
64
440
365
234
125
198
448
270
258
128
236
241
80
322
72
470
293
434
264
325
572
263
14
195
356
23
301
248
214
188
10
159
143
564
247
113
53
440
304
293
259
78
428
10
62
241
404
78
214
109
212
208
167
589
291
257
181
340
23
424
388
43
711
228
624
194
118
242
171
597
228
66
191
107
323
213
351
346
155
60
384
19
367
141
37
176
234
7
97
229
318
134
309
344
402
122
307
250
23
39
638
25
446
196
526
16
357
177
64
88
1
267
428
269
56
279
337
58
159
257
55
351
232
223
403
364
146
287
667
432
187
558
185
186
277
249
389
444
132
273
429
90
134
208
498
335
228
159
17
133
492
269
41
573
520
202
590
370
181
151
169
15
474
80
224
144
144
123
18
147
301
23
211
266
273
187
170
330
196
397
63
146
255
449
32
77
108
367
279
54
24
423
158
85
451
177
429
391
156
559
168
686
303
5
134
528
202
273
386
4
403
174
94
166
238
129
296
109
366
425
226
55
589
426
385
595
70
205
234
94
146
479
677
159
216
176
17
139
37
349
576
351
7
345
504
598
338
425
275
215
460
471
83
348
362
192
351
255
159
558
469
13
316
131
362
50
399
213
340
506
291
173
2
204
66
413
60
70
159
375
67
330
303
114
217
306
308
45
11
69
63
240
6
45
143
141
71
303
269
81
233
107
326
401
239
114
133
36
554
14
245
380
100
252
75
21
78
324
241
408
55
330
457
525
164
85
290
663
238
41
129
247
108
86
311
32
318
535
331
533
83
263
253
355
605
82
594
10
29
391
334
420
10
57
115
145
175
340
3
403
130
180
113
520
20
121
281
40
155
234
309
144
430
96
315
341
504
63
76
181
129
392
140
319
288
402
33
276
54
31
262
53
256
297
349
27
209
132
285
17
87
404
290
365
165
562
308
4
88
599
321
205
249
200
208
213
387
77
74
431
321
126
7
179
111
530
276
299
32
92
79
426
256
273
259
34
180
413
189
85
277
163
333
192
434
71
218
345
103
129
57
262
210
109
140
23
265
470
209
252
35
404
49
526
122
531
235
149
39
123
445
149
283
121
120
231
173
223
157
202
145
152
291
189
212
417
142
489
605
291
318
120
13
4
530
631
27
491
508
538
446
145
183
176
477
11
257
55
37
154
80
270
291
147
202
348
471
362
625
123
144
65
241
183
466
102
506
568
568
274
514
74
221
311
263
207
438
63
418
376
427
63
179
338
119
477
75
662
228
275
427
117
112
277
38
73
113
189
482
6
385
72
61
241
99
110
60
37
628
588
85
419
73
492
48
250
403
354
160
176
449
430
318
407
192
2
350
89
3
396
210
203
48
72
36
186
293
301
130
337
89
95
179
518
401
184
260
468
435
57
18
139
192
207
162
32
353
121
296
59
378
102
420
296
104
106
221
222
99
321
132
670
119
490
7
22
623
107
200
565
149
604
362
4
525
187
210
633
292
95
186
548
264
95
102
449
76
223
504
354
395
75
280
19
256
163
261
239
546
522
525
313
611
91
212
176
222
97
433
113
20
233
29
16
258
186
528
224
51
353
110
59
387
620
107
520
583
9
86
480
115
317
383
186
48
153
472
216
120
39
178
117
6
539
274
132
252
590
148
249
348
137
104
24
264
60
145
170
326
434
509
118
182
119
8
51
572
29
171
66
274
203
37
238
214
453
263
347
167
360
410
40
275
437
396
140
231
40
135
345
169
353
131
388
257
156
63
365
83
660
604
40
623
39
239
90
28
298
18
405
242
35
114
582
2
87
173
152
58
181
96
92
483
100
262
617
197
275
367
17
416
34
146
266
59
173
541
359
555
571
80
197
267
435
325
268
185
381
229
123
56
307
617
60
378
23
251
600
276
485
33
13
516
318
58
350
576
550
66
555
341
43
232
39
454
520
129
216
8
358
446
122
169
145
84
497
144
579
116
-1
150
126
266
139
304
142
160
134
18
210
208
378
340
209
438
346
234
72
131
538
345
30
319
265
70
257
162
509
54
105
108
28
166
38
260
476
152
97
332
240
26
13
535
686
240
431
463
86
152
92
39
157
26
63
289
511
108
44
45
509
122
111
350
79
595
375
121
229
568
324
139
272
29
172
38
133
39
132
131
307
186
509
75
42
468
95
339
16
186
100
428
230
253
77
186
156
637
322
131
187
509
15
466
172
91
300
191
54
108
263
149
354
95
43
367
560
74
87
143
65
187
343
77
42
247
295
115
262
21
343
23
202
68
324
97
60
426
408
432
356
284
275
60
334
245
544
85
116
416
288
296
160
181
207
475
102
407
253
16
123
232
89
221
298
496
506
172
207
43
90
104
431
214
33
97
465
117
458
168
386
365
2
81
37
15
196
409
180
305
222
108
84
115
71
125
281
232
505
395
440
106
228
365
155
576
188
61
223
81
337
276
612
214
88
204
69
64
237
574
4
211
222
12
466
297
161
591
35
290
23
120
646
325
356
361
111
606
255
11
118
227
345
305
689
180
381
66
326
241
89
142
24
28
413
413
66
364
149
40
220
549
248
8
69
322
47
125
421
156
480
25
254
102
161
50
392
466
34
227
32
7
132
45
234
479
124
38
315
123
95
649
151
538
353
97
103
109
96
524
611
49
245
198
609
208
197
233
302
177
239
56
93
695
272
306
74
517
557
214
623
172
241
508
336
88
333
155
435
81
360
137
353
126
304
438
329
24
65
307
129
346
241
144
366
92
9
339
514
123
160
68
236
2
47
166
387
71
302
457
243
136
5
43
526
489
373
595
457
74
545
176
139
321
492
492
239
478
77
25
34
356
138
2
256
310
53
392
178
353
124
192
343
354
283
252
38
191
64
33
12
134
101
186
112
298
147
463
502
342
100
450
164
87
404
145
734
466
272
48
233
191
27
19
151
21
360
24
81
386
623
63
29
38
236
117
343
141
286
274
27
289
110
231
159
67
432
592
193
544
256
138
198
559
189
207
564
391
346
41
136
70
87
388
267
531
64
590
674
44
291
294
134
478
420
33
230
156
523
77
65
208
138
419
520
6
12
28
184
440
79
386
463
338
388
258
113
271
421
8
332
451
116
167
225
82
70
298
50
425
663
421
111
213
440
128
151
151
15
4
440
136
383
94
507
7
491
509
540
364
246
347
61
662
265
1
56
19
423
32
97
556
156
13
432
457
12
245
122
81
230
105
118
115
66
46
23
54
225
89
297
295
208
254
131
11
340
156
98
200
557
120
336
278
158
189
604
498
662
19
62
576
552
360
45
40
85
47
407
453
13
58
331
541
108
334
534
55
559
60
119
530
160
282
55
76
204
382
425
381
62
490
46
189
132
64
193
120
374
4
613
159
115
103
180
144
214
105
413
22
82
28
151
9
470
16
254
170
156
265
46
291
82
312
97
141
46
217
500
276
27
201
134
287
503
68
65
36
106
193
111
180
157
12
203
350
258
415
459
39
328
160
739
8
18
88
49
326
303
450
233
61
171
430
12
170
700
552
484
222
37
375
72
251
306
30
170
305
439
67
8
295
169
116
223
443
7
223
17
333
74
163
83
511
256
314
133
54
266
137
545
198
111
268
163
423
425
120
55
298
191
3
715
118
34
380
94
157
245
225
315
436
299
360
285
29
71
549
110
240
354
119
34
395
200
112
211
3
274
609
430
421
324
327
241
108
305
23
86
156
508
346
93
717
510
343
135
240
147
63
19
353
240
495
73
149
454
493
375
33
9
49
145
351
206
329
18
622
465
104
392
369
168
40
570
135
219
408
257
291
35
410
50
94
201
598
201
76
209
579
160
335
143
101
17
5
100
17
426
30
269
328
413
502
308
232
121
285
199
560
217
44
108
57
205
621
50
96
307
92
485
340
235
113
222
603
345
516
618
277
44
8
36
133
56
52
487
64
240
414
195
30
1
116
169
515
306
400
183
354
468
260
5
383
361
46
205
38
130
182
88
157
6
36
205
391
439
53
450
314
3
68
577
367
54
592
118
303
190
179
256
406
68
264
470
475
110
495
24
440
375
218
10
204
388
433
23
74
410
238
70
136
72
477
167
39
62
130
76
428
637
45
213
454
326
47
85
82
426
4
37
101
80
234
696
5
363
240
15
113
193
444
220
24
141
203
509
20
444
345
628
174
239
213
324
163
84
444
113
122
140
368
202
379
118
190
48
10
396
29
25
10
584
80
133
60
627
141
431
62
163
60
194
126
437
334
286
154
14
396
91
226
2
524
566
29
338
167
220
6
349
16
131
238
158
565
21
26
9
250
37
211
364
263
97
154
507
15
530
356
32
301
337
132
567
151
590
312
253
336
340
147
326
36
172
129
731
341
26
22
115
598
230
341
173
293
16
100
202
330
118
536
321
10
474
82
645
561
263
1
178
130
237
326
132
32
509
243
176
284
324
193
58
19
205
296
427
199
293
44
17
63
522
141
75
145
372
20
385
13
133
319
152
204
353
32
700
321
160
154
397
296
55
344
13
487
271
246
370
298
496
107
142
2
230
178
124
108
18
248
241
301
250
319
126
9
168
357
200
573
57
36
313
258
518
191
18
96
267
102
374
175
63
317
177
159
312
217
329
384
142
156
528
742
38
375
77
50
38
459
398
138
305
39
653
477
9
116
118
257
37
4
487
195
91
243
405
385
84
389
565
60
14
336
96
175
580
214
354
1
298
108
516
356
609
32
233
118
75
61
196
153
192
400
328
130
407
338
151
153
389
90
362
528
433
180
175
262
516
492
368
689
14
383
468
171
15
44
357
70
562
81
9
51
42
391
438
140
42
64
72
150
287
386
513
97
154
301
3
25
239
664
63
257
191
367
62
420
580
577
102
413
304
60
439
84
223
136
113
213
238
463
3
32
385
488
191
80
43
205
2
295
82
255
295
93
662
113
281
134
135
360
15
228
194
220
457
414
256
374
133
310
251
209
504
375
2
164
370
348
122
33
157
250
485
463
385
290
123
130
90
328
342
29
28
291
257
205
89
266
92
495
526
361
237
475
22
372
323
28
290
285
391
111
421
7
20
519
142
205
252
252
365
215
45
628
96
307
462
214
103
21
217
415
373
41
443
1
386
527
594
133
31
421
534
12
272
173
498
382
98
34
510
369
443
280
193
125
203
267
213
279
480
278
181
647
598
74
39
347
164
333
127
666
259
131
482
122
435
326
368
404
36
197
463
457
498
182
133
347
121
139
64
297
138
323
312
243
459
347
117
44
70
254
142
82
203
302
33
122
127
606
151
510
414
5
18
72
496
282
474
522
301
514
179
107
183
290
676
100
13
391
371
5
223
2
136
484
170
58
122
351
521
190
426
12
359
205
117
237
54
56
14
559
21
357
72
269
488
202
-1
69
5
511
319
448
80
436
21
297
51
127
221
353
135
220
-1
84
237
264
49
197
364
368
538
238
455
226
284
667
25
345
288
268
58
418
25
392
26
161
491
223
409
459
100
100
259
32
543
285
159
324
44
206
274
212
6
622
98
80
472
47
4
424
71
141
117
464
73
314
223
67
82
56
130
176
417
495
558
91
246
402
127
66
503
117
633
737
414
29
77
32
299
187
162
171
292
316
156
194
74
101
314
296
48
158
263
247
51
504
352
515
339
306
344
186
121
86
67
479
167
328
47
174
-1
297
55
277
348
104
19
478
62
139
534
200
363
20
194
610
3
36
408
336
43
301
281
99
225
95
100
574
637
341
44
285
44
29
194
382
125
314
10
90
119
118
78
454
80
651
283
349
259
222
433
448
374
212
208
291
42
454
209
272
82
514
169
6
414
120
282
148
503
328
105
541
458
182
58
47
9
272
226
205
281
213
471
615
491
98
62
435
83
512
431
226
277
18
182
426
201
440
238
34
459
170
51
376
532
225
22
94
460
275
284
45
12
387
405
103
356
26
527
32
212
214
355
425
180
49
260
256
309
215
195
4
54
11
19
10
122
138
575
114
515
639
337
566
421
524
34
83
361
304
322
286
167
208
512
367
59
363
47
238
18
72
54
422
74
75
264
155
36
231
355
3
277
139
233
401
380
108
46
247
251
122
264
188
43
184
214
125
38
485
112
438
16
413
607
189
193
229
126
434
696
-1
279
-1
585
311
48
226
99
79
29
385
130
411
413
111
381
608
176
213
421
213
477
201
288
97
684
48
193
244
222
133
333
353
195
115
154
86
5
62
32
259
407
140
126
504
424
168
534
8
360
14
126
453
177
477
166
43
14
77
416
362
314
331
686
333
230
595
183
132
81
145
381
390
31
201
307
296
377
428
283
35
98
210
23
447
103
437
406
290
341
269
646
244
233
58
137
204
143
153
242
52
117
576
148
467
260
92
321
224
18
54
102
75
367
235
487
107
374
571
181
56
108
214
596
319
342
34
487
491
541
489
54
376
351
469
375
300
51
77
526
88
213
193
314
603
30
622
175
136
622
98
310
300
85
502
380
269
248
115
84
229
79
337
71
462
191
291
125
122
74
221
277
212
281
29
22
463
344
6
218
98
580
4
20
181
53
444
362
89
259
340
280
87
437
743
232
572
218
652
287
370
162
116
505
356
301
31
717
451
43
152
515
184
226
213
32
99
369
18
365
286
158
337
390
70
137
528
602
137
291
477
152
314
330
185
124
227
146
144
436
75
481
350
157
110
491
473
453
12
33
469
396
25
327
349
366
230
85
402
52
50
186
240
133
242
154
14
290
189
289
666
376
531
112
475
511
269
403
159
30
471
350
18
479
289
131
159
19
159
488
42
355
317
173
457
29
51
61
457
135
347
223
277
447
274
444
586
152
258
117
301
106
358
199
63
30
537
585
419
32
385
189
209
167
266
16
5
47
91
314
237
282
254
413
294
156
666
108
12
41
149
293
293
107
372
391
398
609
108
425
4
322
121
263
164
228
32
80
582
403
377
483
9
49
133
129
487
277
118
92
129
57
443
9
535
432
110
59
44
121
204
434
323
121
583
124
52
32
186
433
254
372
140
272
86
83
127
34
56
12
371
356
285
113
349
91
448
425
693
36
345
153
421
62
191
344
77
13
205
43
267
48
452
582
347
392
439
446
463
98
135
278
103
406
205
346
224
37
8
65
95
408
61
160
78
27
436
413
14
2
229
96
94
626
631
394
34
456
285
144
69
91
673
270
161
258
126
39
15
309
73
16
118
273
198
248
369
223
524
180
142
284
73
195
420
215
241
351
3
474
154
567
483
527
341
11
67
83
362
571
18
470
25
128
182
161
80
14
69
91
233
232
82
259
400
126
424
517
496
453
41
144
211
577
162
91
60
604
259
251
402
232
59
580
434
679
421
7
177
52
22
394
26
181
41
299
442
362
4
498
104
95
56
14
424
296
66
330
114
58
649
59
12
233
311
56
3
377
475
78
599
293
329
15
17
91
138
572
464
243
439
692
201
388
279
470
400
498
614
201
310
62
437
281
62
114
286
217
39
528
91
162
221
187
53
303
319
343
197
451
355
361
10
377
265
157
272
47
68
80
380
203
136
238
225
51
241
81
168
182
547
24
69
43
230
492
214
54
195
607
10
110
284
461
188
515
106
148
94
124
155
192
83
141
113
393
239
