169
124
416
440
470
4
159
185
119
275
353
141
381
22
21
104
121
439
43
515
459
306
76
61
282
366
145
66
412
541
57
366
465
320
213
113
143
95
11
269
542
377
318
447
321
351
139
566
366
83
199
77
26
286
319
383
328
402
388
254
535
161
551
240
69
214
146
0
93
47
339
368
586
16
294
218
428
533
486
289
427
67
163
31
19
170
530
312
480
276
74
453
96
73
127
304
67
355
707
155
299
388
465
538
666
173
191
3
321
327
285
56
580
186
575
153
180
202
208
567
39
484
743
119
327
146
334
105
141
144
247
322
94
35
-1
579
119
104
410
522
411
139
322
519
21
418
223
633
422
271
333
148
71
324
340
126
220
252
37
27
123
139
70
10
341
49
45
27
310
196
172
2
159
427
7
74
116
431
397
373
301
69
295
176
96
70
436
41
107
39
136
315
341
62
16
90
320
216
291
385
9
24
13
307
492
225
374
236
282
356
420
453
89
69
34
140
56
315
444
269
134
206
234
144
86
343
412
509
488
277
419
576
330
181
354
154
543
40
74
307
16
77
401
344
24
327
73
258
306
47
654
188
253
506
106
80
177
39
414
36
294
142
682
296
419
201
300
12
171
317
35
531
182
579
115
234
128
66
518
410
42
9
312
516
217
545
87
225
28
373
301
62
598
75
122
686
216
344
491
111
463
40
48
139
613
90
308
16
84
29
189
299
221
173
24
106
310
385
162
268
75
87
462
200
447
131
415
40
285
492
495
172
106
62
111
67
542
384
120
240
52
113
123
38
467
431
590
74
301
273
176
36
82
437
229
131
26
172
138
78
658
408
50
48
250
299
473
126
328
363
82
394
476
465
11
178
105
376
20
563
561
33
244
245
34
13
30
312
569
516
399
128
119
10
508
49
181
342
607
48
158
187
93
573
158
411
154
147
355
145
292
190
248
436
155
127
476
412
155
374
456
336
159
165
443
301
141
39
178
399
214
61
270
640
314
97
285
148
4
31
83
129
301
172
481
237
549
371
57
145
126
218
392
116
2
93
190
68
22
21
456
132
410
344
198
135
67
134
583
17
488
19
548
91
8
79
143
410
49
193
261
6
124
251
357
236
712
336
503
452
77
15
154
520
343
101
345
269
156
614
124
628
128
392
578
630
597
36
353
284
105
34
46
529
132
32
75
167
259
60
152
138
435
116
598
283
586
309
520
228
249
178
281
140
484
3
49
372
251
257
75
213
139
136
202
179
218
162
448
492
536
5
182
282
5
68
409
220
178
592
423
115
150
211
188
250
95
140
304
9
194
571
48
150
113
60
248
425
76
338
215
93
104
553
525
19
286
318
372
186
224
102
523
619
262
191
221
118
490
556
77
74
425
256
204
418
596
514
351
175
489
296
170
535
204
590
351
172
260
248
585
133
85
83
253
306
67
454
188
448
551
20
297
508
1
22
313
115
660
119
287
665
288
242
263
207
153
331
211
449
165
527
150
425
152
562
259
113
6
191
75
308
525
98
155
479
249
411
120
322
42
11
74
524
48
559
5
228
584
96
65
582
383
99
372
295
116
194
298
566
507
88
50
509
123
87
48
345
279
465
461
327
610
267
530
316
222
622
312
151
22
55
484
91
80
364
410
194
531
218
144
535
77
101
34
137
135
127
706
9
358
84
283
524
421
68
607
130
125
377
192
460
132
441
304
670
21
23
272
534
113
279
607
116
304
448
259
547
311
390
315
164
100
213
347
113
221
239
260
321
415
376
298
171
500
104
348
562
88
281
60
161
316
126
249
385
345
121
475
456
154
198
641
237
476
260
514
764
344
384
202
95
304
301
330
355
423
401
391
69
105
113
189
363
208
480
171
1
7
263
58
200
102
12
102
281
0
346
38
441
180
126
17
319
472
481
35
73
254
235
374
262
89
236
197
221
6
59
81
62
6
241
139
285
78
45
328
373
49
79
566
603
70
229
37
124
216
203
24
702
141
62
392
437
225
6
17
317
318
30
106
39
137
481
34
687
8
116
478
60
272
207
359
374
19
222
8
265
485
92
55
464
41
274
557
70
407
113
457
116
361
39
108
487
360
146
586
447
92
88
187
7
180
222
310
16
422
224
417
-1
614
291
174
374
231
390
270
475
264
237
291
611
627
549
147
257
277
330
345
172
232
98
385
750
131
330
324
375
213
243
41
466
276
217
542
402
433
495
466
478
353
79
212
9
230
145
369
544
528
216
336
2
407
94
178
232
545
27
429
494
408
102
17
31
34
193
12
10
24
84
104
150
169
275
455
191
80
98
284
345
185
298
480
456
140
122
149
264
459
28
57
502
380
51
453
167
58
341
538
155
2
78
287
386
49
33
19
39
337
180
561
424
61
320
356
11
171
285
304
126
224
323
156
263
72
369
26
170
318
154
149
184
329
196
440
304
210
301
37
153
308
327
26
306
438
165
18
154
7
344
74
22
13
350
124
146
658
580
118
455
342
404
207
289
66
444
288
215
105
144
343
244
364
385
187
602
216
125
271
224
366
218
544
75
85
185
49
312
484
70
80
87
78
126
64
114
283
165
53
76
36
628
664
270
70
168
581
-1
206
33
201
107
613
270
12
309
411
210
244
31
573
14
161
15
314
9
24
41
326
70
668
17
362
394
172
367
289
161
11
365
182
5
262
474
119
53
84
236
133
30
69
287
126
352
403
171
622
14
83
339
192
134
38
332
132
157
438
72
70
6
154
334
90
177
317
193
398
86
140
456
113
143
211
49
105
20
276
122
408
91
430
238
72
219
85
498
160
417
390
287
311
158
189
161
139
35
57
215
644
475
542
167
141
546
142
430
141
101
327
446
316
75
57
100
279
538
214
398
-1
58
130
754
425
412
382
312
396
569
394
329
181
555
67
23
585
21
411
226
549
172
265
290
277
338
71
60
168
235
282
109
39
115
-1
155
2
189
323
153
7
312
292
400
403
586
352
81
504
371
266
170
280
216
57
247
316
139
482
412
88
170
19
342
8
486
498
311
516
463
94
587
49
25
21
177
179
95
185
475
330
58
592
150
132
287
216
135
242
356
521
113
108
386
79
520
25
171
296
250
407
146
128
245
90
26
58
71
465
648
212
509
554
147
211
215
220
226
505
667
416
486
149
597
93
274
31
450
447
363
243
300
314
98
432
21
160
369
693
124
241
119
247
382
563
495
349
4
434
89
351
130
174
614
351
115
243
223
70
660
7
620
437
488
219
498
225
238
479
504
102
248
419
105
122
425
596
17
581
191
400
138
324
3
174
542
112
264
11
291
427
2
550
188
438
199
292
130
435
364
714
51
108
5
545
90
41
21
513
23
84
242
407
88
307
375
124
56
37
45
29
309
128
282
140
207
344
629
51
136
141
91
648
26
381
263
700
332
46
302
559
121
310
169
146
57
44
50
9
213
114
57
165
607
109
273
131
271
39
31
147
123
225
263
211
483
557
228
190
147
283
7
11
193
618
38
69
77
235
313
58
371
137
380
120
6
327
177
197
107
294
403
357
471
161
290
497
262
403
180
335
6
209
56
47
388
166
412
494
314
452
282
113
50
436
245
6
385
305
208
114
360
136
42
153
102
96
346
266
82
308
124
59
130
146
405
259
461
123
15
306
208
61
372
158
111
259
63
67
96
333
505
54
305
505
329
220
393
631
149
196
158
315
95
331
39
132
459
399
200
69
64
255
58
200
383
393
510
314
332
590
74
26
270
176
171
363
160
215
29
120
581
524
144
284
191
42
204
52
8
209
45
116
530
214
39
23
108
640
488
332
292
429
118
607
61
167
46
295
149
126
357
347
500
91
13
568
485
477
116
254
536
463
189
62
523
22
200
610
351
318
16
492
167
608
515
175
50
203
483
251
532
546
83
148
117
487
466
586
350
46
37
393
498
366
30
42
162
288
457
11
215
302
403
276
568
141
158
243
37
251
49
583
166
95
362
12
397
332
337
59
101
52
450
35
653
53
34
107
267
33
94
98
293
433
13
228
236
4
445
300
258
131
126
165
70
22
126
483
335
231
153
480
531
213
664
6
209
222
312
134
594
363
30
4
128
468
149
324
611
589
196
34
536
297
273
124
415
327
349
467
398
20
140
200
95
21
275
144
184
8
188
185
383
416
581
355
248
249
261
89
305
155
329
63
33
29
233
27
178
593
396
254
526
217
590
420
107
386
438
315
493
176
57
288
589
45
55
33
254
82
168
253
114
120
140
303
117
5
113
461
271
611
119
352
349
479
6
76
33
92
184
562
547
348
350
223
261
126
229
639
37
177
247
131
54
22
99
495
92
634
100
498
615
199
44
163
18
-1
96
338
241
236
418
45
615
248
106
156
58
270
261
126
230
92
143
120
53
432
77
207
340
494
38
267
30
565
90
147
464
572
497
189
289
351
285
42
61
158
422
30
32
329
211
49
427
123
118
408
145
61
41
679
80
463
409
26
101
373
682
574
7
476
233
37
79
80
397
136
258
262
505
349
371
98
505
123
91
272
432
84
277
657
264
215
260
172
312
461
314
58
126
177
441
85
8
386
584
181
60
219
160
630
352
59
22
41
113
23
47
160
298
241
328
280
371
335
251
19
200
295
121
279
493
182
86
214
135
107
224
31
287
540
535
115
420
668
603
87
44
510
134
239
166
72
416
39
449
179
475
155
415
249
343
348
388
300
498
43
203
252
218
207
76
60
260
220
524
623
373
378
218
164
415
246
183
307
136
32
205
151
614
49
629
20
5
121
82
281
40
65
278
202
9
728
26
5
68
450
205
166
238
26
229
168
157
254
40
321
116
614
398
49
286
207
38
52
46
299
260
236
552
375
324
324
350
608
73
153
207
394
33
208
114
142
165
283
117
458
57
272
238
171
392
246
144
284
594
275
270
103
280
57
6
181
521
79
281
426
389
74
634
216
324
131
358
299
281
509
480
412
12
89
19
205
143
605
27
71
35
159
383
488
215
86
171
331
579
122
629
121
412
185
52
479
379
537
47
395
482
404
398
242
76
561
101
450
327
321
500
508
322
35
292
268
98
168
636
141
127
153
342
22
149
176
235
347
116
59
184
4
148
181
88
235
139
58
6
224
43
52
454
309
170
313
304
372
240
296
41
319
463
74
161
225
120
517
215
78
155
271
111
73
476
90
430
371
118
367
71
78
138
187
280
104
185
186
184
49
114
102
556
340
492
154
159
239
521
361
52
300
34
204
188
55
108
2
231
230
343
36
470
423
128
218
48
491
158
71
270
186
387
392
109
389
410
8
110
268
509
368
161
115
133
31
170
132
282
271
41
21
540
30
258
218
76
40
146
83
138
132
123
84
273
142
111
3
627
263
248
100
129
131
308
294
371
96
541
13
294
96
483
503
354
117
78
423
192
127
141
183
316
364
239
267
101
615
167
145
352
124
258
322
117
148
167
262
142
135
237
223
222
149
133
95
622
98
459
700
158
165
230
96
305
67
333
247
349
151
432
246
11
506
551
92
53
432
141
17
115
198
329
37
220
12
131
53
34
58
294
82
197
217
164
636
23
370
284
375
13
134
190
272
34
379
556
264
264
106
361
280
449
83
8
20
617
22
10
2
153
548
175
258
556
719
51
203
139
294
693
472
185
532
110
18
349
186
452
69
224
227
330
79
133
144
467
353
470
399
603
317
160
243
78
276
219
184
41
79
11
220
356
265
429
560
318
401
73
27
19
12
316
106
60
389
-1
111
258
228
14
576
503
52
354
197
471
165
189
34
368
43
40
385
265
94
264
208
114
186
166
189
266
92
182
342
559
96
383
167
47
421
441
330
178
145
163
30
105
62
78
24
126
294
493
12
150
204
470
269
239
421
279
193
140
356
58
183
461
558
104
355
195
259
56
157
389
25
205
483
95
13
340
89
346
168
268
595
437
167
201
516
234
241
59
578
176
365
403
136
175
122
478
62
95
234
103
105
225
341
221
495
5
359
12
321
67
253
80
195
164
22
117
494
241
37
220
37
39
15
186
642
22
240
44
124
274
270
176
340
230
212
41
44
181
433
14
310
212
201
126
189
451
51
669
441
52
215
577
134
113
133
363
166
78
92
177
570
104
316
9
613
623
349
154
85
419
409
109
379
394
340
486
256
204
503
105
422
540
284
323
230
58
492
124
208
118
53
269
17
2
32
175
18
144
91
195
584
243
372
122
21
132
326
77
353
26
293
253
109
452
272
329
71
168
220
380
23
357
521
100
217
291
458
320
396
461
33
130
33
280
84
228
77
168
573
557
504
26
69
425
74
723
593
100
190
355
65
161
220
102
168
478
109
226
477
428
303
290
59
343
121
156
60
177
34
167
330
94
150
187
261
203
162
4
133
153
455
47
236
332
369
284
81
189
563
484
32
182
156
240
281
130
414
393
71
489
481
69
150
117
254
99
13
233
508
217
107
81
507
237
312
210
537
340
532
452
347
347
31
385
350
198
88
380
233
17
153
101
215
171
398
310
461
49
256
503
185
208
54
552
108
295
425
397
87
454
69
388
293
161
422
68
52
27
40
165
156
239
499
303
504
205
426
111
104
240
43
406
134
256
324
59
596
639
55
101
442
99
219
362
244
454
194
42
19
8
346
260
266
114
490
60
41
400
263
254
152
344
20
117
88
153
61
58
4
489
126
247
294
143
186
302
286
195
494
216
294
15
487
764
91
183
79
114
119
80
277
126
127
303
86
196
165
229
165
436
213
137
249
628
176
36
365
139
67
132
425
14
251
441
469
295
594
138
60
137
494
7
39
139
294
424
149
8
323
333
100
364
121
314
33
332
124
205
59
121
278
68
63
285
186
33
145
486
45
121
281
69
614
51
454
13
122
117
70
100
170
8
335
213
432
48
315
577
270
103
119
112
237
487
31
299
138
114
305
237
497
357
439
54
40
101
178
540
9
330
159
10
224
30
102
389
197
630
32
314
244
214
340
285
107
143
389
421
188
86
356
470
112
4
667
245
126
41
608
58
64
469
126
177
392
98
147
339
400
356
106
292
153
224
669
609
474
223
72
554
278
210
23
2
13
208
404
350
14
310
462
618
365
89
488
611
85
112
114
404
519
490
382
222
576
152
26
572
382
234
177
48
294
218
348
118
372
481
180
385
386
160
279
518
99
30
618
242
94
169
16
61
462
152
683
159
503
434
374
300
321
95
299
26
266
49
313
77
464
131
262
68
428
549
252
460
354
257
176
264
4
448
9
331
312
680
132
101
137
133
22
167
261
437
452
253
361
463
122
303
32
333
152
396
113
262
238
529
470
96
42
135
13
88
33
565
334
49
224
413
306
188
128
527
114
114
55
352
11
37
617
479
384
126
152
231
246
246
4
306
125
644
78
195
356
30
444
247
165
113
25
273
98
215
52
381
422
80
3
160
65
173
101
178
371
147
5
473
15
300
384
165
88
216
319
167
242
616
16
289
30
579
8
318
151
345
209
157
73
125
102
108
222
79
126
441
227
174
482
421
15
366
460
355
8
538
10
556
391
407
88
470
291
5
252
490
466
23
290
427
177
38
404
104
642
287
398
247
475
642
260
185
221
510
444
560
379
71
409
234
171
135
78
41
124
117
167
255
507
7
9
114
361
48
400
-1
270
46
15
40
238
463
289
590
359
122
420
204
226
102
194
217
13
504
40
590
292
141
11
156
104
367
191
143
46
180
499
328
459
178
184
245
231
120
11
118
82
177
77
619
194
197
124
566
15
288
98
315
140
346
83
455
284
27
428
61
468
262
213
503
48
167
240
30
174
24
304
187
217
392
309
304
282
395
332
404
261
81
147
506
168
116
396
393
94
58
19
129
56
535
284
108
15
109
151
211
201
436
461
74
508
435
197
509
143
147
255
383
382
109
73
426
290
101
339
254
613
492
111
580
200
606
188
72
257
608
591
189
388
243
368
52
181
288
199
338
224
93
203
256
213
82
465
567
345
278
87
551
19
487
3
80
180
365
180
116
13
386
253
354
479
617
34
316
98
193
179
164
166
69
461
348
111
490
299
46
196
625
20
386
338
236
284
424
77
315
357
403
342
195
85
15
89
313
45
15
50
279
224
258
442
312
206
103
281
11
235
67
47
193
66
332
68
320
365
212
206
109
226
21
205
428
220
73
357
55
248
9
117
484
83
473
50
645
50
91
589
97
264
619
261
490
114
296
77
42
266
367
234
489
19
70
379
333
202
24
171
98
248
56
250
42
240
450
326
415
398
48
251
270
87
275
331
9
357
152
116
473
185
182
350
195
679
76
225
279
280
443
210
26
36
373
9
223
46
297
456
112
382
43
119
128
26
647
262
97
227
281
607
60
331
119
118
265
102
94
48
503
123
127
164
128
383
88
74
397
269
17
278
189
341
266
216
19
25
98
27
295
93
177
37
316
197
173
244
490
214
143
289
335
34
646
155
295
66
149
47
478
166
416
434
35
297
78
113
378
179
241
40
58
117
37
247
33
241
64
33
496
182
257
392
122
366
100
285
640
128
302
103
188
88
131
80
67
202
240
378
196
345
422
271
64
259
91
667
577
87
142
77
320
166
453
41
170
219
288
368
557
209
497
5
127
379
481
73
386
260
12
58
23
202
628
340
30
312
7
374
20
98
196
282
516
533
257
172
107
287
33
199
449
698
368
21
344
625
205
222
127
330
434
60
114
523
99
481
504
450
77
553
615
20
105
167
605
424
94
395
408
336
185
372
688
284
296
148
326
413
-1
102
563
233
225
209
241
548
328
612
392
353
387
357
264
440
115
236
271
260
82
199
299
416
45
341
403
317
682
156
1
165
294
394
55
207
375
159
399
510
162
68
205
531
169
132
285
86
394
151
612
412
168
654
43
70
235
172
90
271
567
221
86
240
140
62
313
312
335
576
24
101
97
485
10
118
304
115
27
432
387
162
424
220
421
471
218
307
197
370
479
307
383
123
350
144
581
20
125
169
89
347
575
448
110
358
91
399
161
357
90
264
186
50
103
37
472
76
236
423
211
261
481
169
450
164
552
511
543
446
597
2
65
627
23
25
4
621
36
20
395
423
246
625
305
172
135
13
31
154
51
318
11
383
352
364
266
150
363
462
239
98
102
389
309
310
287
216
156
179
82
373
340
242
105
182
559
23
705
82
316
75
409
55
334
337
80
421
481
2
351
372
27
460
244
178
65
124
431
125
45
76
97
78
146
114
307
164
352
2
143
229
75
174
89
165
115
207
298
96
61
278
41
594
100
142
104
76
252
595
3
152
370
319
606
41
138
159
228
534
58
79
394
220
89
63
288
31
507
161
24
107
82
228
134
352
13
355
87
55
77
149
346
-1
5
354
323
30
597
482
139
60
24
430
124
90
28
430
487
210
436
312
465
679
256
327
47
550
177
120
225
108
50
256
75
7
160
50
303
401
187
231
61
685
387
131
227
131
563
162
2
561
37
43
556
272
216
624
47
220
398
148
378
162
374
65
482
146
177
29
360
357
642
511
328
325
151
399
590
307
113
201
152
344
107
8
58
224
462
222
77
459
369
63
267
307
484
187
254
141
33
266
386
181
82
100
339
623
135
552
121
73
365
130
16
38
123
261
318
149
326
107
262
81
4
302
132
285
7
7
148
134
233
21
432
53
94
307
249
391
312
193
247
461
47
356
113
165
185
102
114
270
386
290
2
4
499
502
62
51
53
156
159
31
188
659
89
37
438
140
13
311
80
460
106
310
74
255
393
201
351
158
67
371
173
368
168
219
358
339
31
132
220
96
514
217
345
7
441
28
244
53
497
70
40
260
37
99
160
223
35
15
200
148
400
622
51
407
369
396
83
7
62
114
210
278
237
518
428
16
73
47
151
460
111
382
15
351
465
36
348
83
19
91
164
369
271
291
105
218
212
141
486
536
710
308
216
493
105
330
114
561
241
533
65
633
505
14
289
15
590
313
241
302
157
142
133
130
215
53
678
226
135
401
246
255
42
446
379
302
75
558
300
465
96
613
97
237
5
201
206
66
40
251
164
275
309
454
355
676
328
192
29
185
400
347
63
177
167
58
139
259
254
288
424
566
6
442
35
432
277
354
25
241
267
134
204
708
24
136
29
271
258
161
227
14
182
225
516
627
377
10
43
329
95
312
475
460
92
262
151
533
173
370
165
403
30
22
2
207
137
525
42
275
559
122
275
325
252
309
268
123
711
174
377
290
388
529
474
16
120
286
394
392
267
76
57
342
274
249
67
321
253
325
438
293
266
353
154
306
65
196
318
15
368
208
72
3
112
210
161
185
149
58
755
360
403
417
107
266
617
61
635
393
203
238
234
118
15
109
466
86
382
287
132
98
177
239
652
76
416
4
606
307
1
86
462
82
23
228
251
105
585
508
132
267
411
14
70
170
247
223
7
15
61
43
45
80
335
74
45
9
201
708
455
210
121
5
268
526
153
114
304
491
124
157
236
259
242
162
130
451
156
458
273
605
299
259
578
62
189
97
427
397
348
247
369
299
237
12
63
287
93
345
217
126
152
462
270
245
110
458
320
291
128
10
114
332
298
601
242
272
731
183
263
518
391
235
285
424
399
250
244
100
310
301
76
287
162
6
204
249
543
197
156
484
222
148
50
357
31
145
326
257
731
381
16
203
293
181
422
419
84
342
377
222
210
371
297
375
61
318
425
424
548
98
196
117
509
324
119
435
244
289
606
207
296
102
411
379
23
496
356
473
544
32
271
305
171
10
471
450
231
363
607
615
220
88
199
279
707
270
200
653
89
14
228
374
102
250
128
123
444
82
150
172
256
406
350
85
208
216
317
23
499
243
527
473
150
30
245
62
233
425
5
280
465
70
73
16
50
295
113
106
574
138
388
192
13
315
122
162
244
646
220
124
251
134
95
477
4
178
388
397
455
2
577
188
164
234
55
14
194
460
264
453
119
253
22
331
542
317
96
127
355
68
4
121
406
386
21
183
318
102
216
22
131
401
141
394
637
112
531
472
92
176
324
470
62
5
83
109
448
116
490
189
578
230
30
245
356
242
280
489
179
224
183
464
193
44
499
324
155
350
155
475
265
459
250
113
350
82
159
206
257
558
738
205
342
53
11
56
8
544
338
71
561
200
352
112
122
257
107
259
36
4
277
161
530
119
277
364
422
395
314
518
230
99
478
348
289
36
120
29
244
481
169
120
20
294
255
283
418
175
319
270
22
229
462
362
56
214
117
245
262
211
184
453
10
262
518
45
479
20
316
472
252
228
38
203
42
236
242
71
142
24
527
373
362
388
141
305
550
78
296
297
120
544
141
195
384
47
12
21
101
481
316
186
337
388
91
418
356
25
496
90
196
104
206
270
327
526
428
451
22
11
129
118
12
151
86
260
231
202
232
321
282
171
375
143
77
332
232
713
589
154
184
425
126
291
443
426
411
232
141
367
437
332
40
524
511
381
520
486
434
174
281
119
180
243
26
349
259
197
181
118
52
66
640
445
455
15
227
509
108
174
602
82
559
389
41
4
197
365
83
352
7
185
253
75
516
156
6
204
534
2
125
161
170
211
227
313
536
25
527
100
73
319
667
251
47
288
133
293
311
596
178
68
198
310
656
62
270
208
16
418
115
99
174
93
56
598
112
31
66
10
359
139
293
534
117
146
38
47
466
300
207
170
165
370
7
351
71
597
128
6
27
293
477
223
123
254
257
95
323
559
81
181
458
376
256
161
44
7
341
227
519
46
32
478
273
603
512
307
177
8
95
262
320
251
420
641
45
95
189
143
179
328
33
310
174
133
130
424
221
2
234
360
206
395
65
36
26
130
480
290
61
75
70
189
323
292
357
475
79
181
245
120
75
54
65
20
673
19
308
380
318
83
329
152
48
262
375
32
56
28
313
29
100
490
201
5
378
247
517
336
123
29
124
172
142
282
50
126
564
107
326
362
16
291
318
382
238
122
309
533
71
480
292
190
130
24
221
276
268
216
190
117
77
289
287
210
320
64
67
142
11
112
105
350
40
82
457
35
495
93
227
48
230
347
352
21
206
333
520
236
49
179
125
289
734
47
170
233
54
10
255
75
219
324
98
566
272
210
271
176
121
447
663
96
101
406
247
394
281
240
244
158
575
318
6
368
246
542
88
355
25
56
352
293
80
641
104
52
45
262
16
404
508
129
243
187
221
8
333
171
389
407
325
113
355
72
578
358
101
295
57
360
114
92
418
683
244
157
661
605
391
280
28
381
322
377
438
177
350
20
183
49
32
82
153
0
295
470
147
240
138
588
493
470
164
106
292
97
260
462
45
60
155
456
442
212
175
21
85
451
172
237
121
312
361
431
303
337
182
268
123
374
110
316
270
427
144
157
435
353
24
150
301
130
46
363
42
246
245
86
377
276
306
581
361
451
45
66
138
167
471
641
523
66
7
124
280
91
88
565
570
178
117
43
233
75
175
147
422
107
254
172
567
67
22
309
220
93
39
97
290
232
195
142
404
445
371
251
55
60
96
296
221
438
225
295
133
131
404
134
353
117
259
15
189
215
134
397
357
136
404
557
363
450
621
69
205
167
315
220
493
270
59
288
128
127
3
73
382
276
25
169
251
197
19
314
247
26
81
582
143
335
63
609
28
38
81
324
361
141
119
325
270
91
68
221
85
270
606
573
380
23
268
27
64
49
287
164
87
194
224
477
288
43
8
309
32
177
449
424
365
302
24
139
377
31
2
20
212
309
301
199
9
307
285
525
494
14
124
136
665
10
546
138
24
122
61
116
91
-1
307
219
320
15
170
526
164
157
189
145
57
81
93
70
113
126
280
453
192
460
88
161
9
458
-1
206
114
495
68
133
122
37
195
28
122
24
89
380
221
127
438
215
302
276
212
452
168
143
311
469
53
415
303
659
424
474
97
395
414
297
81
114
13
483
55
55
148
54
228
2
137
78
38
292
297
206
341
311
81
582
145
330
484
147
169
147
238
137
48
470
110
433
311
319
219
143
427
415
149
182
290
114
87
61
200
106
118
183
62
186
176
134
686
189
26
74
224
67
36
132
77
19
464
244
281
138
130
490
417
539
536
6
251
432
196
419
28
391
64
291
101
455
396
411
64
355
57
25
101
631
589
341
235
280
314
378
194
83
253
44
79
113
3
176
231
112
535
273
285
481
257
87
256
18
116
54
230
390
170
105
397
473
13
479
268
549
303
419
60
179
461
47
313
262
165
197
352
345
275
427
287
123
225
204
112
32
195
46
539
271
408
88
342
131
129
384
465
107
299
635
224
143
101
176
691
408
111
323
68
351
332
200
442
338
43
4
97
62
420
80
333
251
4
6
238
161
517
508
50
86
79
3
580
430
522
95
206
454
166
92
337
89
7
637
174
158
527
74
289
226
127
266
241
549
372
288
61
373
358
121
210
95
35
392
260
239
459
57
566
388
157
462
404
252
163
187
57
105
385
39
580
186
123
470
162
37
32
546
458
483
33
216
309
424
396
84
123
517
297
170
526
27
144
137
295
140
10
76
361
28
636
220
308
133
177
173
226
133
466
36
492
503
167
138
132
80
602
95
105
337
299
13
126
237
130
324
69
658
378
73
329
361
366
377
384
275
24
15
36
235
67
275
125
73
179
514
483
215
340
232
38
671
469
100
2
359
4
352
43
316
464
248
423
235
33
532
374
170
406
443
239
482
34
408
88
426
212
248
163
48
40
355
177
82
306
209
35
15
243
64
142
320
38
450
163
209
451
443
66
48
354
36
131
585
24
26
388
404
188
110
32
32
24
160
198
667
428
224
340
177
200
212
9
180
159
572
225
343
588
341
153
298
470
160
259
732
75
103
176
32
28
474
204
544
256
255
263
150
257
234
59
258
259
417
663
73
57
245
488
38
361
307
128
99
432
592
211
154
513
507
144
469
296
56
596
122
561
56
159
200
536
592
482
304
145
170
371
17
41
215
228
358
26
103
211
91
155
88
177
18
192
526
685
440
194
278
247
75
130
36
39
371
411
177
495
195
204
390
474
73
358
27
64
3
196
211
42
596
27
174
19
330
106
285
43
596
421
85
115
212
191
219
72
561
390
341
128
253
279
187
278
261
284
461
183
75
260
270
111
236
236
533
381
122
269
42
11
34
215
26
237
344
65
438
91
558
6
304
491
267
515
147
372
605
684
127
78
386
335
181
242
246
562
53
511
57
256
41
48
132
431
397
11
15
163
45
27
453
447
501
379
261
115
311
183
49
193
191
21
245
134
28
332
97
154
273
143
52
10
599
268
42
289
24
523
299
111
479
434
303
151
63
377
266
216
0
334
466
610
185
84
264
213
116
372
38
158
125
245
538
657
243
495
201
209
397
311
187
35
208
208
71
41
540
236
43
618
245
105
288
278
41
252
509
533
-1
94
443
242
247
517
173
143
507
187
74
435
398
41
37
146
50
493
451
358
210
188
93
282
492
572
144
263
410
582
205
193
546
64
555
400
258
410
301
345
332
307
480
84
52
272
74
12
353
279
132
215
622
349
100
205
79
539
87
669
41
162
146
62
12
535
170
130
196
327
150
92
378
118
485
239
606
94
430
268
341
146
318
196
103
299
549
381
180
209
315
326
245
293
45
107
19
94
187
149
297
81
461
615
219
19
11
20
232
335
104
267
116
194
12
727
78
213
257
398
291
209
511
255
109
135
184
33
169
223
539
225
39
601
184
299
469
45
503
161
404
184
203
452
114
217
61
629
366
111
33
446
275
74
116
286
3
170
255
189
302
148
414
185
89
457
357
88
501
530
405
179
554
3
533
332
51
307
322
49
337
357
80
119
10
99
412
35
232
549
229
130
245
549
116
146
92
181
87
365
334
67
584
209
59
408
384
482
96
276
388
218
6
373
139
494
195
74
115
233
234
703
174
296
228
121
415
92
58
151
21
76
7
77
264
450
229
35
126
321
273
28
180
278
164
159
322
393
484
157
476
302
365
242
327
395
352
385
22
318
199
317
105
397
189
586
428
628
178
171
268
124
94
468
232
37
76
149
109
50
280
79
122
422
88
272
45
53
4
512
148
105
123
84
172
71
200
440
121
34
17
115
352
142
436
300
591
141
170
427
452
53
4
295
386
239
169
253
130
224
188
362
149
65
313
140
556
6
171
438
284
-1
87
359
92
397
174
179
464
476
206
297
19
16
17
65
52
374
87
108
98
78
99
247
10
288
429
167
243
345
449
606
331
250
232
296
349
105
52
26
107
699
95
215
124
391
109
248
371
330
237
523
166
156
263
615
212
460
143
127
88
465
621
252
81
199
417
504
288
83
516
534
325
265
239
146
209
66
190
247
266
608
86
67
295
148
41
602
227
133
295
8
488
224
554
78
170
33
57
285
352
487
226
11
311
631
266
388
124
451
189
160
604
53
119
10
251
462
600
28
-1
268
247
225
398
164
507
633
272
471
82
235
98
256
312
55
47
384
70
25
150
422
62
116
429
365
249
28
137
154
121
1
196
484
170
117
199
369
63
122
57
426
153
195
289
344
92
459
163
233
240
229
264
698
469
333
162
290
207
212
93
5
470
48
442
303
232
360
55
299
151
549
93
248
549
101
199
475
437
637
119
251
98
503
605
173
303
516
336
70
188
119
81
362
119
551
105
303
449
316
287
117
438
82
132
453
195
1
476
122
37
197
25
52
223
302
265
541
234
230
64
21
2
359
106
162
77
449
43
61
132
217
198
85
444
6
580
44
56
514
243
157
97
420
462
42
18
89
238
365
287
456
248
55
103
74
190
466
556
127
74
83
343
497
475
325
503
297
337
318
696
332
3
290
181
105
3
63
277
26
502
195
382
137
288
16
85
187
245
312
526
155
421
603
486
161
158
452
115
373
474
33
82
297
154
415
54
11
375
38
150
153
33
283
355
62
182
114
379
214
533
591
4
314
132
67
159
3
81
90
44
272
211
34
454
149
278
54
200
87
390
200
423
47
336
133
82
129
215
146
172
25
388
229
321
98
109
336
233
305
139
107
522
215
115
102
127
202
471
165
272
30
364
476
202
181
173
10
73
70
251
117
304
307
32
399
72
441
357
597
291
55
255
44
25
260
47
31
3
69
485
547
180
358
197
30
235
165
34
152
622
616
651
374
248
218
70
158
32
105
8
158
108
159
278
419
6
84
46
184
350
264
222
241
104
592
228
230
57
328
17
330
277
144
564
30
548
166
60
48
404
79
225
11
335
78
368
271
170
135
53
218
148
72
355
459
74
177
125
364
404
227
482
78
171
377
73
594
162
240
139
110
381
236
324
593
326
151
603
520
194
99
74
102
273
457
47
378
184
552
173
174
404
117
200
575
99
88
459
294
59
420
370
104
526
536
199
250
362
400
511
199
60
14
422
232
35
423
296
137
176
280
94
250
602
439
220
536
488
327
149
90
536
9
422
290
378
186
264
218
634
123
198
505
532
501
230
42
312
102
151
381
656
208
2
159
215
34
482
18
306
235
67
193
296
262
478
434
54
173
236
150
119
75
151
667
369
385
380
271
214
68
197
267
140
313
555
113
263
567
28
407
68
13
241
650
115
254
79
334
143
47
143
469
452
347
303
5
100
4
97
531
23
312
104
111
160
435
8
90
326
403
137
65
460
183
629
243
313
113
570
141
78
57
249
57
529
590
17
401
373
150
577
154
292
283
241
555
225
613
330
602
164
322
19
345
367
186
121
87
530
122
183
221
291
127
226
148
251
247
206
173
61
192
373
8
337
202
6
552
176
359
218
294
350
624
402
156
20
281
441
205
66
112
167
92
146
595
226
43
198
249
175
146
163
50
204
444
609
191
176
406
88
304
536
466
422
8
210
357
132
127
499
202
143
192
386
14
37
519
148
537
473
228
243
344
297
232
513
500
372
504
463
506
8
37
166
276
149
97
582
339
458
558
186
353
24
17
368
192
131
69
245
36
321
342
76
131
278
159
213
412
466
299
168
189
24
475
560
472
11
382
599
466
19
254
414
177
120
298
218
66
103
360
552
531
136
86
429
255
186
273
569
362
11
584
502
224
394
159
107
492
180
175
90
15
74
191
351
28
342
410
64
159
208
13
197
13
444
316
42
411
430
63
433
390
61
348
146
311
203
299
112
107
106
197
265
95
531
255
134
53
29
210
535
140
197
314
318
525
29
69
394
320
129
517
249
20
348
308
334
158
266
320
153
250
103
163
350
388
141
290
381
132
10
159
149
133
390
540
253
243
219
157
21
302
487
413
317
219
62
604
14
185
251
37
197
307
95
216
371
249
11
147
564
54
417
38
216
559
176
377
239
97
258
234
285
113
93
355
317
453
140
343
199
40
187
30
202
439
96
368
148
28
302
61
192
474
344
200
195
105
240
306
115
569
412
210
254
202
568
651
82
64
189
331
210
74
434
41
26
280
324
174
270
29
65
147
179
640
391
291
297
82
368
192
39
380
99
604
140
516
422
573
285
207
106
92
536
326
195
271
540
1
454
572
336
16
363
111
237
210
223
368
607
90
517
129
587
227
102
163
366
179
146
98
37
280
174
157
74
93
9
184
395
26
23
284
132
103
83
226
203
138
8
378
147
208
324
63
233
118
428
449
124
293
391
330
320
219
271
132
13
240
50
90
562
2
528
519
17
654
241
84
136
1
125
650
271
201
466
126
32
31
100
50
343
296
69
179
80
31
31
403
306
678
95
199
391
140
30
183
159
147
31
612
340
264
127
299
79
292
249
246
358
331
127
769
601
550
130
121
51
240
105
11
517
172
347
147
159
188
637
450
255
11
566
85
236
384
54
205
400
374
263
348
81
510
231
54
64
54
591
540
259
565
61
148
114
261
326
28
68
627
56
182
132
110
32
522
661
527
543
14
631
92
55
142
432
518
310
221
150
452
120
329
307
506
42
212
70
277
21
166
480
428
203
320
529
206
245
163
450
652
487
111
113
31
474
396
676
335
355
429
152
35
202
91
307
598
480
189
238
144
291
365
172
221
471
238
406
14
422
321
55
83
171
53
100
525
217
161
122
129
102
537
125
266
434
68
688
544
240
62
105
249
103
287
481
116
646
467
5
288
133
657
407
247
339
457
245
187
337
317
23
200
422
56
108
366
366
6
368
334
163
653
234
179
275
345
150
35
444
174
313
4
81
78
598
108
326
230
91
92
65
165
40
155
233
200
207
450
141
100
25
444
102
179
414
238
610
52
72
335
18
316
153
12
251
542
56
124
59
75
463
417
3
230
177
428
574
31
353
197
8
639
442
310
440
503
436
238
45
20
107
50
65
234
10
206
89
389
229
535
312
4
131
213
98
77
678
480
415
340
32
86
35
404
204
97
207
565
78
5
323
31
70
27
327
77
602
308
242
174
142
29
413
117
277
329
578
345
529
20
106
300
4
30
174
255
318
48
214
252
40
242
479
348
261
134
286
16
607
125
45
339
9
597
108
378
69
382
21
464
221
21
344
80
224
202
78
11
108
511
241
51
104
122
211
58
235
182
567
17
299
342
87
92
499
309
179
74
112
32
563
80
108
133
91
171
62
67
19
526
54
530
100
327
532
48
41
536
211
96
368
343
636
325
369
222
313
318
163
22
22
176
466
195
482
128
448
277
41
26
460
157
154
502
17
20
347
206
36
45
267
297
50
508
296
321
318
8
153
288
456
13
37
153
138
73
394
498
239
628
171
12
52
229
37
119
184
218
20
247
470
186
180
259
7
384
17
383
251
142
364
490
654
517
185
587
359
119
28
277
679
427
200
184
227
433
361
301
519
370
237
93
298
73
100
186
33
5
293
350
65
193
150
127
34
530
453
460
499
91
461
301
372
20
449
457
75
212
31
433
230
110
442
353
50
268
533
31
72
42
313
630
199
214
72
297
404
168
345
203
92
438
666
549
336
370
317
454
112
228
7
33
449
360
405
204
4
193
137
530
61
373
186
305
131
253
509
415
360
95
552
83
168
110
284
27
283
433
201
325
303
221
114
106
471
273
73
594
417
120
157
314
248
369
32
303
124
41
204
401
417
35
176
363
146
243
18
166
187
27
179
323
167
306
553
374
335
220
162
69
121
80
315
513
187
8
399
21
313
242
534
200
149
184
511
253
70
70
206
232
573
609
8
123
394
91
338
447
83
257
503
8
207
291
217
520
404
619
53
578
524
148
110
129
477
144
150
523
464
198
212
383
158
31
522
475
217
197
58
332
437
274
190
300
42
84
84
233
25
293
62
55
227
165
193
116
369
66
65
193
425
257
352
13
280
30
275
175
209
207
428
325
26
495
84
110
122
431
455
447
70
316
276
208
290
13
291
48
447
289
265
101
688
127
176
315
356
467
55
408
107
392
92
203
163
258
272
376
94
67
357
150
248
247
213
457
223
456
141
415
272
93
110
218
59
50
421
338
457
32
459
100
341
206
260
475
213
34
151
144
224
366
5
348
375
226
709
651
164
356
429
286
42
48
240
180
419
272
390
34
560
274
36
603
100
154
637
538
259
143
589
489
410
95
397
539
68
31
71
398
305
341
129
92
173
26
353
122
306
40
402
425
150
84
87
317
261
55
277
543
441
273
108
320
76
68
370
68
132
491
195
45
301
122
226
222
18
272
104
152
537
102
56
251
176
116
240
114
391
153
115
293
360
263
162
168
43
258
181
25
192
244
237
49
602
158
479
176
86
93
207
385
180
317
254
24
601
410
367
281
245
182
463
46
271
465
203
183
50
103
23
15
390
168
29
74
60
14
22
301
307
581
281
175
335
403
194
575
371
409
410
565
119
197
391
210
16
41
193
43
155
109
30
423
78
297
301
513
74
138
61
322
48
383
92
146
170
1
33
28
190
153
82
352
142
444
171
135
202
40
55
345
483
117
94
145
93
79
192
317
391
539
8
218
148
484
683
387
149
162
269
30
1
224
557
147
184
556
130
20
382
348
148
91
539
409
215
115
347
157
425
63
229
111
135
373
33
575
444
112
152
64
540
468
370
448
256
62
543
431
30
416
15
371
368
26
173
315
217
649
589
44
112
42
324
509
110
375
151
121
411
23
390
102
207
500
25
77
325
217
242
232
135
129
14
56
35
53
60
621
474
172
666
163
317
452
413
232
328
4
252
253
499
14
324
238
147
8
173
555
421
85
288
308
356
79
433
320
101
156
254
49
329
77
286
421
296
224
11
97
227
208
300
299
16
261
186
111
30
212
109
127
163
83
531
297
505
96
92
614
5
325
487
523
379
210
297
646
133
199
88
156
222
197
61
149
80
40
58
246
142
594
358
41
62
523
215
171
212
492
489
34
197
120
184
726
388
435
164
7
383
29
313
348
192
67
169
51
200
512
71
562
192
81
322
128
145
304
44
59
132
42
127
268
103
421
29
40
342
290
517
467
232
25
154
105
200
56
502
218
108
16
196
250
89
164
194
62
37
404
310
392
122
207
137
466
231
278
370
163
173
21
58
7
568
117
220
405
377
281
98
419
68
234
214
39
104
227
422
124
188
139
522
403
397
188
272
51
482
147
13
271
413
302
143
82
241
568
288
300
239
412
199
303
47
142
346
56
254
163
110
138
470
364
90
154
11
593
435
268
234
291
3
137
466
524
107
129
210
34
153
5
447
39
81
162
345
451
128
113
33
196
416
102
282
560
154
457
95
103
58
43
192
152
220
96
314
35
523
17
263
419
190
74
97
568
267
338
324
444
259
431
265
520
227
245
276
376
590
190
264
24
159
127
85
226
172
124
508
302
194
22
297
100
428
419
315
579
89
304
323
5
56
220
137
223
184
80
28
37
544
244
290
303
417
262
100
406
342
542
11
421
475
384
285
166
18
38
341
441
241
361
316
371
33
477
338
38
32
439
346
424
148
98
572
97
323
170
29
94
288
18
398
244
203
641
302
632
204
39
179
488
266
340
308
225
146
464
62
169
363
193
183
205
143
95
29
233
346
52
158
301
214
141
136
81
169
347
31
152
424
72
279
377
164
443
184
195
95
508
389
433
428
22
36
53
81
455
320
171
535
98
15
124
232
250
86
118
275
538
632
81
245
726
515
28
94
150
378
587
259
495
210
354
246
138
374
59
122
395
21
143
206
200
149
551
12
152
79
123
154
453
320
348
397
195
612
632
292
86
148
148
167
14
17
633
420
71
523
241
252
187
527
498
411
391
230
71
390
7
201
176
611
509
23
76
16
143
422
411
465
445
96
176
31
124
69
251
167
17
338
224
113
289
410
409
374
260
160
280
558
236
190
599
34
564
134
54
129
143
137
204
106
248
193
380
551
393
500
80
440
149
417
73
286
383
165
145
245
191
155
549
632
122
271
324
142
285
22
298
370
165
310
215
508
401
170
304
415
93
38
451
292
324
82
173
210
317
467
283
353
106
318
301
129
544
17
143
40
58
357
264
43
473
106
482
562
206
548
283
342
75
61
273
350
400
283
49
449
309
24
391
542
326
702
587
400
311
329
322
191
124
17
292
194
82
37
27
699
350
401
340
418
92
227
439
178
117
53
159
415
598
193
41
311
350
113
341
195
361
118
61
71
147
13
81
153
31
310
167
38
403
106
130
172
74
246
247
99
395
81
535
242
3
195
154
73
166
300
376
69
189
272
38
552
109
27
394
26
283
9
374
367
41
444
154
387
142
18
300
368
251
156
664
648
181
317
191
557
234
371
157
44
43
310
578
458
8
344
353
175
138
462
497
50
610
243
199
243
225
14
250
208
146
125
120
220
187
200
289
558
99
413
266
186
87
185
4
274
13
58
177
115
388
123
479
72
227
150
358
180
237
516
0
341
466
12
455
238
601
19
48
516
49
452
116
95
61
49
341
301
127
102
7
146
562
146
134
30
128
400
224
10
121
227
374
150
493
171
136
36
526
355
67
291
654
306
93
532
146
92
195
59
34
223
37
372
357
82
380
112
30
200
412
278
163
20
311
154
431
470
8
24
80
381
131
341
362
304
111
47
54
212
439
144
288
109
333
173
253
263
107
238
49
630
462
110
32
315
86
566
206
343
545
117
183
152
224
376
412
226
83
84
42
362
384
587
30
372
458
480
610
511
211
18
5
290
427
227
147
100
310
299
370
513
320
319
564
337
148
27
571
350
450
214
272
76
243
244
439
182
344
113
176
392
25
465
80
389
312
127
48
59
4
501
609
3
168
67
433
522
632
403
16
329
283
218
90
247
22
363
277
391
223
286
342
335
172
2
82
675
182
183
55
58
57
314
315
497
18
83
170
80
512
96
219
575
29
22
172
314
52
354
118
383
279
258
131
370
368
76
38
412
232
385
412
139
483
510
255
214
8
553
543
177
88
104
534
48
33
51
69
82
81
179
402
89
292
514
165
19
89
128
194
520
430
26
125
622
378
84
250
367
232
106
138
342
626
44
126
167
88
391
74
75
63
43
343
347
600
365
364
596
652
73
497
485
222
42
526
372
340
460
28
139
178
455
69
207
25
429
130
220
351
113
89
667
593
22
410
266
39
108
128
190
363
58
417
111
179
91
205
205
482
327
478
142
410
445
51
20
26
319
584
416
75
40
93
223
423
5
432
302
69
153
119
389
254
107
159
427
263
12
215
30
40
64
340
448
115
240
213
454
120
29
205
181
299
531
157
42
152
15
163
414
67
87
579
657
40
57
520
13
357
206
21
22
82
639
229
709
174
451
689
