10000
592 4300
3355 2672
3784 2611
889 1954
3034 920
2107 1255
1142 2270
4804 4764
43 2964
2741 3164
1478 3213
3157 3028
750 3936
3798 3039
1244 1280
923 4955
608 2339
2997 4498
3260 2969
3372 961
4575 1399
1274 552
4860 2749
3199 4608
4744 3352
1605 1144
4685 4178
717 982
2366 2111
1060 1574
3443 2538
2117 1675
2439 1964
2737 2310
1869 362
2806 1890
1151 1040
558 4003
4072 3799
28 236
4298 1498
1043 3458
4910 3702
2916 3281
3334 3141
2444 3701
823 204
285 1752
389 591
2429 1074
749 3957
624 4717
4385 1601
2096 2830
1797 471
4904 3403
902 2592
1495 4490
4755 1926
704 3054
1800 1346
95 2156
849 3045
919 1887
2204 4147
3543 3154
3505 1214
2364 3272
3060 1966
4952 860
2990 756
4977 2056
3547 1697
2494 713
4678 4918
2446 4858
4074 4755
2799 4530
4406 4792
3317 4811
1110 1296
1888 1850
2199 733
3466 753
3082 2626
3884 2254
4327 942
2918 410
3059 3633
142 2760
4433 4585
2754 3729
2334 2881
3502 2830
4863 4311
812 2207
309 1784
2614 2765
2819 1835
2597 997
1180 757
3495 1437
4971 53
1537 3818
1424 4173
4726 452
4528 2590
4554 288
1329 4727
2044 3531
4992 150
1685 3862
135 2401
4031 1370
4750 945
4628 2049
1453 822
3964 2132
3781 809
3325 1460
2726 4502
383 3684
8 2951
816 858
4223 4555
262 313
3058 1920
2302 558
1970 1661
2829 591
1406 3166
4794 3370
3057 987
1535 2114
3974 3041
3134 858
48 209
3876 4925
4836 4391
627 3152
1750 3945
2222 4717
1612 4054
1764 811
1958 554
131 4556
1982 630
404 4979
2865 2053
807 1954
4567 558
3508 2852
2190 3657
2606 3988
4565 2734
4354 1188
1107 1228
4947 2860
4216 3541
111 1758
11 4333
725 4027
4607 1088
2437 4234
2894 4829
4220 150
4802 3867
2570 4436
2693 1285
2410 2363
4309 4173
3966 2763
3935 2396
2249 2347
4080 4773
1741 1805
1448 3451
1446 4796
4476 4107
3992 3159
1237 3932
3040 2627
3691 4085
909 936
91 3573
4134 1131
4802 3943
4723 821
3441 4567
4944 3957
4267 4047
3795 566
629 2537
4984 1989
4930 967
498 1775
4649 3557
889 3684
2088 4075
1333 1048
4429 3502
1091 2927
2141 3503
802 3130
916 2512
287 968
3326 3469
1355 2099
2660 1722
2332 4012
1725 2307
4061 1918
120 414
4135 2543
960 3267
2653 4470
2834 1089
3121 1365
1960 4153
4897 3284
3907 4025
2923 2279
3490 2736
2338 489
1184 3046
1801 2256
2187 3335
3746 2393
4750 1622
1208 2440
3025 2301
2200 823
571 2857
2907 4482
449 2934
3892 2316
925 3662
3822 4269
1623 1089
1864 3677
320 4695
3495 389
1661 2493
2420 2564
394 598
3859 3145
1321 226
3680 458
1013 4247
4287 1769
2287 4042
3237 873
4195 1519
3442 4212
702 2197
3953 3012
1686 3290
501 1814
4861 374
732 3316
985 425
2598 2197
1239 4732
3549 808
3590 1925
1520 2269
322 792
1831 29
1313 2600
387 3536
2734 2942
2265 2940
4611 4740
1169 516
4151 4151
898 3779
3745 2910
2354 3362
427 3051
3933 2917
44 107
3596 4836
2891 3899
1726 4838
3461 4505
2174 3567
1653 483
2970 3711
3354 4171
1891 2447
2860 52
4786 4711
1576 2639
3154 4596
602 328
938 3664
3767 4788
4134 4455
2315 4904
3284 3449
951 4898
2126 2727
2294 3205
4222 221
1144 2852
1813 233
72 2151
3640 1157
3306 2229
4853 3435
1677 3348
1270 3510
3989 2332
3020 2280
3869 2690
3409 484
1136 1980
4155 1463
4722 4884
1719 1721
4867 4095
53 2023
2596 2829
781 1475
593 3195
1072 2285
1365 862
4022 2556
595 4544
3616 4617
1277 4433
3164 2181
3146 3418
4246 1398
2893 3774
2567 4917
1996 2828
2324 3615
4864 4247
53 1041
713 2288
2202 2907
1736 3161
2964 4059
1045 2152
1210 3404
3609 107
3112 457
1924 3142
368 3078
3976 1561
2076 4054
3206 4869
1103 2171
3681 2178
3769 936
3059 4209
616 4133
3240 4729
1828 1777
1625 4754
2009 1518
443 2711
3153 154
4944 4623
35 1777
4610 4731
4771 3823
1718 1972
2130 4674
3896 3175
3280 3960
972 3061
4463 3058
1414 3273
123 3130
4354 4243
3108 163
4102 2159
1781 1162
4019 123
362 1503
3673 435
4756 2035
251 520
4809 4360
2408 1538
1124 1430
2809 94
3388 2527
4175 2310
655 1971
3521 2823
3899 371
1855 4606
3129 2688
107 4541
524 2896
470 4409
2474 4693
1709 3445
876 2382
1127 4573
817 3196
3260 821
3226 2380
4365 3473
515 4810
58 985
2528 2920
4930 4599
2835 650
425 1034
4237 1615
872 3528
1785 4652
648 3370
4789 4010
2234 2556
4444 3300
655 3357
496 921
3237 1011
1618 198
1482 2218
1475 3244
861 1986
3991 2139
2636 281
4005 590
2456 3236
1684 75
162 3023
1643 19
838 3439
2035 1588
4616 1623
2410 1893
3241 3900
3289 4524
1299 405
3208 731
1941 2841
2734 3782
3826 4940
2350 1596
1333 3189
676 4979
3277 1056
239 696
1204 2515
1771 1586
1955 2964
192 365
4496 418
2434 4657
186 522
2560 2008
745 2625
4371 2947
4330 2130
2752 3404
1157 1564
4066 2643
1400 4275
3967 2235
4377 4568
3315 3288
3474 2251
1142 4472
2975 2208
72 2356
83 570
3420 163
1195 3303
985 4528
4637 4427
1453 211
4405 700
1474 66
4452 911
434 2531
4985 1125
4227 3619
2555 4365
51 1414
3361 2470
3428 3954
2008 209
3816 90
1235 3946
1904 883
715 3710
2208 4927
4939 1781
1419 3796
723 2478
1799 1515
2648 391
4288 456
3223 834
3003 290
171 4172
4835 4337
684 1467
2223 1009
2223 2894
1072 1175
2093 2233
1960 3640
3827 876
3103 3775
2569 1277
2928 3008
1744 354
4070 3963
1676 912
1418 2822
1069 3494
2964 1530
184 1232
2538 3825
3996 2171
1053 383
31 2128
627 834
2622 4317
4455 1115
3327 504
4775 4572
1079 791
604 2218
2985 3288
1750 31
2534 3631
4361 881
3769 4723
480 3369
2286 1374
4672 2809
1587 4584
4549 646
4825 3642
4241 1062
3730 2182
4561 1714
870 3622
4955 2015
879 4154
2406 3602
2382 1157
2397 1068
900 754
2324 864
4866 4919
3467 1870
4753 4214
169 2931
4422 2805
4094 1740
738 2889
1454 3132
2967 3796
3832 168
4092 4530
3695 3498
1428 3966
3372 4939
4414 4574
446 1577
3297 436
1542 993
4849 627
3203 3100
2318 3021
3375 4144
3356 4283
2535 86
490 4994
691 3347
715 619
4538 4350
356 4029
3244 4730
3813 805
3060 140
4756 1937
503 1942
888 1401
635 4727
3688 4440
2822 657
4177 2472
3786 1419
2634 534
18 3696
1902 4764
2923 2051
2199 1053
828 1790
1603 2437
1613 4940
3818 845
2241 2041
4661 1240
4975 1199
2757 4925
1656 170
4509 4860
4606 727
897 2532
3710 858
1577 540
3192 3701
4665 4442
2208 286
4496 4100
1182 3757
3321 804
3160 1405
1839 2172
3612 1463
1654 3598
549 2493
4697 2077
2503 2597
3451 3259
2819 1150
630 1543
1785 2685
4856 3936
2890 4960
4247 785
4227 3240
4623 4714
4668 4098
249 2778
4721 3062
3843 3134
3782 110
1426 2852
2460 1138
142 4667
2725 1673
3938 2714
1989 979
587 4053
1206 4726
174 3767
1016 654
4963 3672
4268 770
1419 110
749 3357
1998 1527
1659 4880
2726 232
565 4586
4472 235
2595 1585
2596 4385
1371 2254
1199 2279
4971 440
1383 2977
4757 4338
2956 1168
2272 3815
4584 122
1120 1708
4822 3977
1859 1496
3214 2391
459 3222
635 3506
985 467
81 2662
4969 1165
3393 902
4353 2610
4041 3160
3965 1429
2620 379
2932 186
2415 4870
479 4338
3475 354
3624 4267
1013 343
2976 1757
3512 2724
382 169
831 4713
582 4863
2246 4387
266 3304
384 4481
3990 3963
2472 885
2137 1387
2722 4021
800 4246
2552 3378
688 1236
3911 1702
1713 726
4404 4384
2150 1822
3067 2302
4507 1311
2653 3768
1807 1870
329 4197
4433 2677
531 4228
2628 920
3255 4482
4401 1389
109 879
553 3558
1339 4560
3724 1839
1497 2332
3871 3998
2645 1753
1591 3696
725 4373
2046 26
1656 3674
3802 2571
2466 1148
4536 3718
4371 2187
3613 643
1049 2040
4896 2597
2666 3589
3356 1287
2675 450
1200 452
258 838
1313 1566
4081 3786
4530 2271
1474 3170
4422 385
1584 3541
4559 2629
1298 3311
1205 4419
185 4705
212 1393
81 974
2020 1565
3485 978
2531 3268
627 1228
560 1548
3557 1344
933 2457
1128 234
2956 1830
3251 559
4209 2301
2035 3393
419 699
1428 2367
1147 3429
478 4421
585 2406
3737 3565
4233 2973
3323 2443
1771 4905
4926 4337
3886 567
4543 3584
4660 3629
4902 2629
881 1585
38 3814
3201 210
1355 4938
479 4174
399 664
4099 902
4260 4993
3454 3032
958 1729
3712 2280
4760 175
3548 2511
4338 2032
665 3429
4919 4014
1713 691
590 2446
3522 80
737 498
1438 1133
1115 366
4027 3704
13 4681
3318 4479
2914 3933
4883 4942
1113 378
566 1186
3940 2816
4258 4552
4238 3903
3118 430
3646 3979
72 1150
1036 1678
4764 1828
1631 2798
3167 2736
989 674
1867 3968
4374 1945
3960 3844
2565 4057
686 3214
3015 135
3463 3232
2346 2864
3168 858
3853 688
1036 1170
1092 1433
40 233
3181 2355
4423 2608
4656 1280
1418 25
2203 953
2968 4790
123 2114
3652 4575
1591 4910
2703 1378
2410 160
3580 4124
1549 2923
4209 4371
4554 4148
348 4320
1614 670
4065 5
176 4328
4693 122
1914 832
2715 451
573 4934
800 1840
3494 3032
1856 4559
4099 3155
2399 2257
3461 3023
1363 182
1678 3586
1856 4662
1354 1724
4842 2677
125 4312
1486 3614
566 92
890 101
1922 517
782 3136
2771 237
3544 2049
4556 68
1064 1609
2596 3174
1892 406
3137 2509
2815 4381
125 2366
1337 2496
2343 1563
3129 4368
3871 2576
1704 1221
2587 425
979 782
2027 4521
1572 3025
3177 3784
2570 3187
142 1884
38 1533
239 4574
2375 4984
2121 3077
2424 4462
3804 2945
4846 1825
3669 302
3424 4039
1257 418
4654 277
4663 4623
2576 3148
453 2690
4087 178
750 3103
459 1710
924 1313
4857 4460
1878 2204
1432 802
1211 269
2396 475
4577 3244
410 324
3026 2471
259 4184
2823 4225
1085 1754
1009 3099
2735 4080
4285 4123
3372 3334
1775 4819
4195 3427
4086 3840
695 1263
2176 2682
4332 1771
1104 4845
691 1422
3965 4453
4436 834
4957 4914
3950 1993
3082 1161
1181 4135
4859 1276
4061 3087
3654 4532
27 581
3642 3680
1037 155
4710 2151
1879 919
2871 1910
331 4232
2165 3722
1829 1448
4861 3844
1997 1883
2842 4319
2220 2845
1991 1680
2888 306
3655 4569
1257 25
3828 2999
385 2984
1661 2051
89 3555
2326 1209
3133 786
20 190
3829 2676
4009 2601
1911 4679
2336 2279
600 4150
1522 3009
4252 4856
4240 2722
2895 3954
2672 2644
1235 2320
2835 1346
2274 1033
3985 1746
698 687
1015 3956
4298 1737
4077 3408
2816 2585
3750 2363
4203 1908
2087 330
3526 2577
2173 1982
4832 4542
939 4092
1673 2339
1183 177
2720 3449
4877 1079
923 4945
2739 4908
1335 82
1580 3755
4789 1053
4494 1374
1014 6
988 4953
1941 3819
3675 864
534 3762
4593 3735
3038 2267
2523 1201
1470 3391
3859 958
4234 4062
118 206
4975 4339
1880 584
3418 1369
4199 4762
4461 3926
1888 4778
4900 3661
3531 4100
189 2816
195 4538
1797 4193
2529 4185
545 4234
3369 4251
4509 4043
1967 489
902 3383
453 1962
4957 149
1751 4683
2477 2103
4930 2690
284 4004
3178 4185
4782 1641
3946 979
762 469
1842 2215
1785 4830
3703 4345
2857 3810
797 2796
372 1996
2598 258
137 764
584 2887
523 66
1787 3103
3040 2538
3441 4535
3345 3518
324 64
4908 2421
1249 202
3396 4740
4022 45
4359 1142
2441 1851
2963 3737
2334 739
3480 1916
2705 764
2020 967
1824 90
829 944
1457 2403
4016 1685
4803 4455
1281 1103
1995 2824
3289 1317
3864 2364
3236 2002
2589 1082
4079 3160
1975 1206
3207 2922
932 2146
2979 943
1612 2039
3914 1239
3217 1720
3283 3739
1542 2062
721 3440
2547 2218
4044 2860
2089 21
3904 81
1897 4453
4450 4710
989 2375
2212 2866
1815 605
4759 2418
612 152
4015 2535
3427 1345
51 3585
3833 3514
1534 2674
4785 2055
80 2883
3876 1127
1303 505
186 3695
3960 4027
342 3356
591 2638
4318 216
4956 1942
1161 3251
3663 2041
2966 274
1500 2077
1773 120
1578 3813
2653 493
1046 1555
1970 4671
1647 33
3196 203
1612 2002
592 4363
3420 4293
154 875
1961 2192
4002 20
1828 1287
3067 4053
4293 3383
1524 3635
3042 1205
1836 3991
2323 850
3228 814
636 1758
585 3136
4094 4240
1401 1958
2237 434
2195 2463
1189 275
1186 4893
4009 2807
3587 1910
3891 4403
80 810
1674 4475
4702 3264
100 1437
73 140
573 1118
2867 4951
1229 2795
4281 3241
2568 3395
4492 171
436 50
2716 2828
312 1682
3601 3035
1492 1655
2195 4959
3555 986
410 1743
840 3386
1955 4682
2442 4850
3184 1963
439 1203
4185 1096
3046 3684
3336 4575
3482 1402
3986 3210
4312 174
567 4802
4147 4270
3964 2871
2664 2591
3166 275
1102 1464
1383 662
981 1241
2763 972
418 1350
2843 4338
4502 3795
3179 4552
3599 2984
4068 418
4436 2350
654 4204
3567 2917
2514 4523
4208 3243
1278 16
1179 2053
2754 1706
3213 716
1422 448
803 2850
3939 4564
1479 1307
4185 4220
3522 2411
693 2278
1940 1774
214 1450
3565 1948
1212 2597
320 1960
332 3084
4340 4538
3003 4983
4386 1259
2395 4672
1227 3441
4862 258
1451 2512
3394 4990
1634 2616
3681 2447
2872 4573
3534 4056
3965 4450
1574 2856
1856 4526
868 1817
2348 37
1890 653
183 3337
31 1553
2212 282
1650 4048
2396 4753
516 4207
372 4383
1503 878
4017 1296
3500 3420
2508 1506
2768 4469
2783 1821
1170 628
1445 182
835 312
212 327
2435 2860
604 3901
901 320
1423 2640
1635 762
538 984
2994 4697
1963 1398
3080 344
4774 4357
3522 3707
1916 4981
3358 2982
4604 1224
2982 1377
3542 4056
1902 3915
3910 803
2390 2899
1498 1368
4282 2245
3344 4731
914 4229
4252 2960
2243 4193
349 2507
416 1970
1328 1459
1294 1716
754 4259
858 3212
2541 850
3215 2481
1309 1599
3221 1126
3172 3905
3720 4692
3491 4915
4409 4189
4370 1755
1720 3467
4420 2099
3566 2811
556 1242
3021 749
1366 3824
1332 3211
3705 4072
125 526
2631 1878
2512 2107
870 2834
21 1373
263 2839
1547 1354
1455 1576
1888 761
1700 4124
491 3988
4916 3514
2874 1388
2493 79
2441 4604
4387 3957
4747 2868
2095 311
4783 3138
1889 758
3958 2972
4310 2455
1921 3464
1921 4407
4683 977
3100 3167
3852 777
4313 2087
4941 3214
1698 627
503 4275
731 1006
2696 4057
1930 625
64 3111
615 3409
3346 4907
523 406
4400 2957
3284 1386
3722 2307
3167 2501
3638 1741
133 47
2039 3480
87 3732
3132 3407
1812 707
590 4227
3008 2009
2045 3622
2392 4914
4340 3618
1549 1973
1677 3942
1080 4702
3684 2057
337 2221
3271 2070
1103 3462
2076 1683
3326 1990
4804 1754
4931 2023
1393 1278
4684 3688
1979 1837
278 3826
3387 1503
165 632
1328 806
2066 1264
3301 2619
1925 1879
3097 1280
2827 4100
3779 2809
4121 4667
4534 2696
3521 3104
4028 1118
2894 3975
4048 158
395 4135
1891 435
595 3799
2820 1505
4937 4544
3014 1619
2980 3242
1613 1804
4895 671
1612 1544
2571 406
290 4358
778 330
3068 3427
2299 1404
51 2392
4239 2278
67 1109
3911 216
2839 3928
278 927
3356 3284
3858 16
2086 4773
2198 2808
520 318
378 3521
280 1890
577 3493
2794 2702
2282 4601
1388 1218
3486 3525
3612 1647
2329 2051
500 2610
2929 693
567 3407
4598 4140
2302 1191
2117 1159
730 2681
213 550
632 4599
1522 4783
2758 3714
2513 2830
3202 4540
3183 2101
270 3484
3499 3593
708 49
347 1384
747 179
284 2920
2711 3169
170 4763
3584 4223
227 26
4267 1677
4312 1746
2368 4352
481 2376
4559 2221
2269 749
1767 1551
3121 4491
2397 3033
4744 2702
903 2232
2573 7
1415 526
347 2746
2064 1179
2826 3888
1724 101
3979 2547
1178 3110
2249 3894
1899 3099
3841 4954
4406 3726
4443 4710
111 1166
4012 4730
1132 3057
1230 4795
2065 4042
2136 4945
611 2046
2603 4184
1908 1475
4879 3338
4390 2100
1050 1267
4624 749
712 4031
4896 3405
1505 3646
4449 2197
3085 4176
466 3716
3610 1129
3238 84
1053 1189
899 2845
88 2093
1218 2804
836 3822
3512 2951
3980 1086
3874 628
2887 2861
2046 2944
2309 4293
2906 676
3372 1582
3039 3848
1610 3653
3567 2283
2913 3665
349 4474
2285 197
2399 3137
898 4076
4808 3947
216 1087
403 3603
3403 1654
120 403
550 4681
398 298
3178 4886
616 4927
458 3229
1166 4271
2110 94
4722 1018
4927 1197
3121 3299
3685 3124
4271 4027
2594 3711
4000 3816
718 1318
2781 835
2133 4341
225 2109
2658 847
1057 3131
845 1071
981 3352
628 4888
1560 3603
668 591
4227 1377
560 202
198 1688
4332 2301
4603 569
4400 2655
684 4456
1569 4763
4962 1466
4836 3942
2300 2817
3775 3057
2845 537
4142 1545
1342 369
1716 2445
2990 3527
938 4018
533 3083
1718 4301
859 2962
1847 2145
1531 3209
4608 2209
4434 290
2423 662
2703 794
1695 1865
1972 3574
3464 142
2593 3762
2982 3267
842 2869
908 2983
1048 4946
1716 270
4912 2556
1614 4945
2734 138
3425 1724
4263 3113
2680 2936
4477 1896
419 2283
4840 2117
1099 2072
3483 2288
4564 4960
373 898
4873 1329
709 616
742 1447
3679 1673
1960 1437
1328 2397
3745 312
3573 2682
2290 1871
1950 1351
1079 2023
3998 2642
3504 1330
4034 66
4345 4892
276 2387
4810 3153
3949 2984
806 4990
2330 1249
4467 2437
3748 1649
601 4954
1382 1785
1837 479
277 1626
1151 3987
4735 1041
4509 4449
207 4576
3040 2224
728 648
4603 1105
4500 2193
3403 4905
3335 2041
131 523
4039 2113
794 4519
4352 1983
1957 2701
3396 2361
4644 2493
4819 2447
4231 633
3341 2647
1285 2485
806 2463
1947 2970
1180 174
469 1169
3356 730
3841 4315
4765 834
2600 3768
1098 3428
2349 1935
3467 4443
1942 3826
1484 1887
3756 4935
1349 3226
3241 4817
1026 3806
2277 4154
4894 403
3580 2631
1143 3502
101 4975
1455 4852
4011 4776
2094 1994
1401 576
3780 3105
4272 2324
779 4325
425 3691
4829 4458
246 2895
957 1440
3522 909
2220 890
4639 1318
4559 2177
205 143
29 3174
2585 2118
1306 1253
4375 4408
3815 3652
3855 3865
3074 3002
3120 694
4997 2368
1655 1040
3307 2404
843 3705
3032 1430
3366 3140
2463 4876
605 3868
503 1389
4702 3672
1436 3794
1424 3617
326 915
4163 1605
77 2753
3839 4707
449 2657
1456 4104
3982 2298
3888 23
2942 1631
4472 4205
4753 2437
3712 3767
4904 80
567 977
945 4933
2073 4537
1290 3017
2994 2937
3559 2355
4338 4126
3269 4039
4599 260
466 515
1387 38
2525 3221
4388 4709
356 1732
2658 3762
643 4932
3044 2392
4276 709
2137 338
2518 1243
996 537
124 1204
3799 652
3088 4122
1730 4772
570 34
4297 992
760 3503
4167 3224
3092 1197
1159 1414
582 691
487 642
2385 503
2749 1394
55 4808
4310 3754
1715 2637
97 2633
1261 4135
3577 3357
2711 2958
1241 3280
1999 1858
3936 3251
3994 2208
3800 3621
4813 3390
1917 1575
2695 2177
3358 4471
3384 1717
4499 955
304 1671
2215 2700
1987 4198
2685 2736
1931 1875
2745 2163
2818 479
4776 642
2850 3006
3964 2150
3482 3353
1765 4861
1575 2909
4081 1696
3639 1118
881 4080
229 1685
3857 1075
520 1980
2358 4457
3034 2366
561 4213
1704 732
4593 4669
2560 2838
4203 3479
1258 605
4097 3990
2032 2005
1013 3593
985 2504
4879 1449
4126 1611
2012 2080
3978 520
4673 4530
3854 316
3597 2220
60 593
2176 4921
3783 1194
730 187
3341 1525
3052 1632
488 3612
4652 1284
57 1465
2383 436
837 2688
319 2497
3834 3661
3589 3199
2081 4645
3626 680
4351 2385
4127 2593
2069 2871
105 3536
467 2750
4954 1492
3769 707
1615 4863
3217 4739
2528 2645
328 2058
1945 1281
4279 2895
4747 3085
1963 2206
1660 233
3160 4697
4345 2180
1487 1325
122 4780
4142 901
3221 3917
2888 1468
4835 2759
3856 1804
3305 1758
3358 1548
4682 2986
1258 3873
2012 934
4325 3025
2841 2637
2771 2237
1645 2441
556 1236
1537 4510
1676 3739
2324 3876
2011 3979
4224 1553
3037 2451
4039 4491
1792 3085
1858 2652
1062 2682
4819 4490
4798 4882
3755 375
435 1096
4110 3561
778 71
4795 3993
4426 2002
3467 4570
4309 3060
1229 2202
1210 1942
1407 1730
70 1134
2253 93
2488 1381
3455 4752
1771 1565
85 2816
1646 4138
1952 3362
1307 2415
3431 871
3901 4143
550 4470
20 468
2867 3885
2540 3403
2812 2691
545 1362
868 2387
511 2294
2341 2005
3196 3208
1306 3193
4562 2391
1423 3342
3574 2864
4519 1105
4287 500
4171 3084
4946 1664
4223 2824
2829 4031
2463 1108
4578 1835
2496 2970
1445 4047
2803 2252
3403 3786
3790 1678
2386 2532
2326 1725
704 366
2044 1217
3188 3455
4007 4598
4208 480
2578 2691
496 3594
1970 3303
2508 1367
4814 4908
1420 3049
4317 4182
1824 455
1075 194
2971 2733
651 3665
3873 246
1334 4016
4851 469
927 769
4503 2430
2965 3573
3146 3457
1327 2898
61 3173
929 482
1976 77
4826 42
114 4127
1194 3615
3931 3050
4811 2811
3662 3916
1721 4821
4224 4139
2857 3017
4883 3298
617 4553
3233 1789
1682 4048
2432 3985
4076 1977
1461 2477
3727 4748
1074 1325
3244 158
4001 1113
2812 1453
3922 2418
2418 4562
985 3659
1871 2635
73 1780
2980 3404
4029 14
4811 2744
1912 1599
3843 3030
1118 2152
2552 617
3781 1837
4103 1801
4045 4280
3061 1157
672 290
4115 980
3709 3621
2439 1551
2331 2428
1614 3344
3644 3088
3934 1273
3634 3784
3484 4160
1516 3813
668 3641
2539 312
322 1646
561 3352
3863 627
2321 4164
4398 2664
4654 1747
2374 3710
669 2602
4634 2063
581 28
3483 4083
3083 3375
3913 1011
1473 394
72 3745
3588 972
4804 2790
4736 3570
2916 4994
4869 3568
2720 3666
4988 932
274 3606
3428 4271
747 3435
2745 1464
2237 3088
2006 649
1109 3222
3349 4237
759 3252
4428 1901
4796 2072
357 2127
2799 3779
3986 1891
4632 2029
4025 2027
3347 2309
941 2729
4469 1859
2034 2998
396 4424
2743 1879
2451 2933
2411 880
4002 4117
2815 3591
1129 2188
3390 4451
3804 316
3677 4429
2689 448
4766 3574
1922 3087
2120 99
3743 2585
355 200
4744 203
3677 1214
3937 4957
3294 817
4692 1194
3187 1203
4326 99
4838 4564
3831 1692
4326 1268
284 3166
1391 244
4637 2545
1289 3604
788 4715
206 4228
1582 995
1988 1501
231 2983
136 2340
2283 3027
4303 4735
4843 2751
2645 3267
59 1846
4664 509
1125 2438
4259 841
4063 911
126 2099
957 1574
2639 1505
3910 2879
374 4379
425 2571
2940 1339
658 2944
4557 3366
3997 1666
2363 2243
1037 665
3169 24
1640 1062
1255 1654
2878 3919
1167 1692
1208 4818
3669 4531
4184 4690
709 2357
3916 2227
4086 830
1323 2921
4003 4290
3695 3666
57 1346
2682 823
3328 3647
478 666
558 4792
3620 3972
1124 917
2854 1930
3095 3484
312 4334
253 1269
4492 1039
1819 4923
1014 2958
3999 4822
1921 1289
4656 2627
4107 2036
2995 2123
2590 2373
4846 1153
3350 3438
2139 2853
2627 676
53 2231
4449 3543
2828 4937
1283 259
2291 1677
1808 1524
4440 1297
3002 4312
2047 3213
766 4616
2292 2897
1252 2229
335 3466
978 2264
4003 3748
1790 1558
2841 1942
2054 4943
2003 2874
2144 1673
3801 2187
2990 2542
4311 1415
2804 4218
2468 2986
4189 1929
2002 3716
3504 2836
1749 2964
3575 1989
1273 2267
4424 1518
726 3528
3108 1758
1947 4669
397 812
4006 3328
2875 2374
259 4633
3806 1314
4944 2065
1145 4413
4345 4458
261 2899
433 4848
3760 1278
1165 757
2801 4629
3417 574
3206 4287
1150 34
4350 1290
1965 2104
790 2153
545 4966
1301 3697
1370 1224
3024 3916
2273 1948
246 3546
2728 4593
3331 1938
767 2843
679 3510
3710 2573
2793 131
3735 1868
272 2338
4496 779
1475 3522
3437 3232
1385 464
1468 3885
1401 3415
1631 2614
191 3372
1711 401
3376 2481
1142 3905
1454 3958
1443 494
850 1474
4638 4735
4487 1414
2007 4090
332 612
2173 2077
1922 271
2681 2504
2598 2985
742 292
3647 3318
1399 180
1481 486
4250 377
2164 3759
4166 2642
3854 4833
1407 2404
1329 3936
3935 864
4912 1042
3721 2879
1440 3582
4022 4259
2859 2043
3911 2578
1563 1155
1833 643
730 1168
4383 1863
1934 2477
3440 988
3963 4955
2564 1978
906 4343
485 1489
501 1019
694 4078
3392 3802
345 2020
2940 1764
1630 465
2379 797
4092 4871
4529 4269
2843 4893
3944 150
444 2985
1141 2082
281 2162
2991 1098
3219 242
3700 315
271 4175
638 3071
1256 4701
4020 1810
2723 213
2808 284
855 860
2134 3696
1035 1401
670 3949
3113 4008
1741 3004
2511 798
4971 2885
1480 2538
4373 930
3962 1255
3532 4001
1413 3888
3697 1378
4794 1913
2084 1557
3561 4650
1054 4121
3877 4739
3056 3398
295 3279
1563 2720
2426 1757
237 2275
2218 4362
1115 2498
4198 4895
367 2384
3616 120
527 2028
1636 2317
4313 2423
3931 1859
1378 560
461 302
2318 477
1345 4802
3127 2068
1764 1639
2505 2328
4434 1356
4870 196
2064 3447
3986 4117
4478 549
2810 4679
128 4879
1755 1487
3082 1716
4987 3797
2416 800
3155 3751
2835 2461
4624 2533
2580 2835
210 1582
3591 2269
1655 1042
3364 776
1032 3536
3631 378
1637 1917
3644 34
2501 4101
3899 4290
2390 3826
1914 4121
1184 2266
4258 4087
2200 318
3589 877
467 3769
547 4430
537 2784
2340 1114
3532 145
565 826
4656 4746
2927 3984
2996 2160
80 1945
1438 1255
2677 3491
4836 2726
2757 414
1378 3970
3747 2825
3577 2983
2523 3019
4011 1841
1557 4482
1089 4584
1490 4374
2022 4289
1293 4173
3328 1532
2067 4451
4867 3078
3018 425
1264 110
1750 2408
498 3937
220 168
1136 996
3924 2672
3179 2072
2184 200
541 4723
2609 3987
1479 877
4065 58
4062 467
4716 2740
3524 4198
3082 2180
464 526
559 2904
2932 915
973 3282
986 4974
151 2662
2522 1474
4333 397
1213 4137
4336 4019
1603 3191
4482 4818
2436 963
3711 2692
4439 4614
495 267
1631 3467
3602 2751
322 668
2950 4225
3960 3928
2625 594
4210 4284
3600 451
3783 1303
3469 3289
2786 4644
1026 177
2961 1276
4348 2758
1417 3204
4054 4268
3957 125
2613 2092
3368 2087
2841 702
88 4208
2249 4564
4807 4523
1698 2459
4903 547
2566 2769
911 1878
2277 221
1566 1294
3810 2144
4938 1508
733 84
1492 4660
485 3066
4382 4466
3576 1762
2780 3680
4613 4349
2018 3574
1365 1260
2943 757
701 336
2244 3097
838 4949
1885 2708
524 757
4047 2366
1679 1469
71 4516
3961 4320
3498 3921
431 4510
3742 3419
4404 4529
1479 2514
4501 666
2729 2052
1102 1672
2298 696
3252 229
4528 2726
279 1374
4121 3616
2946 4378
2239 4895
3271 4160
1717 3058
1280 2789
2964 2408
855 349
3086 4314
3249 862
460 550
2094 4080
3266 508
368 3569
3179 2495
4593 1010
4302 4328
3655 125
4988 269
4148 3610
4342 2206
1825 2499
192 3226
3589 1707
2292 360
982 2394
968 2127
3392 1117
4167 4329
1653 2302
237 30
1362 2473
405 2165
203 3913
2657 1400
4648 1581
2786 2827
4021 309
162 2925
4324 4639
3485 1740
4752 410
983 77
332 3594
466 2878
4607 3014
169 757
4847 1244
802 113
4296 1924
3384 2877
3477 207
855 1124
4595 4466
4440 1791
1355 3973
2509 3914
2171 3276
3548 690
3123 965
1485 2793
272 3839
2377 1076
2849 2775
2568 4662
326 2636
2920 252
1963 3962
4230 2852
1058 1890
1455 3389
2811 4122
2624 4553
2426 4103
1475 335
4131 3483
4050 1738
2061 1876
3637 1850
1169 3626
2072 1445
4478 1972
3907 489
4877 4545
315 1660
3715 3300
3706 2835
2913 3287
1067 878
942 1963
4017 2699
4174 2516
884 3751
3995 307
1385 1285
1459 4118
3192 2133
3051 1746
3854 3980
1961 119
3768 3386
3111 2502
3676 2550
2012 3249
4372 3597
2682 972
4941 2688
3148 2083
455 4079
2087 3347
4810 3785
3068 969
4579 1495
927 3510
1613 3668
510 492
1061 3836
2055 1150
3946 3572
77 2226
4444 665
557 385
670 3353
4983 2575
3260 657
2905 4272
647 3043
687 3520
4600 3494
3395 3693
1797 2501
310 715
771 192
706 218
1475 134
1100 2235
2585 4871
223 3756
678 197
4001 3163
3379 4367
568 1782
1292 1111
2503 1562
2313 648
1045 3037
2772 791
985 1833
959 1303
303 3343
3754 1609
1059 2734
2456 1666
446 874
803 4408
4134 4743
1175 400
4744 426
2607 190
2098 2290
1659 3475
1275 4232
2279 4653
3869 672
61 1117
3599 4684
2099 3298
3633 2654
2636 218
772 2797
3062 2431
3937 6
4556 2041
1365 1881
3207 2905
308 1147
4294 2083
3980 540
3687 2957
2539 2107
3798 1811
4570 1996
3368 2695
3514 491
3800 1042
4913 3378
237 2459
3719 2661
4479 902
4019 2988
3753 2575
3580 3417
2570 59
236 2771
3488 2999
3835 1526
2190 4677
2236 3480
4636 3498
2227 744
2191 4442
4427 282
3580 3221
2209 57
2923 3488
1641 1816
3097 1383
4880 2232
2676 1127
2905 263
1076 284
4906 1677
1881 2324
2863 66
2799 3467
320 1374
4530 500
627 4886
36 4795
412 3186
1568 3221
2091 4504
4257 360
584 1453
3250 4316
4197 2819
1600 4346
1019 4140
719 4563
727 690
4781 1505
938 1890
1106 1870
1487 2929
2787 2434
2761 4548
3286 502
1146 106
1314 3102
4831 2155
463 3672
4991 57
1104 401
3580 1008
2843 1898
4853 4778
3723 2529
4795 3925
2282 1372
4897 2603
1744 3532
4627 2355
4720 209
1007 4225
3775 4657
4778 104
1288 1738
363 1339
3701 910
3832 3245
2415 1478
728 4552
2202 1162
410 2244
318 461
3835 859
2456 2564
669 320
4820 1013
2185 3939
4730 1103
1237 2635
1347 387
4881 2899
734 2058
4549 2218
2249 1712
4501 1546
3827 782
1282 3973
1934 1471
1456 743
1427 845
2848 4483
4556 4491
1780 4934
1520 2294
1541 2389
1932 1850
2191 1376
3542 3020
438 4228
978 88
187 812
3916 1842
2560 608
880 694
1215 1844
1196 4632
1393 2860
3303 370
3043 579
3926 4997
2901 2821
1165 3701
3811 1192
1269 2770
422 2181
4524 2338
4900 2626
3916 144
2142 4963
3243 902
4327 2238
2563 3034
3332 3704
4001 3866
2922 4765
4863 926
347 2558
2505 305
756 3753
4763 337
3081 4461
4391 4843
2546 4859
3684 1467
4037 3986
1219 1249
2796 738
2999 3128
2842 4698
837 2174
567 4722
2524 2476
4386 1472
2097 2760
1274 446
4501 1606
3633 86
2858 4519
4992 1170
3009 782
1797 3016
662 1242
1597 240
3739 1028
2646 3336
3002 3526
4055 3320
3557 2194
2207 2109
4846 664
3581 2021
52 1060
2309 4628
523 120
3928 3222
908 155
2052 3804
1770 1321
4787 4702
687 1771
2913 1671
4857 3699
4485 397
4435 4199
664 4869
733 556
2773 2801
3481 2161
3834 2453
4178 2851
384 4331
2462 3504
440 1126
422 3843
1502 4656
1365 239
2457 3668
4172 2332
1695 3303
3672 929
220 2278
898 1782
4394 356
796 274
3623 4876
3733 1141
2488 4208
2260 2909
4653 300
1832 708
3165 2272
3504 474
1957 4516
1501 2777
2832 4541
385 4358
4669 154
1485 658
501 4673
1793 4276
3080 206
1468 2484
3164 2472
1520 745
570 1741
73 3159
1058 2184
3292 350
448 1606
3666 1361
565 3166
2593 384
3090 1681
3448 281
4822 2208
2883 3242
1757 2451
1352 870
336 4196
215 2854
4080 798
1673 384
4766 4769
4688 2165
4402 4787
2390 1584
5 4040
1675 2986
2414 3473
2491 4606
4356 2459
2993 4545
1222 4155
271 547
2662 4967
1175 2105
3182 313
2925 4572
613 3332
751 1148
2619 4673
830 906
2932 2764
1349 701
2431 3342
4895 2933
3629 3247
4488 3460
3054 2171
2930 3995
3518 4335
3531 3536
1145 793
4055 2838
2379 3801
713 182
1717 3157
2374 1608
964 4183
2874 1072
4993 826
643 3929
250 2365
1906 254
2839 1181
4624 1703
2578 1384
3686 3090
1529 2834
4684 2777
1412 3892
914 303
1824 674
2810 2329
825 4925
1238 497
1501 4196
4048 3182
2851 3019
1639 4442
173 3836
1539 4277
24 2653
451 1759
2096 2681
2352 2725
2398 4529
1842 805
3033 300
4727 1952
146 332
1713 1530
1129 2643
362 4534
2572 1587
4752 2067
224 1846
9 2743
4769 4869
3973 1334
461 271
4107 2222
2187 2817
4929 2985
2994 323
4214 2288
3797 4793
72 1680
1867 4072
2382 2554
4386 2352
1484 3774
2695 2597
1208 894
1566 4511
2189 4015
172 3215
546 773
2429 869
683 4154
4794 4573
4075 4010
2418 4309
1673 1326
3302 2982
2084 628
766 1351
395 565
4431 1921
731 1158
1824 2026
1030 1114
1845 1656
2412 1187
3936 373
1336 1749
3693 3761
515 2439
3564 2896
2715 3133
3608 1484
1417 2763
4386 2802
3209 3772
975 1124
2419 4936
3015 3547
1091 1772
1091 2385
1704 2251
3846 2442
1840 3541
4949 4565
2127 1516
2704 4753
2430 306
3977 2610
2262 2248
4112 4468
3879 3875
3932 4708
4704 653
2208 467
2103 4484
852 682
3928 4469
1170 2458
1314 990
2896 2940
965 296
3336 82
4282 1873
4768 3776
1729 179
476 3898
1894 4628
199 4345
2618 3008
3497 4322
2419 3060
4229 1847
695 2065
1897 289
4574 3393
319 1131
4238 2066
2932 656
4216 2479
19 1611
606 821
4844 1671
3763 2434
4570 308
262 2291
1591 3718
4710 3058
4209 3905
1048 1504
1673 4787
481 3323
4417 180
3645 155
299 618
1120 3362
1647 4268
4801 2881
2650 4450
4692 2152
822 652
3093 917
1120 1107
246 1610
1367 4009
4182 3479
1363 2127
2569 2994
1666 4203
1878 2300
981 461
1377 2131
4817 262
4635 3737
260 3692
3969 906
935 2539
4245 51
1112 2968
908 4677
3024 4186
2178 3599
4147 2559
2650 813
3812 1060
1703 1265
36 944
58 3454
3270 3006
1399 4362
4347 2613
3268 2939
3454 1963
2681 92
2845 3336
520 873
3338 4244
1035 1875
3280 20
2225 3784
728 3000
1006 1278
3283 552
89 2883
2123 3027
3253 3045
1141 3010
1427 334
2881 141
1175 3641
2682 1017
800 2571
4377 893
662 4064
4370 4496
1600 923
4421 4397
3911 4909
2008 3045
1754 3161
1320 4321
4258 2372
2725 1176
1423 2651
1417 4786
4992 4371
899 980
156 2978
1545 2481
3871 2801
676 637
2150 4747
3785 1667
1173 2897
585 1990
285 2334
331 3236
4279 2586
2035 354
1418 4348
4210 751
2103 1498
4370 2112
504 279
1252 1956
4231 711
4125 4049
1291 3034
2882 4597
3640 1684
1691 2206
622 4134
2986 167
3289 3793
3447 1642
2982 4124
3142 680
2513 2283
2606 3443
3664 3043
4897 1856
496 1112
4201 911
1594 2398
738 4014
2967 2252
2756 28
1295 1063
4487 2329
634 3060
1142 617
2484 3913
1000 4905
3076 2089
4608 68
3380 623
4939 3814
1898 42
3347 1181
726 3157
2486 3057
2561 4586
2664 4459
1269 410
2273 1171
1836 4785
1592 2563
348 2191
2729 2673
1901 66
1744 1413
3176 1459
2475 2311
2141 2197
2722 3931
64 4844
2183 3364
4395 600
521 3786
2350 1904
3755 2674
593 2188
3656 265
1855 542
4954 2580
1670 4844
1564 3072
3553 4986
2254 4378
3696 1327
4717 823
2012 703
4690 2215
3635 3338
1019 2447
3654 4836
2971 1780
3115 2716
720 54
46 4740
1618 2849
3175 3937
75 2520
4851 3574
4512 4290
684 3260
262 1524
2280 1713
3267 4804
1290 3020
154 2856
2802 1753
1706 642
4189 4307
3704 4015
4254 2310
49 4566
2045 3778
2691 3530
1101 2905
4794 843
3111 4375
1830 3446
3924 4538
2006 4748
1335 2617
117 966
4246 330
4458 1698
317 2757
4201 877
1938 2184
1363 814
2876 2882
1645 3982
277 1312
2721 395
1630 523
56 1111
2210 2137
3260 1856
1020 1540
2813 2806
4069 1657
4914 2343
1430 1612
264 3404
4679 937
2801 1809
256 1542
4206 3248
4367 1540
4685 4970
463 505
3770 4213
2527 2577
2250 3725
2390 3380
4189 1808
1759 3175
2909 2407
1745 3188
1904 2907
2278 1905
3089 1822
1911 4409
2042 1195
4816 1603
1025 3969
3014 2996
3378 212
3696 492
1037 1314
2518 4986
2840 2868
2632 2663
406 2900
4600 2346
2921 4042
1619 4695
1102 197
2146 1056
2857 787
2278 49
404 3968
3334 4767
3833 4809
3707 4207
2721 137
150 4263
97 140
2391 566
4638 4732
599 1502
4942 1889
2398 4380
3373 513
678 1405
3889 179
954 1149
4944 4121
1077 3615
1540 3699
333 4527
2672 2657
3970 1695
2187 3157
2913 3754
509 4898
913 202
3955 3848
2586 2778
4969 3802
4347 3337
3993 2602
309 1263
4975 1409
4978 272
3908 1296
530 4068
3411 2639
4548 65
1925 1572
1862 3977
3392 49
46 3568
4455 1868
4908 2370
2473 3528
4332 3698
505 937
2009 4620
4131 584
3906 3327
4048 3532
4467 2767
3456 2702
4823 4234
4187 1023
1030 321
2763 4808
683 4766
3384 4852
924 334
1058 316
2623 4154
2496 1386
33 2835
1045 4954
325 2500
1119 2587
4835 2686
148 2508
2611 1587
246 3939
3295 4249
1656 2839
1710 4531
2392 2871
2909 2104
2273 372
1986 2254
2 581
3050 3227
4712 2898
2664 3260
306 3771
145 82
4146 1089
1366 1421
160 3683
1437 4709
1787 2064
2278 2922
1164 1419
3608 520
2659 3814
4471 3873
1174 1136
299 1238
2344 2858
1400 1411
2657 2390
2279 2196
3756 255
1128 3136
79 1924
4840 1844
175 4681
4546 1001
714 22
2147 4455
4705 3481
2486 4670
4770 4051
910 3917
3961 2676
1829 3399
3568 1663
3510 4663
3290 3197
4620 1792
1272 2912
4855 1028
4285 304
1811 4694
1093 2698
593 3146
974 755
4932 890
4459 3622
2643 2670
2040 1707
4904 2703
93 2193
2942 2954
216 4830
479 3632
929 309
2808 4063
3862 4798
2414 1506
3717 3720
344 508
1586 1254
3522 400
3720 2344
3192 226
1341 1869
4512 1814
155 4956
4419 1941
677 3099
3492 2823
1261 2922
1714 1305
4915 3407
2529 1880
3554 4511
4622 2087
2776 736
437 4500
4567 4227
4319 4718
1469 323
3677 377
214 3769
2839 3103
567 1050
1747 4094
4989 3413
3928 1370
933 4087
836 2483
413 3367
4014 2999
1432 338
3669 2365
304 1640
1731 1211
2722 3885
4998 2923
605 2133
2403 1006
3029 2537
211 2489
3481 232
2881 293
3501 139
1118 845
3051 780
1614 3323
3944 41
3216 3608
2772 462
402 1261
2716 2191
4194 3121
3823 839
922 4633
1509 2007
2329 3752
4571 2260
4172 4779
4020 1030
1829 2506
911 679
1646 291
834 376
3173 4299
4289 1614
87 3712
3950 4936
1894 4529
4440 1648
1699 2844
480 3101
1210 3825
2666 307
740 1694
3 1346
1050 536
705 4583
1640 3816
3627 1681
691 4108
2411 4379
4190 2832
2510 1144
2417 4521
1200 3567
4642 3919
3180 560
1577 807
3806 2631
3283 1070
2415 2391
3682 3611
3292 3309
1207 4064
1810 2322
2888 2245
549 1102
2887 1004
4623 515
2136 1182
2832 240
1452 347
4247 1840
3513 969
819 880
3727 4741
292 3896
3329 2230
2959 192
3917 987
4491 226
2631 243
3396 4578
992 4579
2232 338
913 1200
671 1850
1833 1663
1235 536
2592 3247
1453 4551
1975 1938
2607 3238
1575 177
4285 2993
3342 3168
3770 3886
2776 625
401 4165
4650 3870
4032 3683
126 1258
2324 1195
584 1690
2560 437
29 2623
1560 188
1927 1284
4544 830
3384 4114
2524 2922
2892 4281
4227 4377
3494 3059
2336 3142
4362 486
2207 2028
2155 782
699 3966
1120 1127
1326 1686
4726 4738
287 123
661 2549
3641 4454
2069 1263
4595 423
2064 3180
4776 508
4237 3088
3877 4230
1952 4171
853 2038
2186 2354
879 4607
2684 1764
2242 2312
3374 4122
3046 2227
4747 544
3182 3389
662 712
1399 3216
4857 3497
2249 1234
570 3904
423 2680
2550 3330
331 295
2124 2496
3496 4406
2563 491
777 4180
1535 741
1391 1919
2068 3561
3219 363
2609 4397
3086 2500
4159 3629
2104 3520
1125 2990
3608 2689
1115 4974
1390 11
2701 314
671 4984
6 3684
3983 4457
4986 32
1375 3695
1737 3745
2091 1770
4038 609
1770 4373
3997 4991
4951 4737
893 508
3417 1007
153 1603
755 1621
3929 2165
1744 4598
118 1090
230 3844
3279 4365
3571 2374
2955 479
1288 2780
3356 2697
2116 2337
921 3490
1072 50
843 1124
1938 939
1892 2179
2846 4421
3771 2662
2745 3365
4109 1071
3757 1083
4923 96
2353 3596
4116 148
1809 2643
4379 4127
4323 1872
4826 4807
4584 3856
1435 4809
2734 4010
2207 3945
1268 4881
71 2301
870 2777
3060 2761
781 4288
2464 3717
3514 1256
3597 2114
1565 392
3353 844
3715 3015
3571 1656
4758 4363
3993 851
2660 1217
134 147
308 1736
801 2343
1920 2880
3417 748
2941 4397
2172 1889
659 1240
3732 1257
2746 4819
1444 1906
3112 3854
3683 488
4849 3034
1639 3414
1216 2489
3497 4808
2725 4426
3279 3768
714 4554
43 3699
1696 936
4865 890
4213 871
3561 2219
986 3639
3637 1242
2753 896
3661 3060
1670 2454
3117 3249
729 768
1369 1899
406 4747
2075 193
1928 2309
4598 2656
4531 3792
920 4828
3554 4846
776 3256
4603 2508
353 2581
4274 4610
437 3302
516 147
1501 1017
1608 2329
1259 3205
246 2806
4896 3055
4301 1294
4403 1081
223 1065
3599 2117
3893 2397
3243 3484
539 2451
1563 3895
4950 4832
1750 595
3650 3246
226 4849
353 4988
1495 212
1888 4804
2529 707
4072 4958
2248 2855
2285 3948
1406 4612
1390 2458
5 3045
3384 2846
4193 930
3087 4621
3416 3657
4878 2894
778 749
858 2010
3368 3094
1183 4392
639 2795
1109 1131
4517 2438
650 1932
2257 4279
1312 1163
3441 4860
783 230
343 4565
2942 4851
1492 4069
1205 1704
1980 1654
1302 1755
47 2721
621 2019
2392 1482
2746 464
3478 2860
487 4054
295 1539
3646 1766
1469 4770
382 2067
4309 1608
827 4023
4274 1592
1955 3905
1909 2519
4565 494
1950 1569
518 3168
1324 636
1434 1101
567 3077
30 4176
20 342
3173 4856
951 4930
4296 1178
310 4045
3930 2576
3705 483
2709 979
2130 1244
4536 1980
4570 688
4770 514
2633 1113
823 4903
1456 3829
2755 3966
2408 2991
2592 3315
2723 1694
708 3669
1239 3260
1392 636
2208 3992
327 3638
1055 921
1777 1464
4847 1429
4429 3869
2673 2263
2639 1589
4823 3401
4690 1680
3548 1174
2700 3965
4271 4732
1164 2731
1773 439
855 4937
713 1536
547 1461
4192 860
853 580
1750 2939
3321 2217
4492 3149
3894 3677
1749 1212
1413 1836
1469 4864
166 3035
2611 3099
295 2408
3186 1173
1883 4562
268 1360
1156 1743
958 2866
402 2644
4061 3713
1522 3510
300 2296
550 2670
1907 2264
1156 2034
3458 3071
4217 3497
408 3789
854 597
1436 2956
3380 4461
3977 150
1147 2715
2316 270
4692 2093
2396 1333
3290 2809
2484 495
236 4776
821 290
4621 422
2441 276
803 1045
676 4861
1685 2244
1526 647
2282 1143
3729 2449
319 2147
1685 1120
672 453
1239 2543
1088 3239
4176 17
4333 2983
2380 806
3510 3633
765 710
2263 4619
4164 1218
3322 3619
4982 2421
2179 3309
4839 3514
1676 2111
1258 3545
3874 3570
1886 2921
2311 4440
3895 4537
4260 4951
4727 718
1219 3098
1425 4765
162 208
3968 846
370 4755
4648 3295
188 2233
2662 1080
64 2941
2637 815
1225 3858
4457 3861
4189 2284
4806 3097
2542 2489
4668 490
46 2611
2466 2270
577 479
854 2859
3531 3336
263 2262
4618 3384
3718 3715
709 2849
4597 1565
4185 520
1011 642
4825 972
759 194
585 1647
491 4819
502 3480
2039 4245
3162 3515
173 2328
2559 4419
3804 2741
2486 303
1710 1758
3606 3590
2605 969
1303 4311
2994 2964
1867 3518
1717 4009
1450 4326
2291 963
3777 687
267 758
417 2706
1141 2911
2598 2431
2058 2659
2730 2426
4904 2367
2922 3438
2973 1514
4373 71
2855 4019
1454 4919
4947 1734
4016 2282
2699 335
3684 3573
4967 2657
24 3901
3367 106
1593 3057
1440 2676
2498 4987
1262 252
2815 2189
4760 709
1966 3010
346 4136
3152 1652
2944 3334
973 4770
2097 3637
4998 4970
2162 807
3703 576
4098 177
2060 4791
641 2762
4214 3839
4556 3942
143 2861
4611 4764
4775 4436
4160 4271
465 1905
672 4921
187 4852
1361 148
1065 2522
740 3356
2945 2266
3194 3290
3226 3796
3391 3263
93 4073
3655 2198
1355 3752
3274 3712
3739 3251
1965 3253
3599 2742
4769 1426
1490 13
972 3764
4167 3671
4639 387
646 1567
1933 2377
2849 3413
2727 3564
4593 3128
240 3640
988 778
1073 753
1046 2741
2521 351
2186 1826
362 2419
798 1588
2129 4152
3497 2903
3710 3652
1181 4664
4961 2116
2342 1624
117 559
2923 1541
4072 2138
4952 4131
4801 2678
1092 2087
2441 1058
3512 4002
2478 1265
2227 3153
4940 2355
4426 3209
598 3679
3193 1712
1047 340
4695 4885
4832 4028
4330 3713
4745 2757
520 4852
3502 3635
172 3460
3325 3815
4286 4695
2163 1641
95 148
3595 316
3158 230
916 3574
1256 724
3289 4496
2037 3686
2344 3469
1965 3274
3073 3652
3250 4485
3431 2710
2673 1190
3873 2790
4741 2825
2095 4568
1920 205
2511 3677
456 381
3179 4451
688 3767
2455 899
2857 2950
860 665
2901 987
2704 4729
1337 4845
885 4631
1391 4274
693 910
935 1326
1453 925
4180 2687
305 790
2239 3271
3541 4885
1179 1506
3887 2387
2468 1260
1880 2777
4676 1381
3762 3410
2360 2932
3445 312
4758 210
4143 3035
2276 2369
806 3361
3981 2268
4288 611
1234 4758
4224 1458
2722 1770
782 3832
4715 3139
364 3416
2215 200
251 4363
1707 2684
2160 2694
770 3477
2148 2697
708 3803
1895 4085
4120 372
1008 2739
2830 971
1293 1017
1860 2819
3005 4282
3392 3308
2422 4986
1429 2181
4574 4219
3035 4627
280 1322
1657 2428
1740 3721
1347 4205
2516 1250
1728 3394
3272 3760
2584 240
3626 2598
251 2802
248 4869
2065 3991
2122 4177
2435 4450
192 1101
573 3455
2318 1354
2878 3909
4140 1519
756 3031
975 4868
1370 2582
339 1367
1151 1625
1790 4017
2137 4881
2460 67
4315 2272
2534 4703
2415 3376
2520 1486
4572 4984
2191 4696
3634 4352
1418 511
4939 1556
2183 27
2923 620
4799 2008
2085 3693
3175 718
985 511
3211 4115
227 3277
4124 357
3783 3508
4808 3403
264 4654
2914 841
3420 3174
4281 3792
74 2294
3346 1161
2604 404
4555 4010
1888 4225
4324 4896
341 749
2088 686
393 4182
4562 676
3272 1529
2274 3401
4763 4299
757 841
3954 4883
4719 145
4004 282
1298 2102
2017 4065
1727 4989
3222 3220
2816 3922
532 3376
2941 3043
3085 3724
3549 4267
2015 2799
4352 1570
3069 303
489 1192
1344 2198
922 3203
3706 2949
54 2468
4655 2162
23 646
1369 3276
4802 2421
3596 160
1407 2903
1976 2870
4095 3299
2803 2017
3300 895
185 2566
3161 1921
2886 1627
40 195
1284 2296
2959 4941
3974 3039
580 1286
1149 4716
1477 589
2651 3329
4131 4019
1170 3753
3857 453
447 507
3899 904
2661 4032
4978 3709
4204 1012
2327 2207
4916 4468
74 3262
3161 1583
340 1683
3159 4000
3582 2671
4214 2190
4099 1455
3739 1671
2471 3539
1815 1700
1327 2236
2853 1594
4051 3068
3036 530
475 845
1394 870
1391 2564
3463 4816
843 3337
2079 2798
1399 2491
1174 1596
1503 4846
4411 2037
1621 2832
218 2494
3724 596
2782 3886
266 128
3679 656
4330 646
3952 77
4095 2912
2911 4994
1424 2077
275 1731
3720 4791
2872 3710
2884 4927
1292 3693
4702 1848
616 4576
3273 3318
3342 865
1458 4218
1787 1603
1405 4871
4398 4455
1952 1364
2529 1252
2744 3745
3334 2069
1551 4730
1107 4908
3235 3060
1485 3097
1841 2070
1491 616
2578 2227
3118 4899
1500 2975
1340 2225
2521 474
1821 4686
1021 2314
3195 1812
217 4533
3211 2682
4433 1198
4405 2803
2022 122
4658 1475
4443 4047
1341 3256
3393 1401
2864 25
1349 1223
2840 4924
1232 2592
2738 4908
1229 4249
2256 2256
728 1307
3201 4513
3982 1832
844 3544
2932 2171
1608 2590
206 1956
234 3889
370 1145
3992 1262
354 1169
2874 3823
92 2833
3155 4561
2596 767
4458 77
3138 3481
3763 2251
1838 2472
4193 3708
695 4727
1897 1408
1965 4030
3943 2293
4317 3775
2495 2545
3435 1245
4967 196
3814 1269
1179 1244
2145 1445
2954 2931
529 880
725 3132
998 4076
1886 4400
2882 766
1977 2241
1144 3478
3414 278
2803 3269
3999 1803
1270 2767
2729 2380
1536 2593
2727 3007
4296 3713
1217 1642
1951 4594
874 3457
895 987
2521 1843
3789 1735
4980 3783
1832 350
3236 3965
579 1149
2862 1896
2431 2658
2016 3269
1700 2390
1117 1008
126 1094
1450 3851
4928 1965
3433 3117
1198 1125
820 3325
1955 3270
1884 1453
1808 3801
4572 2841
3038 3910
2862 315
1441 926
1058 1345
3787 4202
1744 3074
3888 3497
4007 574
1348 228
836 4365
1527 2247
4809 1598
3778 2296
2412 4410
1381 3458
28 3089
4488 1368
1984 2454
9 1296
4400 426
4452 186
4915 3140
2926 1458
1936 1010
2275 4476
1406 2088
3522 906
698 58
1503 3466
1790 1
4508 2422
129 1393
3732 3331
2284 1356
4494 4648
150 4960
3989 4132
2017 3879
3667 1599
3760 4950
2650 1971
4625 213
2217 2271
2584 2755
4301 1342
3921 4836
4551 2743
3523 3779
3867 1825
3974 3321
303 784
4323 2590
1540 3808
4001 3919
1859 3174
3368 1047
774 4033
2947 4612
723 4248
2532 2494
2644 4785
4566 110
2562 4878
3943 3529
3424 219
2656 3513
4103 4253
2434 1835
442 752
1756 1941
4718 4753
431 1949
4459 2363
3648 930
811 2168
220 4770
4620 293
2737 1761
3038 4543
1577 2047
2066 1458
4172 1302
4269 583
4138 135
1245 3464
3925 2170
1802 2325
1535 577
3252 483
743 150
855 1577
4075 387
904 4177
3707 1666
1474 742
2861 1949
273 4668
4417 1522
3882 2585
3150 3672
1004 3046
2845 1832
4087 672
4732 809
444 4090
3053 2358
3880 96
3653 1429
3985 2940
2133 627
4896 3921
50 985
3415 2389
2964 1101
969 3051
4095 792
3272 3082
3684 2102
4235 3598
4040 2752
1072 1897
2018 3816
3830 2782
3505 3774
2986 1528
1244 3012
2148 511
2283 718
489 322
1413 3269
3381 953
1198 1401
1666 767
474 4572
625 4474
4833 2614
4466 3461
3817 3824
1940 218
2625 2127
3705 4053
4612 1388
2930 4195
3433 2334
1092 25
1468 2223
1190 2610
4131 1352
1930 4075
1616 2005
570 3596
4466 234
4280 134
1671 4445
3933 97
1235 4349
2197 195
1666 2408
4537 3684
2000 3056
195 4390
3313 2058
832 1980
4811 2806
4009 1629
4166 3438
1750 3072
1417 1623
360 1372
1418 3845
166 3659
3542 4774
1406 4802
4449 1698
103 3909
2217 4207
4846 3326
716 1108
2236 4212
3062 3681
175 4013
3232 909
2848 3435
3265 70
2186 1882
1666 4388
2183 50
3807 2364
4374 417
3282 4843
1762 4554
4035 1682
2542 4929
4326 126
702 1495
1227 676
3584 428
2966 1228
4538 4208
4787 3056
2948 4725
2764 3824
995 4436
123 2775
3285 3824
2909 2349
4571 371
2270 2100
4953 622
1228 4313
1087 3209
996 3839
4910 10
4490 1007
2100 1542
4651 4830
3891 3455
3545 1458
2159 4982
3981 653
1829 2666
3488 3273
2575 2593
1572 1283
411 4902
4314 1916
4346 2277
4504 96
82 2960
4350 3637
1114 4053
2957 4005
4649 2720
1752 4071
4716 4837
3208 4675
784 2697
4220 4236
283 2391
439 396
3895 2177
4085 1764
4643 4331
3556 1077
2742 1988
4242 4133
526 2416
2643 2374
2818 384
4897 2671
2518 4564
163 3517
4242 2397
2579 745
2788 3341
678 2214
799 2505
902 4179
2509 2771
3792 1418
4958 516
1339 2257
2546 588
4095 3050
1099 1196
4963 3
4467 843
651 3944
642 4815
2597 4638
847 1570
131 1892
2248 2517
4410 1252
3049 887
582 2894
3105 2477
856 3994
3965 3005
3871 3281
2996 2295
166 1623
1563 283
4681 646
4338 4586
4586 27
2141 3867
2195 4807
503 4689
1239 1014
4487 2816
3602 264
4674 1286
1024 2919
3816 508
1024 306
4145 4619
4908 280
1963 2032
1022 4292
668 1133
559 4049
4033 3552
1916 4567
4254 4810
4729 2026
544 3255
3211 1879
361 4591
3681 1014
922 3333
3057 1465
3892 2267
2146 345
1034 220
3213 419
4201 1415
724 3203
4232 3170
1315 3469
2178 393
917 2247
3279 422
184 4926
4947 2707
4422 2501
2383 2456
4010 3463
1465 4877
2652 3535
207 988
1481 1800
2416 3303
979 2902
4968 3689
1557 2541
51 658
968 1828
3941 660
4693 4262
406 3890
4796 3027
4827 3287
428 2273
1992 3107
628 2489
3031 4316
4014 4534
4949 1395
1968 1623
2714 2039
160 4213
2735 4347
3302 1106
907 2366
626 1279
2709 3483
3609 3874
1605 998
1052 258
2796 4034
3502 2676
51 3457
2862 2961
2873 4114
827 2516
1359 4630
2266 1461
1511 361
4881 2244
964 1205
1873 2386
4397 3231
2086 999
1296 213
4184 1142
2967 128
2398 3707
3197 4195
2996 4445
637 2086
3157 3165
1935 4558
4349 913
1246 2852
1530 4495
3732 1400
4430 2723
4435 1672
1386 2984
183 4006
1341 3765
4627 991
1271 1420
1053 1582
4792 2076
1577 2371
1068 4006
766 1290
2880 662
3672 4501
2951 4585
2771 3018
1739 4646
713 3723
3955 3605
444 1349
3469 4748
4488 671
1758 1290
1281 2507
4231 4230
2987 2636
4596 1793
978 2989
226 85
3264 4970
3555 4408
3780 4654
4810 4647
3372 1044
316 2388
292 915
2207 2261
2546 1328
4026 2208
935 3171
717 1243
4776 3119
26 2204
1719 3260
4609 1600
2130 294
1776 2859
4045 3247
3717 4931
633 820
4943 352
1243 1123
3426 4792
1283 666
714 4137
3863 3363
2607 1260
4226 768
4602 4558
3241 2235
1524 3153
350 1765
2392 3553
1250 880
3209 2460
3199 3240
1777 3480
4700 2606
2326 1835
1129 1078
1975 661
4038 2443
2378 3246
756 3819
1071 681
1822 4383
4790 4567
1151 1434
4172 864
3829 1593
4173 4265
3823 3242
674 3350
3678 2555
965 1464
1946 1050
2569 225
2106 3792
1121 1182
2570 1212
691 1652
2671 2389
2295 4258
1456 1691
2392 908
1974 982
1115 4712
618 2840
3466 3683
3309 560
3959 2423
1771 1814
696 1172
3016 2288
2750 4092
2365 25
4294 4651
3148 2929
19 1797
1012 660
3310 4701
2550 2790
4829 1293
3726 2269
4592 284
3809 364
2227 1904
4457 146
1367 4190
4540 3306
128 2346
4903 4485
2114 1245
4327 1590
3522 4324
2769 2292
2331 2648
421 894
2876 2570
1494 2736
773 1027
3815 3879
1523 3439
2150 3803
4519 1226
3191 3705
289 3518
440 3613
3486 2835
1583 4786
3474 476
1727 354
1445 3278
986 1096
4494 1843
3586 3711
591 2098
2820 4594
490 1624
1102 1243
889 1320
899 4641
2146 4631
4390 1017
2349 4033
2418 4493
2808 628
3741 512
1419 3317
3819 3299
3564 3222
4639 2693
2872 804
4098 3625
2748 2315
1697 4653
1414 3981
4329 2365
633 3252
2591 3364
4682 1476
1423 1137
2683 4890
4632 4145
4926 4269
1977 1320
4766 1556
2742 2241
3457 3877
2031 1479
1238 753
168 3943
4661 1157
2787 1164
1988 646
4428 971
790 2427
4285 3972
1098 4877
631 2543
1514 1042
570 1252
565 3558
1623 2272
1682 936
4760 1345
1577 4387
3635 3316
4679 3565
199 1913
462 122
2681 2757
4753 2501
2038 2770
2397 2603
1158 4794
4769 2393
3021 2107
2576 4498
1508 1686
1669 134
656 1010
461 485
2924 4621
3916 3844
4327 2230
2628 384
1481 674
166 3796
2205 2959
2955 1160
4722 751
2762 2095
2450 1734
1134 2700
2798 4752
750 4858
1126 3568
623 2823
1975 3914
1674 3439
2440 874
3621 640
1657 4798
3175 360
2760 157
2829 4141
2892 4452
1641 3464
3480 1171
700 1062
473 4179
3976 132
3152 3540
3814 1440
3130 3093
4523 1573
2010 3276
3158 4375
4057 2859
4628 393
3734 237
4125 2623
4328 2622
4027 2906
2686 9
1881 4519
1614 1784
3583 3605
1831 2652
2973 1588
1612 4183
990 3722
3867 3463
4071 3231
1714 4108
2970 2273
3438 1666
1708 2849
245 3619
900 2147
2555 1031
3408 4402
4430 944
14 2177
981 1725
2777 1514
1565 1542
2441 1933
3770 2433
4537 3248
2127 2206
4123 4327
2379 4981
2973 2251
3584 4998
3050 3686
4325 915
4172 1811
137 1140
2657 4038
642 4631
2405 2913
2601 2788
1748 19
2399 3989
2320 3793
3796 3753
425 104
630 2630
3241 4145
679 1150
3504 2269
2721 1745
4791 1772
3743 3108
4091 6
2446 2767
4325 3560
41 4869
4135 4816
829 1800
3566 2
3043 4757
2630 4770
3438 963
1391 2734
723 2894
1166 3892
4179 3069
1411 3137
2905 2886
1594 2529
2717 1018
1083 4690
19 3033
213 457
4949 4668
2623 1400
1733 3392
624 4374
960 2020
4117 4990
698 1748
1270 1780
3870 216
468 3002
4709 1285
1154 99
2469 1299
4342 2435
3679 2729
3833 2032
2106 2921
2307 1563
4028 3362
2605 4743
2940 1196
4452 638
4571 3290
3417 3811
2607 4883
1959 1016
4940 1670
324 4392
2015 1229
1290 1602
3017 1077
2952 3744
382 4889
670 3990
3290 484
222 3479
828 4893
118 171
3971 2190
1431 1564
1450 4727
1014 4998
992 2560
3551 2354
1288 4836
3841 2834
694 3899
3748 3074
2322 1410
2932 419
2584 4529
4842 1867
775 3761
968 124
3957 450
3096 764
3783 1235
232 296
1720 60
3208 1993
1889 3771
344 1708
2330 143
185 4224
2907 3836
2020 190
355 3969
3914 3261
1149 464
3692 4383
2730 4647
1286 3087
4900 3185
600 2496
1491 947
1365 1547
1168 4975
2494 2630
1831 997
1011 1543
121 4527
1856 2368
1158 3881
4739 2497
4527 2876
1122 476
428 4172
1059 4167
3981 4522
2885 3362
350 1904
60 4129
3569 1789
24 1757
323 2093
1777 2445
2958 1811
2700 1894
3495 2108
2139 404
3379 2519
997 4941
1264 2168
1775 3257
1642 708
3698 2519
4547 3232
1318 2861
4345 372
108 4334
477 2256
1386 4769
3845 895
2471 1292
1783 1119
3924 1600
2517 3658
1291 524
3789 2439
760 937
1642 1920
4715 3156
2673 2997
2184 3809
1152 1936
895 3672
1853 2507
4979 3566
3527 1871
3261 2094
483 550
4966 623
72 4459
1990 332
142 3541
3526 1126
4343 4369
2194 986
316 2129
4199 1718
4135 275
1525 3615
212 59
2434 889
3331 2703
908 436
3712 4919
1479 3200
3162 2922
1221 3252
1959 1431
3445 1220
2517 2756
269 1729
3857 4594
2731 3850
4702 1150
4627 844
1383 3325
1070 1487
4668 2975
422 570
470 3392
3844 2409
2774 707
4561 199
3516 1893
4884 73
3033 543
1147 3175
4749 4434
91 3366
2025 1904
388 1339
2574 3510
4459 3472
4330 1774
757 4160
2302 3776
2296 1525
1369 3426
4011 784
1088 2730
2686 2943
4003 202
4909 3933
852 3783
17 3094
2939 804
3646 2668
710 3755
2235 3543
935 778
1039 1337
4270 4587
4497 4246
3586 4728
1363 812
4290 3656
3486 2917
4269 1179
328 373
4254 1152
34 4596
4501 2182
3854 595
3234 1104
2138 4135
4551 4541
2281 1186
299 2562
4532 1141
345 1043
2972 464
1648 1292
4120 4633
4206 3152
3234 4917
1871 3873
3189 1501
2074 1259
3164 754
1283 3566
331 473
3663 2251
3032 3154
577 1692
3868 151
4279 1633
2693 3603
4142 2875
3956 3012
3514 3263
1192 789
2843 4183
2381 3640
4329 920
451 3239
317 3688
2606 964
1981 2107
2883 4802
2248 4051
1883 2916
282 4955
2965 1606
4128 4875
3366 4865
2226 1263
3598 969
325 3854
254 3519
3291 344
3186 3898
1315 4693
664 774
3580 4493
535 904
2629 599
2662 2317
4641 4051
996 1359
2151 436
3953 989
289 3659
3548 4332
2091 3776
265 3192
1883 2058
2734 2083
1469 4246
3089 4044
3240 910
2620 2578
4571 1161
1953 1221
1975 3437
4691 2763
3732 3571
1088 4384
3781 1353
4384 4342
698 4940
4936 1547
4619 3619
4175 4657
305 964
2987 36
1012 3224
1688 2387
2161 3874
1980 1338
4200 4082
1483 4949
4524 4289
4023 4102
4461 3294
3945 253
2045 482
3291 1593
19 3753
1998 2030
4056 2773
3262 464
3584 4675
1595 1944
1141 2937
1321 2712
4171 2444
4942 3550
3751 1840
1284 1499
2989 4902
1861 3305
743 3184
1780 2181
4815 4221
2083 3627
1323 477
2361 546
2107 2141
1979 436
1003 1737
780 4319
107 1326
3828 1739
1929 2281
2500 710
195 1193
3105 2306
4663 1229
2843 2586
4430 2163
3369 4327
1064 1638
4758 4898
3583 3203
4159 3207
3806 1623
1130 184
2614 2458
1144 3458
2440 4799
4939 1861
206 123
1719 3568
473 1090
327 3939
49 4043
4616 94
3513 4007
4107 1164
1287 3350
2465 2518
4901 4807
775 3679
995 530
2211 4298
2836 2548
3377 4571
3821 4104
3203 2602
186 3536
1074 4050
2102 1357
577 4211
2919 4596
1988 3552
2733 2354
365 2016
2242 846
1796 4503
485 293
3207 4089
3062 1838
2198 2997
793 2769
4927 2607
3993 2955
1105 2457
3776 1683
1287 1878
2935 427
4824 3724
2657 3193
968 2144
1981 2627
4323 1434
3346 4846
1398 3941
427 1885
3179 466
4626 3568
859 1010
3106 3264
3127 2198
4276 2721
986 4699
4058 191
4076 3313
1418 4893
1042 4620
1081 4461
1433 853
4980 1822
1537 2141
458 3381
4886 2293
1101 2815
3470 4465
1465 2293
2218 1189
118 118
3796 464
4607 2908
4971 590
1160 2892
60 2202
3667 1077
4641 496
249 1371
3147 1017
3508 4533
3542 254
1232 332
2744 3072
1394 800
4307 3444
2980 3572
3899 12
1232 1512
499 4731
448 2842
2640 3228
2863 230
836 4419
928 2668
551 364
385 1445
4950 4216
1474 4540
4496 125
2074 1669
4440 2960
2351 2720
3230 3540
2370 502
4585 493
980 4724
1699 1927
1569 1200
237 4825
196 3641
3095 3945
1807 86
3623 776
176 4307
1330 1464
72 256
4403 1996
3403 4272
1292 3204
397 3072
2103 2437
4372 3227
1139 1452
2348 4274
4121 1644
4082 2873
2426 2426
2659 1239
4129 2056
1493 1297
1541 3958
4187 1679
2759 3592
4712 4121
980 3202
4972 2149
3618 589
1169 4298
1446 1066
3728 2646
4807 1030
4022 3856
4534 1733
2862 3014
4867 4162
1388 1754
4515 2703
4051 1845
4952 2701
80 3423
1638 2570
3474 2402
2701 1137
744 4936
1826 1391
1251 4069
2624 4805
176 4507
2988 2974
3706 2218
1042 118
1024 2502
4666 4695
3714 833
1512 4681
1867 4546
1415 1032
2369 3157
3487 4600
3274 356
2642 1569
4033 64
4269 1246
4913 1578
781 1072
861 1844
676 1748
1565 3479
1445 4054
3162 500
1537 2018
3692 4359
2664 4238
3301 758
2477 4925
4900 3852
4675 4915
3615 1498
2757 2551
4280 212
3972 4973
947 4621
3948 53
3272 2352
400 279
4648 2993
3732 2580
3172 2948
4110 413
4363 178
796 1670
61 2903
847 3470
4852 2037
1357 1824
337 4343
772 1166
1373 4562
3362 3202
1440 4525
4388 861
1898 2052
1485 2766
1493 3186
1056 681
1648 230
3675 3683
4722 3781
4937 2549
4215 4103
3504 311
408 3027
3451 240
4493 769
4382 1912
2999 4000
3745 3234
2068 2874
1196 4736
3542 3432
1900 2155
332 2005
3194 2912
33 3892
3926 4901
3125 2709
4847 4317
1803 1957
3411 3963
2997 1193
1825 4154
4180 925
4693 4017
4457 669
3285 2705
338 2846
659 4184
2462 3325
2817 1298
4315 3032
222 3991
1038 4958
4032 666
2636 1835
2324 3516
645 4988
3638 1658
3640 116
3864 4859
2263 3930
4632 199
557 1744
1413 2964
3038 1497
811 2564
2462 1640
3787 1121
3322 2567
4581 1923
3761 806
712 4709
2418 190
2820 1650
3530 2797
2051 4623
3951 1022
3944 1975
3438 3806
1529 2214
1266 3779
1168 461
4804 2065
762 955
3110 1723
4607 537
4889 2501
1392 1788
1888 1470
2061 2852
2853 175
695 879
1960 1594
2594 1342
3658 707
1446 1037
2142 107
797 4733
4666 508
4895 3634
2719 3157
277 4183
3515 557
3752 2397
646 4106
902 1799
4672 524
4157 4368
3033 276
4122 1734
1061 1688
1676 3689
3406 3904
1115 4565
2576 448
1751 561
4397 2855
60 2578
3023 2480
3178 1947
1297 12
2025 212
1940 4476
4608 343
4971 4421
305 2044
387 3203
1127 4340
828 1571
796 4977
4543 4101
2892 4989
3425 1488
1031 4623
1577 552
515 1669
1709 516
4545 3490
3601 3187
3174 1620
3271 1936
682 2366
677 1368
199 3795
3586 1716
3436 2686
989 1217
4295 3162
1787 3912
4589 3179
4084 838
1150 2765
3553 1415
1135 261
59 4658
3078 2395
3928 1467
49 3616
3733 4865
3906 4556
1599 2031
3253 289
2341 200
2849 3380
1021 3267
3802 778
3750 2745
4889 698
1111 885
4884 1758
586 1915
2439 3152
1578 878
1397 3303
3407 2224
4210 3360
4215 932
2799 3897
3095 3265
3798 992
3457 1005
1267 1686
3632 3313
1112 3940
1505 149
3611 302
394 3397
790 4360
2646 1147
1315 1846
1770 2574
987 2345
3853 3971
3132 4144
5 727
4966 3992
1352 4017
1677 1553
4018 503
647 2161
1634 4987
2052 1585
4254 2287
2740 477
4762 4159
1197 4968
2385 1204
528 1343
2955 3760
3213 876
3759 1352
4118 2511
4518 1656
146 2623
1793 733
710 897
3745 856
4533 2831
2191 3710
4007 2990
945 53
1768 29
4534 1179
149 2553
3685 215
4949 159
2645 97
2470 3463
1479 1684
2732 4559
2542 1650
2453 2909
3096 2910
2205 617
2072 1428
314 807
1578 2744
4177 4882
3597 2074
1559 1219
2284 527
326 3920
3566 1086
4873 4198
4603 308
1644 549
830 352
1808 293
4351 4455
168 4687
590 3896
3772 1628
3451 1395
2714 4760
1692 2698
2069 4004
4735 4627
2191 203
2090 2998
4312 3949
4945 3232
3996 4050
1564 1061
3551 2193
295 22
2731 3888
2131 2430
1824 2070
1144 954
4992 1573
718 1737
4232 4883
1079 1234
4147 2879
3388 1476
4267 3147
2444 667
3559 4368
1033 1966
3191 497
4450 3345
1575 3040
2293 4355
1355 2510
370 93
2845 302
3659 3018
381 2885
4338 3513
256 2013
2000 4495
4291 2259
1681 3883
2569 2955
3112 1183
3595 1285
3019 3074
2426 2684
2786 4663
1605 4999
4 3891
392 104
2806 4700
4741 997
2347 1948
2761 3507
2457 45
1715 4496
1228 145
1035 3681
3157 961
318 2986
4984 3979
1829 1749
3276 3636
2441 2720
3158 1
3155 782
1852 4492
1441 2336
2110 1217
3028 4216
1912 1340
2535 3617
802 1011
2608 3199
2653 1390
583 4437
3399 344
1349 3468
4944 1688
3666 4930
3703 2099
986 2697
3643 2561
4511 3025
3351 1006
2988 2738
245 1292
1684 4599
2869 87
4590 611
4874 3987
3333 4114
613 120
4759 2850
1178 2614
1650 488
4435 4893
1077 4528
644 3129
1290 2982
24 543
580 4251
4299 1748
3908 1755
926 525
3961 3321
477 4628
3577 645
2509 3412
3155 1857
318 4908
458 2512
2013 4254
3227 183
4811 1371
2244 2802
2306 4525
3236 2354
3089 2232
2022 4262
4563 2212
3514 2178
4468 4829
2854 2252
2179 4379
3537 2139
4102 2898
2455 4655
4995 1933
1149 1250
1520 2440
3578 2611
4951 1104
4045 294
4503 102
1857 3429
1768 606
1116 3628
3198 4541
4386 1437
1039 1849
535 1662
1613 2882
1139 3018
1689 4094
872 1485
2443 3010
3335 1071
312 2347
3072 4375
1262 4712
3190 872
2795 2642
4406 3225
4220 4829
4423 3387
1304 3832
3620 4027
944 2348
3808 2010
125 2601
3908 4171
2174 3932
1793 3060
337 1063
2289 1329
3920 2364
465 1321
4892 3099
2678 3511
1536 3089
927 4021
3862 602
1396 4866
266 1760
3827 162
754 466
4476 485
744 3171
1245 1148
479 4960
4247 2686
3883 1005
452 1849
3988 1946
3383 2373
470 1900
2475 3843
2131 1944
654 4522
932 4768
1412 3632
2787 2005
2298 4891
565 1063
2446 4819
4324 2434
534 805
812 12
2850 1835
2634 62
4225 4250
1335 3671
6 413
230 2903
3815 4074
1736 3804
428 4285
660 1797
4788 2987
889 1312
1840 2655
3317 2686
3238 4872
2619 3856
2796 1100
3347 4150
1082 731
824 4171
2369 1280
4036 2512
3913 4107
879 3220
4987 2785
3482 4513
4216 880
3134 460
2466 4628
2677 2598
2684 340
1624 574
4033 2393
2875 2714
248 4811
4936 1258
2405 2018
4623 2217
3533 681
869 4445
3912 2014
394 3600
2569 3178
4753 4941
3725 4923
3398 4944
2852 1422
845 2725
1783 4943
1838 1838
2415 3363
355 4056
2881 2570
2010 2187
1350 3897
63 4351
4233 2928
4777 3029
2162 4354
679 3130
1693 4286
4090 2803
2944 3056
843 4495
2858 1677
3184 1034
1155 4965
3032 1255
1869 2370
4954 3526
148 3720
2493 988
168 4916
4662 2943
4483 1642
2646 2847
3210 1518
1398 4377
2597 1957
3858 3843
4712 1526
1980 3893
3784 3699
3664 4726
3000 1658
4938 2071
4212 2444
779 1943
1268 4735
1712 3235
2134 2184
667 4118
2876 1630
1147 4222
261 4473
3233 1181
1447 2398
2287 3619
3498 147
944 1981
2426 4295
3332 3230
570 960
1983 1600
2289 1656
2263 653
788 1506
3933 1883
1450 4980
3309 3915
2318 3543
2138 3742
3540 1909
771 900
4414 1969
1649 180
167 3811
2963 355
3920 2912
3093 217
2800 1249
1298 1076
33 2801
2728 3467
4135 1546
4272 3216
3012 879
1777 2778
926 4794
3875 3108
4695 3698
1575 1290
4447 1067
2990 2018
2379 3732
4614 4062
4339 1525
1280 3651
2954 3135
3753 1910
3417 3530
2633 1319
2585 2211
4076 648
2256 3690
4731 3891
770 1365
1086 3931
3053 2434
1508 4962
967 2314
632 4640
4852 3993
1619 738
4713 3009
3371 813
3703 2308
1689 413
1437 2759
2797 2233
2779 565
4088 1411
1142 996
5 1954
1543 3128
4259 4240
383 1277
2393 1736
3845 2469
536 757
2085 1511
1730 61
3638 2569
2175 3324
2898 3922
2909 4112
4226 4416
1949 3087
4545 3020
704 2826
1995 2434
584 2280
2441 490
2856 1158
657 695
2798 4147
4095 4088
3858 4717
2321 4628
321 159
1094 880
2041 3164
4369 4450
1566 2488
3497 463
4681 1424
363 3565
958 1012
1884 4049
2793 2815
321 3711
4844 2360
1051 1290
1465 4782
832 3766
1237 638
2298 1657
1297 4985
507 4187
2313 2821
166 2359
2997 3225
2669 3607
3435 789
1473 3537
3222 2800
1716 3720
2239 2395
2459 3767
640 1457
2128 3171
2494 4448
1435 243
722 4498
1620 3483
2935 4522
2553 1238
55 1174
4039 2651
4407 2354
4956 243
3819 2924
823 799
3019 3686
910 3016
3892 4895
4327 1882
4520 1146
2247 3933
2173 4928
1220 2858
1552 173
2368 1147
2532 516
3236 3449
2947 513
3543 4188
4249 1072
547 1221
3338 1876
1209 4842
980 712
3894 524
485 4085
4609 3673
504 2765
1636 1566
48 247
3189 2892
4860 2735
1644 1555
1401 189
50 4764
2650 3964
4903 1928
1640 1550
1972 754
2251 3722
2524 4698
896 802
321 3262
1266 1755
3188 4503
2480 1850
4272 4172
2110 2407
4088 4733
980 540
4691 487
156 3580
1778 3081
3834 2986
1930 3925
951 3437
4019 2890
551 3728
3771 1279
1116 672
3287 4978
2690 3474
269 3970
2798 1795
4531 3335
1204 953
2823 2701
1117 4132
856 4408
4743 83
309 503
3123 2077
2083 1962
2629 3819
3835 3188
4551 216
1926 4729
2481 4959
4418 3439
2250 1362
4098 3591
1246 1488
3848 20
1557 334
1761 2362
2290 4770
1641 2908
1049 4453
2766 4420
3480 1870
3986 4695
628 262
4519 4662
3447 2132
1430 2965
2695 3009
3836 667
3220 4844
328 189
845 4163
1866 933
4415 360
2480 450
1112 1334
1686 1606
2495 558
752 4246
3658 292
4653 543
4292 4960
2224 1521
101 3053
1022 543
3838 754
3857 1867
2011 4080
2964 3062
1081 1494
1272 3547
982 2230
868 2236
3649 1636
4648 3448
2414 3534
1069 3608
4427 4412
3996 2528
1915 1781
1969 2123
3048 296
4726 1583
2769 3146
497 2476
1936 2845
2052 3494
147 3332
3507 4511
4244 871
1845 2715
2126 763
1377 4874
2492 733
1414 4837
4123 4992
1983 1020
4437 2524
433 4105
951 961
1304 725
1914 4410
4229 3931
4000 4455
4291 422
2005 4262
2144 3691
3316 3956
4017 2551
2673 4660
1182 1781
810 728
2054 616
2967 3378
2853 2983
1695 4233
4901 2391
3453 301
4075 4598
4697 3651
2449 4796
1375 3236
2394 1557
2671 1217
2018 306
3269 2960
2925 3873
1793 4344
266 1430
3027 2833
1631 1432
1386 572
1343 4237
4661 4493
3056 3549
2846 3805
3583 908
3697 3865
2598 4694
430 3038
4355 759
4683 2958
3161 3571
3998 1772
713 1147
1660 4347
159 931
207 767
4494 3258
1831 3161
3538 2880
1107 2223
3705 4370
1295 948
4860 2002
1846 2816
269 4406
3493 4112
4497 2744
1026 334
2511 4425
4868 1647
3181 3779
3955 1295
3917 2862
4566 4940
4213 275
753 64
1926 756
3888 3667
523 360
4518 3746
3802 4781
4887 1403
1641 3721
4982 3390
3214 3257
4715 2402
2364 3048
2614 767
2231 1935
738 4737
81 611
3034 3567
3748 1540
1682 2606
483 943
2703 679
1367 952
4560 3210
716 1034
1811 4814
2239 452
1334 2181
4227 2333
4039 4470
2720 3094
205 4691
4070 2900
576 212
1153 443
626 1655
367 1481
4646 3671
4300 100
3937 4226
2484 3724
1796 2271
434 3665
3696 1322
3962 2453
3132 870
1052 650
3298 545
4958 4035
1486 4244
2380 4322
2930 1824
4219 1143
125 794
1797 2533
1225 460
2614 1063
4870 4665
2382 1222
607 793
4153 378
3744 1795
1565 4806
4267 1063
2067 733
4169 4127
266 1530
2422 4385
2845 255
1353 1676
3331 93
1010 1233
4406 1707
357 2990
1911 3864
2806 3219
2722 1069
2483 4548
2003 1666
440 47
419 3459
1160 235
2807 4192
1319 2583
948 1009
106 3803
1446 156
4634 3661
1441 3485
4793 2418
354 3218
3914 1324
4373 1737
3687 2004
1883 4135
274 758
4871 605
4283 3248
1615 2920
3122 4572
2532 3734
3948 4239
1618 4420
4321 24
1103 633
4018 4417
677 3129
4873 121
3677 4021
3712 3590
2910 1000
2207 4308
1940 4052
4580 1363
624 3960
1890 1892
1980 4551
2392 2536
1540 1527
3280 3630
4871 3017
1057 600
4800 1053
1393 1158
366 2103
3627 4693
183 3083
4419 1701
2639 2883
2246 3958
3960 556
1889 3815
3337 1425
2582 1354
2709 1790
3611 2648
95 4632
377 2096
3900 2111
224 3788
1108 3827
4701 2546
4613 2559
1310 3378
174 4604
4986 1458
4289 981
863 3735
2965 4573
3516 806
3130 4333
3861 2666
3516 227
4240 267
4154 4325
2418 1865
1206 4532
3849 2659
2473 1124
168 4622
1752 35
925 1503
2131 2974
4944 1295
4663 2000
1279 3100
1522 2961
1600 2952
2822 89
3803 4244
3824 3553
4740 1272
1226 407
2747 4462
2235 2274
2058 1394
1395 861
4732 843
1852 4471
941 4914
474 1799
3662 2730
2194 3314
2599 1403
4836 1688
4891 41
1847 2833
3345 4124
3735 2540
2292 3435
2846 3603
1139 3727
4383 590
1657 1959
3453 4658
3011 2465
4551 2874
3403 4935
1651 2068
2894 446
1154 4456
2049 2009
4594 4477
207 927
4409 1378
4888 951
1346 4707
2721 4820
2207 4513
1440 2088
1933 1375
3468 4198
4989 4680
1998 1277
4047 4830
2124 907
322 1816
2009 646
3863 90
2758 1529
1264 2870
2810 2964
4881 1122
1655 3760
2573 1886
4872 4338
309 45
3285 3638
4975 1046
2640 3162
316 2308
1270 3164
4359 4063
1499 1538
2417 4762
2326 632
3416 3207
1482 2606
124 1288
3309 3496
2962 950
619 1235
3204 1186
3508 4551
479 515
238 2976
2409 3226
2198 3679
3631 4786
3317 188
1572 2759
474 3753
3697 2060
4660 3369
4291 3884
408 1824
3362 4184
4001 4565
2439 2244
873 445
406 3816
1515 1462
267 4372
4324 3461
2571 696
3801 597
284 1263
2649 3269
1012 2163
4844 821
3543 4232
3082 1447
1853 2946
4954 3258
2247 3019
4841 2158
874 4089
1048 614
3935 4784
4338 1266
360 1404
4800 2749
2701 4156
2498 1429
3858 2786
4970 1760
3546 2157
2105 2721
2760 3494
722 3380
2192 2292
4939 3262
1777 3415
3552 4258
2023 4244
4369 4908
4241 2063
3732 4449
1906 3796
3723 25
1007 1398
646 3896
1741 970
2818 2101
3501 4692
1325 3326
3692 3863
4957 778
4500 2254
1656 30
4505 1835
1435 4988
2017 4653
1874 2425
3405 4540
4352 1998
1560 4233
3576 4494
2437 2742
4848 4909
2443 2579
2715 4333
3865 1321
1474 2296
1170 4004
3909 3220
4288 4867
623 964
270 708
2425 4512
1533 1094
3362 683
4976 4477
2403 448
20 2360
1236 475
54 601
2630 4815
2306 248
1297 3660
89 4360
4377 2996
1862 1928
155 912
3123 3991
3240 1118
863 1035
4145 2397
4237 1421
781 4185
1706 3369
201 3529
3965 3225
754 4488
591 4394
4368 4287
3533 3879
4142 1830
3666 4664
1674 2766
2885 2546
1428 4102
2846 1527
4002 397
3890 392
3232 4030
1191 3425
259 4800
3953 900
3839 1444
3633 4733
4963 4693
3696 4378
1450 3740
3082 26
1202 2426
2142 3490
1396 4156
4111 1891
694 4280
3338 1829
726 2785
3810 609
2691 4039
2933 2881
3313 4263
2139 686
3350 3384
2837 4283
4671 1645
4977 469
2650 2053
4513 3656
3316 3439
1405 4457
4046 304
1878 2861
3935 75
1944 2974
4246 2322
465 567
4853 568
1819 3341
2702 2400
2478 19
1300 1684
2674 2294
3260 1350
2713 3971
1302 3514
4608 968
2206 3771
3195 1241
464 725
802 4567
3103 2356
2580 1558
439 4619
3180 2745
2778 2897
2984 2433
2875 1185
1950 398
2823 303
1902 3347
1974 93
3956 2265
196 4820
907 1711
3058 1467
3771 4226
1218 1477
1928 1160
624 1202
4026 2891
4295 4994
361 4769
4453 2452
340 2838
3438 3409
4416 526
1194 2095
3675 1174
4080 1231
2679 2435
4621 1544
1032 1957
4331 932
2981 1023
3871 2241
4030 176
2424 3758
4606 2028
3253 4921
2027 1389
2214 3234
2819 3859
4093 211
2163 3326
2704 3008
3639 4980
3594 4046
2579 947
3338 1220
2310 1464
1662 1982
4559 1450
984 763
4186 447
4996 425
220 1660
512 644
4812 3170
445 1618
864 1392
3099 2296
1879 288
985 3183
4366 2512
4947 4374
2900 1984
4044 1343
1554 860
454 4332
2891 1199
2589 1035
3786 4299
4749 1469
576 3973
2068 3818
3715 1170
2036 4396
4735 2911
2589 1688
4092 3919
225 3471
826 744
3222 2690
1915 3044
2300 4184
733 2830
582 2537
2374 4529
4966 1963
439 4461
2486 4700
4226 4073
1353 1767
1641 2115
4269 2528
1718 2866
4018 1533
2175 1214
1785 1151
914 4362
1547 858
974 1166
158 1190
684 1932
154 3268
2024 2333
1071 2767
2109 996
3435 1134
4573 3990
4205 1776
4974 783
2404 2121
595 1440
1383 519
1422 568
4946 1337
1757 3294
1925 4738
2104 1471
3005 4362
4750 738
477 302
4467 3912
1154 185
4694 1385
1356 2298
3822 4288
1932 784
2647 1271
2211 2138
3808 2091
3716 1523
2714 1871
3095 2081
1799 3391
2518 883
2808 3067
1268 2110
3169 124
4338 4483
4141 1773
2301 2516
4308 2217
2035 4053
2687 3370
4445 2088
630 3074
1551 3138
2420 4031
3536 1261
4464 3607
674 1162
3607 2760
2491 1382
2696 1135
560 1394
753 3577
4565 4812
4004 3794
4477 1348
4671 1018
508 273
1613 914
3797 2445
4007 2954
3499 3316
2244 397
4459 1940
4234 2711
1874 2146
1756 545
1356 414
2027 1839
914 1458
3443 267
2077 1433
2469 2427
3298 2222
3963 3917
4601 536
2144 2583
2606 825
2025 2209
386 4427
4489 2058
2300 4347
858 532
3492 1914
1039 4491
1757 3738
4405 3993
4289 3896
3718 1701
1899 2155
4094 4594
515 3713
3798 1951
2726 3477
4517 1929
2249 4107
563 4915
2082 667
920 2976
2873 506
3462 2247
1347 1115
2772 681
4545 1854
2402 254
3854 4666
2956 2961
1335 13
2561 1552
2899 4387
4471 4297
2812 3055
2352 3132
2461 570
2589 4291
4610 4677
3464 2936
4352 4175
2605 2536
786 4656
1160 752
4293 161
4104 2416
3306 4692
1029 4968
2915 4661
3705 3028
1387 3631
4925 3339
1937 3118
4477 455
2710 4064
960 409
447 3525
2650 759
2825 3198
3342 1924
3137 273
2376 1044
3581 4186
2952 1897
2637 3593
2270 2167
2248 4395
3933 3221
2583 1240
4462 2782
4899 372
4946 2214
690 422
4361 3908
1277 82
270 3882
1196 4174
1837 832
2842 152
1233 2277
260 371
3161 3935
1120 3914
524 3996
1388 1487
3503 2222
3091 1389
935 2492
559 4417
4037 1376
751 4823
333 423
2544 3648
3300 2897
4151 1526
4078 927
1959 2280
1767 1424
4038 1186
30 561
1569 2461
235 4702
4520 3999
4089 3779
1625 3603
4249 4335
4537 4503
4779 3478
4589 635
1594 4126
1915 368
2149 2237
4280 3760
1129 3745
1661 2137
1743 2182
3049 4289
914 976
2255 4282
2708 2340
1449 650
3329 4425
1069 2224
3027 829
203 2844
3287 1859
2489 1745
993 1542
3472 262
4517 1977
97 3009
1750 1816
1646 2543
4154 2755
2601 1436
4006 2337
3774 4259
1143 2874
4465 1358
762 1156
4124 4848
4932 2518
4964 195
4032 4583
3496 2344
4425 1912
4171 2849
230 1598
198 1929
375 3638
128 2905
1397 333
3567 2985
4941 3706
2706 1332
4939 169
584 4775
1417 2776
224 2285
2037 561
3498 221
1226 420
651 44
4684 2847
3765 413
4231 2756
1480 4547
947 683
4262 4430
1769 4485
826 1733
4753 4049
2587 4968
4989 1689
1481 73
1227 558
2948 3638
1892 4497
2858 4077
3972 4599
4371 2629
2710 3286
178 3959
1782 3711
994 644
4101 3545
4399 3246
452 1197
4774 4289
1833 2782
288 291
1145 2205
856 4621
4939 489
2339 1968
4359 3408
2708 3173
1585 4767
3609 2418
3305 1782
4914 3449
3335 1057
3327 1617
1271 868
1066 3900
4571 4371
2084 570
4611 662
3654 681
3164 4258
2249 2280
4566 3074
3196 2291
3053 2967
2997 4397
1189 2098
4642 4058
2026 1837
2236 2437
347 3835
1003 2467
3148 2843
2647 3492
4852 4146
60 2585
136 1914
1273 4982
20 2500
2851 2357
145 1882
1214 3012
2783 3696
3871 4009
4610 3217
194 127
263 2104
3939 4555
265 1121
3495 2147
2851 2733
4463 486
2445 1936
3873 3994
2227 1013
3267 917
11 1328
1569 1434
4221 2537
2536 2292
2096 309
3374 505
4787 3382
4156 901
1694 3283
4873 1958
4942 462
3993 1070
1137 2196
3657 2779
1543 810
1369 3570
31 3293
4244 180
120 182
131 4017
256 4772
1696 4117
715 4031
3823 1408
1471 2097
438 1056
1779 4238
1290 3322
2934 1503
479 1591
737 3276
962 2230
2640 1277
422 2527
4758 3698
4282 2948
3963 4924
918 624
1706 979
514 3211
1653 3616
1874 2650
1159 1734
1823 2172
1797 2670
3251 4033
331 4491
4593 4284
2846 4463
3253 2100
974 2003
3856 1971
3163 3956
2718 2685
1873 1277
4483 4426
1617 2127
1759 747
304 3771
4854 3488
4401 2784
4756 1376
4157 177
1911 2861
1510 2343
3451 4095
3216 2399
1504 1072
1063 4671
3252 3540
374 3932
2548 4844
3827 4720
2493 3743
2864 3666
3953 3587
1659 1353
2755 2112
1091 288
4040 2602
1574 1253
4793 1347
4967 349
3907 2568
4335 1455
3289 37
2552 4072
4232 3783
2763 3543
568 1712
104 358
717 2313
2900 4199
4551 953
2637 1027
2462 4420
2021 4703
4534 1297
2543 4634
2905 2249
2004 2686
3359 1748
3268 422
2268 3086
3221 1648
1972 121
3180 874
4366 2852
2048 2108
2330 2059
1395 4689
3496 733
4771 3176
1872 4882
4403 155
824 3815
3121 711
59 1201
1002 4331
1585 1898
1553 3089
75 4435
2021 2900
4200 490
3486 1270
2897 2259
2623 3058
646 3952
2797 2881
3964 608
2787 517
1119 890
4466 996
1879 3485
4045 2341
456 1621
3231 2046
833 4622
4998 2393
1510 2034
3798 3910
142 3640
1353 2928
3016 2530
4946 4087
1964 617
4744 3676
1621 3610
2199 831
4235 1369
1074 2349
569 605
3078 1569
3561 181
2968 1777
2940 2149
4272 1292
844 2091
1631 3481
3469 4263
2862 8
1324 995
2324 3050
358 1799
4997 4621
4818 3003
992 79
897 2484
2650 1449
4692 1255
257 505
754 2052
4408 567
3318 3820
61 3405
2492 3591
4911 1495
547 3210
2750 1498
883 616
906 1692
2522 4701
4792 840
923 3991
3470 4962
845 3015
3426 1258
1698 1633
1461 700
2392 4212
2486 918
1329 3650
3569 1047
2567 3235
4960 2007
2283 1591
1621 3590
3922 2910
3014 3153
979 4257
2936 3764
2465 436
1244 4519
4924 4591
4287 4598
4040 797
2423 1716
4265 732
455 186
595 1144
322 3323
3814 3476
2560 1696
3046 3616
1956 481
2631 4468
2025 3742
2114 958
3621 1296
3825 4949
4365 2664
94 4152
4029 714
3153 2884
1528 3411
3758 1079
1114 1005
4088 2730
3029 2324
2151 2951
3353 1955
3776 4213
2686 784
2590 374
3136 4949
4808 472
1260 1828
1080 2392
3995 4466
181 1302
1136 532
4865 3139
3848 1986
1542 2924
4967 4259
4337 1242
2614 492
2138 2102
3659 247
3506 4962
1479 4332
2903 898
1381 2424
4589 2554
2511 1933
2039 1729
1729 1459
679 2019
3978 1420
4032 2258
2084 3746
4279 202
3336 4865
685 1432
398 1118
1498 2380
3589 4813
4879 1815
2591 1767
2289 1138
2348 2703
3314 1781
2187 2139
4518 702
628 1774
1907 231
1635 3009
237 4295
4916 956
2511 4952
18 2622
2141 1085
956 4012
4560 1774
1961 691
4856 2204
3173 2478
3524 357
3349 1992
3818 4757
4792 2757
3008 3306
1856 4346
1394 1050
2479 2650
1912 2561
3134 4517
4029 978
2064 4466
941 288
2078 139
389 1275
3173 2714
317 648
4401 3314
1109 2373
4712 689
1405 1517
4013 3756
3289 4019
2335 1646
2541 3243
2694 1772
706 1090
1881 1467
2360 3937
3433 367
4503 777
3199 2999
570 1152
2181 4857
3691 4623
4641 539
1339 1186
3101 4800
4251 1948
1368 2197
4665 3954
1381 2698
4740 1005
207 4488
4795 2725
3241 822
2688 2765
4729 2463
1090 4614
2665 4411
1616 2818
3072 3777
1090 4420
893 727
1084 616
1956 1978
1864 429
239 1021
4909 1994
3732 4474
73 1401
4515 4264
1705 3251
190 2659
4626 3404
529 2514
4081 2685
387 3031
4753 3693
2306 247
3737 1075
684 441
3592 4351
1325 1209
3677 409
4537 1387
2318 2369
3845 1090
3245 3061
4032 1422
56 1061
1124 2454
2657 1541
1389 1688
2967 3676
829 799
343 1073
3712 1613
1496 350
2832 2297
4293 3879
961 3038
971 2103
598 1148
1898 140
3275 4068
2590 1640
1424 4311
2580 2341
81 2705
3725 1627
505 512
3302 1516
1154 592
1854 3036
573 3052
3475 3452
4957 4593
4997 3947
2315 3654
2806 3701
2369 1896
4609 4031
1964 3938
2157 389
775 4886
2370 3608
2004 604
4962 2954
4188 4293
2013 90
533 2991
3037 3633
815 4601
2008 3394
1852 2910
245 1153
1780 2728
3549 1993
2856 4934
1354 4836
4943 4840
4904 4171
1366 2242
1922 678
3329 4705
4943 2731
428 4582
2528 863
4681 467
1211 3831
2892 2079
297 3312
492 668
3005 1315
4894 1299
2848 4887
63 4059
19 2289
3741 539
4734 4056
2003 4774
4071 2084
3977 3328
4894 2439
1901 1900
4039 2042
4507 4882
1263 3235
2414 2682
566 901
4906 78
74 2795
1802 455
1852 1513
754 3363
708 3767
4558 408
3063 3307
4302 3902
2577 4231
912 683
3674 656
2047 4590
4197 4568
4242 4472
4512 4874
1947 4294
4722 3598
1601 1874
558 843
2727 4205
4532 3318
3107 3663
2214 420
990 324
3299 302
2419 982
3489 2172
1242 315
4706 1408
2623 4262
4698 2495
2305 4420
1129 713
4377 2069
549 2524
1792 1672
3770 4992
2126 2981
1314 643
1957 1283
1593 3580
4266 2212
435 368
4612 1838
457 4122
1959 1039
3834 2838
1819 3173
3848 2737
2963 709
1640 93
2203 1807
1332 2992
3168 2713
3336 1235
351 1966
4625 115
1706 3614
1888 4481
3508 2520
2173 4663
280 2438
3762 3375
1264 824
1985 2530
4223 2003
1884 1473
471 932
962 2302
1399 4253
3432 18
1977 609
3060 2244
4739 585
4975 2303
3285 3052
3178 3467
4777 3184
3081 3088
28 1064
4381 2496
2343 717
115 4714
3881 1182
2584 3307
1764 2316
2793 3191
4492 740
393 2552
4961 1537
1973 370
2259 4926
3457 2522
325 1431
614 3372
1596 366
4291 2785
1714 2111
4677 3596
1867 2000
980 1865
3469 4381
3737 443
3164 755
1797 374
1454 4257
2196 1216
1678 1606
3734 2047
4521 4211
1238 4174
1125 4502
1317 1067
4206 2211
4965 4653
224 4007
1049 3564
2172 3502
4583 3671
3280 2947
2693 214
343 4701
2066 3297
1843 4798
3276 1642
314 147
1903 4372
2551 4367
3457 2011
4059 4366
652 2938
213 332
4131 4277
2081 4523
2933 1469
2433 3391
4753 4136
632 4303
1454 1236
503 2974
753 3388
1900 1821
4128 2111
4559 4008
4618 3008
3353 4088
1046 219
2546 1756
4521 1883
2197 4147
3229 283
2925 748
4267 513
4205 1483
503 293
2831 3537
1483 3399
4366 2377
2852 4454
3029 3550
111 795
4217 4273
2747 1745
2961 3406
3362 1387
2977 4666
3943 2416
24 843
2800 4862
3864 1591
1805 4379
478 4549
3871 2882
4346 16
4573 2510
4233 1230
1456 3814
687 507
3631 467
603 2244
789 4289
3039 1739
503 595
3587 2429
927 2262
4350 4179
361 1872
1936 4961
4392 1109
4996 4953
695 1764
2643 2405
1479 757
431 4210
1867 1427
3728 1302
3300 48
4020 1890
3983 4377
3556 61
1824 4286
4237 3894
2898 4798
3073 227
1651 2543
3265 611
4626 2869
2582 1299
831 1561
3056 2365
105 2470
2860 581
3039 4680
1859 2950
118 846
848 4174
3975 2007
478 2410
273 3737
749 4494
951 2505
3360 3875
1632 2844
1180 4077
4208 1103
1057 2292
2508 4106
1969 805
3612 1724
135 2765
2645 2640
1509 2632
3529 4542
206 3072
2180 1734
2522 4603
4927 3015
3565 4484
1633 1451
37 4479
2095 4713
2670 370
224 444
4251 112
312 3918
1206 1612
3927 974
2949 3927
3276 3467
1000 4513
971 2330
1295 191
2057 4585
3798 707
4190 4480
3520 999
3609 1640
4368 2782
4811 2461
1715 868
4877 3094
2396 425
3151 4382
217 1535
341 3344
3640 1965
2238 1798
1891 504
65 3035
588 1633
2026 1930
900 143
4791 583
4120 4675
3648 2983
247 327
2768 3463
2476 3636
3771 3771
1170 4029
1680 539
1963 1488
732 4692
3581 1285
4889 4040
4336 1790
4816 1009
1151 347
4696 933
1975 2712
4789 2682
4775 2816
4006 2832
4683 2123
1064 728
4725 1967
3583 2108
2526 1337
2118 1708
2820 2804
3159 253
4693 3577
527 4381
887 11
745 379
234 1223
2121 3768
3730 4246
3785 3004
4419 1786
642 4118
409 609
4074 1825
1489 2625
2572 3703
749 2659
1802 4481
531 4779
503 2012
1898 579
270 3919
2642 739
1636 4223
3504 1851
4122 2988
3572 4609
4446 4527
4350 3749
645 1742
3313 4003
4251 4325
2862 471
4157 3760
1865 4632
2375 503
4759 4170
1581 2120
4080 1055
581 1461
4074 1495
3185 325
2610 4790
1893 2988
4263 2404
4403 2052
2333 4636
1078 763
2600 2597
2562 509
4553 3045
2531 480
2463 4752
607 1174
3878 2549
244 4421
4881 413
171 2594
3378 4968
2541 2625
129 3710
1789 545
3352 1145
1071 4761
293 3069
3234 1821
407 260
3753 4656
4884 620
3981 4362
1489 4425
3726 1423
3817 1356
3713 4427
2070 1670
1956 351
3064 4299
2711 3920
3169 3987
3391 4522
706 1070
3139 1805
3424 2323
3713 1608
1588 3838
2000 244
1660 744
2721 3629
4033 2830
2882 1071
4295 178
1592 3801
3998 1619
3636 1215
2552 1401
4344 1364
4555 2566
2495 2723
1572 570
951 2610
2164 1436
540 4958
3083 936
139 418
1649 2262
977 2805
24 4605
933 54
2950 3258
3422 3616
382 1364
3529 1514
3599 2316
955 2902
3489 668
4334 2861
2288 549
3479 1473
2883 486
2022 136
3344 3480
2594 3269
1877 1712
2515 2194
4241 2648
2359 2730
4910 4421
2078 4642
959 4562
4817 667
4542 1220
361 231
2781 682
541 4384
833 391
2319 1490
242 2744
55 4412
64 3635
2859 384
2234 4166
794 2092
2509 2347
4803 3746
2398 2500
1637 2161
3837 600
2436 4011
2483 4298
1560 3309
4913 2395
1349 331
4277 3480
3382 130
4798 4151
1865 1444
2301 4002
3050 1174
1904 641
419 905
1139 1794
220 2636
90 3517
2007 89
750 797
413 814
223 169
681 542
187 3381
4577 699
3541 1836
4190 1652
4974 4828
29 3498
3002 3104
1707 4257
4111 3503
501 3269
3355 263
60 4336
2573 2619
1870 2855
618 3843
639 2814
2053 2139
4738 677
2217 2376
786 212
65 4475
781 240
1478 1312
2390 961
597 4399
3705 237
3676 3067
4610 230
4109 1982
4966 1569
3032 4691
4498 2174
3389 4877
2228 3617
1988 1401
4623 4348
4550 1804
4658 1904
3962 192
283 3225
356 171
2120 3076
2243 1732
3364 2895
2285 1284
3212 4559
4582 982
1241 3090
532 1490
2307 1645
4532 87
156 2199
3002 2253
2038 493
2233 4782
661 4367
1089 707
308 4784
2909 741
3388 1909
4892 144
2299 4571
238 3093
3468 1408
2431 4668
2209 1871
176 2489
1612 3621
1244 509
2991 4218
1397 4315
379 3527
2505 1122
3002 1517
4036 2470
994 2448
2917 2606
3184 669
1815 4811
3853 3881
2018 2097
350 3880
1496 273
2376 2683
1590 4392
2103 2697
4641 2058
4850 268
4726 936
2535 3374
1483 2855
3612 1742
2985 1819
350 1177
3572 3219
1352 3753
1594 3382
3874 4503
3702 861
2532 3005
4066 3261
1651 1384
3469 3461
3092 4716
4511 2167
378 358
3057 3238
3107 1427
3869 2313
3518 2802
3336 2126
1100 2049
4390 149
4342 200
3469 2716
474 3620
4573 4677
277 4727
1065 850
4337 3290
976 562
4472 4510
1001 1299
2933 4640
3210 1456
1109 2390
4644 2110
3896 901
3280 4607
2417 46
2045 3548
3333 1163
2802 1067
4968 267
3711 4601
4133 2576
764 315
219 3898
4855 3094
2177 4782
714 1056
28 3661
1924 4996
836 2356
1747 2199
326 4511
1722 3797
4850 2393
1756 4853
4358 432
2780 841
169 1425
3610 3763
4052 185
3455 1634
2378 1072
1952 3560
656 3287
1692 1405
3037 2933
3732 1384
3515 2096
3440 1323
2043 3537
3813 849
4128 3423
697 1759
4161 2527
1146 1118
1782 455
3755 2097
2805 4962
3957 1494
524 82
1814 2626
2807 1597
2657 777
1729 243
1600 1471
4607 3598
111 3458
4590 3259
2426 3838
3319 3935
2808 3370
2210 4160
4074 4144
1666 2523
4965 4949
3008 3794
314 802
4333 2403
4944 4891
698 2671
1580 1631
677 1751
24 459
4360 2872
2682 1390
3398 2913
632 432
1229 688
4374 1026
4826 2748
2617 2085
3086 4541
65 357
1555 2958
2126 1724
4569 308
1202 3873
4150 4953
2435 614
3323 4532
171 252
3297 1549
2908 4227
1037 2144
3591 3587
613 1648
392 3136
1067 404
719 346
865 3290
1026 2222
3262 3974
4075 5000
590 4785
3096 1211
2675 1637
969 2230
1920 1625
980 1252
3497 41
3808 1219
1430 2198
2453 2073
1455 3169
1495 1464
601 3875
1119 3763
3428 1577
4367 191
2856 3502
1510 3719
1858 165
1621 2012
633 3627
4196 1053
3605 4624
2556 3289
603 4127
4245 3321
2500 1735
1001 4933
3989 2968
1482 611
2419 989
2163 2800
760 892
604 2888
1051 999
82 1365
1486 2440
4162 1713
697 1601
4239 4621
3668 2578
3015 990
1392 3192
3311 1137
1117 3567
1731 264
1252 4107
3779 831
3890 1214
4561 4489
2717 1013
213 3079
2274 236
3594 2056
4186 1910
1804 4774
1913 648
2777 938
1566 2056
4394 2502
3976 429
1910 2042
518 559
4685 2077
725 64
1961 4249
2979 1266
742 4574
2486 3938
162 2265
4099 1397
4161 4407
161 318
3549 1732
4379 2705
2710 3081
1704 375
1871 348
748 82
3604 2522
4737 513
1996 4784
4053 4293
3412 2757
751 4077
3895 3479
4730 84
2924 1405
2041 1326
577 3634
4106 227
3757 3999
387 1312
2114 4472
4896 4019
2014 372
1854 4207
1751 2487
2944 1424
4229 1661
4013 4303
236 1036
1854 3899
4941 1076
4619 48
1542 4935
2767 3564
4839 1312
4392 4442
289 3058
2451 4529
2602 2581
791 2086
2337 3203
1684 3379
2453 3972
2260 3090
2677 2436
536 539
783 1064
3663 1115
1088 3831
2758 2211
204 3023
3115 600
2377 3847
2872 3210
1943 440
1401 1871
3268 703
3638 3786
3800 1880
3969 3163
1988 2622
3100 722
898 3950
2108 395
3467 2751
1808 2053
1204 4649
417 2915
2111 2206
3286 1056
2322 4108
4835 3454
1171 4557
982 1318
4397 3028
4431 1067
4864 2392
2181 2910
253 2950
83 2160
2185 4176
4043 1612
842 1651
1172 4515
4845 2749
3021 2889
1700 4136
2999 3127
1968 3115
1314 1179
3914 4819
332 1636
1101 2549
4768 4444
1445 465
4923 4476
1468 4
1131 3931
2687 2734
2832 4402
169 915
4087 3221
1275 371
1537 404
3240 3843
1953 1017
437 2364
3883 3975
2674 680
3399 4152
2199 427
4598 2086
984 97
1729 4890
4198 3512
3012 50
1331 1488
2395 4850
443 722
281 3736
514 392
2157 1184
384 3150
127 1337
1852 1094
1835 3807
72 3459
442 80
1156 4581
477 591
3880 4395
3046 1498
3755 1688
2209 791
2926 2008
615 1984
757 371
3652 4283
3107 4978
1284 4330
3145 3879
101 109
2616 1737
4851 2108
2120 3933
2579 1608
1269 77
801 1832
4883 1486
4983 2945
281 2223
2306 687
4960 4197
2496 597
752 4080
4457 4975
3150 3661
4003 2595
1993 3004
1612 1923
2088 4376
521 132
571 4521
3085 462
4606 512
3096 1720
2563 3612
2383 4974
4624 1394
2049 1367
845 1823
268 705
3424 3792
2679 4562
4098 2996
4815 4156
1999 208
2228 4453
510 28
1232 300
1027 333
1273 3206
219 672
1229 2217
891 4330
413 1581
4662 1166
3064 3444
1378 2428
4637 4313
946 1439
4266 3768
3318 2201
4158 716
2477 4101
2466 16
917 4156
2162 1484
2745 3243
1430 4924
836 4771
4327 2323
4136 4163
3230 1421
242 4415
1950 604
2760 844
1195 1998
4375 176
3654 4386
2637 1227
2095 4040
2602 2160
2842 3943
2840 3576
1 4486
2448 976
3932 4470
1351 4315
3378 4938
4387 542
3705 1548
1067 2794
3307 788
3911 4533
3541 291
3397 1636
4116 1164
1321 3023
957 3686
4811 3005
1468 1641
2680 4684
4160 3641
1093 4464
4229 2910
2744 3121
2232 4691
3747 3560
2205 29
1941 1998
2830 4979
3836 1889
2350 1604
3570 2856
4818 4742
707 1884
1168 1213
1894 4544
3748 3222
1462 4419
1218 2762
2256 603
87 1085
1179 2822
3722 3768
4641 2727
1043 4080
484 2194
4679 2748
303 4804
1716 4236
2772 2536
2490 4119
3252 3761
1637 235
4202 3049
2868 1695
2651 2582
3155 845
2319 2081
4654 1943
4574 3305
1342 2790
3696 3704
1040 3293
1707 2252
2120 711
3298 3079
479 3422
427 2955
4642 2570
2757 3048
690 735
4202 4513
2495 2001
1517 1249
1958 3636
2161 2306
4799 288
730 1993
3464 838
1294 1302
3416 3925
1839 652
2088 1838
686 1837
158 3995
3591 4538
4332 1618
1834 4621
1115 30
665 3813
1007 1621
3010 4864
3284 3753
24 491
3854 2439
2508 4764
3803 3043
2201 3976
1275 476
1882 3107
958 3755
282 566
4753 931
2867 1001
3976 3771
708 2308
2704 357
2620 3809
2334 1289
971 395
3756 1048
4093 1814
4792 4675
559 80
3084 4399
3885 1747
1904 1286
1410 1457
3690 59
202 35
4257 2216
4748 249
1928 4044
4685 3364
1723 1569
4365 2842
43 3137
4834 2045
1230 535
1697 1280
4409 1951
1210 2288
4538 4071
3716 4359
91 4034
2292 2683
2577 2023
3353 2461
4478 2180
3003 3116
1965 3026
140 4843
2876 2452
2724 2641
1537 2661
2987 4446
2572 1333
4406 1790
1902 712
4226 868
1439 3341
4144 3073
1128 2037
1434 2869
4583 44
2297 4897
971 507
4223 827
2288 2679
1163 1546
4966 2336
2516 4431
4171 835
2733 3909
192 2320
4231 3968
2058 14
3330 1034
321 1901
1137 1147
442 2183
3637 1929
1140 2200
4276 1254
2196 1486
4211 4430
2524 1944
1644 1752
4199 3553
1186 3913
1162 1645
3976 4426
2845 3690
44 512
649 1473
2973 951
1280 1730
3553 753
1725 864
4864 2018
4042 659
2789 535
4085 2997
2513 4382
4778 400
677 197
3836 1038
1228 3539
1392 1575
4603 534
2828 64
2847 1669
3860 231
1765 4482
4969 53
2441 3808
341 2501
4027 4433
4764 1524
783 565
4646 4755
2221 1776
3455 1332
4147 2064
788 698
3566 2523
3353 3684
1688 3502
694 3336
4484 4058
4831 4475
3414 1672
2836 2233
3084 4050
3876 1568
2726 2971
2573 584
4117 3592
3265 3846
3717 56
4897 1516
2531 4961
3399 4248
3765 4677
1239 3384
1774 852
1108 2698
1820 4702
451 931
4258 2853
754 2032
3630 3879
664 3733
3368 4105
4109 1401
3251 304
577 1403
2778 4489
2886 3127
1931 771
688 349
429 243
2769 3656
3768 2476
4220 3054
1868 3397
85 766
723 2803
527 3518
2008 271
350 1500
4810 3199
415 771
1165 1697
1770 3508
1280 1665
3833 4503
721 4295
737 4518
1001 3053
2992 4660
3541 2220
4112 942
1247 2725
4155 3237
103 3028
2628 3639
1514 4994
3926 3702
4608 276
2208 4952
445 1184
101 3858
4072 2017
694 3206
1363 72
3186 2437
1021 3217
3050 168
425 2121
3263 3612
2312 2037
3169 1633
4016 4037
4721 301
4648 3176
4981 2422
2351 205
1642 621
441 852
1006 718
1845 489
958 2335
4819 4661
3907 2800
1806 3722
498 2679
2579 1985
4105 1840
4091 2045
114 1505
2637 2962
3681 713
4671 2366
1469 781
70 4384
441 1828
7 637
6 375
2196 75
4299 3310
4887 69
2122 1376
980 3374
3381 1138
3280 1822
2849 2701
4546 1668
4089 3541
2469 3418
2419 2178
3596 450
3194 3072
1780 2995
674 4056
1784 1501
4398 1886
4501 2566
2866 2005
2626 234
4718 3816
3150 2326
3856 2694
865 3961
1492 1159
1467 49
3275 1488
2779 865
1916 2354
3361 2193
957 2764
150 3316
2671 1442
2145 1106
3904 1360
1881 1645
2870 4664
4856 1760
959 3868
4237 563
382 2073
537 4650
301 1012
2312 2163
4639 4694
4749 4485
3311 3885
3362 3862
1129 141
2681 211
3352 728
339 3660
4340 560
1455 4243
1885 4249
1086 3514
366 2814
1649 2265
4009 597
739 1368
2933 1409
3836 1288
4666 4196
3824 559
2943 616
3980 3911
3360 4932
2092 1695
2161 73
2999 880
2580 1048
1362 649
4604 1305
2802 1533
1121 794
3044 1451
1990 3400
1652 29
907 4723
3974 4069
4676 4531
2710 4032
1607 3743
3626 1866
4865 517
2824 3289
866 1441
2373 285
3401 4474
3957 1715
2729 4451
982 1131
4496 3543
3000 4112
2132 3471
3384 2413
3354 4370
1117 1111
3334 4941
3713 4600
3271 3118
1082 620
3339 1085
3026 3529
706 2117
2043 2579
4441 514
1580 1292
4916 2031
2017 3466
1469 4015
451 1481
1866 1265
2061 2910
4985 3843
4145 4996
4266 3362
2896 615
2927 1290
4491 1213
4324 46
3415 707
1690 2163
4889 291
184 1056
3263 1216
1672 884
2682 4811
2941 2422
2390 612
448 3097
1501 1412
129 3191
1509 4596
368 3738
1865 503
1841 2621
1570 621
1768 4042
391 2620
4221 3894
1324 678
1875 1429
3939 234
1974 1666
970 83
1337 1188
4281 4111
1860 3050
2196 3820
2024 1488
2644 1747
3815 3330
1657 4585
355 874
1796 2690
4408 181
1103 2084
1056 788
4968 4166
1160 4128
2718 1019
3930 569
3374 1930
3280 675
1471 1398
4392 4289
1943 1055
4301 1087
3749 546
2171 3935
4780 599
4231 1308
1941 1885
3977 2185
1852 1857
300 2805
4400 3314
835 3683
1162 2857
1189 806
4242 80
4108 143
1484 3921
2871 791
4814 763
4256 984
3517 3093
2515 969
1887 422
1616 3030
4344 3379
1109 677
4619 2057
4962 4136
278 913
925 3525
1470 1143
2920 4304
3001 1360
4744 3656
1034 819
2706 1870
3561 2679
574 1781
2927 1297
2457 499
3167 186
1969 1963
3387 2894
3578 504
4762 3706
126 1367
1134 709
3571 2250
3340 2576
2987 2741
2933 3233
1850 1098
2290 208
3383 4478
4019 4822
1609 2765
2254 1101
3240 4951
3886 2470
3154 3081
3972 4241
4731 2663
1514 1938
3532 4306
4899 4240
821 2773
1459 245
960 3168
3294 1081
1984 4015
4604 1054
2039 1052
3876 2075
2367 1379
679 3924
2238 3580
759 359
1077 62
1695 2025
2890 620
735 1455
4572 159
2479 4880
1794 2965
3263 2943
432 2240
4934 4297
325 1338
1063 4952
1081 1111
4430 671
2715 2046
4550 581
60 2782
20 2896
2066 658
2165 3283
636 4113
4240 2209
2176 405
4429 4422
2032 735
2952 449
343 1020
2605 3869
3506 1501
4625 3306
3395 3702
641 2879
844 4135
4564 2017
3419 1990
526 4053
4613 694
182 960
1291 2919
3371 3060
4308 1283
4573 554
4899 2999
4537 3615
1465 1404
3044 4419
4537 4639
1072 4207
942 4712
2804 2987
2999 1985
4205 2329
2013 4943
3946 2742
2197 1031
1700 4097
3104 3539
4007 4524
1764 3823
2811 4536
173 2049
388 4494
4707 2168
3464 3010
2695 686
4535 3751
2259 8
77 352
2819 4098
2319 3477
790 3750
2901 3401
206 4285
1831 847
3373 4385
2972 2196
4262 4128
4527 832
1394 1902
4063 4350
546 36
4295 3663
2756 1757
3703 2391
3797 4489
3243 3594
53 1313
835 657
4343 1593
4802 4841
4865 34
2970 3319
1620 1111
4806 1226
4471 4845
588 3393
3012 4699
2407 455
3759 254
4192 3789
666 3009
1702 2156
2417 3905
930 3873
1988 640
1752 2253
576 3175
3640 2456
4350 2034
3801 4349
13 4291
2894 1078
2384 3756
3902 3305
650 4249
4308 47
374 2382
2507 3175
166 4589
3112 2109
3789 4417
2454 999
1111 3030
3773 4702
835 1346
448 4048
3181 433
4191 4259
2121 1691
1055 4696
644 826
686 443
71 2743
4010 265
482 3791
3443 1299
1449 491
4428 1089
1907 2787
1227 4150
2561 441
910 3834
3796 4049
219 1738
2638 3789
2306 1440
191 408
3472 134
3370 3176
2147 4325
42 3620
3015 1420
1120 4858
41 4693
2702 2839
579 4519
1921 3938
3565 2467
4039 3012
3074 4674
3430 11
4522 843
4110 1968
4208 1512
3356 3710
397 1165
2910 6
684 1981
931 335
3957 711
3435 2315
3117 4604
4641 567
324 3688
3188 884
4825 2611
4968 435
22 3032
3955 3170
301 4695
2622 301
481 2459
2212 1546
925 2732
3984 4344
2238 3974
4889 440
2251 4109
916 4834
3667 4241
689 755
3191 2209
1930 2878
2667 724
1235 514
3343 590
3760 1300
593 777
4507 2532
2657 184
3524 140
3150 1564
3220 1166
1347 429
4151 1925
574 2593
4941 824
921 583
3366 4226
2214 2681
4160 3460
3056 4765
4371 4136
3018 4521
3152 4556
2666 3120
1409 1638
3375 1933
1260 4474
3457 4634
2142 2116
970 4051
1517 1916
2540 817
646 986
623 386
3844 179
2646 3907
4602 102
4831 1522
4059 2270
1329 3228
4600 1641
4225 2546
473 1379
3099 3737
1900 3863
1066 3065
3215 4613
2030 4959
2805 374
727 817
539 1581
777 2636
1313 4818
4844 1564
1907 4189
4083 2282
4518 1869
2630 3320
3914 739
482 2675
114 3474
412 3995
868 4641
585 1505
1822 1270
359 1851
4378 1044
2879 2600
1017 4807
61 3251
1273 4716
4273 344
3222 183
2177 366
1725 2907
843 2951
1338 538
4831 3623
3146 458
93 4072
1079 2391
2811 746
10 3821
3863 2796
3754 4790
2846 4814
1023 890
2925 4564
3499 678
701 1561
1828 3225
2164 4041
3366 552
3098 4607
64 3292
4176 4951
620 2716
2547 466
86 4446
1896 1339
4329 4816
11 2486
29 2961
3040 2249
282 865
1669 4865
2899 2000
4375 4563
4544 3023
366 1519
1809 1905
2612 926
2460 2914
194 4134
533 1694
4736 4633
4280 4473
3842 3243
4765 2994
3592 1827
852 3131
3198 290
4080 1315
2010 1490
1965 2778
3652 1434
1681 2374
4201 3780
3591 104
1500 4292
735 2053
854 1442
3460 3607
3334 3943
844 4562
4906 1667
3789 3712
2259 656
1192 3972
397 2505
4880 2148
1635 92
248 283
3442 1967
1786 2298
1173 1180
4995 4097
3558 4334
1577 3963
579 537
2907 2345
2759 250
1292 4328
1760 4553
3155 61
4793 4194
2539 1013
974 3548
79 2685
2504 616
1175 2389
1602 2249
1191 888
1392 926
3475 3082
1437 161
1517 1354
4954 4449
2382 2866
4327 203
3039 511
706 973
4355 2312
547 1660
35 2903
2940 1531
2568 1585
4292 2265
4048 8
2848 2024
1172 712
1124 3506
1863 2844
1994 1159
4148 4571
347 3631
1819 586
4227 4693
4912 4774
4433 742
726 659
2948 545
2700 3996
4713 47
2530 4719
1665 3677
4927 4360
4563 4808
4696 2507
4742 334
3217 361
3939 3357
4545 2165
3958 2217
4109 2827
771 1640
2134 1913
2171 3384
2173 1991
1659 3827
2040 1324
3500 1775
1850 4850
2252 2973
4418 4693
2938 4579
3929 2284
364 3353
2300 2285
952 753
1093 1355
2595 219
4284 3911
3795 4439
269 1770
1078 1323
1168 4836
2856 3462
2217 3737
1127 3146
3686 893
2153 4417
1493 3702
3292 2325
1388 3930
3796 2242
4653 4646
431 1740
3329 1673
4389 3074
3043 445
3169 4275
1879 1919
350 1159
785 3960
902 2975
4370 3935
2605 1740
3962 4293
4934 4178
4865 2696
1828 1005
3386 4456
2878 4603
3957 2606
3155 1732
4240 2647
2036 1340
1881 2107
331 3419
356 260
3653 3938
1792 3935
1389 19
2974 4996
1942 609
2204 888
3004 3897
2661 336
4488 4736
178 3348
3754 4633
2097 1700
3418 2118
4904 2618
4701 2674
1495 2835
4761 2152
2014 489
618 2135
2438 4004
1334 1819
762 2200
4362 1830
893 55
494 646
672 792
3522 1432
2845 475
274 547
3556 1158
4587 3442
2256 1105
837 1054
1401 4714
2185 2097
2004 3515
922 1234
4326 3749
1144 2543
2913 815
3749 4223
702 2865
1727 74
2851 2778
3738 2863
3733 1819
3335 4985
157 4766
3720 287
1664 3255
4817 805
3284 2490
1198 2815
2296 1228
4916 363
4956 3756
1461 4916
3561 4717
4787 2564
1972 217
2024 39
1928 3726
2483 736
2929 3812
1280 515
2378 1362
3963 760
883 3003
4789 4218
3724 3145
4123 1378
4732 348
2557 2357
2910 4810
2936 3681
3564 1292
1751 3399
671 4145
83 1411
1323 2149
1556 1317
2504 3053
763 2184
892 2209
1783 2756
40 1873
4511 2329
3914 3864
953 3170
3447 2719
3752 4670
2923 3222
1819 17
4526 2368
283 1764
3057 3332
730 636
3609 896
506 4115
1741 1454
1785 4023
1039 3561
1897 2534
2314 4640
1329 634
3078 2777
1244 1829
2893 1756
3529 4382
2384 3046
1985 1342
591 4573
416 2110
4145 2676
453 1953
2836 1727
115 4267
1429 3559
