10000
2676 2867
4963 2235
3251 4366
3790 3492
1678 1279
1618 86
385 3546
4629 2293
1087 1820
1376 1292
637 1978
3240 3227
820 3920
1020 2934
3059 2837
2810 4158
1934 4384
4342 450
4754 3744
1336 2973
378 4145
1339 4296
1519 3885
1781 4250
4808 908
1900 2176
3773 2718
16 4965
2987 337
1955 1704
473 3277
2488 4933
2028 702
4641 2200
304 4552
1211 572
2151 906
2454 3651
3599 2477
66 2576
1232 4766
687 4955
3685 526
4126 3850
3746 1959
925 917
4585 1524
4489 1733
1011 1372
2078 388
3929 4378
3783 3912
786 4401
4102 3246
119 4951
4360 1423
4565 2181
983 1082
2820 496
1164 2468
2539 3595
2597 4607
1119 206
3686 1816
52 1846
4835 3297
1970 4565
1943 3836
2677 4065
2408 1913
3845 2775
2206 2743
1527 283
936 2286
1231 4759
3808 4583
1221 3194
313 639
3210 1091
2032 306
4090 2918
3576 1757
4188 234
1682 3527
3284 4486
4414 2451
4128 2867
2288 3531
346 4326
4663 221
134 2890
624 1304
4090 577
1559 2101
2808 3468
872 4277
3055 3474
4774 2555
1085 3348
4419 1882
3748 470
707 4934
4877 1126
613 3964
4736 1614
1102 4557
3127 4941
3197 3524
676 1312
3597 4642
2835 1827
3226 1697
4848 100
2018 1468
346 2529
3144 1782
302 2158
4593 2944
2834 1477
3112 1872
1834 3379
2855 1359
4802 1650
2075 2262
1175 1068
2493 3609
437 2647
1214 2756
2520 2974
2142 412
359 55
1684 4512
3474 4815
956 3745
64 2158
4407 624
1677 3607
4714 2867
3712 3922
867 3822
1507 1581
2679 559
465 1575
3779 341
886 598
761 876
3405 2517
191 2342
1048 3655
2515 2959
4367 4843
119 2025
4869 4223
3461 1066
2322 2798
2228 2632
1663 4236
2826 1547
2037 4979
731 3669
1349 3394
1653 2256
3728 3706
3805 313
3475 275
2102 1380
3502 3227
3149 242
1876 3502
882 2583
869 718
4811 1008
4710 1369
1203 4275
831 688
4459 1272
549 3717
2816 2800
2403 1756
3162 2745
4842 982
548 1697
3379 2287
2430 2687
475 4427
2253 3877
4724 2881
1271 4311
710 452
4770 897
3027 1224
1198 4048
4851 668
3213 1272
3492 744
4926 3810
1259 1904
517 3614
2400 571
3948 1284
3848 21
547 4268
406 2752
2387 1199
2200 688
2507 2174
1256 2527
4054 4176
2920 1068
2267 2552
692 3082
272 4792
3988 4666
2260 102
1288 799
1544 1425
35 4429
3161 3196
2917 4192
4581 4202
1348 4749
2125 865
770 4495
4347 4271
1637 2943
972 2458
1397 4755
352 3004
1307 1450
1440 2139
968 4789
4149 131
4822 4708
3690 4290
1837 657
4781 3308
4043 3112
105 1089
1282 4287
4298 1933
1176 148
4453 1166
4855 1325
357 2853
4418 126
2494 1469
1612 243
4888 4075
1728 4666
3773 1427
3446 1127
1904 1441
74 2083
344 4075
125 3820
1771 2661
618 3280
186 1787
2670 4563
529 655
3098 2277
692 1643
1908 2916
3580 2492
4993 3367
704 1107
2212 388
67 646
3108 1785
4217 4173
163 3243
4682 1097
3042 473
2681 4919
3803 3866
538 927
1831 2508
3886 4161
41 204
4454 1307
3643 92
461 3588
658 1071
4377 4849
1121 2710
4367 1085
1324 3864
148 4768
4919 3585
1096 3722
3290 4554
2382 1652
1691 2530
2376 1648
2563 1258
3118 1257
2233 4173
4714 1740
3385 2613
2355 4174
4945 4016
907 2634
2407 317
3042 1655
4270 2004
113 813
2257 2045
4790 2527
24 970
961 3331
266 220
1555 425
3251 3559
2216 3910
4808 4542
2315 4857
496 4473
2041 4873
2722 2417
4301 1540
4134 4186
3957 2991
2523 4958
2626 195
2357 3021
2727 4315
629 1898
1027 3595
28 577
1241 2277
4922 2854
1852 2141
1691 1265
3108 4676
782 376
3840 1803
4400 1807
323 716
3460 573
3796 4538
4111 2373
2651 2663
3502 447
3244 3186
1796 753
2708 3725
4363 2120
2518 2808
3025 2234
4848 261
3883 4949
1923 4296
2416 490
2554 919
3194 4625
2179 2106
1316 2860
4294 2912
1858 2533
3991 880
4992 1465
1203 3215
754 2204
1842 2340
2820 4700
441 1588
3849 336
720 3956
4350 2746
1999 1602
4788 4506
4927 326
1165 4325
3778 567
4604 3803
618 202
1220 841
4710 1803
2699 2368
3739 181
3155 797
1456 3301
146 4814
2338 2970
4189 1316
3899 787
1124 344
4890 640
3664 3968
76 1086
3655 291
2141 207
4959 4309
754 3981
1424 1671
233 3067
1237 797
4067 2809
4887 3448
927 291
3005 4195
715 2021
2951 3810
1622 873
2820 4507
519 1639
2402 3586
1447 3690
1568 1372
604 4429
2625 4630
2572 3392
4855 2105
1459 1191
4486 4305
1770 4718
74 4195
4976 4035
1758 2247
2793 3181
123 43
2198 3064
2912 4490
87 613
1544 2899
4896 3312
2346 4658
2810 351
1322 4616
1095 1933
3056 3368
653 4170
3119 3593
4944 2101
1908 1761
1667 3696
90 3823
4338 332
1804 2247
4359 3194
127 443
883 4397
1117 3085
2646 2325
3089 627
4781 1024
4332 2233
1765 1409
1606 4036
224 2019
1367 2617
4802 2202
148 2782
3757 4216
3795 3212
4899 1924
536 1590
3794 195
3239 1427
2810 3562
4035 4929
3158 3350
3594 4971
1101 1124
3332 4434
3899 3255
1476 2531
598 557
4109 4498
1128 1137
3413 2400
4360 1926
2789 4379
3366 1474
3976 2184
4767 295
3157 3383
759 1992
545 1315
1449 3759
4751 4548
3258 1450
1872 3505
143 4188
3138 893
325 1931
2520 3144
1646 2724
3857 2941
4698 2762
1965 4533
4848 3456
3001 982
3022 2782
4653 2192
4396 3978
3313 3557
3638 1719
703 3479
1081 4356
4860 400
3813 4261
1919 1225
2799 2005
4905 4429
2740 294
3796 2254
1289 2341
718 1186
762 1953
1860 230
3086 4983
3808 1896
3323 4199
2470 2602
3753 4520
2706 3898
3181 2601
3957 329
1827 880
2451 1913
2521 2562
826 3430
4935 501
4586 1309
639 198
2496 3326
1008 3458
3439 2931
3215 1883
2727 2394
1810 415
2615 3831
3183 3365
3740 570
1928 2198
4563 4991
2538 588
2883 1227
3423 4485
2120 2641
4778 3317
3771 1855
205 2703
2936 1894
1120 3654
4345 3649
2023 4098
653 2827
3613 730
2904 3463
43 656
2835 1957
654 2642
3307 1708
2178 4400
4023 402
630 1218
1986 3529
4090 1589
3707 2583
3906 566
681 928
1393 1018
364 3542
189 3371
4937 2316
1063 443
4540 4551
4569 564
2375 2268
1192 1414
4821 1005
105 201
884 3054
2243 3492
3948 4548
3442 3317
4875 4713
1667 3150
4146 1422
1722 2228
3532 4213
4255 1595
3694 2677
3576 108
3120 187
1401 4034
3123 3017
4947 3927
786 1588
1698 1580
4686 1820
3328 3236
3297 3772
1442 774
1590 92
339 2477
4784 3826
604 1472
1143 760
219 701
4521 3349
1898 2581
4941 3408
4075 4580
3374 276
1112 2008
421 707
4074 3818
453 203
3333 2600
2392 2631
174 189
1326 4028
2868 3082
3793 1714
1628 2329
3007 2130
4705 1724
214 4398
3661 4344
1331 4249
4889 4992
4859 4979
1364 1307
3998 3642
1706 3190
1233 196
4298 3785
4246 4794
581 2567
1386 4198
2510 3007
1256 2409
2797 1314
3152 3330
178 3497
4755 1892
166 2691
2358 4168
226 124
4117 4009
78 1574
3992 3523
2550 2550
1142 2740
3635 3110
3991 3316
2631 4117
1581 1405
1069 2192
3481 2419
2249 4987
4754 2609
462 4401
141 2279
4771 4055
4247 1151
2665 4004
4178 1297
1442 3844
3794 4593
607 4863
2042 1094
475 2120
1886 4296
249 3171
4042 764
2065 4126
575 760
4384 2091
1033 316
1277 3038
4364 3412
163 1795
3849 2781
580 2175
2509 2488
1963 2850
374 4723
4676 3034
4402 2886
3991 2243
4519 1851
1896 3857
2397 848
2666 1030
2574 1748
1302 352
847 4589
1974 4950
1898 2987
3921 1436
2040 2979
539 1785
2496 3642
4814 3176
1106 1924
1192 530
2705 3855
1177 1107
983 852
3993 2759
3389 995
2434 2710
4564 3694
1896 1149
1163 3345
684 4361
1612 3063
3668 1972
3903 2607
352 3213
1758 1037
3655 2402
4785 3330
4732 3415
3809 2956
3284 1700
3182 1280
3020 2902
3765 1573
2512 2000
2056 9
4678 1837
554 908
2419 50
2659 464
2071 3779
2206 3700
2927 2222
3053 686
1205 773
122 1293
973 2833
3079 3948
2156 966
1649 935
1572 584
4805 1117
2403 2628
4775 4228
1635 2356
127 2514
2192 2292
47 4260
3915 22
467 2755
3464 2772
631 680
3465 4079
2956 214
4518 748
3700 2368
3671 779
2963 11
30 4573
1385 3308
3826 4818
85 4128
4604 854
3465 3451
3457 1088
766 2
1885 3899
2378 2505
4699 1151
4317 3081
176 1191
2132 3788
1738 488
4122 2242
4345 4823
2451 3107
576 1274
3722 1429
4638 404
1893 793
4755 1366
1450 1477
1638 2575
264 199
3432 117
2879 1428
4677 4865
3592 2457
4962 4080
878 3992
1198 3738
3533 2039
3808 4939
4891 3400
2921 3457
344 1637
192 2903
3153 3606
3385 3369
1860 1291
2132 310
2357 3483
4755 4070
4025 63
3524 1842
3867 2440
4407 2949
3023 3887
1603 4519
2919 3371
1045 1994
648 114
3342 554
3318 106
4337 857
2726 2290
863 2433
728 786
2305 2431
2038 1278
2324 317
2462 1795
4977 3639
475 4708
4226 4619
4463 512
3031 3217
1248 4202
3661 2846
4030 4252
1961 2451
4896 3981
1245 542
2768 3743
3275 2754
4271 2506
2782 702
2097 3602
4597 2207
2752 2133
843 4074
3908 1872
1488 999
255 429
2512 289
3145 3118
3859 2537
4478 4015
3664 4619
2261 633
2958 2378
4099 4358
924 4681
2115 2389
3335 2620
3485 750
4629 4824
3247 4370
1267 1777
4990 673
3581 3229
2714 1059
1840 3042
1595 347
3950 239
1650 3118
3820 578
838 1868
2283 333
753 4454
2345 1305
2998 2711
421 988
1807 399
268 2103
2731 1934
3848 198
103 2647
385 1206
2104 493
23 3079
2061 3008
2869 2053
3907 1542
707 3455
1264 3677
585 4590
3048 31
2756 4991
718 1389
2167 2492
297 1252
3410 867
2488 55
1160 2779
1989 3002
1181 275
156 4520
2349 3612
3461 3779
3417 2822
2079 3898
348 4786
990 1523
928 3830
3071 2321
1943 1388
3926 2920
2568 1358
753 4371
4132 872
1040 1455
4957 4137
2366 3057
2691 1101
2664 354
1605 1180
4362 3109
1661 1639
4204 2490
1238 2351
3127 3876
3593 678
2233 4669
4543 620
3180 4978
3341 2896
1131 704
4351 1488
1192 1130
4217 2180
4833 365
4398 3757
1038 362
2228 256
2868 1760
1614 4838
1707 3740
2222 2793
1582 272
4592 3010
1387 416
813 2058
2403 2740
2370 2835
3110 1185
4148 1453
216 4928
2895 4755
3403 4783
4869 911
4652 893
1357 542
2760 2694
4510 592
1243 3556
2811 1354
4354 43
987 1691
2223 68
3163 2625
1739 3315
2902 4771
995 1999
2103 1633
2970 704
4402 3472
2296 871
1608 2652
4915 4383
3918 2044
67 4693
2307 4786
2228 3343
970 1061
2885 3447
1243 43
2367 1931
230 2853
2894 1026
2580 3242
2402 1611
493 2639
1004 1097
2869 1385
606 3046
275 4732
1900 4148
2624 2603
3596 2398
2408 4223
923 1529
3507 1934
271 974
920 1961
1139 4124
1845 389
1267 948
785 3349
1038 1708
489 3894
3095 4081
2501 2999
974 2488
946 4922
3091 3698
3162 1053
2940 4859
1329 4615
447 1052
1019 2036
4793 4887
1821 4246
4828 2235
2844 893
3532 3957
902 2473
3583 2505
2836 4167
1908 4356
1469 2199
3870 2982
1477 3322
2847 2740
2033 1637
537 334
4968 4102
1092 1183
3929 4427
2407 2912
2472 4035
139 353
3344 3160
1109 528
3869 3754
3606 1389
1446 3665
630 2961
4960 63
405 3679
891 3540
3498 3
1704 3174
4530 4300
4056 3776
1446 3707
3548 4517
4854 4136
2347 1861
1060 4341
1703 591
4963 3828
1369 4522
2656 2327
4821 4248
2705 2967
446 645
4981 1601
795 1857
1966 3725
3204 4019
2943 143
2945 2422
2550 1609
4485 777
2256 2539
3647 2050
4770 1181
51 4344
2500 591
200 3756
838 1592
4823 2410
4339 2131
1035 699
4451 2156
2975 4882
3520 1349
3742 3421
4081 2716
3780 1262
1262 1927
141 390
1983 1758
2103 4360
4438 998
846 1346
2073 3031
2525 2921
2212 1830
4553 2219
2952 402
3409 3902
1414 1350
733 4708
3389 3573
4303 1550
148 2515
4540 3583
4027 1538
2498 4909
3219 1775
3309 3565
3283 4542
3434 1890
2303 2884
2557 4096
3729 1525
3833 3310
3650 948
3952 926
1698 101
1818 3732
1400 4383
4909 2534
2452 1444
3652 4203
4058 1280
693 2917
497 3142
4237 2908
1702 3454
639 464
1702 2586
4610 3879
2559 2900
3307 656
3128 3034
2612 4459
901 4969
1880 3002
2414 2164
530 3332
765 4276
2116 1789
2999 3807
4972 1806
708 4984
2658 4434
3322 4236
253 2134
2795 575
1852 2016
2852 957
1684 4531
1610 1786
4901 3692
2641 3349
1338 921
2039 3348
788 2082
2841 3026
4441 1006
3950 3953
3510 4523
2098 4324
4139 204
4241 1752
635 4596
2461 1430
315 2208
2834 1814
2826 1068
4022 2332
440 1931
672 4429
628 78
4967 1611
4602 3450
4301 3509
1223 4189
29 720
2213 3680
3957 1850
4006 1827
1058 2398
323 4983
3766 3618
1973 4110
547 1412
4325 394
1243 799
3276 2690
675 3029
4559 3045
458 1805
1097 10
989 2462
806 2918
3607 4253
3142 404
4406 923
1117 4473
845 2318
1612 937
3920 4306
412 1408
4326 3714
1976 4906
3575 162
97 1231
4037 1249
2408 3668
1860 1169
164 4100
2155 1763
233 986
4443 4899
7 2089
4648 70
3023 485
4614 1323
3656 2404
1944 3974
4080 3419
3565 2904
3926 4628
398 2936
3786 3048
4242 824
1968 4159
2545 3178
3907 4744
1708 4051
1917 1699
1250 2087
1412 1786
4498 4521
2443 3832
3373 3159
2192 840
1705 17
570 731
1066 3325
655 2020
1901 3771
4677 2307
1383 1918
2164 4933
1764 378
4610 3178
4533 3200
3450 4959
2276 303
3146 2834
2568 1073
3139 2807
2526 3701
569 3489
4331 4488
934 3734
3996 747
2706 4127
4039 4147
776 4253
2815 2128
1213 4976
4503 4509
3161 2428
1790 3831
4912 2164
4993 646
3932 4949
2806 1529
2210 3601
789 1429
1208 4788
1806 469
1785 2515
457 2688
2768 3196
944 594
893 1592
1401 3229
2722 2622
2313 2254
4417 1853
68 1227
3177 2542
3256 4920
1000 199
3504 3276
721 4298
2418 3612
2230 2445
806 4732
3068 4932
3264 4362
2605 4735
677 1474
856 3996
3582 3418
3121 2219
749 1722
950 65
4585 3162
1475 772
3295 4644
3048 3321
3381 1669
2299 3983
4989 2376
1736 4086
1480 2760
3312 2641
1381 468
4018 4792
1986 1452
1833 3376
2718 2450
712 87
2203 1392
1793 2844
2704 1124
959 1931
1265 4911
1824 2574
2942 1066
4693 810
4358 4253
41 1751
4711 369
1092 2452
3877 338
3997 4550
3965 50
1526 985
4208 4309
776 3683
2253 3915
4833 4530
3092 2782
403 990
4755 3462
1668 526
3988 1170
2317 2008
2006 940
4791 2500
1591 3862
1127 2003
852 1251
3323 1343
2263 3749
1305 4582
1564 4317
2097 795
2571 2833
2259 3097
2404 1867
4060 682
2798 2884
1214 4189
2688 4707
2182 2327
3292 2952
2063 3234
3149 2555
1589 2955
2043 4778
1474 742
3721 594
1702 3850
1916 2552
4059 3585
2225 2569
3353 4024
2271 3080
4196 4522
201 114
4706 1738
3593 4910
3263 2144
2064 4815
2721 4982
1512 2604
4131 3496
75 3537
1383 4036
2881 1990
1019 4079
1292 265
126 3939
2086 2667
2380 3436
1066 617
3792 2001
2351 3678
4726 1203
3737 4003
4274 2064
4927 2208
1276 1049
3794 2041
4504 3069
2934 2362
2800 2508
4220 3635
1370 116
3063 2273
1581 653
198 2165
4622 667
175 3290
3313 2331
553 1306
3834 4202
3196 3482
3592 2202
3237 1817
1142 2185
204 868
923 2658
3337 4489
2319 1859
44 4148
4613 4191
4865 2629
402 781
2184 1013
3602 214
2550 3145
3446 3675
3029 4338
676 2225
790 4419
2619 3299
2976 4732
2425 4679
3448 686
4575 1909
1779 362
649 1869
159 4145
988 2626
4252 1435
633 3083
3574 134
1238 3159
3706 93
3241 21
2281 4861
289 330
8 4873
4727 4912
2516 3276
3537 1007
1507 547
1879 4257
3300 1906
92 1915
4721 921
1798 4630
3000 3129
3168 3774
3974 64
236 2503
2023 1860
4082 648
1525 1263
1208 691
3228 4157
3129 642
4523 2569
450 4743
797 2488
790 1588
2039 3568
3702 1365
1623 21
4672 1292
630 3400
59 3624
2002 2974
3473 3563
4272 3941
3179 3031
727 4576
4012 2382
3559 4797
3703 3407
3238 1181
1362 4328
239 1251
3545 1798
2038 289
1762 2181
625 1066
3299 4616
3471 3710
1246 139
286 4371
197 716
2250 2122
3424 3182
171 757
230 361
429 1101
1860 1316
4318 1208
4730 2055
3557 3528
92 1740
383 3685
4327 4614
4373 42
1333 259
4312 2263
4176 2475
200 1308
4585 4149
1142 4584
764 3869
1721 4926
3184 1497
784 3933
4713 2662
3194 1700
344 2886
2650 2560
4540 2665
1074 2726
4046 4303
424 1149
2027 4609
1049 2948
1310 4040
1268 2558
3474 1754
3404 4503
1085 3259
1476 2871
3035 1472
2448 2021
3426 1398
835 876
3451 3201
2141 1493
945 2620
779 1552
2777 2855
4123 2344
2657 2039
1832 4847
2109 531
2555 1207
3318 4085
4799 1080
1484 3672
4163 4749
3533 2320
1254 364
1648 2630
384 858
3451 475
3018 152
3902 3594
900 480
1522 3385
4894 2754
3393 263
1170 2990
3085 780
3842 3323
259 740
2377 710
2469 1756
2808 32
1382 4062
4978 2541
1081 3523
2692 4148
4139 26
376 139
3932 1154
4395 239
3299 3485
1141 760
4859 83
3212 1122
4891 837
3372 601
4266 3516
3049 1301
1698 1389
4713 2153
4558 1844
4033 3453
3579 3800
3283 4140
2999 2827
1747 1920
3965 1474
754 3509
1074 1354
360 451
4768 2127
2542 2597
1686 30
1331 1338
4057 2888
1818 4374
2506 173
741 206
4367 2450
1062 106
1524 3534
2026 3420
4206 2123
2941 2164
4145 3132
4729 430
646 2732
2292 1890
3946 4728
4182 631
3615 1488
822 3484
1038 2866
195 3501
1693 4276
1817 3428
1723 627
168 1577
3608 3804
2020 4825
1002 3978
586 2987
328 3756
1001 150
4283 2273
1128 1419
279 3915
915 92
318 809
9 2119
3624 376
4563 3052
1253 356
4440 384
257 1523
2933 1412
1726 4533
2845 640
1625 1424
2467 3822
2003 1921
2688 826
3101 3312
1025 3650
3949 630
4512 1055
1417 4905
3231 2198
142 3831
4008 2650
2358 502
3871 1453
954 1225
4462 2581
4876 3263
2382 26
1793 814
2014 3383
4427 42
147 1638
3929 3404
2082 3963
4653 4638
4440 4639
4629 1666
1184 1375
3502 3946
1476 4291
1139 3577
1720 64
4243 3253
1191 1922
3201 996
3478 1049
448 2196
3039 1354
4608 2051
931 2108
418 4126
1202 4012
4405 4516
2142 3766
1794 2907
2470 2107
1920 4775
2431 3665
2443 1356
3739 3596
3976 49
1573 4672
3223 1574
2602 477
3992 612
1927 2354
148 4240
3809 2448
1520 685
2580 613
4919 789
3574 4342
3618 3371
2644 1773
4747 3172
1670 1742
4815 118
4295 4573
254 3472
398 1616
4650 2012
126 3186
1840 1370
2618 1347
3017 1195
2654 2045
1939 2192
3806 1946
4079 610
3109 4362
1400 4853
613 4752
1254 3516
1035 1972
3976 1055
3011 2951
1526 4802
197 699
1085 34
2713 2574
4359 4561
631 1192
4945 4777
1812 1901
4862 1520
1434 2033
133 2336
2501 918
3063 2395
915 805
4266 2440
4722 3338
442 3810
1244 3425
1595 4354
936 1940
2473 3731
1847 1425
1333 1338
389 934
431 4471
1448 3439
4728 30
4214 1119
1282 3513
3955 1410
2758 3313
3272 1623
36 4825
2696 2353
2610 1372
3494 2913
1869 1074
3152 2309
652 4539
524 4615
4682 3604
2984 3731
4000 952
4587 3137
2400 1241
3840 4849
1816 3344
132 4158
3053 3101
643 3239
700 2695
3871 2163
3047 4165
605 1764
76 4983
3147 3803
3116 1772
4304 2093
2480 69
1711 527
3940 3930
3706 55
3225 4438
1036 2883
3734 3821
2745 3621
1281 276
1637 132
637 4254
2527 599
1390 2065
3870 3539
1108 173
1987 944
364 4813
792 4025
247 710
3176 791
386 4607
3336 908
41 1397
1973 1444
1119 2566
1820 4652
3884 2701
1518 3527
3556 3098
1033 890
1967 2397
4947 460
3186 2824
2154 3687
776 3178
3545 4954
479 1567
2059 551
4129 4712
1667 4070
2551 4712
1520 4400
4249 2189
20 1943
1410 2761
3311 1482
1855 1068
89 4230
3785 4131
2697 636
10 2107
2755 4656
3079 2939
3155 1763
1474 611
512 1232
322 3141
1197 2662
2675 2559
3555 2325
4741 1577
4849 4055
2397 1319
468 2152
4674 1861
1157 1401
714 3131
2217 699
856 4998
2180 1801
3711 2473
2811 1064
2398 168
3304 1088
919 2112
2598 581
3106 2525
736 2254
4083 677
1213 176
3822 3837
263 345
1058 172
4284 4843
1062 1191
47 3425
1301 2348
1313 3346
2779 1313
320 2487
3182 2676
1314 567
2299 1119
3700 3950
3960 829
1163 2827
2860 2190
3560 4313
2899 376
2581 2545
911 3696
4505 3838
4848 3653
2998 2628
2995 1048
778 1168
1730 828
4184 4003
4120 221
2063 4010
2043 2770
3718 1191
2071 4691
3597 2242
2185 3442
4666 1742
3858 1040
1487 136
19 4600
3187 4140
1517 4294
1178 3351
3488 2111
2964 797
583 1188
2674 849
54 1361
2443 2484
1934 644
2983 3065
3682 3373
4815 3368
4599 4933
819 3103
2304 725
4651 3400
1680 3785
2168 3987
3735 3427
1597 725
3976 2486
2078 1717
4478 2522
2692 3365
41 3615
4134 2395
3324 742
2939 1843
3335 2202
1040 2938
1677 4780
3099 1570
2306 4477
807 2313
982 3692
4083 1033
1121 2112
4452 2629
952 2135
2321 3407
2025 4966
4154 3660
4088 3234
1556 4216
433 1196
3198 1271
2065 4046
4113 1392
2006 1192
3638 360
2914 575
3637 2504
1797 995
2752 2369
682 1945
3617 4251
3055 875
3222 716
1504 2419
2301 1910
105 649
1238 2771
4854 1727
1059 1489
3984 2213
561 1957
709 2113
2209 2272
4511 2444
4333 4327
1959 2360
4562 3367
651 1800
4486 612
3266 4317
2994 3446
1292 1568
3514 4113
3277 3328
4600 200
1362 1859
1064 1542
215 1597
861 4742
3711 4366
293 3081
1211 3826
3709 2848
2116 1377
172 233
4401 1924
3315 150
4444 1833
1506 3557
1601 2323
2311 4458
1187 4856
237 4931
1105 81
4546 4145
608 1263
2589 3599
3340 992
4875 2824
3077 4197
4908 3597
3700 4324
1324 4600
4617 3981
1295 1619
2265 4626
962 461
3064 4358
2076 2296
4178 2281
2324 2308
1704 4359
2578 3654
1983 1945
1924 2135
1201 312
1164 4315
3822 2888
55 4733
4788 264
3500 3873
4910 3583
3439 3106
4639 2816
4114 4225
2086 1669
3005 4292
929 503
1652 3176
2150 3662
2116 3495
4475 4565
1060 2560
3261 1290
3251 3507
4900 2271
1145 4806
2022 4158
4661 3262
2855 2341
827 4284
4602 3842
1543 4312
3608 3061
4978 3302
4295 2519
4672 1103
2339 1217
909 2297
207 693
1760 2250
3718 1874
1623 1883
2817 3180
2762 1139
2674 2301
2609 3603
4639 2288
1093 4493
933 2128
3710 241
3970 2604
3569 703
2655 2034
3688 4903
1393 1574
3802 834
2187 1223
4521 2457
2776 1418
2302 322
69 2413
2148 939
3646 3264
1397 768
1679 1518
1804 2259
4865 1971
4522 320
897 4246
3046 2666
788 4856
1921 266
4563 2915
4790 4229
3756 3223
2402 2854
4791 2356
3895 2811
1882 3802
4988 4350
3236 3165
3905 2725
3439 658
2683 697
172 4637
1256 3930
300 4657
2493 2767
1120 2340
192 1790
2233 344
3428 896
4167 518
3615 3800
2515 3044
4590 3002
4769 875
1794 3601
582 64
1925 4300
3611 1086
1082 480
176 4750
3395 2489
1957 2958
3505 989
985 1589
1370 4965
4076 3161
4289 3468
1445 469
2756 3945
4952 2884
4138 1375
2312 4002
4697 1747
1021 736
3069 3559
1026 2948
716 4859
515 1836
1608 3931
58 4989
1654 4713
924 2486
1449 1796
923 4635
4829 504
3242 3787
1773 4064
1775 2719
3933 2752
3662 4660
698 670
66 39
4178 1909
4352 3080
3801 736
2669 522
3717 368
1466 529
881 3664
4896 2641
1195 3155
3962 615
1738 3581
3371 4213
3334 4604
2528 2737
4605 2106
567 2789
831 4671
3295 2821
271 4745
394 2755
4904 3150
2740 257
4252 3418
4249 3742
3887 1079
835 1475
452 930
2431 937
4909 3631
3097 876
3612 4359
3132 294
4368 3483
2518 3510
4593 2325
1793 1361
1412 3070
1497 3317
3742 3642
1826 4125
1631 45
1928 1700
4716 3383
2850 4321
2498 716
2960 848
3619 377
2731 557
497 2718
4019 731
1617 1630
3654 3627
4793 378
1253 333
4881 912
2170 2235
270 4827
1534 1330
4131 3645
4231 277
2400 2925
954 3802
3558 64
3130 3907
4104 1472
3000 2864
3781 392
2201 4547
4353 4507
714 519
4318 3936
4943 4620
373 4580
1575 4587
420 1832
2976 2433
2870 3891
4636 2907
3943 335
4796 3873
49 366
2488 1424
3693 86
2232 3194
2785 2752
2730 2583
1446 2661
2097 2061
577 3279
3580 4739
3126 2131
2622 3090
3460 4631
1676 3187
1773 1068
4624 1317
830 2146
3537 1893
615 828
1438 2742
1720 3834
2108 4835
74 920
3639 4819
2262 1326
3435 3655
4554 709
1263 1242
2445 12
482 1136
1711 3366
1417 1039
4033 2404
4796 1704
292 4016
3618 2903
1730 4746
1695 3591
72 2571
2959 3233
734 553
3178 4370
1489 1505
2369 1120
1746 4977
1415 1563
2953 158
2159 2155
4718 613
3043 3929
1546 2453
1810 1119
2152 295
1140 4470
117 442
1696 610
1200 1820
4152 896
2530 4128
2048 1440
4263 4854
3411 4197
3534 4191
4147 2040
1576 2363
4360 3130
583 3721
233 3180
4336 3107
291 3794
1118 2917
2292 3457
3423 1686
647 4700
2331 2029
4363 3938
235 2718
2776 4719
3436 2217
3035 2779
4910 4778
837 1608
4968 1312
550 650
3783 875
3614 33
193 2170
609 565
4153 3613
4947 4308
3362 3658
4000 4350
3330 2671
478 3528
1907 3822
2626 1143
247 1535
4272 1927
3087 3914
3228 2215
4823 4349
3620 2524
1335 2000
536 2885
3291 1753
282 1369
2934 621
2851 4945
2290 4714
3654 3350
2629 2456
186 4425
1078 3072
2644 2543
4677 2817
4302 2365
4503 3561
894 372
4410 4059
2286 2052
1025 2703
538 1359
2670 1381
390 1086
3268 4536
3677 2345
1342 494
231 3663
2201 360
1441 4183
1514 1321
3482 2474
2615 1228
1825 4355
888 689
4295 155
3649 3404
2343 3421
3878 519
1537 241
2714 1791
112 924
1003 2621
979 169
1542 1071
3861 4411
2840 49
1409 538
4279 2103
3325 3413
893 699
4466 2847
1436 2827
3594 4263
2584 2847
1420 3480
3918 3323
528 998
3858 3097
1902 1062
1826 4969
2308 3983
1312 3908
4230 3070
4283 159
1306 189
2653 975
4472 427
1910 2531
4271 2472
4721 2818
4089 4138
3162 3320
2338 4046
4193 1954
598 31
1020 2507
4568 2607
2320 2134
4470 1710
463 1528
2805 1942
3108 847
176 4908
1803 2653
882 4134
1763 602
4651 4593
4004 3584
1243 835
2596 3855
2096 4072
2274 2603
4559 3769
4788 2787
1135 3114
1356 4517
1129 2373
4164 4542
2818 379
3991 249
2841 4185
3773 2598
334 3631
2410 2585
2069 2861
3039 2659
3532 1141
1062 1498
1265 2810
4167 4828
2687 1146
1614 1684
4300 571
4985 2399
4205 40
208 1403
2662 42
3178 4110
4607 28
1523 4759
1987 4871
4659 281
1257 3779
4321 1781
2468 4599
4421 1960
4694 2316
343 3796
1500 2553
2879 316
2347 562
4554 2345
4502 1462
1701 4771
409 2787
2259 4393
4107 510
4480 1829
3607 3562
1885 3177
1013 1303
4281 1208
846 273
3021 4600
4706 1306
720 2930
258 1216
4852 834
2438 455
1706 2730
2823 3594
3297 2942
1723 588
600 4393
192 1895
2812 63
4316 762
3207 2064
2944 623
4279 2175
2852 4097
2623 3463
4991 639
3621 3218
774 4877
3497 740
1051 821
173 354
1847 4676
2481 2773
2166 929
1183 4302
1655 1620
4095 616
1303 813
1212 1761
952 3426
2799 4661
1749 1512
2209 4751
206 300
377 4663
292 3224
2743 1866
1835 2975
3101 3072
2444 1280
1579 1111
4288 3191
2174 3737
998 4093
2361 1718
1377 1802
4975 4289
776 4788
672 4766
3680 405
2075 4716
4670 1361
3779 2748
4476 1891
2778 2434
1289 2534
2751 3075
1947 4885
3137 2654
1945 3283
200 3224
4863 3597
457 1900
3696 1782
4774 4287
2040 2464
1971 1267
145 3934
249 2314
1022 972
2168 4466
4667 3207
4587 4108
4385 453
4438 4693
1647 825
3286 4385
2727 3130
1518 3965
2896 821
4979 3354
1134 2361
3291 1058
1163 2202
3452 4287
4905 1274
3996 1339
3863 1361
983 3636
469 1812
4388 3478
2632 2596
2578 4551
2945 4198
444 2327
2529 4261
2743 928
843 640
2076 4074
1301 140
298 3618
3059 2395
3446 228
1060 4895
2797 2543
4926 1074
40 3584
2648 2587
44 3284
1816 4181
629 1622
1037 3854
4809 4312
633 1935
383 1861
1073 67
3858 2326
956 2279
3125 2916
2215 4536
4260 393
4010 353
1029 4074
2364 1866
4080 953
1357 3644
1460 2697
3352 2030
222 1447
4569 2184
770 1069
2550 4552
1647 1915
2188 3728
382 4408
3373 550
2747 3681
2086 1739
4544 2496
2234 1250
3878 4759
4860 215
3763 3390
1009 3388
4470 4176
3708 4040
4526 743
2677 1396
4097 4942
1071 4896
931 3536
1165 4323
1740 2756
2301 2189
2430 627
4364 661
1989 3350
4816 111
4167 3035
2589 4483
418 3780
3901 378
4654 2168
1342 2818
2116 3848
2498 1618
1336 4389
571 963
1365 151
528 811
1726 3774
1605 2207
1588 770
4328 3406
903 4300
3073 661
3486 863
3091 3855
4664 1177
4410 2635
2198 2452
875 4886
2036 3289
238 1340
331 1370
4591 4056
77 2913
315 1764
2812 3370
3813 4918
2657 2594
1571 1190
1231 4296
1294 1321
4544 153
197 2557
559 3627
1822 2218
1360 494
1687 1922
837 902
2932 3812
1577 1524
156 2464
765 2645
3892 1194
272 3163
3204 3841
3878 888
1717 2615
1317 239
4643 2114
610 4317
4274 3359
147 793
82 4707
4010 3143
2983 3529
1801 611
3296 2216
4011 3321
2997 2288
3309 4761
2410 754
469 15
791 4683
1360 3310
4356 350
3982 2514
1 3978
3341 1329
3967 2463
4642 2894
4900 1156
4589 3885
3571 4857
4013 1156
3123 1459
327 2247
4924 4226
3084 3946
3600 1383
1108 1604
3054 70
4068 1938
3592 4878
4229 3856
3628 2601
3365 3369
1273 3564
4468 2050
350 526
1260 1234
4667 3862
4978 4082
2914 3417
2549 499
870 982
2063 3291
2350 2262
781 4377
122 2817
3304 2315
1237 2943
617 2294
2664 3428
4667 2121
3373 3666
1772 3289
490 1718
215 4207
4035 2143
4155 3731
3199 3617
4576 3630
3989 850
4507 4487
175 2414
1401 340
1403 229
3873 1155
3255 2798
391 3173
4498 3224
4604 1422
2223 3707
378 3478
365 2639
463 3820
2553 955
2903 4647
1425 359
2283 2490
984 4437
3275 1483
4393 2774
4021 1476
3993 4353
1604 4070
1949 1876
4671 3056
2949 35
4474 2889
1790 532
4033 4509
3642 1474
3796 4522
452 187
276 1796
3234 4336
18 3196
284 3985
3919 1971
4462 276
4554 268
1497 4171
1381 2400
1333 2946
4042 2482
3665 619
3418 4566
28 2370
4868 2560
3049 841
2820 3627
3482 4633
1746 4051
306 3420
779 4680
421 1163
3862 1237
305 576
2777 1064
1307 3000
449 4457
8 4815
16 4347
125 1630
1072 1408
2088 1230
4933 1044
45 2255
3027 4346
566 2508
4320 209
1824 2385
4525 4027
2125 1791
3601 3817
4041 3483
1158 2632
1057 4405
912 3291
1372 1989
4444 3637
2964 633
1795 2779
4110 1346
54 427
683 3236
1636 2555
2970 3527
139 3845
1288 2887
4036 3886
2928 588
2484 1868
1803 1801
4398 4892
2065 2502
811 3753
2112 552
2989 3519
3560 4407
2858 3456
1216 1773
4031 495
4426 1200
774 308
4222 4914
1430 4721
577 2668
3559 190
4281 2925
2763 2487
1876 1731
2154 57
2401 3216
2752 1109
3576 2939
2501 111
2416 1409
2383 1110
765 3159
515 765
2021 819
822 382
2320 1411
1553 3510
1279 806
3033 4263
1851 1380
130 2710
3071 88
2144 1030
2141 1190
1754 126
235 190
797 4945
4210 3330
2245 4939
2198 4801
2492 4044
3623 2229
2921 2811
1694 4049
4560 2516
18 1943
3590 1683
79 3096
4949 3203
2385 2811
2201 4169
188 2804
4713 2628
2359 682
3789 2586
3084 126
2795 4319
893 135
4479 3309
2167 1523
3513 4733
661 3763
3633 2685
606 3278
4220 1111
3594 4873
3155 2360
2135 3682
238 3029
3492 3319
1054 4431
1533 3572
410 3359
3552 1483
2100 3666
1541 4599
2224 1151
320 668
2409 49
1760 4808
4447 2846
891 993
3263 2819
4834 4899
3542 1980
3368 4494
3942 3177
4488 4474
844 2525
2232 2556
3311 4941
3952 623
2080 1745
1223 4240
4918 2141
1503 2657
3078 1112
1540 1647
3356 1065
687 2366
3261 1161
2101 3435
1226 2596
3891 4201
1597 1626
2784 349
4547 213
943 1858
3959 835
3462 2982
1909 4307
417 599
414 4760
806 920
715 4666
3865 949
214 905
1480 4430
1185 3115
4641 547
1300 2451
2713 4424
3519 2645
4120 412
4248 2444
2411 4812
1483 1500
1408 542
3795 1000
3481 4211
3655 2905
4741 3451
873 3250
3518 2725
4644 1430
50 2294
206 2964
2152 909
3887 484
4116 3026
649 846
1136 1309
3741 2639
190 4711
4036 4287
4102 4583
818 3941
4794 1009
3365 4473
4316 873
1994 4357
2926 539
3738 2278
3241 1878
4745 3216
4372 4765
3683 4232
4552 2569
2092 3157
2855 1043
1516 453
4247 3663
1193 453
2415 4043
2007 4374
4161 483
4370 3088
554 3785
4156 1950
1159 3863
940 167
4230 1280
1662 1581
269 2585
959 3034
1046 4061
1844 606
1202 4934
1981 4646
577 1683
1757 3045
2312 4002
1900 4632
3536 4153
3283 4160
1592 1588
1323 741
3419 413
4105 2225
4853 754
4525 3158
3312 1198
3088 4485
1407 2027
549 3986
4614 347
697 3328
2987 1912
3295 1127
3577 4785
225 2013
2466 1427
3418 972
4294 4639
2522 600
2476 299
3784 4178
2360 2243
3477 798
907 495
4948 3225
2100 356
529 1164
4530 1325
4431 2545
4898 3535
1244 3611
4128 4206
2704 1854
4670 507
1257 4096
667 3345
3385 145
1286 1898
277 3811
1886 2598
3490 1937
4264 2177
2116 601
1619 4548
1673 119
851 1143
2161 2684
4881 686
2448 3230
4130 2576
970 740
1167 490
3306 139
1107 341
791 314
345 3467
2816 3862
1415 1270
3387 492
2261 818
3046 3188
2974 2119
4670 653
3098 3620
3782 2233
1407 3649
2140 691
526 4873
3363 4898
2407 955
3308 4195
1344 3107
873 1966
2154 1067
1459 4522
2651 3206
3365 2657
2176 3680
4384 1600
4538 2651
677 1907
281 3622
2163 1970
2416 1489
4429 114
973 4984
1980 735
166 587
3520 3352
308 1207
4016 2106
210 4224
4828 4825
1973 4471
1152 1
2990 2884
2755 3389
3838 2497
2076 4308
1343 210
2755 211
3458 2781
194 116
3181 4812
1821 2789
2257 1713
1622 1191
3794 253
3793 2666
3830 4394
4113 3094
4964 1543
4428 3274
225 4400
2950 801
4737 1955
2579 2088
3314 2878
2148 343
792 2797
4217 1034
997 3532
3838 1805
4197 1815
883 4753
1354 1997
4659 907
874 3166
4637 1038
226 1004
2408 3787
2890 340
2839 1043
1657 3498
1014 1074
3388 4102
608 2393
2917 3606
158 2743
2689 3184
2954 4744
82 3608
2487 3467
96 3507
2458 410
784 4856
784 4404
2349 2582
3922 956
2005 2611
3045 3824
34 3308
1921 3834
14 2199
3899 1135
657 1151
1303 4856
4675 566
1942 4972
2272 4800
256 2814
4123 1853
1650 4134
3167 517
3425 4423
746 80
1032 4287
3415 2803
843 4976
4394 1741
4377 4207
3375 818
1926 1590
2076 251
2391 4551
4677 3001
81 2685
239 2975
386 2382
4901 2723
3226 4336
255 4679
400 2822
4923 2804
3230 1095
2112 2944
1025 551
3638 1812
1434 2360
907 2389
105 156
1603 47
3916 953
2462 3173
2428 1675
882 396
762 3059
2143 2149
4233 3028
4794 223
3258 2448
1360 989
2781 4865
3751 3321
4738 2443
1782 4621
4039 458
1720 4468
2321 1472
3304 3692
3746 555
3419 4047
352 1710
3027 1655
4424 1107
1454 1224
4384 3558
3894 680
2823 2016
3330 3677
4553 4971
403 3575
2458 1418
1605 1331
156 636
4839 2660
1517 1653
344 2761
4266 576
1073 3544
2030 3182
4913 3017
3499 2625
1867 4222
1407 1199
3828 2777
1858 803
41 2745
4492 493
4739 2461
3505 1790
3687 2377
3583 2734
2167 3807
1134 4379
3832 721
3401 1636
1988 2248
4354 2282
2664 1298
4384 1677
3540 4181
3521 1409
4993 1945
3086 3134
2998 3783
1213 754
3794 2962
4623 357
3963 4552
373 36
2699 1114
1325 120
4992 2675
2699 4221
2461 1531
2439 4967
2243 1540
4366 93
3770 3758
4115 4403
3952 3367
4035 3386
2885 4558
3732 4131
4585 3681
4611 2089
4480 2379
1940 3836
2717 1394
4865 1647
652 1230
2695 3441
1214 3962
3485 2269
1314 1126
1219 2658
241 143
2159 4445
1068 209
3186 1954
80 2660
1696 4719
1715 1580
3318 1342
261 4997
2849 4730
3927 472
370 3797
696 1069
3822 2775
874 1955
892 2690
4638 2402
34 2289
1825 4968
2814 1652
2805 970
2740 3056
2719 4709
1156 3190
338 2911
2412 1267
2940 736
4064 3244
4496 4587
4158 3223
1660 3965
22 495
2144 1731
2333 659
3044 2660
4536 3107
1867 4692
1967 430
191 1291
1859 1035
737 3460
818 1678
94 147
1924 4787
2162 3004
4405 3767
3237 2723
4796 4102
1209 1987
1176 3623
545 3221
1967 4669
4775 949
2555 4835
467 605
2174 3760
1254 2537
704 3681
3531 1632
1272 1122
4313 1629
4395 4871
2859 4994
2325 235
1463 3299
2502 288
3042 3017
3471 3953
480 1763
4538 1531
96 1058
792 2240
2928 2340
2815 1788
1121 3254
3991 512
3624 2869
1805 902
5000 445
812 3914
2762 838
12 2078
463 2184
225 700
2645 3450
3834 1258
1952 229
1450 3266
1761 2693
3187 1268
1112 3474
1803 2815
4732 3396
4441 436
4095 1954
2285 3230
303 666
467 33
4525 2493
1092 1928
4768 2919
2149 175
3795 4020
223 3925
968 1857
3916 4469
2329 4748
90 4496
449 1138
1058 2021
1488 698
4880 3529
93 2039
2916 3498
801 3973
2822 1026
454 1316
1220 3666
332 3453
4347 1059
3974 457
2000 2652
3241 1000
950 2935
1689 1718
2140 2015
3404 3519
2934 3608
2782 3898
4420 1934
1501 699
177 3510
3035 2727
632 4623
1006 79
2051 2739
1287 4705
4038 3632
3753 4798
4344 595
1740 4304
4354 549
1826 2950
641 4807
202 2540
2982 2461
2432 1030
1071 542
992 1785
1504 1756
3475 3804
4268 4688
2484 3913
3930 2703
3538 498
2525 680
4138 4602
776 4644
348 2869
2151 4091
1637 578
2578 1795
4515 4971
1318 2320
1690 126
1731 2697
1934 344
1060 4110
4812 1303
4558 2551
3033 3080
71 2093
2835 2698
1251 4780
4051 1833
22 4683
131 1954
1686 2034
4308 812
431 408
878 3698
3976 2214
1521 1540
145 4410
28 3955
2792 4292
4930 4710
4627 4891
4363 3112
1965 4691
778 4524
3824 3359
1538 3707
3227 134
977 1838
1404 3676
4060 2432
2571 3680
1899 3081
573 173
2359 2140
3507 2235
16 2267
2755 3525
896 572
397 3302
444 314
4446 1169
1550 4500
1779 4559
1787 3163
320 3606
1464 3627
3909 4389
358 3774
3936 1084
2948 437
1907 2498
3929 1784
3101 1942
2070 4845
4442 3608
4362 234
1313 248
2654 271
4205 2431
3189 999
4035 1535
2053 1439
446 1626
1336 2570
2974 1540
2951 1231
3441 212
656 820
1422 389
3818 1473
843 1962
4202 4327
4705 3924
397 4977
757 685
1919 746
920 4908
111 4924
1261 1125
3649 1364
3427 3766
574 889
3787 483
4835 3184
1773 2488
1726 1921
1893 785
3497 2555
4325 1344
4383 4190
3679 4676
4325 2669
1786 139
4671 4810
2064 1211
3244 1508
1490 234
3468 3133
3221 3343
2278 2313
3453 2940
2991 4103
3549 1903
3929 1894
1436 4288
1973 1062
4366 4259
1011 852
4121 4769
445 2825
508 1609
2995 3186
3976 384
586 2924
1930 990
4827 2199
1448 4209
3765 2730
2416 1929
3191 3283
1406 1164
2147 3039
1972 4070
1156 3689
2955 1830
1018 3186
1414 1648
771 3984
183 561
4794 1285
3566 960
592 2189
3881 3024
4736 4116
1 697
353 1855
3493 1571
108 1460
3687 2254
2351 4187
4046 3903
4680 3167
1246 3565
4899 3046
265 676
1588 1431
1020 3644
334 2610
1919 2556
1324 158
4035 1861
4808 2957
1303 3274
3211 2328
3314 2684
1045 3052
2409 795
1651 3448
3021 907
4188 2911
1759 4996
4119 4034
4982 838
4573 4199
4846 3925
1822 4666
3075 2483
3942 1885
4999 347
3890 711
4290 1677
1083 4317
4068 3989
2809 4936
2032 4165
277 1191
3442 4694
2059 3116
2384 4901
3700 4469
4542 2939
2557 225
1168 3114
4059 3120
3396 4359
1289 1200
3916 1629
3710 2966
4624 1169
1671 3069
1859 3095
1824 3267
472 2864
1250 2138
3386 4522
4112 1888
1182 3272
1091 1251
2831 2195
2065 601
4553 1521
2070 3136
4817 4305
3591 4540
4966 3371
3235 788
4920 1579
2560 81
2473 620
1785 3022
380 1428
2328 2999
3153 2229
848 3417
2293 635
4970 3871
2348 1385
2610 3008
2998 266
3611 417
1696 584
2374 3824
4337 3234
3349 3460
3428 3228
3271 4322
2192 1910
478 4429
2354 4227
3833 2805
3506 851
3306 1811
2257 3573
711 1246
797 1038
2995 2491
2907 2585
4218 4986
995 4974
4164 3295
1689 3179
3936 4932
768 1635
2732 1365
1775 2864
2964 3081
3609 2252
793 3670
4546 2040
2238 4052
818 280
2258 2457
25 2358
310 3585
1756 2984
4683 3737
1964 4133
314 4954
1305 3304
2546 3829
1372 4726
4701 4395
2782 4892
3632 4865
3531 4802
4912 1467
2935 184
407 767
2325 2010
2742 312
4382 609
1052 3822
1969 3800
1454 3373
1545 53
130 983
1054 554
161 3783
4563 1179
3319 505
1746 2513
2811 2697
4183 3433
737 854
4719 1891
1771 4828
3549 216
877 3375
4565 3230
2830 2873
4607 685
3498 657
273 1384
1178 3518
4943 505
2583 663
4174 3402
2020 4925
981 3749
3315 1671
4969 4072
661 615
1513 1991
2092 1120
2532 2268
3986 4050
3845 4626
4102 474
289 3633
2225 1780
4476 2112
3231 3475
4405 2483
2489 2562
544 777
3979 4591
1067 2458
4889 4022
270 3275
4748 4973
718 3743
2703 722
3497 2279
726 159
1661 1899
4871 1934
4014 1588
1413 4091
4811 1937
4290 4697
3666 1343
495 2423
4949 2605
3058 1162
608 1430
849 3484
1387 3050
912 635
1068 622
1902 3384
4087 2419
317 1230
3842 3174
4390 300
1486 3806
707 4886
3340 97
1683 382
3779 2698
2397 4311
179 98
3950 4658
3380 4007
3880 543
3209 3874
4551 2582
3536 2583
2664 3624
393 4638
3605 1361
1236 4521
2553 3119
4802 2659
2904 2747
4594 3283
3053 33
693 4107
3030 2533
4923 1570
152 1276
2886 4159
1125 1772
65 1999
2556 4754
4595 1682
4066 3409
3962 3012
3217 2241
2471 1539
342 3188
2648 802
590 3459
1446 4360
1693 1753
1536 3448
3701 1917
604 3859
4906 2000
4381 1751
1188 4515
851 1922
584 4873
576 3136
3444 2756
3868 3821
1457 3494
1072 1900
467 3782
2155 1457
3199 3478
1903 2719
1942 3327
4559 31
1751 265
2620 3789
4036 4154
3353 288
3096 2124
2154 3530
2110 1140
4543 4383
4504 1989
858 4783
1393 2798
2312 996
3631 1875
388 3431
1428 2797
125 946
3140 1923
947 1833
4992 4035
2345 4680
3436 1773
4032 1695
2031 3480
1060 4792
379 4833
4319 3401
3733 1609
4623 2788
2868 2722
2769 4570
4177 4884
2777 939
1631 423
3676 4841
4181 4661
4414 3529
3481 942
2351 1243
413 2761
1660 2274
3472 2840
2460 4228
1080 878
1204 2528
420 3341
2473 4351
2491 3425
4636 543
1506 1084
2550 4123
3685 266
3079 4391
1587 609
548 646
3577 4690
2726 2328
235 3283
1058 4380
273 2479
2823 2434
1903 1997
4390 1131
3340 3671
4156 4182
4451 477
2071 2270
3346 1871
3217 1284
1684 1690
320 3008
1011 3285
763 669
4518 4854
1137 4634
4718 2067
1570 449
3284 3780
4041 2905
2448 4226
2335 3575
561 2198
441 3542
2504 2422
1920 3343
3618 164
3731 4797
173 2613
4242 2573
1768 3818
3686 3654
721 1889
2096 534
238 1175
235 3372
1535 4452
1904 3299
1259 1027
426 2551
2494 1419
4262 3239
4131 1740
208 2401
2522 4543
2240 4234
1230 4724
722 1577
1809 3348
4853 3692
1412 2138
2939 3667
3824 3255
866 1766
1927 4360
3849 1319
3604 183
2761 2286
1922 1162
3032 1771
1277 183
3039 3795
3182 1471
4762 2493
4356 359
4510 4891
2236 338
96 2368
2505 3724
2179 3448
438 3946
3748 1062
3459 3414
3035 3428
3434 4762
2799 1246
3149 2796
4848 2686
2365 1860
4054 2252
1010 4633
1898 2336
4989 1614
3310 3969
385 786
1177 1406
3814 3161
4249 632
1783 2838
501 1217
3858 1124
2163 1930
4771 1945
2247 3932
4415 3721
3810 2011
297 3993
4371 1411
3634 685
1419 4183
2349 699
1098 1376
2794 249
632 2263
2176 3333
2496 1399
2969 1730
227 2416
1504 3220
1349 4126
2890 2478
1468 39
1874 3125
2987 2433
2842 4082
4762 3145
1348 1124
1003 158
752 1738
1118 3498
4782 3913
2429 4341
1225 3759
113 1248
1694 4989
1492 1440
3646 2894
3623 2394
3810 210
4071 2866
271 2359
3690 3653
4359 3039
3771 1388
2094 3537
3473 1070
1163 4401
3945 345
3080 4619
514 2692
3958 3156
4632 2438
928 3945
1884 1640
623 622
3130 1896
2606 1387
4333 2185
3704 4367
97 3015
4921 4667
120 3471
918 2804
2387 2000
4997 3917
1222 1348
1007 2608
157 4977
4794 774
2615 3762
271 689
4181 54
4417 2433
2288 3258
469 872
3594 752
3298 3044
3607 1360
1144 4276
2059 1574
765 625
3264 637
3557 160
1332 4759
1699 4318
3980 942
4638 588
4265 3604
4261 3723
1116 3590
3370 4105
3374 2660
982 3101
4204 296
3572 1696
3138 2967
18 1170
4833 4066
3095 2074
1428 3090
51 1603
2519 1938
2688 2301
290 3874
811 627
737 4057
1756 1097
2857 1605
3421 796
2710 2766
3086 2811
2693 1951
4789 2468
597 645
2372 1496
580 4578
1630 1938
3516 2281
2414 3868
3104 3521
4523 831
3762 2018
2154 1871
3624 173
249 1816
1618 3068
1384 746
2887 2098
4619 3711
2484 3066
3432 1419
1110 1183
3630 316
1477 2274
371 304
2914 3365
675 777
2196 2582
256 4465
187 973
3927 4413
2344 4756
2479 3941
1995 4446
4271 4974
688 2508
4496 3481
442 717
383 558
1724 218
1481 2689
2759 3538
1840 2866
382 2252
2934 378
1814 3381
1084 3411
1855 2312
2503 415
894 4885
4091 3761
1307 1001
3107 3265
4741 884
4763 4342
3441 3531
548 1284
1563 533
2841 2609
990 3177
2249 1280
476 1893
2546 2491
4245 4236
2666 422
2815 3879
1504 2733
1602 1842
1573 2329
4204 3732
695 804
3982 3180
750 3604
1209 4622
2477 351
4713 3158
150 2995
4459 1436
201 4034
1236 4691
4258 4187
1567 83
894 4886
2125 1905
1249 456
4221 61
1660 4070
3384 1508
2191 2909
1895 3141
482 1011
2764 3316
2087 773
1274 3086
3417 105
84 2124
4131 1786
3359 1854
4615 338
2328 2856
2938 2422
1268 2841
4662 1850
2776 2241
3549 714
3531 2801
2126 919
2790 2830
1944 2625
4508 805
683 4034
2167 3927
4789 58
6 3018
1396 1225
4270 2976
3437 4397
805 3524
3493 3953
4176 3502
3737 2374
1239 2965
1440 2061
4527 2120
686 2391
2665 2691
844 4047
3882 2646
519 984
342 4684
3036 156
2803 1933
3707 1626
2015 2362
4829 4577
998 3587
164 4222
252 1722
4783 1902
4664 967
3208 4414
1356 2271
561 635
2917 3610
3786 3118
3906 1782
2541 2587
3980 1215
1889 3
4378 1329
1654 4719
1708 1000
982 4919
3168 3201
2232 124
75 535
1070 93
3856 3410
3406 2010
404 4735
4005 2508
4742 265
1515 1814
780 2020
2634 1908
1827 3870
1164 4526
4553 1689
1009 2800
4949 3089
3006 3951
3267 3011
2023 1801
3076 2482
2325 3451
635 2435
3957 4668
4934 43
1497 1552
2264 772
4818 2960
1809 97
1956 1763
957 15
4988 156
1087 4615
4778 2445
303 3401
1732 209
3727 4146
2953 3721
1275 1167
3122 2476
1714 4269
4777 4409
2289 4479
1081 2388
2637 3944
438 4785
3427 3713
4119 4486
2033 654
1079 3595
658 1219
807 3422
2750 3765
481 1967
3000 3185
193 1615
1766 189
2924 4435
2866 720
4968 3407
4352 2917
1107 616
200 2600
2834 1311
4552 2353
2913 1940
3731 3836
1458 830
3940 4677
4172 4550
4342 1325
1560 566
4406 2481
2442 4559
627 331
593 1082
3865 4067
1901 4804
2894 1940
471 30
3463 718
1609 2552
3038 2683
973 4700
119 1692
1105 2089
4959 271
4004 2819
3017 4734
4991 4504
4712 4983
855 2962
3745 2426
415 854
3894 2295
1464 3562
958 1336
3858 495
4171 2579
1352 1691
296 1251
1443 3464
568 857
2770 3343
975 1354
4769 749
3828 2584
1162 4885
1989 1334
987 4578
1643 2342
3913 3680
4595 3424
3499 3142
210 3180
2051 1345
2238 639
50 4505
213 2035
154 2697
1660 3347
2850 4725
3613 4265
146 1502
2752 938
2499 1638
623 2954
1010 1443
3418 2316
3718 1309
3709 73
490 2013
394 811
4682 4188
1979 1532
2604 4106
2777 4370
4480 2108
4153 2319
883 3794
618 1120
1111 4059
4380 1708
3942 1350
4037 3143
1221 1365
950 922
2701 3444
4881 1216
4690 3413
3774 1653
2444 3143
2784 3021
27 465
67 3500
509 1191
372 716
4367 3357
641 941
2338 4304
3740 966
724 4490
3009 1238
4942 2129
3137 520
4933 3070
1591 3354
728 1166
3441 4735
4029 3486
3601 1283
4574 2954
1389 151
3326 2138
3437 4381
2474 805
1146 1788
4432 1211
80 1277
838 3590
4887 2961
1221 2181
646 1434
628 577
518 2093
4013 726
835 3150
153 156
2597 506
3916 1308
3836 4766
4064 556
4209 3148
1860 2141
736 2985
2606 4301
2835 4772
3977 3221
936 2059
3404 3178
2616 4397
1719 674
3235 4314
564 1358
3908 1409
1952 4234
1751 2590
2264 2934
1285 1515
4927 2867
1384 1707
571 4014
1604 429
3355 3463
978 1081
4201 3892
4553 3176
4120 1899
1652 590
154 1500
4997 1863
2094 2489
4932 945
3342 4350
119 2756
3812 4461
1027 4555
834 3200
1663 2567
4442 2891
4485 458
4363 1457
2542 492
4401 1366
565 3335
3271 3592
4870 3000
63 4979
2673 2344
3004 872
4770 4091
3729 1888
2756 1702
861 4941
4169 1737
2292 4947
1282 1537
3258 4346
4939 4080
456 3344
1267 3894
3331 2640
4157 2301
4707 1712
4248 231
1765 2372
2648 2313
838 3689
1952 3220
1093 4450
1499 2995
504 4290
368 1984
3457 1954
1868 472
2201 4992
1965 1254
1350 3907
3283 24
4754 3246
859 476
37 1030
1755 1649
2007 4881
4731 1832
4346 1346
2844 2764
1443 938
4009 3054
2590 693
3391 4662
169 1602
627 4469
1088 3740
1884 1306
3944 3920
1046 2034
1080 2897
3160 3997
2339 371
3585 1079
4414 4428
530 1555
280 3732
4164 4638
4004 1902
2184 3756
2845 679
1407 384
760 1589
2031 2889
3048 3089
3965 1756
2998 1533
2681 1473
3115 3124
3387 4278
984 1497
1813 4471
807 4592
3698 620
768 3334
2159 4266
4102 1124
3473 1477
1098 9
4242 2657
1709 3094
2986 1455
2012 197
1247 3321
2069 1976
4360 2278
4263 2755
4059 105
4104 191
2711 3386
1200 1808
831 3307
4749 2486
1374 1062
2771 2895
173 4740
4140 4055
4973 3631
3881 1511
1175 4660
4820 4528
1893 2744
3864 3124
1203 3492
1603 2263
2638 2016
528 1511
912 1882
1161 4391
2844 95
2490 4386
1594 1241
3803 1325
1810 3740
1506 4430
736 4876
3211 849
4737 2597
4676 4750
513 2778
4586 1081
123 351
4051 2962
927 4208
2479 3930
2193 785
3287 1262
906 3701
4674 1328
1137 1258
4995 1745
3758 65
2228 2232
2320 1188
2245 2734
1360 4584
3841 2800
190 2224
3451 859
3991 471
1827 3312
4741 4388
744 4078
4167 2270
3939 484
1093 4980
4461 234
2323 1034
2514 847
1480 3126
4900 3133
1515 3723
3935 1286
972 1285
4871 201
1671 2478
1417 3420
4578 216
1107 3824
3304 3923
117 2964
40 4084
4874 2088
902 4631
3452 3518
1443 848
566 3037
4455 4319
4558 4435
1786 3023
3328 1357
3687 1868
4094 2573
1796 241
4568 4854
1659 2021
1556 1381
3053 2635
3018 2187
4116 4396
4868 122
1937 3293
2103 1027
3627 461
4726 3801
2608 1532
2889 3248
4858 2714
1431 4549
217 1239
4848 1144
4630 2491
3549 101
3566 2219
181 4538
4036 3113
4409 1950
223 2167
3023 1587
2634 1604
3585 2620
109 991
980 4450
3324 1786
2553 4371
661 980
1846 701
437 3904
450 2875
4365 1114
4001 4282
3479 4695
1079 4748
2150 218
2634 3098
1051 721
1333 2724
1218 4049
4566 2710
853 568
4086 4679
2801 2556
4016 4800
4169 788
1579 4625
136 4988
1644 783
3803 2033
4199 518
379 3303
1783 1471
4547 3758
2610 4063
1132 1863
3575 2807
3930 1354
4187 1188
1137 883
2191 1534
4037 2590
3597 4308
661 1839
809 3635
4845 872
4819 3105
1536 1841
1443 1221
310 1763
4456 3736
3531 2223
188 845
3152 1719
2506 278
653 1594
3516 200
2276 1122
885 4280
1634 3624
4517 895
4012 1485
4138 213
4423 856
662 4642
4025 4544
1095 3028
4080 463
814 2387
4210 1214
804 530
1514 2476
975 1704
817 398
1671 2860
4516 385
515 2076
1312 1235
3972 4800
4090 2607
3308 2507
2066 1608
4994 1974
1209 1585
2132 3713
4634 4429
3229 3141
4611 3300
864 2518
1396 4612
118 573
3505 4134
1631 3704
1347 2997
2071 3029
3527 3971
3456 1108
3841 4984
181 2983
4292 146
3772 2764
4888 2830
2318 4814
413 2783
3843 3442
1099 942
889 3271
4041 3500
2469 778
4113 559
4663 1318
3397 3438
434 2475
3686 2086
2613 4005
549 4629
1814 423
4888 3437
2868 843
4896 2404
3178 1982
4848 1022
3458 4557
486 1303
1066 1311
3003 4185
2885 538
22 4437
3710 392
2023 1859
3416 4780
4734 2282
2780 2392
2599 420
3422 2923
1817 4961
861 2379
4074 2960
777 2841
2036 231
1740 1918
1893 930
223 1099
2641 488
2010 3983
1719 1719
4608 2026
2607 754
3098 4000
4141 3858
3243 4153
1860 529
467 1820
1024 326
4540 3485
190 2560
1855 4076
3971 4973
677 2445
4543 3915
2372 3141
400 2940
3541 590
974 4210
3014 2939
1946 3418
4891 1722
772 3993
552 553
4758 771
4615 3284
466 740
260 1147
520 4726
222 3234
934 4069
1559 1692
541 419
4988 1322
930 2686
3267 1464
2140 1890
1544 2746
1255 2061
197 1444
161 1829
3162 848
2504 1150
2263 2625
4482 920
2139 4803
3564 3992
1504 863
1304 1955
24 4630
4886 1364
3910 248
4002 694
738 1851
3214 597
4758 2386
335 3762
1580 2479
3486 463
3634 708
787 1183
3350 2169
4942 1796
3196 1133
4832 1207
2356 4299
4008 4527
683 945
2973 616
1859 2386
3252 2059
4733 1818
2071 2705
2571 928
1184 2863
1150 2906
1615 11
871 3413
3920 3417
289 4334
218 4370
2316 4181
4126 4055
2882 1074
4081 1720
156 1463
202 1185
3820 4247
1183 3491
3608 4091
911 2428
981 2807
4273 2376
4060 4928
3023 4973
4233 1473
1569 1638
3406 1906
1573 1957
2642 4321
2833 451
2037 4005
4063 457
2384 2159
3870 1210
3947 1002
4722 100
2503 1916
482 1058
57 1010
2282 4837
2484 2923
1650 3611
3373 797
1593 1199
756 3937
2532 1141
3043 128
832 12
587 4336
3387 1941
1690 1267
1245 819
4073 1556
29 3440
1381 1746
3176 32
4078 1713
118 252
1919 3245
870 4275
598 4834
2208 4331
539 4852
1907 2832
2846 3244
4379 4235
4106 790
1291 4040
500 2695
1545 4815
4347 1373
3538 3157
898 258
1754 4022
2151 4137
65 4133
298 346
214 1826
1419 4871
3265 2933
556 2317
2991 1315
3837 1240
2237 1657
1095 4015
291 374
1960 4183
3763 2379
4877 3835
806 1664
2027 431
4387 2398
212 3551
4206 312
3400 3551
1016 1787
281 3098
2279 1008
2950 2011
2019 3438
1209 3166
659 1778
4560 1075
780 3520
3366 3008
4270 219
2656 1443
4348 4895
1713 1088
677 1689
2684 309
1010 930
1222 121
1086 1392
2318 4276
3239 2455
1073 4837
1375 2928
412 348
1420 672
3163 1845
1030 278
2749 124
867 3598
3217 4707
4713 3455
608 4885
3815 928
3121 4884
4354 1223
1356 3227
4914 3605
4459 1405
2063 3654
2811 3379
540 3844
465 2516
2549 1607
1223 1348
2929 1092
528 2861
1607 122
3445 1273
3154 1576
2843 1064
3668 1765
3861 1876
3800 1284
4840 343
4481 1989
3030 3772
3920 4997
3048 2883
709 4248
1365 2029
3196 1731
1434 754
740 934
1288 1489
509 845
1202 4797
2262 1143
3525 3064
186 584
1517 118
2889 2927
1184 311
4003 3278
4565 349
1266 3430
4525 2353
4573 1016
2274 1822
3005 2070
3343 3987
1875 1067
44 3299
2413 4748
3750 3218
139 4562
4087 2819
817 3945
4181 1813
1503 508
30 4307
4809 3875
3315 555
262 397
1889 2573
2999 4185
3746 4505
2625 909
1350 4433
3161 1535
1145 583
2723 3791
2869 3695
4559 1426
769 824
555 3926
2377 3789
4245 629
2613 3354
1056 3545
4120 1803
167 4865
4735 1820
1549 1949
3075 701
817 1483
450 4106
4792 2475
1159 1626
1731 4133
3054 1855
1547 997
1925 1615
4501 3978
2841 2501
600 3870
3389 4290
869 3211
4247 4312
4161 918
1916 2622
472 3266
1952 2940
3024 3360
2511 343
2826 1197
2397 3007
4852 27
308 3852
3144 2898
1535 3402
2216 2684
4391 3124
1272 613
1551 1441
2391 1156
1622 227
317 1028
1459 4220
1923 2045
1780 2412
1321 1076
3498 4678
4703 3491
3863 233
1027 387
4590 4071
668 3668
2455 3676
735 4260
3453 3378
2603 4942
3208 1401
1706 2719
3600 272
3766 3145
2001 3255
4396 4258
4423 943
677 1047
4589 2338
3662 580
1980 4617
1994 2689
1289 2033
816 2126
819 869
1715 2335
2814 2484
2778 3013
311 4425
631 1530
1983 2735
2382 1736
4276 3968
1800 3975
4457 4684
4646 306
2248 4277
2077 4948
80 2186
1991 2771
1770 708
3925 4349
430 4092
4999 4250
2691 106
989 2394
3890 3460
509 1811
3920 4156
973 2738
1142 1775
2361 2237
3734 3581
175 4251
1362 2977
204 2140
3381 4181
1223 2433
211 2073
4855 31
4399 3718
2365 2878
3305 1997
2409 3522
2641 1519
443 4905
2910 490
3523 1506
2298 1157
28 4073
2395 1058
2847 4762
4499 3634
311 4595
4901 2825
2147 302
2036 4666
2793 4427
4431 3489
1090 1358
714 1528
2369 1721
4465 3542
3214 3295
964 4027
2927 1462
2253 4045
608 3006
3019 3504
795 203
2315 3159
479 2336
1171 1262
1386 903
4067 1351
3759 2915
3295 3895
4818 4942
4918 3375
2103 1101
4657 4427
4155 4321
2083 2349
2935 1230
1727 2592
264 877
2958 2979
3625 1116
3268 2913
2085 2755
23 427
762 4480
3362 2341
1313 4029
3408 858
1831 4432
1198 29
4575 1424
4692 3348
251 347
4379 2258
762 3395
1823 263
2967 4313
4965 2633
1033 704
2043 3260
3691 2141
1423 546
3537 1939
1524 278
4960 2453
3124 1086
1690 4184
285 4193
4808 584
3813 486
4993 1870
936 4522
4857 4578
200 3178
4924 1055
348 313
3936 1633
2830 142
2220 3638
3321 2633
3221 3624
222 4135
784 6
1805 4756
1889 2194
4036 1500
4991 85
2087 3284
3414 18
1250 806
2930 3669
3521 1605
4255 3021
2088 4165
4684 2354
4901 1585
2908 1516
1975 4829
902 1713
654 3488
1195 1303
650 4239
2364 3733
3684 1650
4798 1243
2839 1254
195 2686
1675 2155
1958 678
1719 366
4914 264
1215 4036
2136 3369
3438 2261
2010 1845
1637 958
4656 621
4609 497
3960 2200
3101 2573
4850 4918
3656 2048
4404 2674
672 566
2336 4472
1245 3036
2373 855
4502 4985
918 4971
4916 1822
2264 1601
4129 2606
4135 3667
308 3886
4514 1665
1033 3435
880 1507
207 2156
3298 1738
359 1897
3987 2442
1041 1494
4252 4260
3738 2093
2286 2488
4561 97
1213 485
4417 695
2777 370
2918 2309
297 654
1648 2640
3537 788
777 2423
2357 2012
3792 492
4747 4810
1828 1240
1577 4544
2407 1146
4802 4835
2550 576
4873 1679
2992 4850
1282 1301
1678 582
2197 1394
3842 8
3665 2392
3344 524
2104 359
3221 1139
4433 2794
955 2766
2277 2045
4400 157
1505 2669
3284 3550
3507 3513
2916 1192
3974 4624
3150 3162
4633 973
3484 2950
2791 2630
3792 847
1435 2886
2388 1970
3377 1932
3952 1883
114 4938
185 2805
187 186
1450 4538
2812 3408
3810 964
4787 1844
4405 624
9 4673
1973 4766
698 2024
4687 3411
840 828
1336 623
938 3052
4943 1678
2718 2658
329 1869
3402 1520
2107 2787
1992 3542
2723 991
2020 2907
3676 1141
3574 2722
4455 3263
4505 2504
3471 3260
218 3593
3945 2504
1713 734
3628 2514
3342 2529
2098 2506
3039 326
3908 1604
4762 2381
663 3182
80 4770
4556 1146
4432 4711
4973 4867
1307 1101
140 1562
2837 4316
3928 3207
508 4514
3000 2778
529 4908
4149 2297
263 3997
2651 2015
1914 919
1862 2179
2022 2238
2121 3325
1232 4181
2988 2923
2674 4370
4575 4679
3819 760
1104 4307
1548 3506
1338 1477
2559 2160
2770 3047
4920 1444
1020 3889
1362 1045
990 2085
805 2623
2052 3424
1610 2314
1993 1720
362 3930
3424 2993
2222 243
94 871
2040 2791
2644 988
15 944
1957 1274
923 3899
2659 1036
4262 1897
3391 283
335 664
2668 1305
4373 196
3680 648
77 3507
1855 2881
745 4880
3846 4963
1597 1558
502 1967
4616 578
1107 881
4155 950
388 1047
1222 4532
4404 4109
3316 207
3962 1169
2982 2306
4612 2762
2271 1210
1508 4464
2264 1822
2364 1111
2071 2980
197 1920
1356 4819
1594 4638
3945 2099
604 4720
267 4942
1535 1212
2742 4347
1305 3933
769 4806
4984 110
4015 4697
4422 789
2585 271
4163 3106
4669 1948
1343 900
1480 4909
4977 4131
4638 480
944 1579
4216 3980
4259 349
1396 3048
2468 1410
1669 757
2494 784
2301 1983
84 1604
4453 2682
2443 3946
1294 937
1624 3910
2266 1481
535 2462
528 1647
1440 1411
2954 3109
4741 3327
2226 3181
2480 3521
4075 2125
4785 93
1822 1502
1350 2381
1016 3084
1128 2477
1006 1666
3226 4899
3020 316
3089 3788
3110 657
1015 94
4703 2440
3694 87
2958 2224
3654 430
346 2266
486 2516
1494 3635
1413 656
2472 4138
374 4217
1898 120
2527 574
2856 1665
2079 2215
1971 1707
4540 1012
358 4037
664 4834
1270 2105
2663 3881
2096 1982
4645 1259
3964 2443
1354 4565
1776 2882
1550 2560
1208 3189
2536 2953
2731 634
2783 836
4965 3759
3059 454
2075 1468
2299 15
4018 3472
4484 1387
4253 4891
2346 826
3726 4072
4994 4854
621 88
2659 855
819 4551
3540 407
2988 829
2476 554
1292 3121
3941 4084
2420 3631
139 703
366 3851
1033 207
2127 670
4674 320
4609 2906
120 1515
1933 1856
2909 610
754 4956
3170 3024
1179 1659
1734 179
106 3054
3581 1650
3151 3873
3409 1598
2614 4641
1134 3044
3512 2825
2201 1139
3923 435
2412 595
3310 3097
334 3400
2739 1410
4319 1106
1291 3339
710 4461
2383 856
4042 4312
541 2185
3562 585
2360 2647
1267 4976
4446 4817
2918 1059
1068 4405
4196 4011
2440 4907
375 1998
568 2445
3518 710
2318 1860
1106 802
2130 245
2062 758
4146 1801
4587 1332
2865 1457
1776 3600
2541 1308
483 1009
3988 3419
669 2449
525 4029
1076 1641
852 2488
3726 3830
4420 4040
2041 1113
1470 469
3700 3662
3171 2504
4105 881
2799 3512
3835 423
3214 4004
3355 2845
345 2878
4292 1727
3786 2454
2594 2033
3695 4710
699 1742
4211 1985
518 46
2910 1492
4484 137
1165 4546
4002 3603
4430 4135
1820 3796
2191 3412
4667 468
3288 1988
2316 279
3472 3481
4876 2251
605 856
4481 262
3027 2519
420 2428
20 2229
2752 499
591 4151
2109 613
1484 4305
2743 3116
2369 4363
1262 4493
4162 3220
1420 2016
3137 3551
3655 551
1164 488
4247 980
2998 881
4631 922
2805 1657
107 4719
4872 2462
4135 4884
4418 1198
353 743
1553 916
1532 3002
232 1939
3194 3951
1535 1657
2242 526
3386 2035
2105 601
1716 2115
436 1527
4530 4337
1443 1780
3176 3380
3415 2019
1171 307
1792 3463
4959 287
3330 4149
3711 4622
4957 105
1774 4404
2250 215
3819 153
4675 1423
669 3327
1347 1496
553 2217
964 4895
248 804
2429 669
4253 4307
1714 4591
2761 4750
3214 2635
794 1039
4808 2765
1071 3025
4475 265
2382 104
3751 3857
1583 2403
2566 1278
1549 1990
80 4450
4439 4257
2343 99
2870 4644
3230 2772
723 525
4154 1134
1642 4800
2804 4692
3115 2138
4848 804
2318 2997
3533 1092
4570 4807
1027 4165
564 2457
3623 237
1650 1655
4409 2242
483 2067
928 948
2284 3697
945 1903
93 4386
4306 1769
3902 319
2171 150
4361 1912
4188 4870
33 980
261 3469
1412 2095
4338 2932
3730 204
3441 3070
1011 2493
2846 2956
1579 71
450 364
3972 2595
602 1879
496 3906
1436 3179
2525 2855
1658 1873
2015 4884
1004 1120
4452 856
2556 1309
2858 4643
327 2635
4351 2457
4103 3837
3001 2509
1884 3760
507 1410
4718 2981
994 3739
839 2264
1087 612
4875 3625
2708 4711
4173 3488
3540 886
221 3744
747 318
862 4985
4066 1986
2710 2998
3644 4030
451 4747
2008 4104
3862 322
3697 1955
3224 2756
3520 1276
3609 3915
1189 893
2345 4449
1592 320
3165 1348
946 744
2894 4709
1352 4230
2003 588
3238 879
239 4323
4972 2713
3765 1434
323 649
4405 4392
3579 3722
2212 2661
4406 4640
3636 1227
3926 3910
3374 3874
3767 169
4572 4468
2023 1187
481 898
1676 4054
1128 2654
1085 3770
171 4393
1188 3050
3156 463
761 925
1458 4006
3820 1094
3867 3386
3522 312
1762 2832
1191 3017
1691 3155
1449 1474
4736 4100
586 1406
2287 912
149 671
1192 1699
507 4207
1100 1464
35 3940
776 801
2865 2332
2056 1126
3537 4373
3761 1990
4488 2219
4881 3062
2306 4236
878 4228
1940 3381
2123 1869
319 3306
761 744
4761 2529
1453 4426
3115 867
2806 2671
1987 3777
4448 2784
673 4219
2058 2140
3560 1069
3826 3221
370 1296
1149 4929
2302 2310
3508 2096
1331 3522
1196 2930
1722 2441
3858 4716
1043 2186
2779 116
1921 4834
3764 4944
1440 2762
4012 1694
2421 3056
226 727
3630 660
2067 2989
2538 4596
3379 3231
1784 251
50 3719
254 3655
4026 1475
2740 3409
4675 1923
2492 3079
4388 4736
3809 3752
2715 2857
2411 674
214 1011
1582 286
1968 1646
2266 3840
837 845
1758 2802
365 3494
2087 1679
2020 3419
2754 4841
2554 1456
2981 3279
1716 1073
769 1007
1480 1673
4789 2627
2841 100
4411 4795
1961 3011
1494 4721
4590 2060
2581 257
2590 2736
599 3629
2299 3192
1657 2918
172 3271
4273 4801
788 3305
3106 984
4031 4465
2127 618
4616 4582
1576 2194
2878 358
1551 2860
3842 2186
464 1309
2694 4950
11 818
613 2890
784 244
4545 2523
1236 1067
2679 1705
210 4939
1789 3931
2454 4282
4889 660
474 761
3329 4893
2776 2755
4194 4373
1465 3924
1109 2668
1447 4093
577 2668
4441 2406
3629 4169
2060 2396
1510 1369
3906 2645
1346 2068
646 2334
2250 600
4267 1541
621 523
31 3261
1203 388
3185 3613
2854 2603
1742 1619
164 4201
2406 3063
4302 2570
875 3106
2294 3760
4595 1699
2966 2063
3939 4710
1419 3670
1838 480
1222 2328
1677 4919
1272 2965
1698 1593
3053 3741
2775 1788
1627 332
314 3596
230 4171
2271 3233
2149 2537
1708 3130
1288 3184
3811 1398
4814 4631
1054 944
3248 2285
1576 3628
2889 2245
4192 4347
2129 2488
3035 4264
196 4274
4407 1802
3338 536
4216 4244
3819 1410
2360 4980
4869 2117
2025 3965
3444 2823
857 3075
3579 4785
4367 195
1335 1365
3014 1237
3922 969
1772 696
2649 4416
2201 363
1562 2958
1207 2269
3936 3038
2955 674
729 90
2449 3716
1330 68
4360 3748
1315 515
990 3130
3885 2056
3928 4421
3142 2168
3828 4128
4064 2130
3360 2326
1841 2995
4631 2356
813 2127
2264 146
166 931
729 2810
3493 3053
3704 2168
2287 2802
4146 345
4040 2120
4719 4859
4616 4028
3827 3856
2607 1816
1821 4723
2843 3815
2012 3859
1042 3609
1940 265
4593 3070
1783 3670
959 2539
4970 1711
3642 2606
1480 1146
568 1916
696 2837
97 1560
3432 2643
3388 2987
839 2475
1430 1455
3228 2833
2304 1852
455 223
3217 1140
409 3779
2764 1416
1192 2224
685 1629
3349 2620
3319 4783
3182 857
2767 3242
1062 3876
1701 2860
995 4672
4860 580
143 2659
841 1651
4140 2980
4049 4757
2368 2055
3839 766
2057 3391
3539 4000
1670 4288
86 4320
1522 1783
710 4225
3024 642
1288 4678
4482 940
2960 3063
4357 1505
3253 1388
1047 3393
2059 3862
451 4758
3951 2070
1741 1227
512 347
2206 910
1605 1634
2255 2732
3906 4745
2575 3294
711 884
2604 4734
4250 3068
2591 259
4875 4393
3442 86
2729 2684
1597 3754
138 2416
4922 3365
920 4297
4787 313
4120 4453
4817 2607
4483 4118
4584 579
303 1813
357 297
4590 1939
4477 1782
3147 1317
2794 26
2194 3238
3744 4072
2154 4141
2058 153
1038 2119
2615 4204
3530 2453
729 1714
4493 3168
4665 3041
2075 3487
3820 4007
4902 371
2940 462
2685 3266
2406 4954
1927 3880
3283 4352
2705 436
716 1480
1776 2411
611 1542
4636 202
2712 2371
2183 1671
1143 2973
4931 2365
2501 1017
1875 3249
1286 2637
3943 2101
2100 3310
2002 4266
2574 4663
1015 106
3306 4585
1805 1045
714 4951
233 2951
2937 808
2014 3945
1919 1088
2856 3148
2668 2659
1307 3139
1470 281
4334 1504
3906 787
409 222
719 3054
3121 3792
377 1633
4672 4131
4677 1458
892 943
4580 715
2340 1796
1710 1777
3859 917
2485 134
4824 3569
1694 4514
2988 877
49 1701
935 2088
963 631
4947 4012
4064 3753
2604 539
82 249
227 2194
4406 4479
2547 3939
317 1593
4964 2246
3937 2421
113 2468
4919 126
269 4330
4087 1431
1847 4638
4272 4817
3588 89
3192 2543
1878 4877
800 913
4599 2113
4466 848
733 1724
99 1568
525 4058
4106 449
4942 3788
1463 4693
3986 4952
3825 4119
1429 2144
4399 1361
801 878
2802 845
1870 3531
2006 3971
370 878
4108 4932
4276 3240
4784 3582
3014 1467
2060 2396
4960 2216
3110 78
4020 3937
1150 2902
7 1006
3322 1732
4441 3636
1106 2452
3735 2659
4764 3746
2042 1583
969 806
120 2258
1846 274
4181 332
633 1824
3834 3530
524 4854
1415 4580
1812 1227
4093 1051
4868 3761
2375 2018
2066 593
2233 3150
1781 2224
824 569
2756 3018
503 582
3509 4498
2749 3887
723 1365
1573 3501
2966 4043
1604 4520
1032 4549
2309 923
464 1460
1051 558
2495 4631
555 2895
3878 4387
2157 4504
2358 4943
2302 1857
50 1044
3785 2317
114 1196
4930 3092
101 519
2676 10
3403 162
1924 3986
954 3872
4150 4874
3875 4290
1056 4994
587 233
2672 4468
2382 1877
2686 2223
3478 2609
1530 1306
4094 2565
1200 1409
4363 3604
578 87
2050 3348
3203 558
840 2063
4231 3014
575 2910
3632 1433
3166 2613
3989 1897
876 263
3271 1141
514 1272
4837 1319
3283 1202
2282 4082
2846 2130
3893 3566
1572 2166
4068 2940
1750 2405
3783 1904
4340 1922
3835 4718
377 3235
1034 1015
1407 2796
3556 2550
989 4466
3321 4154
1992 47
2738 1391
2988 1276
1451 4780
1756 3103
2332 3038
4694 1413
2074 79
825 3229
3190 2167
2662 1005
2042 699
1118 3690
3587 2926
2868 2108
4036 481
4254 2967
448 785
4651 2089
1403 2508
3292 4339
1846 3160
4267 2831
2334 149
4805 1438
4182 2221
1930 310
192 4185
4224 2096
3040 4480
3074 3671
295 1462
4704 29
2595 3119
3264 452
3984 4668
176 3167
4913 2676
2276 759
4218 1069
4613 383
1937 2613
3443 147
2331 4170
3154 3925
1391 4410
361 172
4277 3283
3455 3842
4432 1301
92 4760
1589 1646
137 1968
4071 2486
971 2919
1929 4002
2531 2354
3372 554
1630 4855
3380 2467
3674 3533
122 1341
3574 2390
127 1647
964 3312
3558 3789
2605 628
1771 559
1048 243
1657 4579
1114 2751
2493 2275
158 634
1685 4464
1696 1945
4813 690
1702 4894
5000 3861
3674 3557
3977 769
1280 4535
3435 4738
7 1345
1025 304
629 1868
4544 600
1428 1204
4123 2809
678 2810
4687 2061
2782 1765
2511 412
2111 3937
443 579
4482 2953
2642 3036
3105 4421
1650 1799
271 2393
935 1633
4850 4133
2405 214
3834 2940
391 400
1207 3187
948 3821
727 455
1848 4284
3000 2786
1331 2412
1123 4138
4887 440
1559 4588
2381 2149
247 728
2385 2755
2968 4904
4247 3093
4446 2486
2699 4325
2641 3165
2401 4289
349 3133
3656 1731
3738 4851
3933 605
3497 3028
1970 4701
4151 2074
723 1513
1727 1569
11 452
3654 968
65 2827
803 3095
901 4117
2833 685
113 1791
3386 2818
3630 4085
2838 531
3647 2460
563 2635
1393 4680
2812 598
200 3455
3228 4278
1968 516
1607 76
200 913
304 3634
986 4811
4107 4156
2071 3451
652 3551
21 3536
3079 597
2693 82
1202 2785
4037 672
3335 4488
2122 4789
1969 1794
2181 1279
4547 4949
727 1647
641 2789
348 4630
4805 702
3650 298
625 2514
4111 1200
2611 4293
3600 402
2107 2271
3693 4707
1421 3713
4508 4045
3568 4667
4952 1961
1361 4380
3456 4611
3039 341
3878 1225
1145 4690
807 4838
1440 3269
3063 1168
2577 654
3424 1435
1600 1278
1585 4434
2201 4427
1507 1605
725 4497
4950 4770
3106 2172
2610 2420
2201 3169
1803 3180
2610 1358
672 3331
4025 4614
2260 1291
805 49
1409 1107
2527 1809
1265 3756
2412 346
1434 2685
1286 4638
3221 4068
518 4296
2455 4995
672 2354
758 684
718 4197
1871 1214
4331 2826
450 3000
3918 3797
643 1568
4511 2905
4418 2364
4036 1451
2501 4777
2284 4898
1552 4287
703 852
3647 1861
1816 3256
1214 571
4044 1088
3418 2254
3484 1171
3794 2764
3567 2872
3486 2024
901 210
276 1181
2062 2290
2601 4568
1809 2214
2672 3831
1623 930
3333 2884
4690 478
4438 718
4185 263
1668 4371
2793 2762
3562 4629
2411 446
3218 3374
891 2432
3751 2789
4330 1350
1386 1294
2358 3494
1332 637
1 1733
3290 582
1520 3041
4714 278
4189 4531
3168 3388
4163 1669
4163 3821
390 2364
2630 3991
3540 1962
1152 4467
4614 3251
559 1170
2107 1568
554 1375
4179 4531
2640 3893
4667 1002
2671 3751
3515 2007
1728 4922
2245 1520
3452 4820
4950 2775
4535 3088
2266 4452
606 4238
289 4402
2164 2636
4566 2743
4767 911
954 2286
2927 4273
3755 1542
4452 2431
2924 4616
2235 1364
1271 4195
3192 2537
4861 1826
4231 960
1056 1285
2300 1839
3299 1773
1381 3055
4565 3754
2156 2924
535 199
395 4933
848 3060
2862 2835
158 2503
2364 1217
1371 1410
685 1817
4584 3259
1386 1184
1054 300
4149 1840
805 1161
4029 1811
1432 3026
841 1553
485 3138
2345 3702
3254 2625
4632 783
4209 4256
3612 156
921 1027
3875 3646
4906 1443
3899 691
4744 1781
355 1435
4592 3044
700 123
1317 3262
4914 2507
200 711
4795 3460
3574 1989
3262 2117
3756 3932
1559 1386
365 1218
998 4001
4147 2111
52 167
2934 2798
1163 763
3100 4217
649 2902
1605 3786
4540 1517
3738 1540
2104 1274
3601 1076
3097 2239
700 4484
3792 3103
775 3233
295 4335
3635 1051
3419 4055
1884 4946
1273 974
2387 1049
1761 2780
1588 1863
3762 2594
4544 470
4404 2319
1831 183
2723 4430
2971 2471
4886 3905
4360 2112
1881 3052
266 1083
4927 2004
3449 2258
4848 1241
51 363
2475 2337
781 2622
4804 2624
1487 3928
767 3215
1683 98
3893 274
294 2950
1120 4963
3010 2702
4301 364
3232 561
3142 2240
2915 1471
1797 4547
2919 2756
3419 2447
4299 2677
468 2372
1190 888
3911 3701
2345 2726
140 1590
674 4986
3961 2490
1428 2117
3299 3329
2972 3638
888 1775
378 3549
135 1092
1528 3642
2115 1932
2586 1759
1625 1171
2523 3600
1812 2762
3646 1331
748 4519
2211 684
3953 4919
2827 3647
389 1898
3160 2087
188 566
4416 2292
3193 1890
4815 4411
971 4692
1065 1741
4829 3037
3947 3179
3564 3300
1527 154
1815 830
4006 3405
1339 2450
4610 1146
2818 3270
1574 4970
1217 832
4527 306
4307 4627
1701 1809
3622 1443
3352 1905
3290 1268
2893 4188
3769 1688
4134 1393
2836 1976
2918 1818
1219 1344
4220 862
281 3548
4637 338
1923 1899
3467 3905
2978 153
862 2621
1869 3274
4776 4800
4467 3566
3815 4039
848 1871
4973 2389
1057 1135
3919 117
2490 476
1417 1526
928 2669
4104 427
1279 1553
3025 598
4908 2852
4987 2351
2891 3587
3572 3557
3756 4377
493 2993
3575 2235
4905 17
504 2283
2901 3501
1990 3702
1206 2144
496 1047
1082 3605
1959 2238
1597 4060
3796 2037
1381 1300
622 390
1405 2986
2584 524
2415 4124
1116 3336
518 2210
4581 4590
4604 2190
2708 2426
4352 4757
3680 3945
3475 2200
4637 1970
3108 2853
692 2495
3278 3794
4501 2633
1507 4765
4782 4407
4573 1793
2479 4734
4721 348
280 1132
3717 53
973 885
1391 3688
743 2558
1507 348
1093 870
237 2015
4807 2431
1024 1807
818 3616
435 4601
4353 3874
1670 2962
3815 624
4946 981
787 4565
653 811
1213 2305
3700 3473
1052 4259
398 1625
934 2377
1976 3700
2004 3019
4339 4647
4804 3915
1009 2669
1389 3900
3530 1439
989 4682
153 4608
2232 591
3107 4097
613 2640
170 1563
2659 4024
2986 229
4007 6
990 1734
3146 1578
4962 1152
2943 3292
2361 529
881 3415
4907 3656
3430 3930
4853 2934
4018 4047
2768 3881
2416 4705
3520 1653
2020 2886
3231 684
3446 3177
2300 1465
2448 1779
4023 4503
3417 4896
4813 318
1387 4868
1252 2520
2107 1695
1344 3464
4773 4314
2431 3497
4285 1072
1390 1920
4241 1397
550 3502
2301 3504
4209 3550
4689 3764
3134 1224
4349 713
2020 2366
3628 1413
4345 2934
1363 3279
2434 3096
2310 946
1164 2893
4772 4454
2607 3529
1601 4739
4618 1114
4543 725
713 665
946 504
4467 3250
2432 3870
2567 2052
3119 2100
1869 4474
406 2708
2031 3040
2145 1352
2057 606
4208 637
4635 389
3590 4872
1178 4851
1463 1661
2548 836
2305 3060
4537 1684
2667 2225
868 2267
554 2567
2101 1776
481 2387
1994 2320
4784 1006
4526 2476
2219 3082
521 2096
3506 1101
2430 3889
1690 756
1983 2657
4702 1032
4797 110
1433 4396
3912 1387
2040 4670
174 392
1933 4613
2864 4775
4632 2914
884 511
4258 905
1592 2026
3119 2423
1634 1441
3761 4516
2390 1352
926 958
3682 4078
4475 4208
2475 4241
962 379
936 2790
1468 550
1665 2958
3014 1163
1112 912
1500 288
2378 2246
3751 1036
1066 2082
11 3383
666 4915
3775 4481
4442 3384
1587 1160
359 3190
3860 1415
2545 1951
2545 4366
159 4160
3049 4014
124 1277
2473 1839
1366 3388
1216 3282
4542 4177
4175 3638
2283 591
2819 39
3535 4553
967 905
1987 3603
2851 341
2997 4561
2323 3262
3920 3291
937 3108
302 2869
1993 4678
1136 4365
469 4661
1853 4195
2116 3902
3517 2789
2409 4258
3621 3896
1492 4409
4634 45
4884 530
67 2652
201 3391
2101 469
4558 1701
1658 280
1802 2359
1177 233
4968 2898
671 4052
2102 3985
3275 4280
4984 1585
3993 1685
1283 4313
3775 4142
3884 2483
1905 2652
1663 851
596 228
2001 3703
4778 843
1448 1608
1667 833
4917 575
4421 1868
3476 580
3116 1781
1569 734
525 2036
3744 3870
1059 3661
4381 2792
99 3839
4633 4685
4957 3480
1651 4790
4062 4521
4358 3041
2156 4153
4859 996
2712 3537
3919 2565
4161 1439
1656 3044
342 3578
3374 3751
4289 376
2975 3738
4917 4554
4213 4449
964 4593
4501 1521
410 980
4343 2433
3864 1665
2944 2288
1568 2622
1596 1480
2653 2792
2625 2878
3506 1966
2150 2496
3331 1713
2091 1539
1187 1555
1058 1740
1779 3538
2913 4311
4518 434
1109 245
3227 811
3298 4657
1889 3638
4026 1134
3149 2005
1709 494
3444 4799
3546 1391
87 1187
2073 4596
2562 4288
81 1464
4520 1431
3600 2782
3565 1236
3898 2885
3654 3304
3777 1881
4336 1543
4675 4247
965 115
3815 4775
2302 271
501 2557
1198 807
4983 4485
2880 3476
761 1348
2421 1787
2178 4497
4788 4590
3557 3545
4779 2617
279 3649
1497 3385
309 3480
1908 3139
3339 4598
4571 4276
3316 4600
1988 1676
1951 1859
4873 415
675 3354
4502 2868
3845 4886
598 3941
2147 1543
427 372
1702 2633
1175 4483
2371 2673
683 1069
58 275
1304 3721
2983 1279
114 3960
1306 3136
4078 2738
4925 3330
3379 3873
1844 4362
1869 34
226 4441
2186 512
508 4266
957 4635
177 2621
1613 1752
2612 2401
4360 4165
3298 2059
3726 940
4786 454
3361 2727
1003 2147
3163 3938
2879 4454
3378 4617
1974 1281
1081 443
710 2325
4896 4417
3779 3146
1054 3225
1137 1578
1024 2285
2028 2298
2779 3577
3160 2835
1274 1795
1987 3043
4752 2609
1909 3818
198 1941
1233 299
4402 759
1295 2865
4012 4837
368 1585
3751 540
2410 2576
1866 3281
4158 593
510 728
394 635
3145 3027
3842 4643
4063 2865
4671 4852
3409 4356
307 4347
4450 3617
1252 3878
2298 3491
2774 496
832 2041
1918 3233
4704 4181
1100 2448
258 4396
1602 1112
4421 929
433 2027
982 3542
4868 322
2076 529
4998 4272
176 1283
3653 4489
1850 4154
2866 1657
2200 397
4517 3660
1638 3076
4903 2564
3679 3210
4452 4336
450 3877
2941 4646
1564 2698
4424 2998
2772 831
2060 2157
3691 1275
2859 2786
2069 298
4124 3413
4458 4422
4231 4000
2100 4064
1267 738
1290 4614
3891 1630
2315 497
170 4017
4766 583
1672 3575
880 3278
1718 1703
4602 2527
2385 771
2079 4935
4515 1148
4734 2153
4834 554
4153 763
509 85
2413 4682
2052 4151
3449 1016
5 1736
3288 3969
1117 4604
4908 77
1360 3302
3224 3753
3078 562
996 3700
3376 1132
3073 2862
138 4092
153 1435
2972 4982
2350 4039
3666 1222
1895 519
4826 2902
2085 4354
2578 443
4353 4627
2224 701
3186 3004
647 1327
1977 4429
1979 4852
372 726
565 1278
4231 1460
1307 3029
4738 4133
3720 143
584 2511
3232 3728
2560 1340
360 1772
559 2324
2986 3216
1417 1746
3227 3565
2333 3013
2076 90
4538 61
3438 2076
3826 113
4291 1484
846 3171
4348 3971
3115 2228
3900 73
4985 4783
1798 1976
93 2781
2788 3505
1291 157
963 928
2811 896
426 3905
4642 2783
1066 4751
2835 3874
3191 2630
4776 822
3962 3800
4113 3098
2190 2347
218 1419
984 3899
525 2459
4967 2111
3634 2265
3619 1956
2100 3021
4087 823
4988 2349
1899 3729
4979 2192
4397 2309
499 855
3893 1211
3554 1014
1749 105
967 2629
4447 1985
235 2152
2986 4258
1654 3215
3392 2807
1498 1664
4003 1
1803 1622
4797 3308
349 1455
1094 278
4512 583
2473 4360
1899 2942
4066 354
4807 223
1155 3224
2232 4831
1766 2394
3340 4791
2323 4163
2010 3941
3282 2479
4151 2462
2850 1977
4038 2430
2691 1839
3018 1431
2609 1985
3794 4420
38 2817
1871 361
2090 3839
1188 648
1317 2483
2596 3656
4778 532
1943 1350
4091 2427
511 3332
557 436
778 3169
2628 4807
3166 2068
1538 4384
2428 3053
971 2735
3416 1124
1603 3270
3505 1884
4107 3602
3258 3474
3543 1949
4495 3575
2834 282
4481 3268
3229 1157
3200 3052
1872 4877
986 1403
721 1717
4334 1053
1232 548
2138 3315
3241 4695
3027 4302
419 2887
3491 3436
1354 4598
1660 4022
3504 3449
1469 1676
2034 1988
431 4996
63 1794
294 4175
2526 4209
927 2015
764 4094
752 1476
985 641
3178 2981
2702 1877
3916 4431
2171 1147
4738 1562
1608 2008
4793 3853
2457 1539
4694 4162
47 197
2030 338
2257 1592
293 366
352 1246
3037 3395
2977 2986
3009 2669
844 91
3233 2313
3696 3531
4292 1272
872 2706
3942 2855
773 832
759 3365
1557 1248
2725 217
3757 2366
1236 2045
4205 2052
739 4909
2106 1498
4484 1447
460 1499
365 919
2227 1987
693 3107
277 4137
4058 1249
2223 2901
945 2552
3631 1431
325 3554
1492 2500
967 137
1966 2436
844 4029
2589 4430
549 3082
3620 4329
2083 400
1714 3981
3250 2937
3888 1051
1416 4073
3120 2893
1295 55
4404 4518
1009 4482
858 327
4493 3705
3146 3805
1302 74
4980 334
4120 1488
2101 1325
1049 3584
2847 1449
3857 4325
904 279
3903 2670
576 4335
2729 480
877 1945
4259 1571
2252 4924
1417 4008
4046 1874
3960 2347
3033 199
3785 4892
4939 1576
2752 523
4153 599
1893 358
4244 4613
3475 922
3528 2177
2923 3235
571 972
2167 763
998 500
4323 1148
2836 1188
4614 3935
1102 660
402 1158
2233 437
3138 2721
4984 1588
3489 1719
2639 154
2764 651
915 3282
2841 2550
2521 4739
785 4711
1911 1503
3946 2158
3707 4241
1086 3936
267 1665
1908 671
3561 1899
4671 4156
1130 2624
4372 147
448 736
1887 2658
3103 1538
3739 1765
4876 3615
3246 846
1870 4988
2769 2178
3105 4454
2062 3437
2881 4725
4971 815
263 4126
1249 1088
4242 4403
366 573
3468 2349
3450 1269
2936 1477
3917 3866
472 2802
2883 2009
3103 3356
4116 2728
3403 2412
3266 81
4572 1210
3081 3397
4540 3237
82 3800
3024 4209
1377 2705
3545 3358
3 53
1649 3035
4323 1854
3421 1500
1088 4488
3888 1670
2267 4783
1477 1840
1204 408
609 2310
2849 1150
4575 3184
4435 2530
3057 563
1413 1199
4257 2899
1151 4655
3771 3624
1995 2302
2399 4184
4419 4902
4508 1300
1045 2458
1334 617
4640 2114
9 1008
4760 3100
441 1153
1542 2460
4782 2555
2166 4583
1556 4890
2729 349
2342 426
4005 1669
1766 2183
255 2887
4942 4864
1872 4950
1123 672
36 3428
954 540
4188 2151
2359 2090
3319 1586
4830 4525
3588 3361
4301 3666
197 657
2139 1843
2363 3227
450 2126
4884 317
2474 3912
3361 2609
393 1607
903 521
115 3368
1394 731
4970 3119
1337 4403
883 3726
241 4304
704 3041
2024 608
4088 4221
1018 1166
3699 1141
3786 2257
1576 3596
4534 2895
3866 2919
558 1044
3081 3574
4435 2586
2733 4925
3560 3765
46 1615
3522 356
4530 3773
2965 2134
2232 2102
4068 2522
1823 4193
561 8
3360 2250
2585 1347
1552 1747
1145 604
2100 602
367 4910
2467 187
103 3098
311 4747
1643 3023
4782 386
463 2884
4199 4611
3128 3929
692 306
321 4432
1000 3615
1101 1611
14 3867
670 4695
3777 3662
1799 1608
1152 3201
4607 1261
2859 3626
2881 1608
4528 62
3956 2810
875 2127
1634 1558
4723 1066
3671 236
4802 752
3331 3361
45 1688
4623 2713
3041 2707
4350 1515
1434 531
4469 484
2404 4359
4886 2613
2698 2980
3853 3750
285 4793
3356 424
1867 3599
1989 996
4654 4274
3547 1970
3854 1391
4440 2033
3102 927
2686 4000
4872 2627
880 3400
4025 2235
3461 580
1558 1358
3836 1208
48 4197
2263 3173
4153 1170
1750 1797
4712 1980
3318 4594
1482 2944
1545 2111
4396 312
4009 648
2972 4354
3689 3515
2181 3010
3636 1384
2945 1935
2773 4245
3666 2554
1423 4756
4350 4384
2207 4767
1120 2571
1055 4961
3503 4255
1063 3182
1648 1017
3667 3484
2270 1365
406 2843
4828 788
3318 3779
2570 3095
3559 1416
2851 3206
2250 790
133 3187
301 4516
4610 168
2578 3207
2455 3591
4362 1682
2309 2872
2511 1891
4529 1833
4913 2086
2726 4607
75 2327
2546 970
2295 4715
243 828
791 4208
1534 1623
848 4041
4737 3780
1233 4333
3509 4086
2571 4227
2772 2175
3740 357
3850 2586
4058 3
4439 1963
1459 2793
512 2112
1186 3464
518 2056
4220 2297
155 1069
2566 3309
3751 407
4656 3103
1216 3135
2736 1024
4367 4247
971 1978
4510 11
1741 3511
3536 4947
75 2015
3562 2031
1256 476
3077 1005
3234 1931
4265 474
4798 2556
1675 3299
2577 3771
932 4031
2982 2568
1626 4402
1786 800
2804 4116
795 2957
1054 2828
887 2226
3185 2280
3369 4509
4811 4551
1515 37
294 4492
2817 3656
1099 1754
4025 1185
22 1782
426 784
4817 1811
175 884
3566 3562
2060 4051
3793 2702
2919 3174
1 234
4392 488
2916 2694
3181 551
641 224
770 3277
4220 2330
1822 1030
3830 793
4088 4013
4930 2144
1773 4517
1952 3786
473 1078
837 2138
3821 4001
221 923
4364 2227
3465 2454
3097 4773
1187 2932
1501 4948
645 188
2598 1105
3156 3661
91 1135
3298 556
4007 2654
2441 1946
4853 3615
1748 1406
4621 1246
4620 2734
1335 2389
3553 2658
2147 4958
2100 1947
1466 3566
2309 1661
1241 3284
2527 862
3536 3794
2523 1220
3654 1240
3755 4124
3355 461
3914 3763
4991 1213
4373 4943
355 2642
4194 3805
3994 2795
1922 2845
316 1278
2326 2569
4175 2655
3608 2206
4316 10
4247 3185
3501 103
1485 2378
1013 4897
3416 1222
4219 858
2684 4367
2250 1577
4694 4740
4035 4064
2038 3433
3651 1609
1578 533
3325 4175
2522 3659
1513 1876
1069 1671
3248 302
1585 4125
57 4035
4180 2377
4578 2224
260 1502
46 30
741 1879
369 13
1299 147
4038 4536
4441 4911
367 172
3012 462
1920 4196
502 161
3188 3740
902 2320
3586 4002
2762 4016
1699 3044
2560 3932
1776 3730
3801 300
2900 4341
1454 656
4585 4998
4061 3398
1820 2870
2854 4521
4223 3837
2963 820
4595 3669
4955 3605
4100 3510
1748 1165
2655 4824
3318 3915
1587 1706
2293 2803
459 1081
3925 2231
2529 2840
4024 2650
3699 1054
2489 1985
4382 3708
136 4507
264 668
3179 2455
2515 2440
2995 323
2685 3481
353 4673
2404 1166
3560 2808
2528 1341
1868 2236
641 2494
3468 4496
4796 2678
1720 350
944 3057
3098 1185
922 4304
2893 3892
829 430
2659 4156
2272 1244
4679 2108
1729 3936
920 2823
4300 2585
4248 4135
1279 3390
4951 133
3474 3160
2086 280
1388 951
1694 1416
3931 3572
4490 2494
4506 2522
2469 4172
3344 988
2805 4350
462 668
3307 3347
2987 2005
2109 3980
1232 44
305 2450
2515 3061
2653 1893
4370 1616
3208 3472
4039 107
96 3865
4679 754
690 4944
3530 972
151 4003
3628 1944
2645 2527
2684 157
2981 758
4172 480
1800 3993
4426 3397
2720 1185
2430 1227
1589 1758
1126 2947
4296 598
2224 3569
705 2905
650 2034
4298 59
3228 3401
4708 2440
4248 992
3160 2172
1416 2223
4910 424
3461 4461
1709 2543
1651 4302
384 1366
1990 4790
2109 1526
763 1373
2947 4080
764 2408
1818 1743
3196 3828
4950 4328
4329 1862
2075 608
2193 3243
1331 2388
797 1949
4562 824
2361 3869
3340 4868
64 25
1936 1106
1572 3766
4302 3421
4713 2546
4697 4300
854 2290
2649 3242
3795 1710
4962 633
3021 588
4660 4756
4191 4025
1783 1134
528 1034
4710 385
4919 3996
3644 1701
2632 1915
1275 2340
296 1161
3367 15
2566 2119
2156 3116
3421 3053
2036 3878
2844 3608
1348 2992
4977 1669
4753 1147
4554 2203
776 1219
184 1743
402 4194
3008 4
4255 2282
1711 2058
2697 3990
1388 478
4318 2533
4067 156
515 1145
4728 4416
3849 4329
4226 2458
1070 1627
620 1572
1036 2644
4582 1836
178 163
381 255
469 3157
3641 4881
2739 3405
4781 1556
180 2603
2218 4994
276 4120
3137 2688
641 3721
442 1530
4302 3376
3975 4405
3408 3508
4454 345
1371 299
4089 2623
2824 1749
2876 166
760 2719
1055 2812
3887 174
2796 1331
719 1448
2857 715
3796 2413
4763 547
166 2342
438 3476
3173 4606
987 4642
3551 539
4840 4360
525 3516
4310 4136
3428 3441
1324 2848
1913 215
845 489
302 4250
1874 3749
3320 3583
713 3039
2675 2803
1009 3261
4974 1260
1276 1473
3766 1948
229 4671
4496 4797
575 2654
2104 3551
4838 4572
2975 3613
2073 1618
3892 1846
2883 2244
1096 2363
1092 351
279 2829
2721 16
3388 4561
3555 4981
1051 532
383 1980
4856 3668
4249 3583
2939 2799
2093 4143
4703 2777
4895 4035
922 2510
3506 3250
2736 2599
4802 1190
642 725
3764 2375
3391 4033
889 1196
3237 827
1826 4448
1905 2601
4448 3971
3079 3514
4660 1748
1537 2952
2707 4386
4223 306
4402 2521
4710 4329
2568 5
2456 3993
1728 4214
786 4937
4445 3117
4149 2267
2566 75
111 1248
401 944
821 3852
3211 2705
1064 1763
3978 1961
1740 1975
960 1945
4018 4086
1876 1839
4493 3575
4395 2486
4483 1624
655 2232
1583 2047
4502 1615
581 4243
622 346
3044 1989
2609 2970
2014 132
864 2660
1636 503
1995 1006
3663 3207
1468 4773
416 989
4497 3586
824 4552
3477 938
2311 1976
4049 2045
2107 3702
4209 47
2726 1652
3416 2779
622 759
3094 4999
3917 3389
1278 364
4530 1497
44 1432
4163 2396
564 4350
4099 4782
4771 1109
4873 4153
1646 1404
1251 3456
1077 2679
4666 300
11 2580
2024 1381
3547 3745
1076 3266
3970 4122
636 333
2429 1579
1866 649
1313 3983
4920 2173
3898 4426
956 4852
3716 949
4323 160
1781 1810
2263 27
3137 1700
2168 2778
1546 4005
1645 868
1799 659
2527 1384
2573 1212
60 1601
3480 2231
3855 2728
2500 1913
4475 1311
979 3889
2734 1707
776 3540
77 221
3595 395
2202 2323
2148 4377
2625 4141
2376 4471
4469 4139
4540 3925
1179 4539
3297 1590
2809 4650
139 1399
4287 1475
644 70
206 2929
2580 3825
880 2354
1513 2486
4848 1687
3683 39
4445 2861
2922 936
845 4891
1764 4066
4441 3716
966 888
3189 3673
521 844
4417 31
2113 1715
215 2742
1748 307
288 2669
3250 1931
1821 3426
1877 4970
1605 2856
2187 1522
307 2697
2744 2704
1706 2129
2456 2479
1846 1060
249 1516
4334 4926
482 4115
1850 3701
2487 4428
4946 4992
386 1571
4969 4877
4319 1615
177 4517
3629 4898
1903 1253
584 3274
541 1829
1332 1152
3582 2898
3201 515
3964 3711
3227 1281
2262 463
598 3331
156 1173
61 4122
214 4205
2134 372
4651 4782
1910 785
1 4446
3801 1141
2087 1327
551 1832
4251 4057
4596 4348
3559 4222
3683 1324
3655 4582
3418 3714
317 719
237 4559
106 4344
2797 585
3207 1855
3266 4936
1776 1745
2197 4000
335 4660
3697 639
1354 1030
3091 3282
1485 4825
4615 3546
3164 1139
1213 961
1071 4704
3156 2804
1712 2068
4824 399
323 128
4011 3714
2265 856
2671 4270
4030 2148
501 978
4976 3306
3402 2027
2406 3710
4198 396
3467 869
1781 4940
355 4299
4446 678
2600 2988
3045 1983
2493 2011
1562 4097
2886 801
4658 4174
3686 2553
2081 160
2818 3592
1305 3928
3829 4939
4576 425
690 2777
2826 1351
4789 4183
3856 4685
982 1332
4323 4548
4283 4233
1343 3935
365 3108
4605 184
862 2010
2328 433
1746 862
2933 2797
2679 3299
3763 4859
1601 4968
268 2945
693 3443
4181 3571
1894 1912
3363 4635
641 3116
1172 3473
1017 4145
2341 1856
2411 190
4422 1985
3731 1285
1435 2112
2736 1891
4916 4929
3853 2077
2177 1252
645 4950
2002 4754
1258 2669
2861 454
1661 3896
918 1083
1688 3307
558 985
1416 2545
4804 3395
2769 1490
3606 1757
3520 1653
1417 1104
1505 2865
3316 4861
1178 1873
3490 2764
1238 1834
1128 781
4300 1876
4238 1078
2794 3923
1739 656
3311 4028
854 1997
1213 4896
4210 4737
3905 4375
4690 3766
2699 3273
2311 2868
1262 192
2340 4475
2800 4464
629 263
2965 2403
70 1175
2456 2870
2029 4547
3470 674
2223 4910
870 4225
1371 2743
3793 673
759 1111
967 2281
238 1791
435 37
4206 2506
4178 3174
1360 528
3123 2516
304 2109
154 1398
4904 3722
604 5000
1329 1490
3221 4035
1002 917
3613 191
4369 45
1494 930
2505 2457
1444 909
4743 306
2084 3044
3710 2691
555 2293
739 3416
1367 4193
3093 3476
898 2099
3340 886
1112 1781
3323 3769
4004 340
2109 2559
284 989
4505 1858
1009 4464
391 908
3735 3661
629 979
913 1272
1284 2048
759 2913
3576 580
3874 4262
2220 1618
820 201
4967 4188
3508 1874
204 4027
4206 70
957 4303
3758 2798
2588 1471
4430 559
3481 4731
1636 1986
1371 2866
3990 954
1531 2204
4688 1466
4241 1394
1087 601
515 4578
3986 4387
1981 609
4680 4722
2859 4893
736 1255
3341 1775
2228 4899
2533 377
1168 2375
2009 1723
916 2906
2898 4466
790 1164
2416 4086
391 3085
625 2674
3710 1565
2206 300
2772 3988
4710 2363
2413 4083
3110 4890
1080 1933
1273 4641
341 88
506 4169
1001 582
1996 2442
2482 2233
1718 2207
2304 2949
1976 1509
951 4346
1791 684
2922 506
286 4164
1968 3493
958 2127
2510 3722
1837 3371
3309 2224
3766 2506
4828 552
4251 2522
702 2038
347 1339
425 1742
2409 3240
3154 3105
2603 72
1126 993
2088 2411
4703 803
4139 1297
502 3712
2570 4521
2083 3568
1559 1775
3676 2282
2383 1120
2055 4246
1379 3485
1252 3375
2080 3307
859 1652
1546 4261
4929 1497
3467 3050
2580 207
3822 570
101 2096
1321 1249
2256 4468
3403 1995
552 3901
2483 1955
1539 2264
349 4116
2862 1947
3924 2242
4279 1854
1625 2405
1299 2517
4896 198
4587 4974
2205 1733
139 3996
1426 2644
2832 3250
4825 3187
3933 3450
4084 3266
646 4557
4341 3658
3409 4971
4471 2701
4444 275
2787 1733
2132 4747
2249 3912
4013 407
3082 4082
2564 3457
2810 978
2807 1559
4622 4341
2138 4313
4432 1254
3497 2758
2759 4573
3676 3105
4780 561
198 1603
2682 13
1264 4318
3363 1442
2578 1042
1454 2821
2337 4261
1407 2065
3785 4551
97 1993
1270 3028
4303 3709
3628 4880
1455 4539
1647 3539
3663 3252
2982 4049
2964 4705
1174 4354
1912 89
240 601
987 2518
3676 3052
4934 3287
1659 1695
1009 1266
2677 351
1159 30
945 44
1195 210
3304 2018
3959 2066
4021 3363
1494 3913
2718 4658
4912 4993
3130 3195
4738 4171
2989 3876
2417 2018
4114 3836
4332 4349
3294 1247
1253 2674
471 2404
1174 1424
3020 3713
4767 273
1103 2099
3752 4180
2886 39
2848 737
1070 2170
228 4072
1963 554
2799 3234
3467 2298
3093 3852
796 4332
3916 3944
3468 3056
302 4043
1080 1
135 4980
4074 1935
2697 3213
28 4653
861 1071
2130 1896
3957 1095
4431 1202
3000 905
4903 779
2718 1305
2952 1804
3842 3278
4658 4958
544 3674
3718 4685
158 4460
2437 423
3539 4700
1843 2278
3397 780
407 4350
4278 2010
3033 349
2266 2827
3935 4299
3742 803
2572 1298
4747 1403
4533 2247
4673 3588
3955 4199
1677 1067
3747 1642
4094 2868
1370 3784
4952 2258
2248 4223
3122 1413
3225 3827
4387 3087
3342 3983
572 732
418 3957
3616 477
3701 3526
1085 4098
2599 366
4325 1454
2806 3445
2470 847
4722 851
3176 1921
1108 1788
3529 1819
3511 4912
812 3036
316 3412
3149 1155
4636 3761
597 1818
4571 631
3189 4457
164 3021
880 246
4266 3123
1178 457
424 4238
3721 4094
3719 2469
3221 2313
3807 1458
1884 1886
1491 2424
760 2554
1676 1684
139 3011
3705 503
4022 3449
1154 3774
2631 1985
1288 3951
1089 4201
4238 1619
4712 2661
1662 2371
869 3497
4811 4191
1276 1896
4361 1903
1653 3216
1732 321
821 788
2155 4541
2431 4711
1431 3502
457 4369
3170 4685
1509 593
3489 4776
3436 1830
649 2780
3927 1897
1088 2866
2899 3705
3537 1746
2027 1538
3320 216
2139 952
238 209
119 3427
1474 4729
3199 1757
1159 4426
1485 3838
35 1004
4087 534
3950 2249
4950 1257
1438 118
1475 403
2652 3055
2587 1215
600 117
4285 541
4210 1366
4232 2516
2678 3598
421 2702
533 2563
1362 1057
4580 3149
2075 3476
511 4333
4197 4478
1563 3163
4509 4990
4247 2306
514 2221
1987 3183
4980 1598
2984 613
1713 1387
403 3646
4456 4788
4196 4
4507 2737
887 688
1460 943
1021 2715
1348 1683
1927 288
404 3092
2374 197
2375 3045
3464 3154
1113 751
938 3065
792 4865
870 4881
1514 4777
1298 2909
4484 4157
2643 3966
3746 3575
3796 3529
659 1919
2138 3611
960 3523
4462 4479
1813 3009
844 1782
4139 2796
1054 3917
2843 4247
1537 477
4632 304
1170 4834
269 1970
3740 1160
4569 3999
4468 3006
1499 3473
1797 3827
1223 1614
3555 1771
3045 1929
251 2655
4554 4893
186 4436
1097 1218
3596 528
1731 3636
3263 3900
1037 481
4115 4389
1086 2005
4754 4257
4426 3436
3089 2278
2303 2838
2050 2843
562 4440
4786 2113
2083 2755
1496 3276
2466 2470
3619 4442
892 2170
3254 258
4129 4341
4080 1113
4793 3436
2050 115
2809 1947
2877 2312
381 4120
3475 4215
2466 2993
3889 2730
1134 1146
443 1686
527 1033
3882 1876
4103 2794
2538 1949
3599 651
4108 4789
2791 3421
4629 3905
870 1824
469 2066
972 3744
642 4266
3473 2932
1706 1669
4060 83
1772 4951
4315 4927
3976 2449
544 1533
1283 3364
4793 1122
650 3295
2000 4423
4565 4846
2005 2048
972 1519
3926 3615
4993 1463
4422 2943
1641 4237
1361 2289
3565 1705
2586 519
3231 224
3055 275
1123 2195
2741 1273
714 2001
4694 2416
4322 4071
3985 3038
2359 3910
2905 4862
248 1723
3014 3549
4937 1553
2919 361
4557 4226
849 2469
498 942
80 4995
246 46
1302 782
991 3195
824 2863
4643 3111
302 739
1239 1864
3973 1649
3289 2146
2202 354
4939 1802
643 844
2006 3783
617 255
2419 3511
173 4521
854 1093
1003 4020
3520 2774
1779 3942
1749 2397
3902 1709
1815 3975
1216 555
950 2006
4882 697
48 3726
1485 1002
1955 2879
239 2801
38 1073
565 4740
4166 4896
929 609
992 4465
2797 1260
764 3666
968 4169
1474 4574
3942 2068
2183 4712
2687 2293
4742 3391
952 4959
1200 4818
4959 3463
1812 363
3807 4373
1302 3741
1421 4806
2753 3401
1434 4557
650 137
2635 4753
2173 2304
1372 4780
736 3500
1981 2029
1866 56
2936 3265
1987 1225
1171 3115
1709 878
2166 517
3644 222
318 234
4226 3599
1023 4334
1441 389
4693 4432
1524 2276
2597 182
744 283
2233 4256
1489 3197
1124 4660
2002 3027
1089 1494
60 2668
3881 944
608 1226
3080 1093
4580 782
177 3615
1157 4360
3346 149
1923 2450
409 3767
2961 4337
3021 534
1419 231
4521 683
4668 1017
2114 3629
4297 4120
4435 3099
649 4796
2273 4483
2297 795
747 3804
4171 3360
3291 2180
2915 3637
2167 3343
1478 2529
4838 4676
1299 1299
2444 2943
4667 3739
2025 4700
3435 1396
242 226
1810 1288
3930 2672
4268 2666
3215 2778
3431 4048
2291 183
2709 1466
3737 287
2597 4030
4987 4238
58 1351
697 1125
4039 3047
2986 708
4859 2949
1429 2124
3930 4278
1517 616
2255 1797
1984 3040
2827 3832
145 1884
2476 1485
3158 2694
1507 630
4180 1540
4260 3971
1674 82
2918 819
4561 1293
1416 4774
898 1006
4843 4962
4500 4066
4774 2274
4311 796
2638 3329
3874 2565
1368 1556
4550 281
239 44
2848 4833
3597 4235
2782 2361
451 1227
3124 3817
3050 155
3104 2025
3390 296
2084 3584
3049 2876
2160 2878
4384 3555
4949 2055
995 3330
485 4600
3725 2019
793 4334
5 3595
4478 3785
3943 4484
2354 1039
1233 1203
3441 3669
4790 647
2991 2291
85 4948
1803 1761
1306 4198
2204 2261
4671 4819
1688 3941
4713 2240
4944 4478
1975 3326
4472 1719
87 4447
274 2717
4758 311
3108 3946
1939 389
1105 4454
2511 4079
729 3086
4977 2934
1988 3101
3371 2310
1800 1154
2684 813
1552 1485
204 4917
4366 870
4307 1571
1322 3804
3460 1330
255 3441
2149 1031
4985 3880
3398 4617
3700 289
4961 1324
1128 2349
2219 4400
1944 2595
4962 3950
2930 1569
2606 2049
938 2039
671 2390
839 4419
1377 3894
1200 4416
4064 3286
3305 2425
308 3071
3549 566
532 3451
3418 104
386 1901
2563 2122
3392 4174
969 640
2820 4559
2484 4967
1466 4729
2595 4606
4212 4550
489 4902
1402 2307
3020 745
507 528
687 3827
3056 508
499 362
2617 1382
22 965
1254 2128
4164 2840
2673 4798
298 3930
185 2463
782 54
1006 1123
3068 559
2670 2924
931 1298
4690 1952
3509 1817
485 1675
423 2039
4862 2402
1623 2899
3940 810
3859 3111
3929 4226
2055 1180
3608 1991
3585 1879
4638 4154
4524 649
1265 4794
2859 70
3670 22
99 2281
867 830
3091 4020
218 4564
1225 3327
3852 3780
1472 2212
1109 2848
263 3138
4371 2700
910 329
3656 2363
3362 4260
3825 2672
83 4058
298 2993
380 3352
1954 292
2003 891
248 4730
407 761
707 1083
2109 453
3080 2071
2298 1773
3720 946
2941 4951
2555 1417
2801 3768
3341 4207
2233 448
4405 2234
4114 3221
3039 4675
2780 2957
1592 4581
4194 4667
2499 314
486 2173
502 969
2484 876
2991 4246
585 1500
4082 4003
4845 3712
4244 3750
2083 2082
806 1471
246 1359
4005 819
3267 2389
3066 1604
4450 1252
986 4815
770 646
1118 1097
4794 2411
2276 459
1139 1485
1012 2582
478 4912
4581 4472
3683 1632
3119 1414
2519 3875
2821 3312
4445 3173
761 3779
4301 4208
2893 3402
2397 3046
2170 4577
256 1678
713 771
707 1042
3040 188
976 1061
3145 1990
4965 2460
1540 2795
2674 4914
2629 3498
858 1143
920 1316
2953 521
1983 4476
2000 2254
3333 467
643 2239
414 2688
2688 3563
482 2141
235 2646
3222 331
2967 3181
4141 179
1127 4904
754 283
1930 74
4177 3886
2211 3995
1641 1904
4708 1799
2312 4178
565 4752
1699 602
1745 1595
2193 2216
768 3046
2658 4083
2728 4617
834 1681
2008 4343
199 3583
4126 4436
87 3570
3909 3892
3581 4200
181 2337
3229 3786
1710 4559
186 835
4652 4281
2660 1460
4345 1119
1352 2041
4175 2738
775 241
1655 4301
4971 2375
4666 3840
4872 3023
4954 436
15 4857
4965 3547
297 4060
4574 2627
1928 2542
2994 4279
2542 4076
894 2569
2069 584
4457 587
3747 3733
4097 48
3410 802
108 3317
2438 1700
3403 2754
1001 4784
3098 774
2785 4785
1950 4023
1149 4555
4029 75
4254 3377
3182 2515
2458 4662
1686 4614
4972 2572
898 4722
557 572
4262 4804
3120 3159
4281 3177
4408 1921
2035 2095
1710 2354
4300 507
1839 1294
3665 798
366 2819
4539 2729
2137 3513
1599 1075
3399 2591
1973 726
3979 2977
480 3734
3360 3238
1911 512
2472 3200
2885 4675
913 2340
2218 2894
3965 3488
585 938
2853 1785
2368 3944
41 3604
1300 4530
1576 546
517 3987
3437 3680
164 257
1828 485
746 1859
927 556
4994 3611
384 590
3383 2053
4766 4164
3338 3380
4250 3289
1534 3282
4140 4514
1220 411
3566 384
2229 2095
2197 483
553 1610
3042 6
4701 745
593 2663
1432 1848
4989 2888
4150 3051
3229 1809
4619 419
4154 654
4122 706
4321 4836
1147 3484
3278 368
1696 173
561 1809
1811 4047
2536 399
2883 2422
2751 2438
826 619
4425 4123
1019 4603
2727 2169
3523 662
411 1996
3354 4904
2857 2270
2095 4994
249 4556
2121 1517
3089 400
300 961
3847 2769
2982 1510
2163 4662
289 2303
3536 2442
1185 618
4647 3458
4701 1088
1805 4325
2582 524
651 3219
1964 2071
2190 4585
2471 775
4894 4252
2495 4339
4881 250
4861 2615
937 1598
2385 1498
3409 1910
445 3027
771 3126
2724 3760
4435 295
3065 3390
2513 3885
4476 552
4551 306
3408 2846
926 1129
489 1610
2216 1420
82 4579
2167 4815
1962 2861
2971 3319
3038 4666
1724 2773
612 2129
2373 1381
2467 2457
1678 933
3639 4317
41 984
1324 4832
3893 2668
572 1095
386 479
3896 2291
2622 494
2996 1816
1713 4045
3833 2557
410 2049
3644 1947
755 4904
967 219
4975 3688
3301 3016
4475 3644
4476 4361
1167 2183
1089 1309
1956 3531
871 1398
4323 1080
1572 4103
656 492
4296 2661
1318 4327
220 3389
4746 2373
463 4779
3254 4937
1704 1809
1854 4241
4790 3410
2468 2531
1355 3182
2003 3698
830 2964
2617 3306
2729 2617
264 1369
4666 4968
384 1708
4358 2695
909 3253
3914 4916
2135 2971
3220 1646
794 4123
1742 476
1666 1324
380 4353
3241 2854
2474 3879
4153 4422
3291 4590
4291 2347
2267 531
1093 178
4434 180
1361 218
1218 977
2276 2980
3321 1273
3864 2805
2201 3738
161 4069
3413 3879
3561 1199
4197 2077
829 2433
3247 4301
2171 1958
1956 1501
1541 4832
1479 3392
4831 4716
3422 700
4376 391
1349 1444
3612 3571
667 3539
562 4862
386 1731
1265 1755
1330 1272
698 4681
3440 2279
4400 3757
2929 1387
4117 2619
3780 2310
2353 2911
3863 4895
4861 3740
297 3475
1026 928
4682 1284
4707 2190
2416 508
3200 3259
3421 3368
729 1625
3299 4286
2584 2089
4962 837
1358 1153
1514 3204
980 4881
4454 69
4665 4499
2369 1623
488 2981
1556 530
2836 561
1223 2792
4784 2184
136 4573
3978 2720
3675 4328
1735 865
3859 3394
351 1778
1202 1754
3206 2735
3200 3783
3047 553
1411 2884
2181 4948
3765 3560
2855 2056
628 4185
4346 2223
3386 2368
2570 3090
2805 3124
1526 4396
4579 2227
2869 1119
3849 3365
717 3232
4762 4754
4165 1933
4277 2770
3731 804
4665 1050
3519 4287
3244 2073
1755 2933
2423 14
2755 3854
3343 4877
3465 253
3717 65
1571 4202
2321 2840
160 4103
4063 1976
1717 851
2118 1016
2541 1443
477 2201
4381 2786
319 1430
4700 1086
4019 3217
135 3592
2592 2209
4400 4177
2808 54
923 4915
1002 900
2974 1821
1219 3004
4892 1226
1941 2054
1855 1743
884 4815
2101 1855
3498 356
3837 3832
3930 3462
3725 3480
1161 1940
1364 214
1826 3136
1633 4953
3663 2401
3817 507
2016 3963
3913 2232
413 3131
2347 1532
4666 4265
3892 4105
4219 3438
2955 2678
648 1387
693 915
4699 1595
2198 1064
258 1622
3249 2551
178 4595
4112 3166
2245 4488
112 1617
356 1262
1194 2562
146 1506
2894 4006
3955 1336
1563 79
1648 610
1111 3772
985 1766
4113 1645
576 4057
4412 1475
2931 1148
3995 3243
3920 3563
506 319
4100 3076
985 2459
4437 4813
2963 2391
2531 3242
3958 40
1419 4569
32 26
934 4952
1757 3097
4942 4739
2278 4512
1891 1175
2452 1922
311 2725
1271 3660
3530 3541
4294 3196
1781 3400
3649 2462
1589 445
904 2354
3482 3867
1595 3835
4518 3010
232 2644
4116 4949
4493 1531
2988 1923
1100 1206
244 2755
3254 2440
1576 3249
2422 1725
641 3096
596 1261
813 4123
4390 650
422 3688
2940 4898
965 3826
4032 2273
3924 1302
3934 4118
3746 107
846 3470
799 2760
194 4678
4318 4263
2102 3401
4888 4947
924 806
2323 26
803 4521
1423 1695
363 1720
4886 3136
2706 4301
2244 2477
2666 4720
369 312
4233 3545
4368 4440
2252 2972
1576 1074
742 4869
592 3848
119 1767
2216 3470
865 4371
4068 2160
24 4302
4148 4470
1593 2587
2174 2901
3898 830
3097 1761
2554 1945
