5000 2500
8467 41
6500 6334
5724 19169
9358 11478
4464 26962
8145 5705
6827 23281
491 9961
1942 2995
5436 4827
4604 32391
153 3902
2382 292
8716 17421
9895 19718
1726 5447
1538 14771
9912 1869
6299 25667
9894 17035
3811 28703
333 31322
4664 17673
7711 15141
6868 28253
7644 25547
2757 32662
2859 20037
9741 8723
778 27529
3035 12316
1842 22190
106 288
8942 9040
2648 19264
3805 27446
6729 15890
5350 24370
1101 15006
3548 24393
2623 19629
9954 24084
1840 18756
7376 4966
6308 13931
2439 16944
1323 24626
1538 5537
2082 16118
6541 22929
1115 4833
9658 4639
9930 22704
2306 13977
2386 31673
8745 5021
9072 26924
5829 6270
5573 26777
6512 5097
3290 23986
8636 9161
4767 22355
5574 23655
2052 4031
1150 27350
1724 16941
3430 13966
191 31107
1337 18007
2287 15457
383 27753
8909 14945
9758 32209
8588 24221
4946 6422
3030 27506
9168 16413
2591 900
1655 18762
6359 17410
537 27624
6483 21548
4041 27595
4350 3602
836 10291
1020 9374
4021 4596
3199 27348
4484 19668
4734 8281
1999 53
7938 26418
3788 6900
467 18127
4893 3728
2483 24648
2421 17807
6617 14310
9514 22813
7616 14309
7451 18935
5249 20600
1556 16519
303 22798
1008 6224
2609 5844
2702 14989
485 3195
4343 3093
1587 30523
9503 29314
5200 7448
6618 13458
9796 20580
5281 14798
798 19589
7157 28009
3622 20472
2292 18538
4179 6038
9657 18190
6191 7958
2888 19815
1511 19156
2634 16202
55 24272
2646 20328
4886 26362
8433 18875
142 29869
1416 23844
1998 21881
8651 10322
5699 10021
8476 3557
4389 27892
712 5075
2510 2600
6869 21003
4688 17861
9789 13401
6423 15255
585 5002
285 24182
1426 27088
3757 28617
932 9832
2154 4169
7189 25721
1329 19976
8692 2368
555 21425
6549 3434
9512 7441
8060 30145
3753 21718
2423 16139
5996 16279
2529 16687
7437 22549
2949 19866
3195 193
416 3297
6105 28286
6282 24488
5734 12455
1701 18114
671 31316
2263 5786
4355 4313
53 31185
808 912
945 1832
7756 4313
9558 28321
7982 23646
4144 481
222 23196
2161 7129
450 5535
466 11173
1659 12044
6439 26292
24 17253
9510 26154
649 4745
8313 13186
8022 4474
4018 2168
9905 18787
7391 17958
3625 10202
4414 26477
5824 9314
5874 29334
159 24372
8070 11833
8297 7487
8177 7518
2270 17773
2668 1763
3985 17192
8480 3102
7627 29213
4099 4802
2625 30527
1924 1543
9972 11023
4181 13061
7432 31003
7593 17505
3031 22725
142 8492
1286 17222
7900 13064
8360 19187
974 22413
9170 14270
833 235
5760 19711
4667 18896
2550 7285
3694 140
1624 2695
2125 28019
1694 26576
6302 22658
2466 17371
2593 4678
5484 23851
8464 1018
3152 21119
8087 2800
1926 31060
4757 9010
315 32170
227 9576
2758 12043
5109 7164
7086 7882
3487 29565
4474 29577
5627 2625
1928 5629
8520 25423
4962 6902
4596 123
3261 3737
2525 10195
8260 1264
8116 6202
326 5030
771 29011
5547 6411
1520 21153
4924 29790
1763 30188
851 4940
3829 18662
7713 30900
7578 18958
3007 8365
1200 11477
6439 26058
2760 2303
2324 19357
5108 6477
4887 21113
2850 19801
2428 14460
7384 12993
6540 19405
8704 31111
2356 12835
9350 6072
4485 18823
3216 20556
9357 1626
3357 8526
3271 29337
9361 23869
3022 12896
112 29617
8696 12717
4041 11585
4129 24423
4565 24229
8932 6559
9855 22296
6962 12053
9734 3584
6972 6654
4369 21457
2963 22532
2483 2607
1635 911
2848 10067
2938 4675
2142 2223
6511 23754
175 22741
7825 21459
7870 3221
1934 1626
1783 15205
7398 23850
2701 22279
2734 12193
6534 1637
1993 5556
5705 10176
548 6962
300 15881
6641 14413
4855 19855
1462 13142
877 27611
2678 20424
8443 1752
2673 28296
9313 10040
72 875
610 12818
4932 1017
695 28112
3831 13169
6488 20040
9090 28685
2589 19497
5145 25990
9314 19353
6740 18651
1258 22044
8759 335
7605 11192
2181 25264
3829 28503
608 23775
5997 29292
9556 17549
1627 25561
9541 6467
1240 26129
9174 27813
6077 20601
8683 20215
3992 8213
5601 25824
5759 23392
6428 2670
4084 28027
8786 10075
4970 15498
3847 6287
503 32604
2663 21221
2363 5706
2171 9010
8240 27489
5542 12164
913 7619
6704 7591
9232 31818
5205 750
1539 4975
1422 303
1247 21098
3648 13584
7864 2971
1075 22913
8712 21545
8678 17546
5262 1769
3985 8519
5944 28289
8540 2865
5508 23245
7870 28318
8323 9601
4472 21132
5087 27152
9763 28570
7103 29901
3527 14423
6969 11600
5565 14015
1543 28
2088 25347
2637 2943
6463 22409
4681 5049
1342 1588
2060 608
1758 21221
888 29954
690 14146
2843 7949
5620 21430
7067 748
783 4536
2226 18035
7038 15185
5629 9853
5748 11224
3359 19923
4766 32257
4955 4944
2726 23318
1025 25411
1001 20355
9496 22549
9515 18584
3342 17964
7913 8075
1196 16142
5072 21948
4606 20426
4429 26173
6705 32404
9812 20626
93 19375
6036 16565
9141 14736
5994 30814
6652 8256
838 23936
1355 20482
1131 21015
7841 18230
2011 14625
4186 32637
1650 19690
1634 5662
353 10893
3452 21416
7262 14008
5454 22233
6634 16303
4256 26303
1124 148
4213 12317
4028 27109
1080 29200
6858 21318
4155 24050
5264 31361
3676 11903
6909 29643
3561 14902
4948 28489
3653 1282
2220 30674
6923 5402
9369 3831
259 3878
2619 19008
3 23971
9781 21945
2392 26504
5313 32685
5589 6698
5938 12722
6410 19037
6234 31461
9961 12508
6493 3959
5269 1515
8869 24937
4700 58
6264 13971
6215 15117
7815 24555
3039 18330
9288 30212
1954 28082
710 16085
4774 24484
9815 8380
6541 25951
1679 18115
5898 17110
788 23073
8132 23977
8689 29956
8 26113
5790 12941
1363 1723
5184 28
7200 24778
1885 5071
1071 21974
2867 11333
4295 26153
825 32168
5629 9676
2598 28650
4693 3309
80 4686
2249 10116
1528 26667
7864 26679
8405 29421
6816 8826
7726 7516
9087 28666
9964 27681
5686 1340
1662 6021
6064 14721
415 29309
9873 17902
3941 17124
1762 32745
7531 28423
2268 4806
5602 9318
4307 31907
1012 23481
6630 21136
6809 24114
3556 4084
1293 12290
9152 29996
5345 1054
248 14708
3712 7491
114 5131
7958 16439
9704 24722
1052 6995
7479 25269
6423 18238
866 27918
2498 17659
1196 28486
6633 7462
2022 12158
8392 1146
3925 13037
9458 10647
807 6602
7830 4098
4600 29292
799 7278
448 18352
540 13882
4575 28315
9567 8762
8397 22336
9897 31418
3851 25828
4230 26816
6925 4449
229 658
940 24520
5147 29560
1655 25162
792 20675
1754 22361
3146 16398
6946 8714
9569 21188
7663 8638
4515 15075
475 11521
528 15615
2570 13234
9464 905
8962 19557
524 14161
7469 12549
1923 330
4333 28350
910 22925
6336 19737
1278 18337
7636 12393
8164 30714
9949 31591
2505 19135
4 13337
2623 16337
9970 28664
568 25608
7085 19281
8373 9152
8194 28652
3826 9876
7572 28396
4640 6249
8819 29174
2611 943
289 1941
5565 8419
7585 3805
1450 16216
2609 1615
9166 11064
6074 16893
300 13509
9573 19695
3161 15589
7968 31172
6031 27358
9426 26268
422 28510
8779 30774
3552 30910
5391 4182
5764 15495
1364 874
8255 14902
474 4460
6821 6972
5547 26122
9789 21577
195 25605
7950 27594
754 16343
1012 2481
3439 11672
5912 13428
5967 9762
4415 24408
7223 1908
6434 11759
9486 5204
958 4319
6806 5945
8700 8166
7692 11367
8532 21787
974 30556
5021 3447
6222 18283
2376 29331
6948 28583
7982 12723
4776 22018
1111 9220
3856 32182
8925 19490
6486 4324
5969 19677
7534 11643
2668 15677
1991 31068
7783 32196
7727 16828
5871 29426
7612 10697
1027 18703
5545 11408
7185 9508
4237 30238
1313 26443
8850 22501
2111 25128
8149 23650
1454 11192
681 15869
267 27465
9793 17713
5472 18634
2830 20972
8442 24901
3877 5177
702 25770
1381 14364
8823 16590
8023 2237
6595 32179
2327 20169
1310 12042
1058 28182
9487 7926
2528 1670
2258 5651
9860 7213
1286 25783
8610 2742
7128 4472
5841 18434
3503 20718
4865 14867
1881 10938
2750 9257
8598 28614
2661 28458
2756 26063
278 20807
9435 19489
2075 6365
1386 7586
8360 7833
6048 13330
9492 8928
3840 12433
1735 6766
1599 19810
1892 11837
7328 31982
1369 29352
1794 31244
9252 6608
7432 11647
7208 9535
3497 3264
7649 23243
6841 22015
6100 189
648 19812
9851 9523
8633 24474
7200 29891
9990 19854
4919 25697
2578 17780
2544 12931
3487 3340
2525 899
5538 8483
6193 7492
5011 28252
5834 1560
1497 1840
8529 2785
8805 31540
3392 28791
3549 13210
6979 21578
9277 30971
193 73
1497 1620
1276 13826
6582 19790
1159 13578
6489 20418
3449 159
9072 12924
7008 10380
208 27967
8503 6477
2607 15370
2074 14196
2611 13722
8761 19019
2890 11056
6683 31163
9932 13716
2741 25452
6813 4954
396 2862
615 15460
2599 10904
4680 20136
7032 9198
2584 14387
3517 7240
8670 17006
8882 241
3523 25249
2105 31758
7095 29621
9916 7296
178 15678
5058 13579
2750 27577
3729 14007
2995 24081
4676 2678
899 27753
5565 11784
3608 3093
1243 6172
7514 29929
5055 10168
5973 11191
6748 8922
986 5651
6446 2144
6517 31577
9916 14629
5791 5874
2912 15469
693 8146
9815 9091
6857 26949
6052 20640
8551 236
1226 9487
6955 28162
8394 23183
6097 30180
7065 3065
9261 2513
1078 12578
4140 16878
1947 4611
170 2445
3489 29975
6149 24750
3865 3333
7282 22214
7432 27007
6367 8896
4882 28522
7641 31810
2187 7231
6479 6705
6538 6321
9447 31351
9646 24208
5759 22276
422 30189
8486 27666
2028 3455
4860 29614
1777 29253
2503 31348
2431 10861
2455 29082
2106 14197
5821 8752
6281 17296
4455 26021
7124 15947
9135 18318
1774 11376
4998 29859
9253 12074
635 6922
8888 1643
3232 8153
8680 4747
5678 19926
4801 6450
4199 24961
6363 20855
573 5716
3245 31561
8274 6473
4353 1550
4287 1181
8110 2699
7465 18643
2529 7172
2112 9981
4381 13476
6890 8247
8805 16671
32 32372
9320 3989
5431 23165
1293 9658
6578 17206
2206 16948
8166 27171
6697 3396
3694 31020
4788 15529
7984 30109
8978 11969
4015 21617
3684 16626
7906 9168
2097 25928
4390 28118
1785 15199
9199 14486
710 12420
5813 18271
6085 27415
3580 318
7267 1331
3444 8387
4507 23186
7827 4360
6431 28074
271 7152
4693 10268
337 19885
7604 31311
406 12677
9022 7768
5000 19413
7537 542
1388 30038
3289 7355
3181 31647
6584 13093
761 10987
8217 20493
7482 9501
5665 29447
2104 10753
9095 15084
221 13525
1781 3964
8106 4872
3343 3656
7080 22593
4868 16080
3713 21411
3251 20968
2079 27216
7040 28768
2933 31531
663 23779
6653 12259
2095 27936
1874 24365
6835 7720
8976 25680
5725 18455
4808 4071
9156 13559
7832 5602
440 7905
1562 7375
1962 22885
1836 21080
1202 10797
80 10508
2076 5340
1493 9058
8546 7740
4773 20474
8880 19097
1072 23335
707 23400
666 22955
3588 4141
7168 12481
9396 28315
1009 16225
8136 22012
8762 11455
742 25043
7922 21
9248 24512
7368 26018
9714 23717
3290 17650
2759 3335
1895 3169
2640 5303
4199 21979
4791 29105
8681 18661
8753 3652
2029 24033
7042 15987
83 26253
5814 11420
2244 32718
7229 31063
8864 20652
470 4769
1047 15005
1487 1594
3276 24326
6540 21323
3990 7679
4710 32588
7945 29271
8470 29221
3589 20183
4978 23955
5006 24779
135 13262
7196 23487
2088 29033
9779 12935
4790 15993
8965 24962
9105 11001
4567 11807
3134 2669
1457 32671
3545 12998
4218 13597
4844 8838
8563 7372
9264 21028
4723 28801
7604 13490
4227 31601
3692 11197
363 19771
2363 29301
3565 7721
3445 17421
495 18610
5022 16741
9151 31812
8055 23015
8738 3393
9882 15279
2654 1608
2707 3822
1338 24245
2290 144
3154 31339
4623 24604
78 22225
1981 21724
9733 2330
594 28223
8846 29130
9445 4987
8616 18805
489 5750
1963 27338
4697 28135
1630 32209
1908 23224
4474 26737
7372 31920
3855 10293
9561 6734
7606 31056
7075 8184
4119 28382
432 6741
2779 24684
8283 12279
836 20667
4118 24125
8028 12737
577 32119
4091 10737
2795 20556
1901 16060
3432 8793
4580 2136
5907 14875
8074 21184
6790 8719
41 20476
8329 3351
2974 16290
3591 23072
5787 12189
3239 31490
3053 14893
681 17063
7005 25903
8479 24176
6139 1695
3998 32468
3639 21083
7621 29515
5826 29993
3838 15722
2581 24828
8978 24399
1023 11891
4834 26943
7349 14243
8707 2702
5141 20502
8346 10687
4637 15891
1400 18413
1690 22816
8935 13162
9410 29126
1382 19877
7189 26260
3874 26705
722 2663
2566 32195
6038 16360
7811 18588
9467 28245
6867 32425
542 13189
1547 13063
9617 30502
5023 9099
1203 17226
1051 30048
8636 1570
5967 9458
9405 8456
9962 11531
7975 26819
7531 10556
8044 31495
6803 30591
8915 3388
2319 7450
5791 6272
133 29383
4642 1775
8300 23569
2078 17954
2257 3585
893 25333
103 10490
7233 4750
4271 10722
8990 19611
1641 30338
9047 23258
9658 2352
5302 479
8990 32683
5568 10002
6895 4422
8008 6135
6742 12361
3699 22194
178 23188
1357 4042
1847 23941
6345 7469
1913 4380
5710 14964
5385 20061
7504 20073
2703 9462
1069 28102
3529 5154
2074 31552
3730 19149
844 2244
4118 13049
6363 24065
8773 19552
9731 18470
7511 6747
4398 5869
7103 10498
5679 27352
3043 28053
1088 14522
5834 1563
7022 9850
1911 7240
5651 9492
5477 28580
9876 27616
5220 19178
2348 14615
2179 26798
6857 31635
1662 2883
8262 18902
9770 19420
9273 19022
2686 25841
3917 28888
1892 31717
1267 13698
65 11749
6932 10389
6081 25619
9130 2003
8631 13028
3152 14589
9172 18630
6407 19864
5428 12295
8490 29681
6177 26610
5236 31071
643 6459
7633 16840
3893 27037
274 22630
8782 12993
7461 32203
9662 8290
997 22307
8423 31151
6717 8890
8703 6640
4883 5566
2659 23661
386 18245
2765 32651
6840 19601
1497 17209
9250 27283
8421 18058
581 175
3271 26787
7999 4287
4979 12504
700 2138
2461 530
205 12118
8828 7540
1622 24459
3760 14398
2935 27098
614 10481
8493 19567
9161 28596
538 7746
538 7670
1555 21476
6371 24917
5752 16760
5433 13758
9065 32255
2401 726
2759 3034
548 10393
8792 27273
2933 16193
7103 30137
8211 3690
4668 13694
7498 32627
5248 989
1647 3879
931 11149
875 669
5449 25598
4599 25436
1443 20123
8154 1731
4434 22861
3967 9385
1393 10816
9866 16704
308 30953
8684 28223
2667 30792
2469 10048
811 13930
6090 19814
3743 5427
599 1604
7195 16474
5158 506
9858 17589
7889 27809
40 11447
9364 3818
26 17975
2503 25089
6412 30066
2570 6840
5395 14676
9986 28641
1109 17651
83 8187
3390 21085
8686 31250
1381 4755
5502 28128
862 24277
3565 26424
832 3872
4428 30885
889 6646
883 6478
1265 24925
5045 31260
5821 20778
2520 13855
4773 12927
7251 25134
3336 22675
1001 16334
9310 2737
7590 5974
1071 20356
935 32080
7282 32145
8718 1825
4712 13573
4998 13037
7162 9905
8692 1717
8047 19539
9103 10946
4115 30231
5858 839
2645 20829
7199 3394
4272 19645
1862 675
3773 32072
1238 2480
3542 26897
9203 29608
6125 23277
1401 20134
8382 9078
736 20169
7939 27478
8721 21138
663 31426
1575 1677
5981 6724
7961 27700
6002 28862
5095 18448
4016 684
9507 15137
1284 13993
259 2944
7058 821
7668 24643
119 10677
3041 29857
5264 8891
6915 1623
7929 8072
4715 841
2536 17615
7759 14957
3452 700
4241 5093
2448 11829
1798 5227
324 16224
8133 12274
5038 22885
6862 12170
5084 32629
4878 11909
7085 6923
3024 29400
3105 14193
5765 9412
5407 5767
3784 10677
4790 704
891 9834
8085 621
5190 27734
7998 20542
2018 22086
424 15621
1376 22597
9669 24254
2927 18108
6068 12493
9102 6366
2600 2438
4318 10819
4984 2290
2556 16339
4632 25808
6814 21478
7239 13787
5020 28074
2554 10827
7441 1988
3642 16798
6321 19002
3946 30104
8509 7056
7708 29833
6533 19761
4804 20686
142 26385
7260 18842
1620 22161
9578 4343
113 1187
4591 13063
415 5934
9761 656
8411 25012
6251 11959
3370 18738
5507 26124
7584 8007
3101 10951
4958 14489
1790 15441
412 17013
1060 14855
8472 7093
2676 25402
7373 13543
7651 6266
1528 15275
761 532
2503 5469
7107 32729
2451 27892
8392 17953
3519 22570
3407 19472
9505 22494
383 28440
1409 14262
8038 28607
5471 4360
654 11171
1514 29947
1229 14523
6766 489
9756 17887
7470 26632
666 25739
7283 8522
7553 8160
7091 24705
5386 1259
4629 31687
8317 42
2356 22045
5452 13388
466 3154
7760 11833
5631 26919
1267 6738
1098 25776
6320 24314
4007 13053
4216 16469
9842 9722
5463 29007
947 26260
8630 13793
3043 18717
5314 31376
7117 16626
620 1334
6792 14171
9154 8964
4693 18866
3775 30664
2212 13000
7551 21100
6379 25476
7877 10943
361 3789
8272 11385
5144 11434
5563 29561
2946 14504
308 23888
1430 12157
6464 5123
4346 4074
1981 13837
6611 25318
7591 16292
7123 3832
6991 6461
7330 31461
7369 28498
8400 17291
4117 14179
9914 2317
1441 1595
1867 5936
1453 7028
3973 27909
1503 17981
6816 26569
5367 1883
8402 5385
7157 5230
5567 28681
1866 8310
3171 3687
1245 3477
6238 32764
2047 27671
4592 26115
2657 27311
53 1405
580 7171
2530 22740
4320 13675
3377 25790
6586 10998
4489 21604
9744 19631
6610 8388
6919 18718
5927 18259
8119 14609
2716 21479
1396 6300
1458 16853
4593 20830
9849 30806
4272 14854
2294 26160
6333 12054
4229 146
428 10471
2241 10559
2688 29421
2033 16366
2270 26685
2261 25329
2208 22860
2162 8982
6878 32506
1897 11979
6538 7887
783 14469
2795 17540
8633 7266
4557 13509
6134 2317
8135 32053
2593 12258
1693 17843
2951 16466
1094 18140
5174 12937
6097 2512
2695 9551
3492 21817
237 21292
613 27530
1710 25296
5628 32389
8786 5809
8840 31744
8569 8182
7393 6120
4962 6292
2527 14214
3194 26807
4713 8705
8913 7011
9664 6693
8995 26203
4381 17762
9909 26946
1768 1048
2511 26624
4235 7954
4633 1127
1862 28240
7577 15127
2340 23817
5100 10142
6558 28400
3154 21476
6430 10935
1295 5831
5623 3537
2927 17922
211 28029
1754 16211
2253 26880
1321 3293
6528 20785
1000 10443
4671 10555
7452 9270
4631 9375
8934 13640
7986 18040
4248 28834
8765 1539
312 12796
5052 7262
3987 30731
2557 24464
9556 14248
5450 20170
7301 27182
4099 13293
9044 23332
75 32331
9050 31004
4066 15026
9801 11738
3843 19623
3380 441
7918 19695
1363 3659
6329 12628
8854 1088
4979 8613
666 18569
7577 7679
3402 27837
3292 23115
2872 1723
323 29448
5948 11153
5197 24395
2908 4508
3993 17411
6781 7665
7610 3202
7256 24828
8965 27705
769 18023
253 11715
3684 31805
2145 29478
833 21840
6900 19285
3994 10968
3885 16633
8281 348
6256 18032
872 29910
3901 8982
635 12306
2471 17860
7137 29527
9768 8343
3995 28233
7603 29171
8011 28942
1034 7879
4593 14512
4161 530
258 23234
5906 21926
4443 5191
227 6188
6484 32719
9093 5224
3224 30435
3582 28094
8627 8867
1146 22005
6589 32686
8237 20540
8759 22850
8956 9578
2403 32677
6300 28042
5225 15811
1595 21143
6615 21016
1006 28804
1641 28368
698 30335
8313 1325
2312 28023
8457 24618
8339 18396
2094 21086
7043 7846
2911 31522
3455 16280
6847 26358
990 28870
4327 3873
3454 3413
2472 31896
7241 24450
5646 4641
8213 23525
7929 16824
5403 8695
7993 12594
2187 26067
5079 4640
8125 10041
4860 12534
4907 23000
7692 32621
5117 25293
403 7717
7893 3943
9011 10639
4028 26925
748 19978
2892 2850
654 26444
4353 23623
1547 12036
826 21346
3904 16061
7571 10238
6405 26886
2056 5299
1267 11728
2019 3751
8166 19991
5846 5717
3187 17093
2912 1421
8299 6867
9897 32444
3328 1201
7104 24942
9768 1768
6296 26641
720 11262
7918 21244
1219 9625
8174 17584
459 10984
7014 13149
2503 5695
3851 5032
6814 1537
4651 8363
4290 1219
1683 25917
6584 31918
3586 27252
6248 31269
2397 12137
3168 424
8148 20027
382 31993
7669 29271
877 893
9104 1014
2943 484
6811 11495
8892 1293
1990 6798
4890 11299
9074 8493
3774 1549
173 9314
9218 24069
6833 26865
9911 15238
6463 13252
5149 6508
2245 23088
1920 6231
9271 10106
6421 12368
4157 15258
4982 9647
4122 18238
906 17723
189 18706
345 11156
6923 12351
1550 7118
1836 2097
3406 10591
5813 4510
5880 14651
4743 27844
1245 7741
4949 14578
4514 21705
9227 19785
7204 8624
3917 28356
555 6227
4286 10102
1698 19468
1411 8979
758 12489
775 13490
7132 28410
7296 27089
3112 11950
2529 20122
5836 7672
5553 18277
670 13976
2652 9085
397 1751
9001 19751
6693 435
7916 15072
5328 6716
2125 1511
7296 11838
1544 18939
2826 1056
6758 12902
2021 24588
4108 22586
2628 29777
6947 21979
1280 12549
5128 13245
426 14062
677 4719
4047 29091
3231 13785
8684 7406
6769 21954
7956 14709
5945 22421
6016 13465
6497 21860
5190 18335
8049 5677
7886 21005
8675 23388
7377 13143
8487 10130
2482 26555
5000 25253
289 27754
5215 32488
1310 12008
7799 940
9707 2997
304 8454
485 8237
792 12499
2612 29613
2983 18682
6129 15351
5033 17137
1864 16600
1857 23683
1710 8968
1708 21968
7732 2641
1684 12437
2701 32499
8583 29869
9692 29256
2087 7640
3810 15012
4835 5820
615 1663
8677 25897
134 2774
9533 27553
2286 28878
2734 25624
5349 18075
6984 30712
7792 30624
8822 6504
8913 4055
4473 462
4160 20084
6053 31122
1822 19397
1337 19750
4006 13917
2197 4931
9236 27505
6599 10357
1898 28290
1447 985
592 1084
8996 18725
4828 29855
7342 15338
9795 14428
37 30742
6767 5506
9793 5053
4146 28505
3924 3609
9465 19854
6206 12239
5492 24209
8175 16499
3061 31036
5618 13647
6727 25013
7896 15712
7841 21909
9090 20130
7915 9034
3523 6286
1344 20666
2037 32736
5893 5416
971 1949
2777 10844
6200 19285
285 14590
7118 28325
6 25668
4008 9729
225 14541
1980 15536
470 716
8747 15384
7936 20328
700 6204
6364 7523
6040 1411
1504 250
1766 23483
2670 16141
506 10845
3256 9088
8266 25107
2678 5857
2674 14199
5191 14155
9832 8990
996 30858
8290 8917
1707 3967
8246 8234
9402 11462
3426 8239
906 19095
350 8314
5279 4586
5822 17776
2301 6879
5676 15812
7357 3164
6038 32570
144 24312
8180 16561
643 18200
8061 21856
5939 2647
9290 19808
979 17452
1419 32618
2284 24007
9977 24547
8613 15675
3371 18709
6339 28642
2621 6336
6034 21501
1358 18129
8469 1436
8504 22897
4202 4798
1238 23105
65 15032
4481 12516
9023 15579
1771 1727
382 31313
4816 6140
5319 28488
5513 5589
851 18259
3283 32271
7038 4364
3184 3012
3501 21759
8733 9574
7714 5059
6595 27649
4541 28522
5377 20416
565 1052
138 19891
967 13310
3787 15055
8222 27224
7441 16439
6804 6648
9368 27834
8872 31441
9974 32668
5137 19176
3241 20633
8018 5745
2974 31015
846 19252
5524 8956
5581 6966
2240 8144
5296 29334
5027 11876
2018 1205
1641 4291
6191 13465
6259 22471
217 23700
1943 2016
7064 14624
1157 31505
7666 31502
2046 9275
9789 17632
2145 6046
3152 6003
8326 31901
1184 29153
350 19649
4346 10405
8970 1025
4795 14336
1323 9793
8856 5532
3210 15896
5692 17776
5290 14550
3852 13795
8315 17350
9361 10036
9984 3760
2534 8729
8082 6050
1936 16806
790 25584
9182 21617
3116 19066
9425 6388
5610 13101
9982 6450
5193 28621
6754 27038
4895 4593
5638 20280
7420 25167
6883 4345
4696 23865
390 30833
189 22632
183 17839
2129 13817
679 6753
600 18613
5145 8252
2151 19861
8963 28318
4907 7813
1476 29554
1211 617
2264 25429
9531 15966
698 29942
1155 19522
5257 27587
4464 23158
8510 13762
1065 30946
3165 8380
3540 5946
8042 27297
3194 14464
270 12584
2200 32715
2106 1206
4696 31302
7611 8833
415 19067
175 6645
3448 6354
3079 24919
6321 27988
1597 7592
3509 22197
71 8652
4122 658
7997 26859
1899 10999
1320 4120
6984 32036
1915 4912
9485 23953
199 20741
4208 11567
169 6844
4879 29681
7207 21108
5706 5259
4075 23849
124 28026
7774 27607
128 2884
3145 24546
1714 20481
4168 20149
307 13338
3504 26793
1697 1105
5955 18217
2343 16641
2097 26133
736 679
5633 19555
930 1954
9904 10252
2488 20279
1754 24870
2176 26072
5415 26701
4231 18086
9975 17480
514 30260
6657 8938
9438 14990
5447 28981
4618 5242
5631 16070
7219 24061
990 28781
8672 12833
1302 1563
6928 502
4898 30721
945 31447
2222 28406
5794 8686
2844 23577
1547 18683
485 13240
1723 16464
6653 20337
8130 27168
1466 15255
2512 4858
3318 29656
142 13201
1506 21276
684 32702
270 15023
8250 26312
311 13475
9195 26850
1520 5488
183 26101
7892 24798
6784 18848
2187 30245
8343 14462
6859 18258
4016 8871
2832 8172
7683 24441
2015 16088
8516 13976
39 18298
3205 31283
9146 19997
3675 5769
9387 917
6030 15020
1735 17442
373 32389
2073 3480
786 10777
1785 8381
8345 522
6085 20979
935 15713
883 19735
6096 2186
2085 20648
521 14752
1982 9260
7688 6636
7236 19919
7065 26792
4198 19278
6386 31496
976 21011
2121 7547
7245 23202
8564 6702
2572 31539
2370 2257
1654 21920
1080 19359
3391 7298
510 23960
5867 29591
1675 22033
499 12136
5790 17775
1256 14376
703 20272
967 5086
3542 9515
3566 23495
4186 18456
9198 8437
8364 12626
1665 1085
340 18908
2814 1360
8012 21154
3338 19752
2525 8706
9249 30630
3079 23179
8838 8313
8421 32517
5991 14145
1839 1969
6565 24308
9473 23762
1970 23681
7053 23147
6508 22708
4429 16715
7689 31066
1771 14663
6259 5541
3572 18631
966 2514
8170 25988
2199 28168
3850 655
2936 13444
9406 16278
313 29427
2371 7523
7073 23327
2173 23461
1102 9934
1417 25587
6153 31463
595 26126
9213 1495
7370 2406
3305 23859
4833 22496
4852 24223
519 17879
7793 6126
1465 31585
5444 31371
7271 17107
8099 24087
8596 16519
7552 5715
4753 22492
7590 8257
3357 24959
7809 10886
5686 5865
259 32019
2435 22313
4101 1028
2869 10468
6731 456
6074 7578
843 11395
3316 31274
511 15024
5722 18585
57 8971
8174 14095
2183 5038
7295 26658
6983 25722
9503 6231
4300 2232
1480 15590
5505 17408
2858 32702
557 9818
4120 15561
3656 5028
3332 25713
7182 23092
1320 26467
1074 7358
9094 3987
1364 4983
9714 27264
4390 26746
6255 10425
1467 13163
4231 5792
2880 22619
6128 4718
4720 19948
2091 9079
7587 3766
2126 5808
1159 14825
3220 17518
1314 10035
4147 25456
134 29156
751 3360
1478 16208
2589 22294
7976 17524
4090 9694
9372 20189
301 7419
4844 21702
6539 20523
1827 20609
8186 6637
1827 27416
7623 15169
2514 14899
3644 10415
3669 5436
1676 10378
7952 17858
7137 9846
2988 5915
7288 24616
8074 2382
3915 20333
5656 11056
9616 30062
2129 24524
1984 27442
7049 4872
8026 23396
202 8582
5416 18775
4552 30665
2755 18759
2844 11417
9443 3554
1999 6824
121 28422
1413 15733
5793 19917
2060 21873
9074 31175
2501 5985
3208 31622
1026 27395
6291 26720
929 31988
977 9072
8 10193
922 12254
5137 30876
3803 30816
7912 21090
7253 12289
7299 29979
2902 12322
6369 27602
2729 30654
2438 9734
5226 12274
8134 16463
4348 22972
9503 16453
5518 2307
7437 18333
3179 20695
3144 661
961 17659
6576 21907
645 13472
2972 3592
4196 628
5535 6811
1229 15835
3532 3716
6158 24956
4620 29749
9724 23296
4526 13120
8983 16406
574 3445
6588 21691
664 30538
877 18104
2942 20353
623 17004
5625 14852
7842 17611
1149 8724
3590 20135
7328 10146
7804 23855
6909 31741
2779 19381
83 29102
532 692
6099 17312
1047 6161
5290 22405
9959 17569
2139 32628
7580 21228
1778 32471
8456 27440
9444 22148
6125 24745
4698 7210
1180 25616
6064 24815
9472 16226
9593 27479
3005 32482
5333 18536
7587 11105
5638 30732
1064 31165
8399 14518
7508 5032
3438 13896
2638 23978
4059 8245
744 24169
4769 27362
6518 11049
558 16467
3061 32143
9190 25603
1226 22186
7004 3603
1768 21300
1347 423
4566 5396
1665 25230
2000 26152
9173 3617
668 30786
1579 31597
7728 26224
2158 26260
3267 23425
734 19312
5169 452
1570 29562
9235 8211
1711 6890
4750 2064
7545 28960
1754 14767
8217 30787
9942 24565
273 2088
7579 2815
9388 30837
1886 19269
809 13830
7321 4640
9881 18319
3020 31626
454 1411
1984 25893
2999 2357
8829 30336
1457 5950
365 32405
49 2334
8592 19094
119 31270
9313 23017
6117 15253
9160 4977
153 21505
6562 24591
4854 3576
1134 20072
5050 23016
1945 9193
747 1852
8061 32521
259 6344
2885 28366
2718 14439
5268 9107
2050 3554
3799 7432
6735 32020
2792 31098
6182 3916
5316 19029
3758 3059
2399 4583
8357 1135
5271 20070
7780 22342
406 13877
7686 28295
8252 2403
3035 15718
8428 7285
5960 16678
949 101
6385 2364
7157 27626
4841 2737
1593 18938
1033 17096
9768 4493
9935 27873
96 19109
1561 20381
5584 25739
8499 25923
1849 16731
8606 25442
8287 6850
2769 26040
1588 9223
2083 16467
1158 3400
6938 15606
920 19463
5758 18366
9023 19685
9298 20229
5470 29356
4196 23175
9988 1683
2946 7619
8275 32190
5519 2469
6197 14341
1654 8545
4058 7158
3791 5794
4837 13341
3232 28900
9736 12675
9958 17438
7085 30580
5284 15013
727 5253
2426 30285
4536 19670
3370 3281
1348 6549
6199 9077
3573 16835
8351 28137
7617 28731
571 5233
5529 27376
1044 17731
6467 20342
7528 30000
2634 30916
7757 4999
581 29240
5941 13623
5749 7131
9299 31539
4099 25575
3245 14363
201 14726
4083 6424
735 7389
8895 22024
6170 28745
8717 11483
8752 28392
9773 11324
8255 27740
2070 4468
30 16843
765 15756
2980 3114
2358 1458
6008 8124
6667 25311
5928 21717
1099 17590
3870 4580
5412 2990
8064 14000
84 28275
7911 19682
9868 20106
3826 8644
7366 16436
4988 11592
5865 18838
3947 27212
9659 7446
5771 1052
1110 21256
666 32057
2670 26250
3925 13145
5874 31148
7043 25774
5536 9429
16 6763
3934 21858
2061 7301
3815 32655
582 21174
2082 10139
900 14024
9337 1575
1300 15376
5864 19424
2695 20537
8629 18525
9788 22851
1744 30794
75 21706
6490 16071
4819 31884
7195 19979
6807 5158
5374 845
1156 17438
432 14820
7222 9766
553 22957
6955 26271
7625 9389
3128 8029
1527 2039
8490 20394
8054 29648
4192 5517
2618 32530
4056 3148
2282 22990
6439 29743
1493 21301
269 1927
1033 30393
3592 8431
9026 1135
9080 5842
4961 18616
5907 28717
3245 5920
121 22166
2782 27782
6491 27006
4615 31870
3143 22195
4771 11763
4935 23592
5412 19217
3467 5881
6952 26721
1828 17322
429 18230
7699 21424
2151 14153
5041 31794
8383 15264
144 8720
4077 30388
5202 18213
4202 8658
2249 23753
6575 5058
4638 8090
1395 6823
7205 24701
3123 11558
1041 24287
2530 14026
4820 6209
7043 935
5674 12531
8100 3902
8775 23071
6430 15009
8622 22794
6890 11736
2452 5015
9782 26754
5188 17933
1960 17855
9923 17945
4659 30542
5943 30487
8584 15347
1668 21389
3198 21788
7479 12280
1813 32707
5447 6860
7271 29846
2344 32182
6448 13142
2353 25636
3888 7549
1825 2823
6190 9251
2046 7639
5775 3362
4078 17624
103 4985
377 26781
6048 26350
8494 20170
2729 20216
6038 29726
8672 29915
5862 18352
7667 6421
1465 11128
259 14329
5389 24082
1419 24986
2140 12735
3632 18666
5822 13485
5161 20003
6141 11896
8432 2150
2361 5872
2313 4770
5645 27165
1810 8120
5970 32128
3596 6621
8514 15004
3210 20799
9552 25269
471 32235
1830 16344
7261 6382
7151 26395
83 20666
6758 28710
2295 7372
14 17906
284 13452
5812 29905
6341 28021
2290 6575
6611 17525
6982 22167
3387 5783
8050 28793
8268 19679
884 31274
335 32629
4105 12460
4992 21511
7550 27824
8060 7016
759 19801
2923 29309
7300 67
8256 27225
48 19140
1807 31655
8491 14449
4382 18760
219 4836
9679 30270
5519 1725
6701 4809
8324 6631
2725 25807
283 22301
2488 3969
3963 21164
7534 24124
2851 27770
3724 13997
67 29511
840 30265
4955 3379
1661 16028
8227 2432
6139 30160
2237 32666
4848 32048
7048 24404
8221 25565
3175 22133
2514 6241
7362 12147
9676 23954
1658 3454
784 1721
466 10688
856 16116
6429 30180
3629 24537
9843 18389
101 7004
2920 29384
5136 31987
7582 29052
6366 1528
9193 1472
4179 26958
5987 28983
397 10823
6594 11096
7653 8901
503 14520
20 13472
4953 1932
5033 10824
5665 30057
2280 2732
6966 25167
868 25690
2828 29926
4144 21479
9449 29703
2003 18833
3240 22910
5610 21027
5282 527
7187 26393
3961 7863
8599 2565
7318 19251
3558 12081
6358 28103
7178 15238
7457 17464
7221 6572
5756 16922
1260 10867
5343 9298
6841 5234
5352 24019
8411 14062
1793 16811
6881 17405
5760 3651
1271 17898
5694 15842
1535 5084
955 16500
323 31155
6688 650
4010 5939
4932 26017
1210 14948
6419 3495
4189 14648
5851 10171
1223 3695
6649 3637
4407 15800
884 28134
4812 17177
5304 20641
3162 4496
8551 12537
2732 25851
8938 31565
1228 27445
4526 8194
5745 2178
4205 6928
5257 15149
9401 5312
4727 25199
2353 32692
6542 27795
7149 22567
4255 12376
6748 26742
2815 30103
1073 14047
4749 28965
2169 137
7970 14331
8768 26053
3178 28052
4981 11156
7586 12695
731 13929
7859 4278
5089 8752
238 31958
7972 7054
5656 4208
8147 24171
9511 8503
8819 32174
2205 26107
788 22599
9045 13261
7492 24435
76 5732
403 4667
8899 18367
167 21054
6114 19212
5793 30129
9854 11977
6831 15012
3326 14889
1299 32647
9674 2489
6612 25836
1957 24387
9491 15503
2829 10482
3361 27027
8496 952
5183 5646
1554 15597
8102 25032
476 5945
9081 28224
1623 22195
8343 27632
5369 22602
9989 3282
1599 14437
3179 35
4652 19654
8350 23399
8945 30132
1871 5293
2590 2649
2177 29204
5319 25705
528 4750
5722 20228
8785 29668
9184 23774
8884 6651
915 27037
1681 15189
3759 19074
4546 5850
6427 29260
9421 22233
7818 3161
1350 9546
6461 21263
3458 21846
7371 9594
3502 17945
420 8246
7953 25254
3586 15760
8735 25419
113 16616
8592 13335
9265 29018
2336 9370
2746 26525
9512 17644
2815 29482
5726 5105
773 23201
3080 25306
3990 31593
4214 4591
5857 3223
8849 2700
3285 2322
2702 6762
1374 1268
3848 5152
8638 29235
8237 22762
1792 6272
6343 12200
7481 17519
8991 3370
9984 29145
7085 12714
4399 30079
4386 16282
2650 27119
185 12193
8608 25516
9499 17888
6896 12425
5331 27769
1502 9814
9537 5970
1077 17598
6851 5398
4463 11888
3505 29053
1267 15741
9655 19662
9695 14081
6872 19618
9670 25094
7121 2538
4523 1445
2365 8243
7135 4718
4599 16937
3192 31499
9124 30554
8066 31
2722 26429
3818 29556
1692 21875
8361 13910
9728 13132
1149 30522
1826 27277
1278 29348
2338 17777
8944 15175
139 6125
6340 19821
7966 3640
8148 29081
9951 17547
9551 12907
6557 3110
3009 27077
1576 403
6023 10540
5454 22574
1906 369
4999 32485
3930 28048
6658 573
8884 25816
31 20373
9783 22604
5422 15791
987 8010
568 32364
579 5994
5709 24023
4141 31657
8477 29285
7272 14023
1435 8828
2517 13549
7743 9009
1265 30867
2891 21590
1538 30369
3776 7604
991 32212
3409 12693
8197 11620
5128 22662
2759 16100
8440 10842
9494 10089
1620 22642
6146 21486
1486 27964
943 1271
1474 9466
1788 3445
5827 17349
1504 30954
4246 3281
7285 23757
350 16114
3673 22832
2312 14943
4883 3232
7768 13239
7683 32589
1987 6209
3245 18795
8639 1912
4248 30935
3207 1479
3954 31230
3940 19601
9718 2043
4377 23412
1472 26623
3885 11983
8720 29686
4702 16257
606 14439
5924 12276
3037 10652
1699 19035
1890 13316
9606 13367
7975 11221
2792 31520
5547 24565
7684 24258
2829 21531
2705 31782
5689 26162
870 15923
9282 25342
2180 14196
9072 19969
6051 18715
1755 24736
8477 15174
4729 1154
5851 10882
1237 19769
5676 28301
7073 13604
1197 24161
2125 8595
5062 5485
7560 29229
9073 7718
8709 8079
224 9662
7682 11574
8815 7475
7446 29343
4568 27532
4361 32684
5286 5472
6089 8266
4604 32151
5594 17233
598 9076
3533 18604
1184 468
2964 31417
1014 29616
4996 14066
7148 16873
396 2510
5791 15941
5589 16866
3355 4020
8251 15948
2271 5081
9228 31825
3454 31173
6430 10309
3991 31238
4853 13739
2567 20448
9877 17054
1197 22490
773 19056
6862 30589
9429 27536
539 12888
1841 17585
5520 4167
1047 11560
382 14581
1989 19606
3403 26784
1462 21960
392 8732
4063 26843
4611 16923
692 24740
2270 22443
8849 3919
576 26112
2486 11845
8603 29556
6498 1364
2878 2508
6723 3338
2411 3005
3117 4193
1227 943
5290 4514
801 20416
6544 30339
12 20236
5433 16274
4401 29740
1135 20183
633 24828
2134 437
3671 28577
7263 8722
4540 19659
282 29368
366 1848
3227 23290
2071 14458
6305 30106
5434 11001
9555 1770
4299 8507
4075 7730
1439 8803
2488 26194
6673 28664
5358 27048
2487 2280
3713 19764
2452 24013
4978 18170
2704 6766
8649 21416
2837 10377
9459 28537
955 20432
526 22105
1366 5937
3155 3914
6446 19290
9635 18182
3936 20093
1238 15846
4403 5456
5599 19714
6925 30041
2324 18074
9863 10344
9276 13749
4334 10597
2426 16647
3244 20043
8761 13592
5175 17269
4696 31139
4471 19481
6713 30268
6030 27666
7109 10806
9059 24290
4546 31684
1103 32759
391 606
3196 2093
7950 20583
7435 17557
6667 12
165 10869
973 1903
2516 27791
4515 6149
4243 30118
2497 3388
1091 27711
8563 11874
7007 9125
5121 18370
2658 7727
8275 24336
1576 1221
4919 1799
8611 14241
209 5712
3263 23635
8514 17830
5783 3336
4988 31032
3705 3339
5940 14670
8391 9868
4985 7728
6320 5537
997 13124
8703 9354
562 5494
7554 23865
2302 20700
1629 29714
1026 16794
528 20463
5679 31748
199 21351
8442 3
16 19280
5098 15290
1730 9858
9551 8553
444 23262
485 21649
2572 7055
2858 12889
129 17552
6860 14640
8627 8046
6422 5044
7473 25936
333 19154
1051 8756
6534 25391
2322 23931
8202 27079
1580 11176
5388 13269
5885 3429
7610 22002
4274 16327
99 5760
3055 25042
1065 24393
4572 4928
4726 29284
523 28798
1587 26201
1997 4088
9175 11652
678 25750
893 11455
7406 10630
489 9531
4521 15165
9964 30127
1113 440
2710 30389
3763 20488
8188 30320
7264 23821
9754 6003
5316 14722
6586 5854
9524 26425
7302 15818
2659 30120
682 488
2574 18341
5566 6500
5754 26222
850 1552
3226 1516
6602 23486
8901 7737
2749 17901
102 15967
1881 4265
6710 31843
6489 14508
184 9858
106 18121
3987 6586
2490 31371
518 24972
2353 2073
2662 1281
8213 27996
9115 9451
9785 8804
1564 20333
2837 10504
3784 11453
6972 16333
1544 26921
3257 15370
6129 88
3340 20297
7901 19923
5876 15343
7500 1731
3613 15648
311 253
6332 9693
1814 27451
216 31599
6834 23212
2252 3849
141 20912
7450 23209
7569 9180
4562 9535
5111 23365
1011 12817
1321 763
3345 32606
9850 31443
8664 22593
7444 14442
736 15833
1025 6502
7953 27559
9006 11007
1129 31543
1070 2751
1228 27395
59 17541
2715 3220
2178 20944
5384 7658
383 7738
3737 4638
5030 13635
2315 19782
2021 32080
7752 22425
5446 9204
3004 19412
8825 8045
2549 1244
8529 26994
9 20132
2429 22316
9133 7761
746 12930
5283 5532
439 30873
8835 21880
570 24987
7629 25589
9521 5560
2189 10597
444 13163
4705 18621
713 2815
6999 22334
5615 13137
2058 14164
8383 23511
943 6846
9831 32737
2251 28655
3290 24351
2295 16052
4061 24420
9767 14360
8034 15273
5191 32133
378 9301
7879 25387
6615 13500
4072 12709
9952 25061
2823 10970
2537 18064
1610 22050
2978 28791
7161 22443
2718 4821
5183 22298
8695 16933
1072 14709
8703 7468
845 12864
9050 1849
1142 28646
2155 22444
768 26459
301 8885
9847 768
3187 32606
309 14535
7633 28364
9140 19351
1724 18625
3200 15346
6031 20838
3217 11221
3584 23624
2344 14815
2019 8352
1367 6070
2174 8919
7030 24487
2716 22345
1699 28044
1685 25162
5321 16115
8541 6502
5573 7804
1452 10733
2229 7811
2159 2224
1665 9983
3950 3845
8591 6826
3213 26897
1986 22371
5190 14662
1906 5584
1622 5418
9666 27719
1991 16218
9566 30959
3279 17103
4867 30498
6103 21345
20 17430
1534 6025
1833 5821
287 16235
4827 28393
6624 3348
1918 32692
7244 12800
9086 6431
1508 9695
1597 21753
1121 23192
8907 2819
5022 29071
1991 20561
5251 22052
8965 1523
6980 24956
8465 15061
2300 27523
9235 25828
4612 27953
3876 13682
5289 6157
5199 3292
2461 1776
9131 20842
8700 27660
1080 11638
2545 24620
168 30929
8762 14141
1633 20834
3082 32270
4560 10000
6141 1364
6336 16099
6833 7665
8827 29029
1028 27254
5984 10319
168 27110
9397 24417
7406 8125
8463 11410
4690 32048
5344 4969
4643 28599
2464 10155
5558 14537
6911 17206
9947 29414
9129 21293
4080 26587
8764 85
7076 7234
118 14015
4847 13384
547 20648
832 5555
837 26781
5896 27427
8324 5859
5653 27799
8841 7701
5729 4404
565 19215
5532 3650
9719 3083
4439 18296
2238 778
803 5241
2620 6006
7849 32670
4524 19205
1787 25078
2629 21984
7898 139
2638 19973
1002 3815
4485 24041
2211 15063
8827 20066
3930 9583
2082 26565
8831 27982
3290 28235
3256 11812
1448 15802
6126 6513
7064 18497
2293 3215
8437 31907
6338 18418
70 22424
6345 11183
6059 9328
9221 7483
1560 12537
923 31349
5905 30883
9313 15847
6984 2786
234 14409
1970 12500
1157 839
3856 5668
3592 4485
4733 31022
1383 32735
4499 9827
2090 3061
2100 17135
6573 21479
6885 10906
3209 17245
9981 25836
9699 20939
9407 30101
1219 30195
1427 3084
5560 29355
5452 22133
603 24800
5398 31688
1569 6875
6990 304
9557 27843
1319 7857
4149 11875
3946 18190
9467 10798
509 26346
479 30080
3207 7981
2138 7719
1699 32425
2014 20770
2355 32510
5765 24232
1720 18618
8264 16237
703 709
2050 32544
4301 12541
7427 12344
2910 26141
4824 19696
1098 19683
1131 10640
3754 19570
903 23535
7609 19445
6032 15414
1630 22917
2432 25318
4090 14413
132 18461
1517 6635
9321 26645
1805 1818
4721 4333
4970 15246
6394 15788
7227 31008
577 8835
205 5675
4642 20050
318 19254
8724 1390
1365 979
3171 14754
5844 14022
2509 17267
1872 2410
5874 16552
3697 16977
9941 15370
2341 20267
4968 617
7321 25065
6727 18655
8283 26914
6932 2137
1162 26549
4035 12882
5135 28592
2534 8930
7728 17520
9724 29688
5233 26634
7125 5603
2782 6122
7065 20760
8264 31930
3322 5423
8908 4486
8631 14638
6426 1565
563 4362
4419 8378
8741 31851
3076 25315
1521 21168
9587 30098
7239 20531
552 8339
474 26830
3742 20781
2900 9118
4234 29700
680 25606
6923 9790
8168 17399
9634 485
7544 25455
708 2444
5219 20800
6349 30518
7580 28947
1448 29299
6119 684
3340 29132
9770 11888
1433 19297
2622 15140
5540 14545
8250 20727
9247 21082
50 28099
8396 17730
6331 28304
8051 18805
3139 21082
4370 6767
143 6676
7973 30556
1957 27116
7366 28286
843 20433
9814 30672
1471 21298
1261 8937
920 12809
7327 23586
9053 28441
2528 3323
4597 5491
1881 7099
3310 21823
7578 3671
5090 23993
1234 21653
4247 6266
7422 32113
5974 10745
3022 23488
7519 23377
5966 24083
2794 20805
8324 7646
1089 13441
1797 27098
6460 12066
573 20391
6605 25465
7438 26806
7518 16396
7944 28262
7015 21726
9323 22893
1124 3569
5369 4218
1670 30472
8015 27161
2729 27825
4037 1494
3830 24195
5300 16549
794 1701
3303 18561
3959 14992
9206 4948
8969 14613
9455 15639
2651 6561
2677 4410
2539 16576
7502 17222
3196 32224
4023 6849
7723 13912
5371 5714
1620 16808
3156 18981
149 23298
497 32145
7443 19466
6392 19448
204 13531
7294 19695
9149 5450
2581 1951
1845 31598
245 13675
1433 31584
4399 6100
2297 21567
8941 26009
6099 26231
974 4898
759 24387
6145 31262
3659 15729
767 9324
3968 4966
2094 15927
1796 10849
7923 29542
5417 27396
7368 15411
5781 12048
574 23833
1884 24688
468 7668
6204 2425
921 31844
1911 14960
9951 23922
342 26700
3425 630
9451 10430
198 17720
1480 28527
1382 24405
1614 12425
6204 16612
4009 3192
5005 14938
6666 26866
3080 32171
7541 6964
7886 15026
2733 1935
724 23251
5292 23076
951 8159
9527 15596
4287 10807
1920 12027
1127 10805
9710 24837
9803 16583
9483 15137
5635 21341
3277 28621
80 22278
4711 16434
8853 22229
5408 21930
7448 14730
9141 21632
5416 2670
1818 3063
9984 18815
7974 26509
1885 1741
960 1408
3085 19748
101 5778
2505 8171
4796 27401
1109 4172
8987 20731
3525 11670
5802 10184
3746 21727
5352 19688
989 9197
398 17895
2018 4951
6257 19373
3873 31719
3068 6915
5610 2883
2125 11859
2839 27596
3518 17583
1518 9159
6167 23061
8166 28603
6226 29938
7882 7193
5760 27876
4557 8738
8554 3780
8061 3078
4521 16868
1098 25673
1258 4757
4345 13419
189 17901
5956 22216
3725 23239
8532 8125
421 7178
1762 8716
8208 10287
5530 4738
9490 4605
9569 3799
3253 32407
7656 19413
583 25785
8593 28348
3362 20799
3666 5606
6219 21735
6664 21671
608 32599
4014 9847
3212 2914
2622 7507
2492 8327
6999 20320
1271 19898
2192 18386
6217 8552
4988 32524
5089 693
2414 7688
268 12296
5358 4346
7745 1737
797 11568
9647 30825
7237 28221
9907 20643
4549 3670
9039 12546
12 32252
1431 26020
691 32476
2845 30525
4416 26099
7056 7774
6872 18677
1008 31736
309 6896
2358 15132
744 31788
8930 4
7649 16727
4868 18519
7901 30174
4255 8361
6927 23966
362 21313
8818 14780
3289 29728
4941 21713
2796 28223
2840 6731
2135 30231
9582 15632
3250 1382
8852 12644
9601 17457
1033 32268
1894 773
8526 10419
6533 10883
7512 16782
6825 17436
5812 21052
5845 24
202 13296
9758 23773
6677 4305
1111 21358
1650 5281
1980 11570
2327 4253
3716 26359
6118 5797
3777 17718
6065 20381
713 32152
6176 4371
6874 6586
241 30242
9097 30509
1248 32662
7148 2242
8536 32592
4617 15620
9624 21229
4638 11781
5561 12706
2547 32350
9039 4458
9981 1905
8414 26468
5316 15601
1967 18294
2167 27045
6163 10039
9774 10600
999 18444
8080 17525
6824 3217
4086 20449
1257 15674
1215 14185
2275 58
6582 5230
5037 2211
8962 30270
28 16591
3612 32661
6876 29696
9958 32100
4191 15171
2122 23248
2550 12698
5728 5758
3742 13145
1860 7438
4477 11473
695 11493
7213 15404
5525 10032
2295 10904
5848 29221
8084 168
8091 20620
9232 14838
337 21119
432 23566
8534 17262
3637 29831
6102 14694
2514 17011
2269 10642
3547 3834
1503 9730
606 31041
8297 10411
8102 14737
3063 4015
6317 8117
2151 11999
7538 20643
3454 6782
2012 1887
8922 3912
2174 23837
808 7091
1851 23718
1623 28277
1211 25852
6589 28230
2015 8001
4728 32487
9921 3029
5863 5987
9488 27327
6714 3477
475 846
7831 15082
2619 3839
9647 24169
2406 19362
8752 24560
2561 30905
4380 22720
6550 17441
1738 1339
951 27124
4940 1005
2625 2989
5104 1482
3380 653
3611 21430
3058 12606
2051 19787
1430 6327
747 17622
4296 13407
7205 23714
5406 24949
2515 18810
1588 21935
8334 7785
9023 26913
9963 1476
5726 14177
1707 2922
9266 23529
9425 23627
3248 19900
7530 7975
1413 7757
7016 19096
6905 8092
1807 7251
7703 13730
4452 5547
4684 22255
594 8535
7790 146
47 18036
607 8505
4958 3278
7746 16281
4422 30299
6413 24592
4052 12808
3791 28041
6924 27576
6708 10657
9958 23946
2263 26632
7831 1627
2679 6441
1100 10637
909 26637
4654 31750
1597 28540
6979 8827
2139 19046
8081 25838
9792 898
8697 15221
813 10293
929 6206
351 693
194 4816
3988 16238
3971 22675
5980 421
6966 1683
4756 11099
2466 20609
9359 23668
7184 6395
5094 27928
1866 24332
5266 26458
6913 9463
1286 17431
3166 13360
9122 28449
3883 25260
4966 22173
8946 15706
708 2474
3670 15346
2266 10820
1378 25069
3038 13927
3359 28884
1978 27767
921 4030
4890 20191
1444 3093
9507 2809
2523 6040
647 18222
5225 10150
9382 7262
9740 22969
4855 16001
9526 305
1863 6287
2966 16979
5345 24478
8886 24209
4720 24906
9606 5643
5361 4442
8938 16983
795 6817
8799 3709
3795 30497
1252 28742
4140 21367
855 18103
1052 16755
8445 16856
2997 32262
789 30650
4705 20065
4447 19127
3503 14427
4265 1276
5246 6675
7803 19781
4263 25815
9316 22760
3777 32581
1828 32533
2703 4784
476 4444
2108 18374
4402 7535
4441 13935
393 31786
1414 3320
1857 20944
2304 12912
7691 25496
8826 26706
7583 26216
4511 12133
2305 10976
3206 29665
2418 19098
6791 17619
467 15024
9934 6850
6975 26495
7694 29075
5465 15787
7639 14762
7460 17508
586 25682
9122 11495
3948 3935
5119 31559
5466 5138
750 11373
9341 32060
8548 32093
1918 10406
212 14268
6619 6065
8571 10127
8042 13114
2749 7750
1261 1728
8736 9977
1606 14025
9783 20465
1405 13953
1153 11626
6545 165
5780 31127
2380 22431
1347 30183
9081 20723
5544 29063
4426 12249
1662 6440
9029 21291
1598 29698
3727 14978
460 12825
5180 26269
7347 12223
2165 6402
5423 21082
8187 14055
8809 8807
6091 21330
7544 18111
3075 9344
3205 17689
4724 26756
9856 11217
760 32048
1650 2280
4966 12088
5778 21067
3843 1173
5932 9048
763 1576
4335 29598
1857 19616
2166 10980
5491 21661
3929 13933
5250 24085
4693 891
6288 23288
4057 786
8827 12559
6226 6910
1241 21290
666 10264
6692 30074
4412 30148
216 24892
8827 20158
42 11159
163 2839
6396 21448
2896 16250
9678 3196
3486 29108
5303 13437
8001 30323
9845 17041
5094 23630
8993 10400
8394 2054
5542 29204
2569 26124
2643 8581
8201 21827
9023 4502
3561 12038
3101 23834
6900 4205
1456 4732
1210 18636
2593 13917
3792 4477
6990 22910
2775 29408
2069 17889
6139 31391
4306 1835
2173 10039
7573 21069
1827 11444
3336 4195
5102 30395
9007 4316
6764 3022
5008 9948
7008 13772
9157 13790
831 5047
1696 29086
7467 30906
6190 21814
5605 15467
2383 5511
1439 24653
1942 4826
7440 11929
8540 3527
8443 13886
2153 9047
610 18470
4709 21605
6471 22971
2332 7242
2420 28842
881 23225
6588 31718
7252 5351
6865 15857
7430 20975
6102 11351
1788 5750
72 26747
1219 17290
1993 13717
756 23760
7693 4092
7032 31199
8873 18849
7933 26343
856 20444
8025 14486
4000 32364
3022 22332
53 9145
895 17709
4508 6747
1634 9319
3123 7136
8982 16244
3375 12490
439 6546
4565 25048
1168 18962
5469 3719
8113 9982
2340 3287
7633 766
8321 30290
8677 636
906 17995
5249 19463
8056 11620
9566 6133
57 15955
461 25421
6660 22501
3163 18916
3378 28738
7334 19397
9499 9588
5199 470
366 14115
5232 1465
9078 19874
6800 4337
7993 12848
6757 5958
9058 23671
6617 24682
2706 31065
5312 25820
9602 20204
2136 29197
9116 8643
2306 22978
5115 32624
6160 12473
2336 4678
4608 24719
7782 25188
4616 4321
2712 10223
7170 11186
9042 4766
8458 268
4662 10876
6981 19946
4704 11753
8597 10838
9595 4322
1115 8911
1221 387
2604 237
4640 5578
566 1864
7931 1694
6756 9365
2065 7184
9265 25106
5984 12000
5402 4389
8957 25411
4407 31807
3686 227
5035 7943
8231 3112
7049 10677
401 1206
3546 21435
7576 27959
1708 16811
1164 90
9725 597
5883 14107
2377 26415
5380 1094
5168 15355
383 26934
316 8611
1948 18403
3041 4200
1273 5660
7189 17723
7223 22032
8178 7787
1503 30739
4890 11137
2177 2463
203 29801
6830 21913
4099 15314
8103 22998
117 16598
4868 13790
5692 17374
4106 30448
8848 21184
567 25926
2407 8235
5471 13977
2030 27205
6845 18920
759 13458
1042 20598
2277 22808
7633 2066
278 13505
5311 27290
17 29440
2869 30402
848 15543
6760 30226
8863 20057
2490 25646
3526 14668
2610 23386
6339 21649
5162 10813
8220 8358
9815 30437
6372 8875
9390 4876
555 31429
9077 26010
9275 14784
5976 3435
6048 14840
190 8529
1367 32633
7323 12637
9003 25445
8086 27994
1452 3734
2541 5275
7201 1925
5304 4855
1391 22378
3260 28433
2826 2725
690 28125
9707 4189
5847 3935
883 15719
9428 18614
2048 30313
2640 8026
1709 17727
565 2466
7887 23965
8976 14473
8653 21750
5229 11953
5343 4509
8771 18600
8778 13611
6188 6763
5002 1568
6968 17960
7666 7373
418 12360
4001 22385
1619 13485
6613 22946
2389 16696
804 6894
6219 31119
88 18627
9295 18461
3643 32652
2747 90
1124 7965
2525 30284
1792 15953
2197 12110
805 497
3856 4112
7730 23256
3034 11231
4171 28501
656 6438
7236 13265
9924 28469
8972 30386
3652 20802
3580 25471
380 10925
3599 16708
5867 137
5812 28728
1684 31831
4658 27293
6887 5140
77 19688
2959 29559
8630 10530
6140 2676
4391 10638
276 25860
2094 18060
6437 12328
5385 5053
6927 4139
8196 26728
4368 11304
2975 26396
1183 4813
148 10391
333 23646
9127 3559
8601 11773
2495 32207
8835 552
9652 4460
8595 23171
7273 29720
9467 16088
1163 31375
474 11612
7930 13649
5395 24628
3833 583
2045 3127
1985 25000
9772 31990
3771 4638
1696 12793
2061 14373
716 24908
6739 5300
3497 827
578 3872
3772 19289
7658 5693
7478 12999
9610 7366
9995 30642
3577 13567
8454 13854
7602 3992
9994 32226
1374 25045
7883 2548
1881 30444
4670 31975
2318 28847
1967 18098
3572 31594
5138 6067
1789 30991
4460 1268
8300 26512
8434 16812
7575 1677
1890 4617
990 47
6705 23340
5643 6484
4564 29814
298 11500
3875 7682
4923 30370
1051 16498
2677 28864
260 23023
5117 18764
770 15467
2855 12919
5727 297
300 4665
4969 21888
4398 21813
359 1244
456 26850
5810 25605
3913 8428
6882 420
3266 3032
631 16387
1501 31464
585 15380
1073 16702
8594 9653
388 28227
7802 27954
9168 1866
371 27147
6633 1137
7862 24312
7101 5320
4685 32555
3117 28086
9763 22741
7932 10648
8953 18667
213 31146
5707 23594
3266 12075
8482 16729
1802 24508
2571 12494
698 10506
9144 27955
9224 22444
8101 16778
8740 30031
925 8303
6559 528
2270 18589
6912 23849
1563 4788
5541 8400
5505 19514
2711 30044
8284 17375
6258 8106
4394 27397
7123 20159
4096 12415
258 27822
876 30873
8706 30396
8795 22105
1143 8387
6139 27141
2839 18388
2372 2277
1396 30752
771 4682
9529 2585
1447 5584
3939 6868
9615 11999
4242 25522
4707 14712
8848 13631
7971 17454
2209 6490
925 25458
5868 24727
9555 18964
1289 7905
5355 19207
9323 23396
7049 10341
6784 30634
9786 21426
8822 4611
8258 869
800 26411
4985 16804
2362 30503
5922 22608
7401 29040
12 15937
6919 11347
7148 27091
1405 11160
90 11425
5281 31330
795 31888
9411 23638
9647 19984
371 6655
5100 25502
5717 27761
4539 13965
6423 19501
9409 23815
6002 10053
1585 4431
9807 17089
5535 15944
812 19264
8984 13627
95 22755
449 28885
9755 27238
5741 2415
4609 7056
5827 16019
4248 6862
1343 14779
8751 8731
5096 28251
979 30498
2306 15138
8301 13991
7781 12413
3469 28451
7277 8286
4541 20142
6435 23355
4799 26658
8380 15961
8584 21374
8113 30538
4593 11656
671 8373
4252 15031
4399 7253
6100 12623
600 20036
7192 28366
6164 7546
6281 7303
5809 23952
8722 1933
89 1482
1704 12242
7940 22869
2065 21136
1612 25805
6826 29672
625 29955
7156 11210
9646 27388
3614 14868
8796 4413
5065 9726
2181 22085
5256 27829
2716 4188
998 838
7499 11915
6733 12222
7629 31468
6916 32143
9661 21028
8424 20790
447 29741
2719 24347
2382 21081
2105 2489
3749 32403
5991 27390
6545 8168
9345 3317
7270 4167
7986 5538
1202 1925
9095 27182
6255 30628
7720 3396
4813 32341
4278 15546
3903 4027
1686 4724
3365 15986
5868 11397
6218 17616
604 8344
879 13163
9372 16015
8807 26843
7326 26217
180 14017
9869 30057
5458 22536
5622 3700
8835 7274
3914 16828
5899 27958
8592 22427
5340 3921
5536 17089
1493 18043
5021 32146
7094 15828
802 22218
9496 22943
3217 29027
5403 22085
4776 31672
9711 22685
7254 25066
9942 21354
1500 32643
5866 26150
4534 5209
7500 6398
1916 182
7693 6685
1924 3253
5248 24621
9275 16111
7103 22043
8116 1623
4285 29723
9712 15203
9084 27117
5807 15469
1104 15966
1381 10584
4372 2065
560 630
2715 9087
5993 11945
6842 2621
2249 11465
148 12158
5070 29766
6693 1496
9967 18703
3460 4683
2444 1714
3714 12415
9961 9924
6200 27725
9772 1667
4817 5249
9813 12218
1379 27358
5086 10469
2724 5475
5187 4246
282 13517
340 2071
7235 17501
3273 12625
6006 9947
917 17388
9338 1243
4957 32184
1094 24639
7531 29260
665 253
5390 32237
2027 7971
9460 24497
7491 28184
6491 16099
8890 27940
7413 8106
2223 8498
3562 2790
4221 7125
4946 27995
1754 29578
1523 29201
8098 4413
5687 23546
8212 30478
2482 8918
714 25684
4019 22356
6127 31458
7401 4730
2892 18826
6024 29766
755 24544
4619 30102
2384 20288
1756 4421
668 15635
1410 2199
1508 27213
9915 18135
9354 21562
6234 10302
4410 21115
1074 10263
1984 22092
2948 14881
8424 12040
7781 21301
293 30702
4020 25896
8455 4901
5978 20979
2007 22014
5699 6673
2068 19066
524 18985
1587 10764
1118 27629
7602 30111
2042 32322
2942 20187
9188 14497
838 30372
8933 7613
2831 5348
7596 8550
9609 11659
4117 26029
3906 26324
8189 21321
9738 1225
2469 4409
5239 15881
2629 8107
154 19913
4050 6685
5249 26393
3202 25794
1934 28008
8672 18727
1496 5707
4972 17942
5008 22650
5621 5819
727 19483
3705 13573
8158 24644
3644 23375
7934 2491
8983 18752
4986 20224
3331 20463
753 21901
326 26955
2728 21596
8061 24251
9480 4010
4027 17153
7491 16891
1809 17252
6269 5726
863 5134
5721 6130
1049 31667
5665 15017
7725 17011
3162 24908
3524 2050
8599 1215
2455 17670
6221 24711
37 31680
2807 18569
3666 23535
1882 3092
3106 24049
3324 2594
2070 6444
33 23259
9093 22956
22 12891
1887 14605
498 24757
8446 16028
6297 4920
6974 19129
1859 15089
479 20864
5869 15472
3817 10408
2222 19663
1183 27818
5820 8177
2454 16678
6847 19464
6824 28803
2663 1626
8292 11991
954 7492
8249 1030
1425 21375
2291 8493
2771 162
7140 9537
354 6888
967 5363
3461 3636
8513 2519
3285 1106
3704 23750
4972 640
3465 20353
5306 45
7557 31126
1546 23296
8796 31880
