100 100
7 81
12 36
30 14
9 84
56 90
93 96
52 54
45 8
48 91
12 31
14 39
58 22
4 95
52 69
79 38
23 18
66 59
98 86
96 62
33 58
22 46
92 37
25 47
58 2
7 98
30 92
0 78
99 52
48 82
40 15
75 62
67 36
97 18
97 28
51 16
30 49
25 58
29 20
40 60
47 62
55 75
92 61
54 98
46 14
46 88
69 38
63 75
15 21
75 15
28 34
70 5
64 57
62 61
24 49
69 30
23 50
33 25
10 37
36 37
78 93
36 14
64 91
49 35
5 37
4 37
23 64
70 8
68 81
85 52
73 52
94 76
26 96
72 49
40 74
19 43
11 41
89 19
65 5
85 16
50 15
9 64
66 93
74 9
0 95
73 89
61 72
68 58
31 68
26 10
22 74
79 10
52 82
91 95
64 74
64 2
55 60
74 72
21 22
47 77
89 5
