291
157
390
290
127
321
42
517
13
34
134
370
3
364
4
251
70
17
69
115
444
569
192
543
94
11
32
388
44
74
70
30
138
344
444
29
236
537
121
382
301
233
67
452
160
287
353
317
77
484
300
85
301
286
496
323
206
269
218
521
80
316
417
235
52
134
464
574
123
84
622
30
255
280
144
104
136
74
379
190
423
169
169
117
218
561
196
41
565
211
358
238
85
1
127
169
134
436
117
124
503
252
143
583
204
170
56
136
254
222
264
409
197
177
123
297
360
486
250
182
176
434
77
69
122
249
395
306
126
55
16
173
51
482
504
87
423
332
426
492
371
38
234
44
97
1
61
80
115
204
45
231
10
31
39
218
193
76
172
70
191
35
208
71
361
198
148
602
226
116
476
10
18
145
135
528
48
182
57
449
229
161
101
93
114
226
231
137
270
63
180
119
291
181
19
79
161
140
60
287
398
210
517
76
364
134
40
462
300
125
37
320
391
87
369
193
9
445
41
214
99
207
502
39
318
431
10
183
85
511
393
121
50
88
560
467
308
43
53
168
41
274
258
126
205
265
4
39
452
78
117
243
203
257
499
396
19
16
172
532
106
543
375
410
325
446
216
170
510
467
374
159
50
163
93
266
557
4
66
444
378
508
244
97
88
134
178
320
90
29
32
166
269
244
14
373
264
466
163
300
339
177
291
66
26
164
150
505
108
12
47
171
97
336
22
70
494
118
410
133
136
30
96
187
226
598
63
247
539
140
45
54
280
204
52
37
139
145
202
42
55
215
216
375
127
88
10
46
151
282
401
65
22
118
163
268
106
32
140
335
345
255
546
298
37
69
252
413
69
188
12
168
444
457
5
55
359
152
167
29
106
387
138
441
98
438
147
13
379
90
459
45
493
83
341
152
359
468
461
412
147
271
203
295
520
315
332
11
34
292
57
201
41
88
227
306
522
224
178
62
11
178
77
41
268
495
136
127
91
380
394
204
327
13
131
324
328
279
75
144
48
426
129
263
47
24
87
186
81
464
522
299
459
84
106
24
63
38
134
143
381
357
82
152
307
193
324
390
373
124
9
34
263
50
189
92
319
394
430
244
597
491
148
56
7
204
86
72
126
12
306
117
506
90
156
19
423
190
243
165
130
11
53
254
137
346
223
12
64
142
377
229
460
67
557
39
183
386
326
281
3
49
206
86
337
19
290
93
543
476
246
25
317
73
5
63
33
443
512
71
374
538
210
134
170
361
42
362
385
134
327
102
16
54
19
340
640
30
159
239
196
69
549
324
127
16
176
350
138
307
283
35
163
423
22
274
429
284
549
17
109
288
54
41
319
190
331
415
85
31
424
183
251
48
312
236
227
104
9
87
245
13
373
17
63
111
402
372
185
116
248
130
84
182
514
96
422
190
357
184
58
110
142
543
355
129
157
179
140
41
171
102
288
251
369
489
355
175
389
73
305
63
532
341
138
349
207
288
582
82
525
195
191
58
139
101
35
502
73
331
290
157
352
195
30
243
555
278
3
386
615
82
533
336
381
516
136
445
588
550
16
334
142
23
119
42
120
243
51
410
153
132
84
60
521
244
330
62
38
470
188
23
33
47
383
233
298
58
214
417
175
219
454
35
380
245
56
61
45
10
386
200
407
59
42
154
25
59
274
222
435
107
392
86
143
4
354
160
156
229
499
166
95
368
294
511
92
212
229
32
249
252
92
218
35
192
116
2
71
290
283
183
40
449
129
144
433
459
262
33
121
68
19
195
342
298
549
319
400
11
120
382
81
275
158
273
172
373
54
30
142
92
448
368
370
195
311
239
196
125
560
429
317
232
128
159
166
171
11
113
333
491
110
16
29
45
402
164
159
463
209
352
196
110
219
21
217
152
132
13
248
31
128
360
5
267
84
64
250
312
303
183
267
495
247
25
84
405
108
143
452
86
101
584
41
20
52
334
472
106
211
494
333
209
299
245
127
22
115
423
147
138
90
515
135
263
118
83
43
493
432
162
284
135
329
141
170
14
24
19
206
28
6
44
374
201
358
271
390
353
137
332
502
232
339
149
451
534
37
405
18
455
384
56
69
106
424
122
104
496
134
183
183
334
459
248
73
334
144
200
294
176
25
24
29
236
17
112
162
80
101
126
303
22
14
527
98
420
122
140
38
63
118
215
373
122
298
457
65
374
551
317
211
6
307
87
60
142
194
49
551
207
214
42
158
221
551
69
228
545
394
168
30
191
17
96
120
349
502
27
246
140
2
21
88
180
47
385
306
343
