666 666
344 412 17
616 4 458
557 238 371
76 369 -336
624 187 -374
374 447 -98
358 395 98
532 163 114
464 195 169
144 610 239
53 307 -436
86 65 342
361 498 151
292 163 46
619 406 -82
152 21 184
504 203 -260
74 542 -87
617 221 322
585 344 231
358 486 92
30 486 -94
171 333 -235
420 21 -136
25 277 -126
624 377 77
310 297 29
286 626 -354
339 20 -111
120 160 -127
120 172 -241
582 528 124
195 335 -300
184 52 73
328 124 -14
581 190 -433
625 537 271
223 102 -398
15 364 229
184 169 -369
253 480 -210
64 196 28
244 67 -117
208 190 -133
166 61 19
67 42 638
50 20 132
248 109 403
559 17 -258
11 314 340
346 61 320
449 276 345
238 559 -165
297 221 37
435 299 484
46 195 176
645 218 -504
259 369 -35
447 411 -250
41 579 -11
537 103 -321
292 76 343
30 334 294
74 525 -224
151 87 -6
584 420 326
79 573 -13
102 456 -96
149 421 -478
160 349 267
617 432 -44
183 62 -171
307 285 392
630 664 -342
15 180 247
29 411 235
576 512 -201
343 398 388
194 440 134
645 254 -354
353 344 -27
33 525 -326
345 69 126
621 88 -305
184 419 -323
200 345 -275
143 126 211
517 469 -22
367 309 -318
144 216 262
288 565 -298
98 466 -344
283 318 -52
566 212 338
35 165 -390
466 124 431
626 587 -61
590 516 166
522 473 -326
586 229 -164
332 298 79
455 146 -66
310 421 -291
344 448 88
248 419 -152
617 522 400
312 200 36
195 350 -418
249 233 -289
618 135 -402
218 611 244
441 349 273
621 130 -78
598 261 -628
94 117 484
331 232 -29
422 400 -522
541 190 -370
539 201 110
552 38 320
329 479 -160
567 102 -142
494 148 -526
512 230 260
421 141 210
364 619 -457
417 520 84
590 551 -358
226 641 -259
208 20 50
122 100 149
434 435 -637
416 17 -62
337 338 79
258 503 -313
217 341 20
460 649 -51
215 485 -198
328 2 -147
228 4 587
321 219 314
148 552 48
264 118 409
356 466 0
633 237 -394
560 160 28
305 59 167
196 542 -126
196 296 181
45 178 -45
437 612 -59
47 121 533
411 392 366
205 77 -472
356 478 332
330 213 34
352 487 534
346 470 -5
285 591 -340
584 599 460
57 421 -354
609 602 335
553 158 332
160 248 103
365 576 180
129 364 291
371 552 9
287 135 78
297 53 204
12 438 328
609 422 327
636 649 -33
515 588 60
53 637 -500
645 35 142
634 18 -120
540 619 -469
481 618 306
354 113 130
214 536 5
483 87 377
338 355 -54
363 569 -489
337 236 413
471 564 -239
365 192 275
560 364 518
136 224 547
226 272 153
16 661 54
619 515 -45
340 346 -196
134 467 -338
92 394 -15
549 599 523
215 114 -40
619 37 395
205 540 63
343 338 -60
582 251 322
65 348 -567
518 649 -11
585 349 129
409 146 235
659 65 15
445 305 229
471 129 -161
425 598 529
649 300 153
101 137 -225
520 77 -263
19 152 -23
336 639 -381
144 507 409
113 558 -234
122 538 99
177 655 -207
85 383 -315
479 162 -408
310 71 -386
482 307 -349
302 395 -3
364 196 -280
78 398 63
583 630 444
341 217 -20
98 103 -88
98 375 -205
316 116 93
356 568 491
404 350 -333
304 553 -486
446 527 -183
323 203 251
300 275 -345
189 383 -319
48 452 -254
498 376 20
25 145 78
315 548 -441
96 462 247
458 73 -105
368 467 -405
625 218 -353
521 414 93
454 390 583
83 433 624
15 252 162
533 65 536
278 199 10
424 575 335
502 367 110
156 172 -183
42 489 -619
148 442 37
11 167 -124
485 225 -68
234 256 168
550 382 -74
475 123 -211
271 207 -103
504 150 13
66 196 171
466 48 562
46 442 -168
252 351 65
300 70 -181
298 639 -142
380 392 242
614 152 56
465 517 -16
202 26 -320
282 552 -437
463 21 -254
420 307 -252
249 192 -50
278 378 347
440 184 209
151 386 -313
150 410 -361
646 107 -20
547 378 391
13 144 -217
296 304 -22
405 384 48
246 515 -313
282 491 -312
274 181 265
548 462 276
45 27 52
535 514 -526
45 470 -375
126 296 255
410 402 -56
139 659 94
622 496 -407
637 604 419
579 609 310
578 257 526
500 110 -7
231 137 -433
559 512 -82
184 56 -188
516 94 -597
160 236 368
304 3 -9
294 269 219
625 154 -322
477 225 -86
561 125 456
229 536 6
292 664 202
613 97 -283
68 386 -187
617 55 415
8 625 -124
660 206 -470
570 386 -212
544 82 -136
283 327 235
390 125 -138
11 430 -26
93 57 421
487 322 -386
432 175 496
612 226 2
217 69 27
453 77 -148
51 442 -71
79 200 -189
480 388 532
157 69 -46
548 497 38
571 116 -115
264 345 -180
325 213 202
488 375 5
440 552 -108
616 125 279
316 42 564
120 307 -56
259 479 359
277 540 492
526 316 -176
478 310 50
546 57 -93
69 367 463
69 472 502
511 364 35
138 157 65
333 267 281
418 71 -131
79 390 120
459 501 -508
521 295 101
555 341 50
643 228 -290
71 259 67
366 8 4
441 145 220
462 574 -336
274 103 -75
51 256 404
256 406 -470
255 651 379
602 241 -89
214 642 -114
163 8 363
33 19 -247
629 140 -435
363 361 -374
392 654 -387
263 314 -75
175 384 -394
259 122 310
182 537 450
121 648 -97
96 428 202
461 184 -115
296 272 -4
211 311 -51
526 244 -133
121 123 -259
463 22 -328
404 126 -69
565 426 58
265 600 506
514 121 433
377 597 -86
525 416 -1
46 484 -101
479 380 -68
606 78 97
126 556 98
585 249 268
31 370 193
221 135 -259
600 509 61
50 454 -145
274 619 -190
516 562 -80
395 179 531
298 4 286
163 94 -83
388 416 -438
497 504 407
83 616 161
625 518 -67
650 459 8
182 345 -151
559 395 -178
503 203 -33
445 57 231
374 564 -349
241 588 -354
370 120 -86
553 326 53
435 89 516
536 664 -49
313 618 457
74 334 175
213 533 -469
67 121 534
95 242 -155
20 216 4
37 626 -456
46 319 -253
93 519 549
514 524 118
37 304 -59
613 84 -77
396 391 277
5 336 133
278 473 -31
649 75 -212
215 410 -93
301 143 -522
218 331 478
167 332 235
392 339 -231
431 385 -46
252 633 -170
219 422 70
642 22 68
189 487 40
488 237 -167
337 48 499
567 443 197
277 574 -100
75 155 549
578 357 404
466 444 -14
70 217 -125
581 260 -236
209 21 -313
462 420 77
106 621 359
569 515 131
394 345 -503
526 128 -97
324 470 -322
535 259 -536
533 472 564
77 437 324
489 173 435
620 224 290
661 342 -137
633 342 -123
440 539 166
112 257 37
99 207 -228
45 341 -335
386 626 -143
196 356 -318
176 354 -296
393 389 53
72 493 -198
178 162 -371
106 193 587
72 399 248
180 398 -26
310 649 -154
89 119 -223
624 659 120
515 314 369
616 631 272
434 274 -287
34 112 317
267 506 -395
125 90 -366
393 441 -322
268 523 291
602 198 -360
238 478 -83
655 373 60
331 595 -463
39 485 -234
309 66 -100
81 201 364
245 52 205
209 420 -177
369 172 -34
29 144 1
253 385 -147
288 445 -195
19 334 320
335 626 -18
23 399 -52
399 190 -402
133 495 44
522 148 -509
217 464 154
300 580 -29
451 149 204
229 623 -68
338 191 -115
599 149 4
161 336 227
384 88 -119
391 189 83
489 653 42
549 303 302
568 534 -285
225 663 306
56 460 85
452 560 -228
57 626 -365
442 192 410
455 534 -101
93 365 165
469 34 46
468 62 -509
23 381 -12
350 394 499
583 637 -6
244 629 333
368 10 -251
180 432 -534
80 184 -46
581 658 -260
46 94 -238
310 565 -271
400 247 -41
102 236 325
336 197 -466
184 441 -280
26 521 -68
252 212 -27
576 240 -404
524 387 -28
207 565 15
518 465 -67
446 591 -137
564 489 -238
317 264 109
589 12 -167
165 335 -111
217 309 172
384 437 215
227 241 337
608 170 252
586 293 -44
353 67 -532
504 106 -512
275 638 452
325 437 92
393 222 84
103 535 343
86 262 -280
435 322 163
86 661 141
251 413 -322
278 320 131
119 345 -298
2 281 -114
259 52 392
198 220 213
519 211 -39
592 620 229
471 584 -363
198 249 275
376 188 -174
349 464 -146
661 534 -169
388 165 -283
330 611 -278
299 250 -262
320 375 -223
655 469 137
259 389 414
664 645 234
166 148 -344
87 306 -292
405 514 -63
493 250 176
381 550 -33
495 488 82
403 58 -52
513 621 347
496 127 215
222 117 -40
45 483 -277
612 547 -153
131 436 -269
99 426 -155
500 333 -499
3 76 -104
372 606 304
485 653 -37
130 259 -229
289 612 99
520 49 196
251 292 -588
495 7 364
102 137 7
73 232 163
71 325 311
37 561 -570
528 398 179
168 496 -383
128 261 -143
20 504 269
596 537 164
76 443 126
108 340 -198
352 166 365
424 597 350
637 380 239
359 443 40
26 503 254
163 25 177
42 252 -79
266 441 114
183 537 363
662 117 107
169 242 94
376 497 -135
93 312 191
235 548 -157
471 561 -502
603 470 -382
456 257 479
12 397 -131
109 601 -488
539 645 118
184 395 -310
362 341 -148
118 9 -279
147 354 -458
489 656 551
646 315 316
351 186 -484
602 623 -401
351 487 -66
620 469 -122
305 82 16
312 601 -89
220 315 67
351 608 -334
233 282 277
435 617 145
51 279 227
501 19 179
102 79 289
604 12 -317
587 318 75
