1000 1000
1 2
2 3
1 4
2 5
1 6
1 7
7 8
8 9
7 10
6 11
6 12
6 13
13 14
8 15
4 16
8 17
1 18
2 19
10 20
13 21
3 22
2 23
17 24
13 25
22 26
3 27
14 28
28 29
15 30
3 31
4 32
31 33
31 34
28 35
16 36
19 37
11 38
26 39
29 40
35 41
38 42
34 43
14 44
43 45
30 46
2 47
16 48
35 49
25 50
9 51
39 52
48 53
51 54
49 55
53 56
25 57
3 58
1 59
4 60
56 61
21 62
44 63
22 64
39 65
2 66
55 67
20 68
62 69
64 70
30 71
21 72
2 73
72 74
21 75
53 76
24 77
24 78
39 79
35 80
3 81
66 82
29 83
47 84
14 85
37 86
21 87
24 88
77 89
24 90
48 91
78 92
45 93
33 94
91 95
10 96
9 97
12 98
70 99
85 100
96 101
8 102
7 103
33 104
77 105
6 106
31 107
54 108
74 109
67 110
43 111
93 112
80 113
90 114
82 115
55 116
114 117
2 118
47 119
68 120
80 121
34 122
72 123
69 124
38 125
48 126
40 127
56 128
45 129
23 130
103 131
105 132
132 133
77 134
122 135
20 136
59 137
10 138
44 139
45 140
41 141
84 142
42 143
127 144
36 145
33 146
23 147
71 148
85 149
33 150
97 151
123 152
91 153
127 154
10 155
93 156
132 157
85 158
96 159
46 160
154 161
121 162
78 163
14 164
64 165
86 166
107 167
9 168
13 169
146 170
152 171
2 172
36 173
33 174
82 175
112 176
37 177
19 178
20 179
144 180
10 181
139 182
1 183
105 184
126 185
88 186
127 187
79 188
42 189
102 190
118 191
185 192
153 193
139 194
139 195
110 196
49 197
180 198
27 199
123 200
98 201
67 202
143 203
25 204
199 205
109 206
109 207
204 208
27 209
13 210
185 211
173 212
102 213
165 214
139 215
79 216
176 217
20 218
133 219
174 220
201 221
68 222
207 223
6 224
81 225
6 226
162 227
166 228
41 229
207 230
155 231
85 232
83 233
210 234
128 235
63 236
19 237
158 238
171 239
132 240
127 241
166 242
100 243
185 244
177 245
212 246
137 247
209 248
233 249
159 250
133 251
221 252
204 253
147 254
174 255
176 256
235 257
8 258
223 259
227 260
128 261
5 262
243 263
38 264
64 265
87 266
97 267
124 268
216 269
206 270
204 271
169 272
201 273
149 274
157 275
128 276
178 277
222 278
107 279
131 280
235 281
106 282
243 283
138 284
200 285
95 286
143 287
90 288
174 289
21 290
250 291
180 292
178 293
61 294
216 295
238 296
160 297
103 298
206 299
35 300
237 301
172 302
302 303
66 304
32 305
220 306
134 307
118 308
53 309
261 310
169 311
290 312
163 313
63 314
53 315
21 316
265 317
317 318
283 319
82 320
163 321
229 322
225 323
264 324
178 325
109 326
8 327
319 328
219 329
277 330
137 331
242 332
91 333
207 334
189 335
254 336
109 337
196 338
273 339
320 340
279 341
130 342
248 343
305 344
60 345
97 346
255 347
135 348
298 349
149 350
260 351
45 352
81 353
155 354
170 355
132 356
100 357
236 358
202 359
63 360
26 361
229 362
232 363
223 364
89 365
214 366
102 367
21 368
183 369
363 370
305 371
343 372
152 373
162 374
98 375
112 376
68 377
120 378
289 379
147 380
19 381
233 382
337 383
136 384
66 385
18 386
62 387
335 388
313 389
57 390
30 391
271 392
325 393
310 394
287 395
25 396
256 397
204 398
39 399
227 400
71 401
292 402
266 403
125 404
404 405
207 406
267 407
379 408
179 409
38 410
259 411
388 412
333 413
87 414
266 415
386 416
155 417
80 418
127 419
269 420
49 421
321 422
147 423
405 424
139 425
131 426
268 427
318 428
300 429
41 430
416 431
103 432
340 433
78 434
66 435
178 436
161 437
30 438
231 439
132 440
90 441
297 442
85 443
396 444
32 445
185 446
112 447
245 448
70 449
293 450
229 451
368 452
31 453
97 454
144 455
354 456
61 457
124 458
203 459
407 460
440 461
144 462
257 463
93 464
151 465
353 466
319 467
413 468
386 469
321 470
46 471
339 472
153 473
429 474
427 475
181 476
108 477
131 478
261 479
254 480
139 481
189 482
412 483
146 484
236 485
132 486
86 487
108 488
354 489
180 490
227 491
113 492
488 493
299 494
348 495
88 496
103 497
157 498
289 499
243 500
1 501
54 502
168 503
260 504
319 505
350 506
68 507
37 508
108 509
361 510
164 511
172 512
305 513
489 514
266 515
131 516
247 517
29 518
474 519
141 520
451 521
343 522
246 523
5 524
190 525
131 526
248 527
472 528
46 529
345 530
226 531
58 532
271 533
328 534
151 535
450 536
389 537
161 538
462 539
347 540
204 541
400 542
195 543
371 544
321 545
535 546
449 547
74 548
29 549
545 550
324 551
353 552
424 553
97 554
89 555
118 556
23 557
298 558
272 559
372 560
225 561
411 562
308 563
495 564
175 565
105 566
365 567
486 568
82 569
514 570
243 571
299 572
225 573
364 574
63 575
237 576
195 577
384 578
389 579
65 580
41 581
411 582
247 583
497 584
192 585
452 586
125 587
486 588
314 589
159 590
216 591
241 592
218 593
162 594
2 595
88 596
301 597
171 598
125 599
459 600
71 601
529 602
217 603
94 604
255 605
520 606
590 607
547 608
254 609
50 610
367 611
567 612
432 613
309 614
287 615
506 616
179 617
586 618
8 619
111 620
357 621
91 622
205 623
407 624
545 625
247 626
449 627
75 628
359 629
90 630
583 631
306 632
347 633
480 634
478 635
321 636
113 637
137 638
473 639
303 640
314 641
407 642
241 643
558 644
618 645
465 646
548 647
523 648
19 649
121 650
90 651
19 652
304 653
431 654
247 655
513 656
301 657
465 658
637 659
194 660
270 661
144 662
387 663
500 664
303 665
493 666
82 667
293 668
83 669
102 670
42 671
480 672
32 673
20 674
547 675
91 676
74 677
662 678
81 679
66 680
677 681
500 682
300 683
634 684
588 685
304 686
52 687
481 688
519 689
584 690
23 691
411 692
273 693
34 694
165 695
29 696
187 697
246 698
35 699
329 700
647 701
244 702
161 703
391 704
152 705
473 706
89 707
142 708
396 709
644 710
195 711
32 712
388 713
267 714
445 715
493 716
385 717
598 718
394 719
676 720
535 721
668 722
667 723
376 724
186 725
275 726
23 727
237 728
510 729
237 730
722 731
577 732
95 733
213 734
552 735
363 736
329 737
435 738
123 739
443 740
338 741
725 742
333 743
395 744
382 745
166 746
269 747
41 748
438 749
629 750
531 751
676 752
740 753
733 754
203 755
450 756
229 757
722 758
93 759
341 760
256 761
639 762
337 763
157 764
335 765
489 766
7 767
324 768
220 769
117 770
133 771
685 772
538 773
290 774
602 775
57 776
715 777
82 778
639 779
308 780
659 781
1 782
653 783
521 784
246 785
431 786
709 787
275 788
415 789
347 790
601 791
219 792
419 793
263 794
401 795
180 796
516 797
704 798
403 799
458 800
664 801
396 802
719 803
538 804
736 805
745 806
238 807
779 808
596 809
81 810
299 811
801 812
306 813
727 814
512 815
85 816
614 817
165 818
574 819
287 820
424 821
756 822
742 823
127 824
44 825
709 826
78 827
664 828
30 829
289 830
233 831
826 832
6 833
339 834
709 835
379 836
625 837
10 838
667 839
782 840
585 841
790 842
147 843
760 844
4 845
174 846
143 847
425 848
156 849
474 850
460 851
167 852
563 853
221 854
290 855
832 856
54 857
553 858
269 859
462 860
8 861
642 862
757 863
602 864
590 865
736 866
59 867
781 868
228 869
66 870
168 871
855 872
505 873
542 874
207 875
442 876
116 877
752 878
188 879
787 880
703 881
765 882
658 883
656 884
681 885
625 886
314 887
414 888
847 889
64 890
133 891
665 892
598 893
523 894
196 895
93 896
535 897
242 898
188 899
170 900
674 901
558 902
161 903
754 904
228 905
798 906
601 907
806 908
364 909
375 910
41 911
424 912
488 913
871 914
515 915
43 916
637 917
133 918
536 919
80 920
871 921
293 922
80 923
536 924
857 925
81 926
886 927
515 928
777 929
425 930
578 931
6 932
87 933
254 934
774 935
719 936
444 937
517 938
597 939
672 940
368 941
724 942
338 943
484 944
351 945
180 946
513 947
641 948
416 949
720 950
477 951
542 952
551 953
847 954
175 955
512 956
925 957
43 958
857 959
16 960
909 961
549 962
12 963
556 964
518 965
302 966
335 967
600 968
550 969
445 970
613 971
301 972
581 973
845 974
967 975
412 976
187 977
47 978
215 979
257 980
166 981
930 982
267 983
8 984
887 985
694 986
686 987
260 988
166 989
132 990
161 991
977 992
971 993
877 994
973 995
39 996
512 997
247 998
558 999
69 1000
557 315
650 288
183 941
484 732
684 231
226 798
922 200
935 917
166 959
671 488
314 837
80 852
842 555
648 758
476 748
529 522
535 836
916 108
381 345
125 244
171 16
11 831
880 347
731 587
316 570
685 715
436 432
431 324
27 287
400 767
331 982
752 777
804 866
967 495
596 627
507 725
568 625
525 57
873 22
438 180
643 445
78 41
378 276
574 553
622 358
431 573
112 156
282 478
541 533
145 218
251 707
437 783
706 593
210 813
925 418
904 735
753 794
116 27
117 27
502 130
202 769
20 922
476 583
767 34
482 894
708 165
715 746
253 298
138 224
489 787
163 501
882 30
974 289
581 353
340 884
200 689
831 519
967 908
559 654
991 588
850 932
894 39
924 752
122 654
671 910
234 251
660 321
650 575
427 992
171 818
839 127
786 364
830 768
983 283
600 841
802 790
894 559
393 202
525 43
116 435
442 44
533 133
360 238
858 923
23 897
333 576
816 117
446 492
847 68
534 385
248 624
112 22
653 616
876 132
38 949
299 264
74 409
458 712
846 154
216 522
164 692
426 897
877 453
730 680
17 204
531 436
22 796
201 406
424 870
926 662
392 413
407 966
216 486
761 622
110 287
574 931
39 991
564 710
502 119
488 274
501 583
335 246
387 764
413 332
62 553
417 744
155 387
937 405
540 682
410 917
553 628
307 608
634 340
538 991
116 804
167 584
250 614
520 45
678 641
228 392
376 521
596 218
70 904
287 645
509 565
589 934
447 250
390 279
421 210
124 139
478 114
582 196
705 328
647 882
872 921
886 684
270 95
231 740
986 539
922 254
844 167
466 201
7 536
169 945
431 2
314 140
830 364
311 196
866 453
188 924
888 647
764 343
135 754
538 157
158 413
602 535
56 681
122 829
554 646
283 38
417 42
548 632
977 479
601 872
756 645
368 765
984 864
68 168
156 211
181 598
787 724
456 65
146 458
155 52
815 589
740 566
691 357
714 72
673 933
996 786
887 489
625 43
589 470
72 1000
4 265
40 151
177 450
978 388
905 82
310 452
695 612
844 200
124 896
685 572
310 973
104 465
564 264
312 287
313 904
414 415
912 484
980 184
271 647
194 784
918 762
84 38
969 347
35 117
772 237
779 364
920 928
901 476
883 410
302 913
636 918
32 493
367 828
7 489
957 913
494 37
25 937
187 866
54 666
49 301
557 491
533 495
941 436
963 820
195 64
145 689
909 40
228 513
882 418
186 209
997 162
336 666
89 903
781 879
542 522
222 400
348 90
699 439
224 684
394 769
877 521
611 734
429 647
372 796
760 69
958 841
20 849
311 696
998 725
241 679
664 178
723 566
580 699
710 18
719 397
435 330
561 773
915 594
132 123
199 631
563 61
281 537
605 975
539 888
898 90
390 680
525 674
86 759
474 445
516 641
91 617
156 785
206 741
489 91
57 698
509 39
104 67
797 265
966 387
740 503
258 382
38 955
172 899
376 602
209 312
215 140
107 927
694 612
724 503
516 242
724 382
166 551
761 686
360 649
191 941
233 8
505 146
904 160
526 516
794 992
823 749
422 930
943 527
786 564
588 838
326 647
990 494
402 198
166 446
44 432
545 806
940 138
389 388
764 71
146 733
834 97
76 667
432 781
417 322
230 593
62 983
766 25
351 667
281 979
206 340
368 176
164 996
77 900
918 279
234 119
1 839
362 517
985 834
991 115
519 599
964 459
665 36
596 218
246 76
467 631
98 751
604 863
359 770
226 735
357 912
986 90
235 433
304 124
894 787
826 941
881 422
219 586
174 324
560 416
756 441
152 930
10 527
935 62
82 997
804 123
530 313
372 582
327 123
958 61
634 148
881 155
8 400
58 973
156 104
387 468
64 330
432 852
437 140
763 229
927 791
523 744
980 201
424 620
469 134
915 905
830 776
780 4
811 220
147 285
436 22
715 806
67 88
699 877
363 63
471 939
123 879
999 318
347 456
695 347
959 929
135 40
593 220
899 626
148 346
749 994
166 960
937 749
997 602
178 220
333 159
659 353
81 765
377 532
225 655
415 493
266 588
874 282
596 658
62 739
208 322
424 772
681 190
125 435
797 72
227 835
379 453
607 288
847 266
167 43
763 301
497 904
505 200
523 487
535 497
5 720
593 5
868 795
181 678
336 958
747 11
736 712
324 432
580 142
341 741
715 315
140 59
606 318
426 931
772 710
593 305
752 529
615 258
73 974
820 554
840 695
73 474
191 508
17 512
56 203
660 94
427 708
786 287
388 821
189 263
677 281
282 579
7 14
386 794
631 726
307 410
359 678
868 597
450 686
561 269
428 113
308 78
81 926
693 275
869 389
363 684
588 262
67 974
387 142
264 636
734 203
381 228
291 291
639 61
663 680
621 976
376 167
660 220
515 104
574 238
127 352
620 297
994 686
508 611
794 235
412 48
870 293
31 458
558 574
63 321
352 656
349 64
725 476
733 592
171 116
469 321
388 621
343 214
679 392
884 768
814 963
236 678
663 156
44 940
759 382
159 913
332 287
920 429
49 41
486 579
784 872
137 363
859 299
21 395
27 886
36 423
477 423
945 415
802 152
226 744
942 228
653 918
787 213
303 360
374 750
984 644
994 485
899 364
732 539
549 809
487 942
292 712
33 759
226 762
269 912
873 568
906 208
377 494
501 114
489 608
170 74
698 795
737 802
98 21
111 149
232 735
409 610
539 465
712 538
639 463
722 805
842 571
365 306
340 348
786 870
726 317
663 375
277 48
781 481
335 421
852 288
13 69
139 136
921 676
660 914
850 879
575 167
13 842
782 625
422 957
858 864
56 96
452 595
241 36
726 72
2 116
491 238
245 412
691 272
607 32
308 925
1 145
614 606
521 860
301 391
678 115
229 985
773 712
961 871
517 934
772 472
978 354
316 397
151 515
611 276
21 150
464 196
804 173
221 233
527 105
50 410
805 229
243 89
965 861
990 619
674 927
487 473
703 8
527 518
901 370
42 138
146 573
687 7
684 724
78 594
982 913
374 147
371 411
844 536
977 935
322 911
687 813
199 675
642 949
76 9
764 282
727 588
455 773
523 989
936 101
464 39
95 853
527 650
654 926
576 190
177 255
727 707
405 170
373 878
747 906
363 862
422 402
476 624
979 151
195 128
730 920
27 121
98 652
518 623
505 277
48 650
724 300
652 550
619 118
71 689
529 837
468 189
731 890
464 911
239 801
376 62
175 805
711 664
246 966
339 121
714 49
930 486
802 247
530 873
994 855
654 613
757 632
224 221
186 986
163 456
315 213
720 248
257 765
60 459
588 380
127 553
250 368
800 304
85 199
471 460
602 359
83 498
222 571
677 311
388 475
413 701
6 107
100 798
136 279
218 804
659 405
304 680
648 676
760 913
34 420
572 983
386 686
916 88
509 628
789 931
881 684
886 588
672 58
604 408
308 444
393 729
555 17
440 452
925 956
748 624
676 406
913 930
466 666
779 935
690 245
270 905
848 22
318 30
466 178
232 197
747 131
393 771
630 49
85 101
432 41
602 255
985 278
487 980
372 981
895 558
628 486
50 713
881 440
813 747
28 899
505 335
536 524
858 434
490 100
9 517
234 234
156 356
33 851
36 630
733 87
87 983
980 645
968 650
446 434
772 123
789 886
389 412
393 119
260 262
71 626
963 706
730 991
913 448
381 869
217 264
128 750
477 968
889 180
383 902
412 812
961 349
438 266
766 605
447 189
904 230
262 548
378 565
497 241
905 91
845 541
207 618
235 284
552 242
60 938
337 539
294 463
981 51
686 23
34 978
233 85
692 588
278 481
136 38
519 527
764 45
32 698
861 548
446 544
632 572
452 1000
317 217
313 282
265 659
806 374
275 410
695 471
361 86
593 201
100 261
419 401
722 342
343 404
482 29
258 235
101 696
514 605
563 250
728 245
307 270
558 926
552 743
883 556
480 213
700 877
118 954
461 727
75 213
433 116
128 927
39 836
711 316
789 921
227 765
809 641
973 556
493 519
376 327
555 91
680 656
353 675
182 956
551 218
255 699
983 216
766 688
868 139
46 178
542 44
981 545
396 533
957 388
652 617
709 475
807 372
496 913
96 157
572 460
534 593
454 272
928 555
348 649
697 480
986 224
61 767
641 495
274 833
21 608
634 149
726 315
912 312
458 446
265 811
480 546
597 885
1000 676
997 138
810 498
352 740
548 902
961 41
775 103
331 230
292 326
832 202
355 94
317 294
765 689
915 820
315 414
634 204
285 391
710 135
1000 810
830 414
42 934
811 515
168 745
166 722
962 159
589 329
668 182
576 86
144 576
430 528
467 848
877 440
838 632
842 945
518 514
542 470
917 6
738 228
50 684
716 88
287 691
346 473
489 833
646 696
693 547
451 207
9 55
271 793
945 120
658 825
412 891
766 725
382 776
127 452
102 2
92 949
659 10
262 506
90 656
897 213
571 548
106 362
998 61
96 542
264 312
749 797
946 643
958 306
315 170
921 619
221 433
47 475
534 939
