2000 6
1 2 9
2 3 14
3 4 6
4 5 2
5 6 2
6 7 10
7 8 20
8 9 18
9 10 18
10 11 12
11 12 12
12 13 5
13 14 13
14 15 16
15 16 4
16 17 15
17 18 10
18 19 3
19 20 20
20 21 19
21 22 18
22 23 8
23 24 1
24 25 13
25 26 16
26 27 2
27 28 4
28 29 4
29 30 18
30 31 11
31 32 8
32 33 5
33 34 8
34 35 18
35 36 12
36 37 4
37 38 8
38 39 20
39 40 13
40 41 19
41 42 4
42 43 19
43 44 1
44 45 2
45 46 1
46 47 17
47 48 13
48 49 5
49 50 4
50 51 13
51 52 1
52 53 19
53 54 11
54 55 7
55 56 17
56 57 12
57 58 11
58 59 9
59 60 12
60 61 2
61 62 18
62 63 4
63 64 15
64 65 15
65 66 3
66 67 18
67 68 8
68 69 10
69 70 20
70 71 2
71 72 14
72 73 18
73 74 16
74 75 20
75 76 11
76 77 4
77 78 5
78 79 9
79 80 13
80 81 10
81 82 5
82 83 8
83 84 12
84 85 5
85 86 1
86 87 16
87 88 20
88 89 1
89 90 19
90 91 12
91 92 11
92 93 10
93 94 13
94 95 12
95 96 18
96 97 5
97 98 19
98 99 6
99 100 9
100 101 9
101 102 12
102 103 12
103 104 20
104 105 9
105 106 7
106 107 1
107 108 4
108 109 3
109 110 10
110 111 6
111 112 6
112 113 6
113 114 9
114 115 14
115 116 11
116 117 19
117 118 8
118 119 15
119 120 1
120 121 12
121 122 10
122 123 12
123 124 6
124 125 11
125 126 16
126 127 7
127 128 7
128 129 6
129 130 16
130 131 2
131 132 20
132 133 18
133 134 10
134 135 13
135 136 19
136 137 19
137 138 18
138 139 12
139 140 14
140 141 3
141 142 9
142 143 14
143 144 20
144 145 19
145 146 14
146 147 18
147 148 2
148 149 1
149 150 6
150 151 14
151 152 12
152 153 17
153 154 12
154 155 16
155 156 12
156 157 7
157 158 15
158 159 20
159 160 16
160 161 9
161 162 10
162 163 17
163 164 10
164 165 13
165 166 5
166 167 1
167 168 11
168 169 6
169 170 14
170 171 19
171 172 11
172 173 13
173 174 14
174 175 16
175 176 4
176 177 13
177 178 3
178 179 6
179 180 16
180 181 7
181 182 7
182 183 17
183 184 4
184 185 7
185 186 14
186 187 4
187 188 10
188 189 19
189 190 8
190 191 6
191 192 11
192 193 20
193 194 3
194 195 7
195 196 18
196 197 2
197 198 6
198 199 5
199 200 19
200 201 13
201 202 14
202 203 3
203 204 13
204 205 10
205 206 14
206 207 3
207 208 12
208 209 15
209 210 5
210 211 8
211 212 11
212 213 10
213 214 8
214 215 10
215 216 19
216 217 16
217 218 16
218 219 9
219 220 13
220 221 10
221 222 7
222 223 20
223 224 7
224 225 9
225 226 8
226 227 14
227 228 15
228 229 5
229 230 10
230 231 19
231 232 17
232 233 15
233 234 7
234 235 11
235 236 16
236 237 11
237 238 7
238 239 3
239 240 9
240 241 14
241 242 13
242 243 13
243 244 7
244 245 12
245 246 16
246 247 10
247 248 5
248 249 1
249 250 19
250 251 18
251 252 13
252 253 6
253 254 15
254 255 6
255 256 19
256 257 19
257 258 6
258 259 20
259 260 2
260 261 4
261 262 12
262 263 1
263 264 15
264 265 1
265 266 13
266 267 6
267 268 2
268 269 6
269 270 12
270 271 16
271 272 18
272 273 10
273 274 6
274 275 19
275 276 4
276 277 5
277 278 3
278 279 20
279 280 4
280 281 14
281 282 1
282 283 19
283 284 20
284 285 18
285 286 8
286 287 2
287 288 16
288 289 7
289 290 11
290 291 1
291 292 2
292 293 17
293 294 5
294 295 6
295 296 19
296 297 11
297 298 1
298 299 20
299 300 18
300 301 14
301 302 14
302 303 19
303 304 7
304 305 12
305 306 4
306 307 6
307 308 1
308 309 7
309 310 10
310 311 8
311 312 10
312 313 15
313 314 9
314 315 9
315 316 2
316 317 11
317 318 19
318 319 13
319 320 12
320 321 8
321 322 6
322 323 16
323 324 17
324 325 3
325 326 5
326 327 8
327 328 1
328 329 6
329 330 12
330 331 4
331 332 9
332 333 17
333 334 19
334 335 6
335 336 1
336 337 13
337 338 9
338 339 9
339 340 16
340 341 13
341 342 18
342 343 7
343 344 20
344 345 17
345 346 20
346 347 10
347 348 4
348 349 3
349 350 10
350 351 14
351 352 3
352 353 18
353 354 20
354 355 8
355 356 7
356 357 3
357 358 14
358 359 5
359 360 2
360 361 10
361 362 10
362 363 1
363 364 8
364 365 6
365 366 2
366 367 7
367 368 18
368 369 4
369 370 13
370 371 15
371 372 8
372 373 11
373 374 3
374 375 20
375 376 3
376 377 13
377 378 9
378 379 16
379 380 7
380 381 7
381 382 6
382 383 5
383 384 8
384 385 11
385 386 14
386 387 2
387 388 11
388 389 2
389 390 5
390 391 9
391 392 11
392 393 16
393 394 2
394 395 20
395 396 14
396 397 14
397 398 15
398 399 14
399 400 10
400 401 15
401 402 10
402 403 3
403 404 1
404 405 6
405 406 20
406 407 7
407 408 5
408 409 7
409 410 1
410 411 7
411 412 19
412 413 17
413 414 3
414 415 17
415 416 20
416 417 13
417 418 13
418 419 15
419 420 5
420 421 10
421 422 3
422 423 1
423 424 9
424 425 11
425 426 19
426 427 10
427 428 5
428 429 14
429 430 10
430 431 12
431 432 6
432 433 4
433 434 1
434 435 14
435 436 8
436 437 10
437 438 8
438 439 16
439 440 9
440 441 19
441 442 13
442 443 3
443 444 16
444 445 1
445 446 8
446 447 2
447 448 1
448 449 10
449 450 4
450 451 13
451 452 5
452 453 15
453 454 12
454 455 11
455 456 4
456 457 13
457 458 4
458 459 6
459 460 18
460 461 15
461 462 2
462 463 15
463 464 10
464 465 19
465 466 4
466 467 17
467 468 3
468 469 15
469 470 6
470 471 2
471 472 9
472 473 3
473 474 20
474 475 7
475 476 14
476 477 14
477 478 15
478 479 11
479 480 12
480 481 18
481 482 12
482 483 6
483 484 7
484 485 9
485 486 13
486 487 11
487 488 7
488 489 6
489 490 6
490 491 2
491 492 15
492 493 13
493 494 12
494 495 9
495 496 13
496 497 16
497 498 10
498 499 16
499 500 15
500 501 14
501 502 19
502 503 10
503 504 1
504 505 18
505 506 2
506 507 1
507 508 3
508 509 18
509 510 4
510 511 6
511 512 20
512 513 11
513 514 2
514 515 6
515 516 8
516 517 14
517 518 17
518 519 6
519 520 13
520 521 4
521 522 18
522 523 9
523 524 14
524 525 8
525 526 8
526 527 18
527 528 13
528 529 14
529 530 13
530 531 14
531 532 20
532 533 18
533 534 9
534 535 14
535 536 18
536 537 9
537 538 15
538 539 4
539 540 7
540 541 20
541 542 13
542 543 13
543 544 5
544 545 20
545 546 18
546 547 15
547 548 6
548 549 2
549 550 20
550 551 15
551 552 5
552 553 20
553 554 6
554 555 9
555 556 11
556 557 11
557 558 8
558 559 19
559 560 7
560 561 11
561 562 20
562 563 5
563 564 19
564 565 11
565 566 15
566 567 12
567 568 7
568 569 20
569 570 13
570 571 13
571 572 13
572 573 18
573 574 20
574 575 17
575 576 12
576 577 17
577 578 2
578 579 7
579 580 10
580 581 1
581 582 11
582 583 17
583 584 7
584 585 15
585 586 6
586 587 16
587 588 5
588 589 5
589 590 5
590 591 4
591 592 16
592 593 1
593 594 11
594 595 5
595 596 17
596 597 12
597 598 2
598 599 4
599 600 14
600 601 12
601 602 14
602 603 2
603 604 8
604 605 9
605 606 4
606 607 13
607 608 13
608 609 18
609 610 11
610 611 17
611 612 2
612 613 20
613 614 2
614 615 18
615 616 6
616 617 6
617 618 7
618 619 4
619 620 20
620 621 11
621 622 4
622 623 16
623 624 5
624 625 18
625 626 18
626 627 18
627 628 2
628 629 12
629 630 1
630 631 16
631 632 14
632 633 15
633 634 5
634 635 9
635 636 15
636 637 3
637 638 3
638 639 17
639 640 10
640 641 18
641 642 7
642 643 9
643 644 7
644 645 3
645 646 16
646 647 6
647 648 17
648 649 16
649 650 5
650 651 16
651 652 20
652 653 11
653 654 5
654 655 8
655 656 3
656 657 2
657 658 4
658 659 11
659 660 4
660 661 8
661 662 2
662 663 7
663 664 12
664 665 14
665 666 10
666 667 7
667 668 16
668 669 20
669 670 7
670 671 20
671 672 19
672 673 17
673 674 13
674 675 10
675 676 4
676 677 7
677 678 9
678 679 8
679 680 20
680 681 1
681 682 11
682 683 5
683 684 1
684 685 11
685 686 2
686 687 8
687 688 13
688 689 17
689 690 20
690 691 17
691 692 7
692 693 11
693 694 20
694 695 18
695 696 14
696 697 5
697 698 2
698 699 18
699 700 6
700 701 19
701 702 16
702 703 2
703 704 2
704 705 11
705 706 19
706 707 19
707 708 14
708 709 20
709 710 2
710 711 20
711 712 13
712 713 1
713 714 10
714 715 2
715 716 12
716 717 12
717 718 20
718 719 12
719 720 3
720 721 6
721 722 2
722 723 11
723 724 2
724 725 9
725 726 6
726 727 2
727 728 15
728 729 13
729 730 1
730 731 7
731 732 6
732 733 17
733 734 13
734 735 3
735 736 16
736 737 12
737 738 20
738 739 20
739 740 10
740 741 13
741 742 6
742 743 10
743 744 12
744 745 14
745 746 14
746 747 18
747 748 20
748 749 17
749 750 1
750 751 16
751 752 13
752 753 5
753 754 16
754 755 17
755 756 4
756 757 15
757 758 13
758 759 12
759 760 18
760 761 16
761 762 11
762 763 13
763 764 10
764 765 3
765 766 5
766 767 17
767 768 1
768 769 16
769 770 6
770 771 7
771 772 17
772 773 3
773 774 19
774 775 13
775 776 20
776 777 4
777 778 14
778 779 16
779 780 16
780 781 10
781 782 15
782 783 18
783 784 6
784 785 13
785 786 2
786 787 5
787 788 15
788 789 13
789 790 10
790 791 8
791 792 15
792 793 3
793 794 18
794 795 12
795 796 18
796 797 7
797 798 18
798 799 6
799 800 3
800 801 18
801 802 20
802 803 15
803 804 8
804 805 20
805 806 11
806 807 3
807 808 2
808 809 11
809 810 3
810 811 15
811 812 11
812 813 12
813 814 14
814 815 3
815 816 1
816 817 6
817 818 20
818 819 15
819 820 14
820 821 6
821 822 17
822 823 3
823 824 1
824 825 19
825 826 2
826 827 18
827 828 3
828 829 13
829 830 8
830 831 5
831 832 20
832 833 20
833 834 19
834 835 17
835 836 13
836 837 10
837 838 1
838 839 4
839 840 7
840 841 16
841 842 17
842 843 18
843 844 12
844 845 9
845 846 17
846 847 8
847 848 14
848 849 1
849 850 1
850 851 12
851 852 7
852 853 7
853 854 14
854 855 2
855 856 17
856 857 6
857 858 15
858 859 3
859 860 5
860 861 8
861 862 18
862 863 8
863 864 20
864 865 7
865 866 15
866 867 12
867 868 5
868 869 3
869 870 1
870 871 4
871 872 13
872 873 19
873 874 8
874 875 13
875 876 10
876 877 2
877 878 7
878 879 9
879 880 16
880 881 12
881 882 13
882 883 12
883 884 10
884 885 11
885 886 18
886 887 9
887 888 10
888 889 17
889 890 17
890 891 5
891 892 17
892 893 11
893 894 13
894 895 19
895 896 1
896 897 12
897 898 14
898 899 15
899 900 12
900 901 10
901 902 19
902 903 16
903 904 7
904 905 7
905 906 6
906 907 14
907 908 2
908 909 11
909 910 2
910 911 10
911 912 9
912 913 19
913 914 4
914 915 3
915 916 1
916 917 7
917 918 20
918 919 14
919 920 12
920 921 17
921 922 20
922 923 14
923 924 14
924 925 18
925 926 3
926 927 15
927 928 6
928 929 11
929 930 8
930 931 14
931 932 7
932 933 19
933 934 1
934 935 3
935 936 5
936 937 16
937 938 16
938 939 14
939 940 6
940 941 4
941 942 6
942 943 15
943 944 17
944 945 12
945 946 1
946 947 18
947 948 11
948 949 11
949 950 11
950 951 13
951 952 17
952 953 10
953 954 11
954 955 7
955 956 4
956 957 16
957 958 5
958 959 20
959 960 17
960 961 12
961 962 8
962 963 5
963 964 6
964 965 13
965 966 18
966 967 8
967 968 4
968 969 20
969 970 16
970 971 3
971 972 9
972 973 15
973 974 7
974 975 14
975 976 11
976 977 16
977 978 12
978 979 14
979 980 20
980 981 8
981 982 20
982 983 3
983 984 20
984 985 16
985 986 7
986 987 18
987 988 6
988 989 9
989 990 1
990 991 10
991 992 12
992 993 8
993 994 5
994 995 20
995 996 18
996 997 19
997 998 5
998 999 4
999 1000 17
1000 1001 5
1001 1002 10
1002 1003 9
1003 1004 1
1004 1005 9
1005 1006 19
1006 1007 18
1007 1008 18
1008 1009 16
1009 1010 6
1010 1011 3
1011 1012 18
1012 1013 2
1013 1014 10
1014 1015 7
1015 1016 8
1016 1017 4
1017 1018 5
1018 1019 10
1019 1020 8
1020 1021 1
1021 1022 6
1022 1023 3
1023 1024 4
1024 1025 2
1025 1026 17
1026 1027 9
1027 1028 12
1028 1029 11
1029 1030 1
1030 1031 10
1031 1032 15
1032 1033 12
1033 1034 16
1034 1035 7
1035 1036 11
1036 1037 16
1037 1038 2
1038 1039 9
1039 1040 11
1040 1041 18
1041 1042 20
1042 1043 1
1043 1044 9
1044 1045 9
1045 1046 14
1046 1047 4
1047 1048 14
1048 1049 16
1049 1050 16
1050 1051 20
1051 1052 18
1052 1053 12
1053 1054 20
1054 1055 9
1055 1056 20
1056 1057 14
1057 1058 5
1058 1059 14
1059 1060 8
1060 1061 12
1061 1062 15
1062 1063 1
1063 1064 17
1064 1065 18
1065 1066 10
1066 1067 4
1067 1068 5
1068 1069 12
1069 1070 18
1070 1071 10
1071 1072 19
1072 1073 3
1073 1074 14
1074 1075 14
1075 1076 8
1076 1077 15
1077 1078 14
1078 1079 8
1079 1080 8
1080 1081 4
1081 1082 9
1082 1083 6
1083 1084 1
1084 1085 6
1085 1086 4
1086 1087 5
1087 1088 20
1088 1089 13
1089 1090 8
1090 1091 8
1091 1092 8
1092 1093 8
1093 1094 18
1094 1095 13
1095 1096 7
1096 1097 11
1097 1098 16
1098 1099 7
1099 1100 19
1100 1101 11
1101 1102 5
1102 1103 4
1103 1104 10
1104 1105 5
1105 1106 5
1106 1107 8
1107 1108 16
1108 1109 3
1109 1110 3
1110 1111 17
1111 1112 7
1112 1113 20
1113 1114 13
1114 1115 6
1115 1116 20
1116 1117 17
1117 1118 8
1118 1119 2
1119 1120 5
1120 1121 13
1121 1122 15
1122 1123 12
1123 1124 12
1124 1125 2
1125 1126 7
1126 1127 20
1127 1128 17
1128 1129 9
1129 1130 20
1130 1131 5
1131 1132 12
1132 1133 11
1133 1134 3
1134 1135 12
1135 1136 4
1136 1137 7
1137 1138 11
1138 1139 6
1139 1140 4
1140 1141 4
1141 1142 6
1142 1143 13
1143 1144 8
1144 1145 5
1145 1146 3
1146 1147 20
1147 1148 1
1148 1149 11
1149 1150 6
1150 1151 3
1151 1152 18
1152 1153 7
1153 1154 6
1154 1155 16
1155 1156 1
1156 1157 4
1157 1158 6
1158 1159 20
1159 1160 4
1160 1161 1
1161 1162 1
1162 1163 20
1163 1164 5
1164 1165 13
1165 1166 16
1166 1167 20
1167 1168 4
1168 1169 19
1169 1170 6
1170 1171 11
1171 1172 20
1172 1173 8
1173 1174 14
1174 1175 1
1175 1176 3
1176 1177 3
1177 1178 16
1178 1179 5
1179 1180 17
1180 1181 18
1181 1182 15
1182 1183 5
1183 1184 18
1184 1185 1
1185 1186 4
1186 1187 15
1187 1188 8
1188 1189 12
1189 1190 11
1190 1191 5
1191 1192 2
1192 1193 6
1193 1194 20
1194 1195 3
1195 1196 1
1196 1197 14
1197 1198 10
1198 1199 17
1199 1200 4
1200 1201 12
1201 1202 6
1202 1203 19
1203 1204 6
1204 1205 12
1205 1206 12
1206 1207 18
1207 1208 20
1208 1209 20
1209 1210 6
1210 1211 8
1211 1212 8
1212 1213 9
1213 1214 16
1214 1215 2
1215 1216 1
1216 1217 11
1217 1218 15
1218 1219 7
1219 1220 7
1220 1221 8
1221 1222 3
1222 1223 4
1223 1224 17
1224 1225 6
1225 1226 15
1226 1227 12
1227 1228 17
1228 1229 4
1229 1230 12
1230 1231 8
1231 1232 17
1232 1233 7
1233 1234 20
1234 1235 11
1235 1236 13
1236 1237 16
1237 1238 16
1238 1239 19
1239 1240 14
1240 1241 18
1241 1242 4
1242 1243 12
1243 1244 8
1244 1245 3
1245 1246 4
1246 1247 4
1247 1248 11
1248 1249 10
1249 1250 4
1250 1251 12
1251 1252 6
1252 1253 19
1253 1254 4
1254 1255 3
1255 1256 4
1256 1257 6
1257 1258 1
1258 1259 5
1259 1260 18
1260 1261 7
1261 1262 12
1262 1263 16
1263 1264 10
1264 1265 4
1265 1266 14
1266 1267 6
1267 1268 11
1268 1269 13
1269 1270 9
1270 1271 1
1271 1272 8
1272 1273 19
1273 1274 6
1274 1275 4
1275 1276 8
1276 1277 16
1277 1278 2
1278 1279 12
1279 1280 8
1280 1281 7
1281 1282 20
1282 1283 20
1283 1284 9
1284 1285 11
1285 1286 6
1286 1287 7
1287 1288 6
1288 1289 17
1289 1290 20
1290 1291 11
1291 1292 1
1292 1293 13
1293 1294 5
1294 1295 16
1295 1296 9
1296 1297 2
1297 1298 4
1298 1299 10
1299 1300 18
1300 1301 18
1301 1302 2
1302 1303 17
1303 1304 15
1304 1305 11
1305 1306 11
1306 1307 10
1307 1308 8
1308 1309 6
1309 1310 9
1310 1311 5
1311 1312 19
1312 1313 1
1313 1314 5
1314 1315 19
1315 1316 7
1316 1317 8
1317 1318 1
1318 1319 20
1319 1320 10
1320 1321 6
1321 1322 12
1322 1323 9
1323 1324 5
1324 1325 11
1325 1326 18
1326 1327 7
1327 1328 18
1328 1329 4
1329 1330 10
1330 1331 12
1331 1332 12
1332 1333 16
1333 1334 1
1334 1335 12
1335 1336 12
1336 1337 1
1337 1338 19
1338 1339 12
1339 1340 13
1340 1341 12
1341 1342 17
1342 1343 1
1343 1344 1
1344 1345 7
1345 1346 19
1346 1347 19
1347 1348 2
1348 1349 19
1349 1350 16
1350 1351 12
1351 1352 15
1352 1353 14
1353 1354 1
1354 1355 7
1355 1356 18
1356 1357 10
1357 1358 2
1358 1359 13
1359 1360 15
1360 1361 14
1361 1362 5
1362 1363 7
1363 1364 4
1364 1365 7
1365 1366 16
1366 1367 9
1367 1368 12
1368 1369 20
1369 1370 7
1370 1371 4
1371 1372 10
1372 1373 17
1373 1374 15
1374 1375 9
1375 1376 6
1376 1377 18
1377 1378 13
1378 1379 17
1379 1380 19
1380 1381 4
1381 1382 10
1382 1383 1
1383 1384 17
1384 1385 11
1385 1386 1
1386 1387 9
1387 1388 2
1388 1389 19
1389 1390 6
1390 1391 2
1391 1392 19
1392 1393 1
1393 1394 8
1394 1395 10
1395 1396 2
1396 1397 12
1397 1398 5
1398 1399 3
1399 1400 18
1400 1401 8
1401 1402 15
1402 1403 12
1403 1404 14
1404 1405 19
1405 1406 13
1406 1407 6
1407 1408 1
1408 1409 16
1409 1410 20
1410 1411 3
1411 1412 8
1412 1413 2
1413 1414 9
1414 1415 10
1415 1416 13
1416 1417 6
1417 1418 5
1418 1419 2
1419 1420 2
1420 1421 17
1421 1422 9
1422 1423 2
1423 1424 14
1424 1425 11
1425 1426 6
1426 1427 13
1427 1428 18
1428 1429 17
1429 1430 12
1430 1431 11
1431 1432 11
1432 1433 10
1433 1434 15
1434 1435 16
1435 1436 18
1436 1437 14
1437 1438 11
1438 1439 8
1439 1440 15
1440 1441 7
1441 1442 8
1442 1443 7
1443 1444 13
1444 1445 6
1445 1446 14
1446 1447 5
1447 1448 18
1448 1449 19
1449 1450 7
1450 1451 8
1451 1452 10
1452 1453 8
1453 1454 10
1454 1455 8
1455 1456 13
1456 1457 20
1457 1458 18
1458 1459 18
1459 1460 6
1460 1461 18
1461 1462 13
1462 1463 10
1463 1464 15
1464 1465 20
1465 1466 6
1466 1467 11
1467 1468 13
1468 1469 19
1469 1470 11
1470 1471 1
1471 1472 6
1472 1473 17
1473 1474 5
1474 1475 9
1475 1476 6
1476 1477 7
1477 1478 2
1478 1479 2
1479 1480 9
1480 1481 16
1481 1482 2
1482 1483 12
1483 1484 8
1484 1485 18
1485 1486 20
1486 1487 1
1487 1488 20
1488 1489 18
1489 1490 20
1490 1491 7
1491 1492 3
1492 1493 3
1493 1494 1
1494 1495 12
1495 1496 4
1496 1497 16
1497 1498 16
1498 1499 8
1499 1500 1
1500 1501 9
1501 1502 6
1502 1503 20
1503 1504 10
1504 1505 5
1505 1506 12
1506 1507 19
1507 1508 6
1508 1509 12
1509 1510 1
1510 1511 11
1511 1512 2
1512 1513 17
1513 1514 18
1514 1515 7
1515 1516 1
1516 1517 12
1517 1518 16
1518 1519 11
1519 1520 6
1520 1521 9
1521 1522 7
1522 1523 19
1523 1524 4
1524 1525 10
1525 1526 7
1526 1527 6
1527 1528 19
1528 1529 10
1529 1530 13
1530 1531 12
1531 1532 10
1532 1533 1
1533 1534 13
1534 1535 11
1535 1536 17
1536 1537 19
1537 1538 7
1538 1539 17
1539 1540 15
1540 1541 13
1541 1542 8
1542 1543 6
1543 1544 16
1544 1545 11
1545 1546 3
1546 1547 3
1547 1548 2
1548 1549 16
1549 1550 5
1550 1551 9
1551 1552 11
1552 1553 9
1553 1554 18
1554 1555 16
1555 1556 12
1556 1557 6
1557 1558 17
1558 1559 1
1559 1560 3
1560 1561 8
1561 1562 16
1562 1563 13
1563 1564 4
1564 1565 15
1565 1566 8
1566 1567 5
1567 1568 5
1568 1569 13
1569 1570 4
1570 1571 13
1571 1572 3
1572 1573 20
1573 1574 13
1574 1575 5
1575 1576 15
1576 1577 2
1577 1578 7
1578 1579 14
1579 1580 19
1580 1581 5
1581 1582 20
1582 1583 16
1583 1584 20
1584 1585 10
1585 1586 10
1586 1587 17
1587 1588 8
1588 1589 3
1589 1590 18
1590 1591 3
1591 1592 8
1592 1593 14
1593 1594 15
1594 1595 6
1595 1596 14
1596 1597 15
1597 1598 18
1598 1599 6
1599 1600 16
1600 1601 12
1601 1602 19
1602 1603 13
1603 1604 14
1604 1605 11
1605 1606 6
1606 1607 8
1607 1608 10
1608 1609 15
1609 1610 9
1610 1611 8
1611 1612 8
1612 1613 12
1613 1614 12
1614 1615 13
1615 1616 11
1616 1617 7
1617 1618 1
1618 1619 20
1619 1620 5
1620 1621 5
1621 1622 2
1622 1623 8
1623 1624 6
1624 1625 7
1625 1626 11
1626 1627 8
1627 1628 1
1628 1629 7
1629 1630 18
1630 1631 14
1631 1632 20
1632 1633 16
1633 1634 17
1634 1635 7
1635 1636 14
1636 1637 11
1637 1638 1
1638 1639 10
1639 1640 3
1640 1641 8
1641 1642 1
1642 1643 9
1643 1644 1
1644 1645 20
1645 1646 11
1646 1647 12
1647 1648 16
1648 1649 12
1649 1650 16
1650 1651 8
1651 1652 4
1652 1653 15
1653 1654 13
1654 1655 13
1655 1656 4
1656 1657 13
1657 1658 4
1658 1659 10
1659 1660 18
1660 1661 4
1661 1662 2
1662 1663 11
1663 1664 12
1664 1665 5
1665 1666 12
1666 1667 12
1667 1668 11
1668 1669 6
1669 1670 15
1670 1671 9
1671 1672 10
1672 1673 18
1673 1674 3
1674 1675 19
1675 1676 5
1676 1677 9
1677 1678 2
1678 1679 9
1679 1680 2
1680 1681 18
1681 1682 20
1682 1683 3
1683 1684 11
1684 1685 4
1685 1686 16
1686 1687 6
1687 1688 12
1688 1689 8
1689 1690 8
1690 1691 3
1691 1692 3
1692 1693 4
1693 1694 8
1694 1695 15
1695 1696 12
1696 1697 20
1697 1698 14
1698 1699 15
1699 1700 14
1700 1701 13
1701 1702 9
1702 1703 5
1703 1704 14
1704 1705 8
1705 1706 6
1706 1707 20
1707 1708 12
1708 1709 10
1709 1710 8
1710 1711 14
1711 1712 13
1712 1713 10
1713 1714 3
1714 1715 17
1715 1716 2
1716 1717 17
1717 1718 7
1718 1719 12
1719 1720 18
1720 1721 15
1721 1722 16
1722 1723 7
1723 1724 12
1724 1725 19
1725 1726 3
1726 1727 8
1727 1728 1
1728 1729 6
1729 1730 11
1730 1731 2
1731 1732 13
1732 1733 9
1733 1734 20
1734 1735 9
1735 1736 12
1736 1737 4
1737 1738 19
1738 1739 7
1739 1740 10
1740 1741 10
1741 1742 7
1742 1743 15
1743 1744 15
1744 1745 20
1745 1746 10
1746 1747 12
1747 1748 9
1748 1749 14
1749 1750 5
1750 1751 6
1751 1752 14
1752 1753 15
1753 1754 8
1754 1755 13
1755 1756 8
1756 1757 9
1757 1758 18
1758 1759 14
1759 1760 19
1760 1761 9
1761 1762 2
1762 1763 16
1763 1764 9
1764 1765 6
1765 1766 17
1766 1767 5
1767 1768 20
1768 1769 4
1769 1770 18
1770 1771 20
1771 1772 5
1772 1773 15
1773 1774 7
1774 1775 20
1775 1776 2
1776 1777 9
1777 1778 5
1778 1779 16
1779 1780 2
1780 1781 12
1781 1782 3
1782 1783 15
1783 1784 17
1784 1785 19
1785 1786 8
1786 1787 3
1787 1788 10
1788 1789 13
1789 1790 6
1790 1791 8
1791 1792 11
1792 1793 14
1793 1794 15
1794 1795 14
1795 1796 18
1796 1797 1
1797 1798 13
1798 1799 14
1799 1800 4
1800 1801 14
1801 1802 13
1802 1803 12
1803 1804 14
1804 1805 3
1805 1806 5
1806 1807 6
1807 1808 1
1808 1809 2
1809 1810 13
1810 1811 2
1811 1812 17
1812 1813 12
1813 1814 8
1814 1815 18
1815 1816 10
1816 1817 11
1817 1818 8
1818 1819 16
1819 1820 6
1820 1821 20
1821 1822 1
1822 1823 5
1823 1824 5
1824 1825 6
1825 1826 17
1826 1827 15
1827 1828 2
1828 1829 1
1829 1830 8
1830 1831 17
1831 1832 2
1832 1833 3
1833 1834 4
1834 1835 7
1835 1836 5
1836 1837 20
1837 1838 6
1838 1839 9
1839 1840 13
1840 1841 16
1841 1842 14
1842 1843 13
1843 1844 10
1844 1845 4
1845 1846 4
1846 1847 5
1847 1848 7
1848 1849 5
1849 1850 5
1850 1851 1
1851 1852 2
1852 1853 13
1853 1854 19
1854 1855 17
1855 1856 16
1856 1857 11
1857 1858 15
1858 1859 9
1859 1860 13
1860 1861 9
1861 1862 10
1862 1863 8
1863 1864 7
1864 1865 9
1865 1866 15
1866 1867 10
1867 1868 10
1868 1869 3
1869 1870 16
1870 1871 13
1871 1872 3
1872 1873 15
1873 1874 4
1874 1875 16
1875 1876 8
1876 1877 11
1877 1878 8
1878 1879 18
1879 1880 9
1880 1881 8
1881 1882 19
1882 1883 11
1883 1884 11
1884 1885 11
1885 1886 2
1886 1887 2
1887 1888 13
1888 1889 20
1889 1890 14
1890 1891 6
1891 1892 17
1892 1893 12
1893 1894 14
1894 1895 13
1895 1896 19
1896 1897 3
1897 1898 6
1898 1899 1
1899 1900 18
1900 1901 19
1901 1902 10
1902 1903 14
1903 1904 10
1904 1905 5
1905 1906 13
1906 1907 3
1907 1908 14
1908 1909 9
1909 1910 19
1910 1911 9
1911 1912 2
1912 1913 3
1913 1914 1
1914 1915 1
1915 1916 6
1916 1917 1
1917 1918 7
1918 1919 20
1919 1920 14
1920 1921 1
1921 1922 10
1922 1923 12
1923 1924 20
1924 1925 9
1925 1926 10
1926 1927 13
1927 1928 18
1928 1929 2
1929 1930 20
1930 1931 19
1931 1932 10
1932 1933 4
1933 1934 7
1934 1935 20
1935 1936 15
1936 1937 5
1937 1938 5
1938 1939 7
1939 1940 4
1940 1941 16
1941 1942 8
1942 1943 4
1943 1944 18
1944 1945 15
1945 1946 4
1946 1947 15
1947 1948 3
1948 1949 7
1949 1950 1
1950 1951 15
1951 1952 13
1952 1953 4
1953 1954 17
1954 1955 8
1955 1956 1
1956 1957 3
1957 1958 1
1958 1959 3
1959 1960 20
1960 1961 9
1961 1962 13
1962 1963 8
1963 1964 8
1964 1965 3
1965 1966 9
1966 1967 6
1967 1968 8
1968 1969 12
1969 1970 15
1970 1971 13
1971 1972 16
1972 1973 2
1973 1974 7
1974 1975 17
1975 1976 15
1976 1977 12
1977 1978 18
1978 1979 12
1979 1980 4
1980 1981 19
1981 1982 12
1982 1983 14
1983 1984 18
1984 1985 8
1985 1986 13
1986 1987 3
1987 1988 11
1988 1989 17
1989 1990 16
1990 1991 8
1991 1992 15
1992 1993 14
1993 1994 15
1994 1995 5
1995 1996 4
1996 1997 4
1997 1998 18
1998 1999 16
1999 2000 12
