17537801
9050127
26539424
25473946
3102969
27468170
668752
75968800
134763142
13546396
142378601
37747831
15586111
170367796
111388678
290475301
38494295
30720550
3038156
240572463
181788358
55961692
271224365
35923343
592630
287819288
5051315
511667404
105942656
341243477
40341821
8562604
10044200
121823643
240604915
31102295
889630
9070363
266032240
6813445
229284202
9866776
75019625
297327907
65411875
77543347
34510120
385191
311679247
88265641
17960166
163344785
9026506
14908241
60051912
308540586
40583791
242194288
68944050
203511313
197473776
122696406
4086541
80488952
39852001
53129246
8882491
8044950
89163613
210841262
422556166
294102641
97950017
132654870
28237666
197252371
23133016
21172176
255447936
2589502
7799920
406850389
14322311
14573197
243886068
44607721
127857214
295735756
7513759
236903404
45644702
107376218
160798
29935
425286697
96998711
11924167
3808646
39244135
21511036
