100
175 447
148 349
804 82
105 696
37 409
752 97
41 180
433 580
278 984
134 449
843 400
576 227
183 412
390 934
951 246
965 614
561 244
159 621
10 779
919 563
366 996
138 900
869 682
91 888
38 176
790 807
37 522
981 953
370 756
965 706
339 480
62 525
340 173
686 499
766 737
300 450
39 213
209 289
590 943
753 24
517 940
362 150
157 977
872 731
678 284
236 810
119 761
52 121
692 930
240 857
401 222
893 409
135 365
160 431
850 166
625 986
260 558
778 726
545 438
540 862
839 550
601 602
218 164
223 849
572 243
214 704
212 283
273 206
908 216
642 786
945 864
876 720
525 585
625 608
418 310
861 526
885 59
268 392
854 666
23 474
193 280
776 999
480 124
141 454
622 871
240 609
342 864
921 672
147 319
821 663
118 879
538 606
6 231
81 9
990 815
758 337
579 71
94 284
822 116
195 469
