50 50
26537 12758 29173 13394 2306 3018 17493 19903 30544 19553 11860 8628 1495 16600 13069 9842 4903 18831 32046 14461 13310 26976 251 17559 1386 24367 32662 19950 27182 32194 20349 9365 14183 13779 3668 24625 5231 1636 8165 29429 4610 18259 7781 26832 15519 558 8184 9956 11825 19784 
30072 16187 25327 23821 18034 11445 21889 16274 11890 2885 9828 30321 16257 8285 21135 25299 3563 18343 15703 14286 10566 6134 4496 26354 9903 21628 15861 15134 8279 32317 4298 5528 20031 6595 14015 349 7231 32020 8472 4278 24909 14817 5899 14604 7164 30720 30313 8445 22595 21533 
26497 5296 8832 5804 2114 5221 11196 22305 21151 12624 817 24420 16952 11431 2313 25471 32054 3322 32361 24986 1142 7619 22190 15914 12011 3390 11767 28773 29757 7290 2275 21241 19126 5552 16796 27901 7263 31957 17940 18216 5990 11883 2958 8513 24003 24732 23393 7126 22555 14985 
23800 10801 12261 30176 286 24712 13515 16044 12920 29300 12627 17778 28499 30116 29374 14201 12449 15571 2097 4457 16957 24311 32018 24 28791 16060 4789 17312 11980 9776 15672 18613 7157 19136 26539 27701 1828 19811 17268 7425 23178 2837 9970 20492 3868 20871 16225 31409 3479 19477 
6654 1866 8385 15608 18539 30718 23794 22205 9300 11226 8404 18933 30291 31267 4967 23343 1041 6123 17224 5411 18863 31715 19250 27440 25188 13424 8133 24585 25703 25601 27270 1195 13327 22431 5672 25490 4664 27590 28682 11308 27114 13171 768 12942 8501 5502 3926 5990 29023 21546 
17426 11312 2626 13051 7546 26541 1263 11975 3286 32401 27031 31760 19831 29820 19628 16273 2808 14636 18243 13591 15556 9713 20157 14482 23256 28513 12198 25964 20427 24396 12253 16409 19467 27379 7157 7664 24169 31092 17372 16185 30168 28297 10938 20359 12401 19826 28188 16456 7099 2096 
10322 12698 18986 20212 21013 23904 25061 29655 26478 14485 2252 14027 21459 16097 20922 3538 27026 7274 3847 15726 26739 10733 11858 21848 22424 28429 381 25972 13993 7915 6392 32517 18990 17142 4931 22046 1852 2053 1454 5977 25172 24995 25188 17866 1416 30633 32679 13622 12767 4627 
9309 29825 20475 30476 15820 15462 29689 28491 8866 13931 22681 25762 1848 12307 5535 20180 1815 3669 5497 25256 26556 5453 3617 14139 30872 22578 325 21914 13403 25992 1958 26256 1906 918 27582 29373 24526 4379 22437 26856 27112 24125 6709 24215 7938 4546 18285 16092 2223 28290 
14355 23409 23957 3356 11421 5127 23410 24041 5970 2012 605 1838 20909 1420 5455 29590 16642 11561 993 9439 11875 30861 8535 7891 21957 7663 19678 32378 28767 181 28434 4494 15955 9353 28867 559 21392 22191 3833 27352 11255 406 12341 26258 19133 24237 7930 29031 26896 31351 
19852 11546 30717 16098 1784 24085 31121 30677 12628 13475 30014 1544 1352 13919 2945 13336 24270 23533 27842 25051 2869 14055 14204 31217 14444 13338 413 26011 27005 19955 4400 29392 5208 17204 2105 24718 19666 9707 2016 1391 8429 22181 3794 17532 2650 16351 5861 17477 6460 26045 
13819 7218 15407 7679 17960 27668 18825 1072 22807 4607 11744 32288 31401 29276 25548 25749 1760 1594 6381 9278 5884 9189 9264 27368 18915 13754 12623 13556 27590 21305 17815 20233 16642 28764 494 8198 30788 5927 17940 20283 2033 24449 6441 6872 31429 6466 31600 29349 28602 23693 
1362 10996 20779 29792 30630 23509 1849 22377 8495 16520 10606 8988 15718 11064 29600 19714 12410 24806 536 32340 17558 29091 6388 19912 19554 24834 31434 19371 20172 13005 4750 5168 8200 12279 29878 23560 3029 30674 31643 11058 29955 12674 803 14869 3634 29106 1949 9420 4060 10373 
11244 26817 3990 11215 27368 24701 23698 12678 30721 12734 1385 20083 4902 25034 27415 19757 21477 1028 1351 29000 12243 14013 15314 31434 16430 25164 31106 32222 2753 28257 23579 25293 21000 24982 9628 8745 12437 8007 21186 4428 946 14244 31438 21249 26952 32260 23688 16512 21759 22909 
15492 24224 167 945 30884 13128 15319 10730 29918 3878 24275 9322 17727 8100 25779 14332 14640 23832 28866 5583 11257 10555 17189 3460 16003 12765 24765 9606 24162 27607 29262 3482 15890 14912 7904 8119 8833 5604 25957 25367 10702 18673 14749 17806 28497 4852 26679 32539 12507 18692 
1593 21437 22847 17981 28577 10119 5137 16497 6476 6391 20141 21785 14872 5508 19067 25234 3910 7286 9330 390 16418 9210 30171 12968 9445 21622 29272 5284 29914 3610 10020 13909 8128 27832 16284 22841 22128 15829 29439 14371 1727 7424 32626 9776 20134 10850 22087 6652 10912 3991 
23934 30998 25428 18108 27276 14257 32372 22473 23132 8348 14053 33 27284 22900 16416 30824 14361 30488 22744 19605 1749 13917 28893 31304 14008 11523 26176 18781 2556 1768 7608 4801 8366 9084 31300 27012 19818 10101 30738 23088 10086 22212 28320 13402 32177 19143 15905 4726 4029 22720 
27682 5104 12060 15494 29549 32120 11911 23418 19245 13213 16932 13245 26964 17309 13577 19360 17466 28283 6140 13660 6022 27219 19836 31492 28754 19947 5894 1719 17546 23178 1937 23322 6549 6157 32603 12293 32312 30519 5351 18301 23479 28233 3910 3811 25149 17362 21911 24682 5245 31689 
30666 30927 13978 6873 13481 30020 9284 13308 8472 28077 21029 29771 21659 32526 32379 8469 16154 23108 21766 15406 3041 10996 2596 17033 13803 27330 12603 14601 12640 29891 21079 31637 20060 27956 788 619 14578 20844 1727 4534 14961 17423 14776 1890 8165 27013 19482 15151 27105 26794 
3998 9476 10620 25543 23741 15751 11930 32194 21269 19690 27501 16273 30990 7175 12603 29172 32445 15280 10849 16228 10249 22080 13720 12870 8716 16246 1655 25445 18364 13956 12089 27807 6602 3682 30657 29663 28106 12392 9691 25163 6293 11548 6853 7102 6123 20297 27118 19064 32605 25937 
19709 4884 11370 13507 6421 17595 1513 19504 6487 22936 19111 10043 29353 23435 13136 22768 29878 290 27539 12375 31798 5829 9857 2888 19056 2096 21046 19328 30205 7719 11964 8693 22734 17508 19500 9319 8049 27605 13334 24888 23951 23812 16931 25981 19386 3799 28665 26965 4709 21881 
6239 5754 17972 32152 30114 7445 31095 10193 24375 2775 1777 30824 2721 6213 31197 28477 21398 24659 14131 31739 20317 13877 19495 8851 12154 3442 1522 17385 14221 10298 14038 24268 19064 32761 19548 23852 21184 7212 6881 16775 2614 19316 592 18597 25814 29416 20529 21381 8943 26544 
739 11671 20100 1744 21029 812 10226 32577 8412 7210 17876 582 15376 12036 27684 19965 2871 24553 24227 17972 5558 16444 12922 3967 421 25157 25377 24711 28626 21798 11904 32165 22793 7440 31828 4784 20627 31670 21717 24339 20477 7426 10902 26658 28699 31751 31660 9646 13131 5176 
3602 23766 17662 13015 19276 7457 21109 31920 32587 5066 24777 31750 32401 10587 17454 19150 30613 7549 7288 11547 29545 5391 31455 12250 18842 20085 5375 8127 2904 28723 10531 27775 10710 9658 30658 19520 23540 32385 30282 13133 1820 17240 7965 29711 12137 13818 729 6969 13071 28385 
32477 23618 21751 19806 15625 8728 23209 11752 24772 6163 16751 23221 1348 16167 20151 27271 28938 25439 32698 457 8875 1414 7259 10714 6870 3367 29010 12969 1939 22201 30089 21122 13513 29203 24262 30759 26115 9510 27019 803 32115 1770 22587 22107 5176 18073 28029 30950 26588 29468 
26085 14622 16673 22210 13522 1527 14333 15160 2194 29328 30947 10678 22989 6152 28484 31606 2592 18835 31062 20074 22024 20173 2324 12846 7682 6222 22150 8508 19184 8830 1858 6751 20927 31402 28467 28266 6727 6744 20121 5673 19826 3288 12625 9368 20129 4892 21335 10579 25675 14794 
11913 5966 21479 5518 5549 966 29965 6581 182 20855 32728 15608 28227 7184 6798 24725 32361 30692 27267 11685 10930 23010 11322 23721 16229 15303 5838 7014 31240 20626 3728 1267 28964 23864 27378 24592 10568 2458 21412 6073 31568 15796 30972 8699 12263 24343 11163 18695 29771 665 
5966 2693 3153 26187 9522 298 26024 18347 18716 3213 28769 27163 15927 11062 24751 24978 30447 15096 15852 30098 17422 4994 25309 12378 30501 12080 21303 28252 1070 22055 2658 497 26223 32672 10108 16204 19618 23940 6817 1196 20562 17978 14186 4822 15496 28860 20659 18883 10151 14065 
16802 7574 25749 21047 2021 22481 3867 17982 21306 30919 14223 28189 11829 19797 29104 24479 9278 3277 19153 6366 2265 4915 27450 11284 17450 2988 26315 23981 18616 7987 226 26785 5745 31630 26495 23808 28398 18048 10662 19663 7929 20801 27909 15122 332 8235 9943 298 7836 6838 
23560 7777 3798 30630 11418 9668 32681 14723 11847 15921 1092 20298 23144 26800 4705 11618 4885 262 20610 29393 910 11400 6522 28336 24537 11054 22832 6620 18349 16104 9888 22767 20623 7477 16162 6767 31547 7921 18159 9541 6213 8814 29409 11120 24576 21447 32634 29946 16799 20337 
6440 14123 11674 21267 6599 27646 24404 28824 16232 15825 27130 30594 16465 23392 3246 2177 24645 18420 4581 1860 27397 31704 15885 24207 14358 26893 4468 19086 7109 14398 24933 7529 26985 20982 3220 12824 27368 2065 20155 377 29052 29553 30598 3487 25527 23026 2221 5997 27845 12447 
32607 21092 12530 3622 19687 2746 11115 8585 17034 29100 6473 279 29870 1045 5579 26011 22850 16190 19427 9683 9561 6136 24821 1571 11800 26600 31963 12427 20691 17699 4908 26839 9843 30715 20926 20757 1563 792 22633 21068 6923 29130 7694 32107 4548 24733 9944 30848 8300 29742 
28610 19498 28277 12862 13146 9553 8058 28933 27588 24340 1385 20680 13825 26883 15847 29614 31346 23951 16112 26576 32407 23742 5822 30607 17437 32548 25325 21546 22808 29966 17116 20112 32141 9728 18774 4722 16947 25698 12658 6045 1146 2422 23223 15751 27597 3469 20612 17703 19476 28795 
24751 7434 4478 1608 1389 13220 6525 31784 9842 17380 7442 10669 30041 20491 4170 572 26949 16061 6921 15038 7625 20056 3846 30615 6405 21126 32535 5852 15634 28686 23471 27328 26785 19184 14500 30800 2782 23216 8246 3681 11931 22770 5966 18630 16554 32327 14083 21446 5514 327 
32610 973 29255 3040 18287 5473 7323 6893 28263 10584 13913 31754 12872 20808 26635 23975 20371 16448 7898 9564 20049 29621 25007 124 8276 26815 408 25325 29887 12678 10605 26679 25801 32502 4275 19162 23997 29371 21952 26085 27717 19817 17184 29892 19689 19706 1080 1370 26067 20350 
3369 20560 3541 3598 14840 27564 17581 1026 26859 2981 16519 22116 5174 17845 29891 20388 11990 2545 30201 17292 18622 18070 24378 28535 15921 27108 7321 10942 30319 13871 16106 31604 30099 7219 15562 25427 17852 4008 17632 30965 31595 2582 1378 8520 22828 12267 3290 32060 22137 19403 
10282 24510 3547 5159 25037 24554 22098 28433 1633 23420 3063 10318 21090 32136 19424 19885 11577 7532 10052 9624 5493 2562 4575 29673 8792 5402 3992 255 16021 29479 25954 5904 88 17208 20832 27072 17031 21290 3660 7155 25415 29724 9753 22496 19395 29476 22487 11624 9513 2624 
5336 10917 24308 23952 22801 25285 27249 22722 25282 22297 20348 205 3418 30313 32395 3554 21397 9867 1007 24991 15591 3123 86 11655 14877 1293 2707 23983 13634 2057 24226 7097 22719 24567 32230 32262 20935 29779 9398 14120 4594 5218 14616 22934 21544 30846 5836 932 26817 28077 
23693 1970 3306 24441 7827 25763 20811 13308 8796 8849 21479 11835 1964 26558 20803 19125 723 22990 20682 19003 3118 7988 28784 24321 10480 5355 5014 12278 12578 3174 31021 9809 14057 9673 32031 14700 29448 6745 2282 11478 23205 2865 30606 29860 16976 10296 28842 13319 12865 17231 
32482 2596 20449 9167 25987 8479 141 11826 31082 13177 10646 13328 290 31645 12684 78 24652 16821 9916 29586 4676 31682 12023 17657 14337 13292 9365 15117 15677 10518 1210 28913 22742 23990 4824 31711 27765 2276 21877 1237 1901 7601 20527 10890 4326 23737 7933 16295 23866 9212 
22199 14644 12959 28905 20185 24912 263 18620 14468 8742 20804 31498 9925 32028 12144 29338 27674 589 5260 2167 28978 23610 4967 3395 26869 17340 19649 31950 1476 28734 28337 4072 5122 22568 17220 8307 7635 21918 4711 5052 31779 875 23303 16139 30955 26168 10102 31352 26287 13826 
273 22017 20812 23499 18208 9434 11248 30607 27901 21252 8298 633 25465 14625 25508 24919 12667 25223 13165 31564 32746 31123 24956 10436 7373 20031 4018 3757 14769 10999 416 14821 26955 27561 10057 3822 8287 2844 17705 25065 15841 6786 23926 19138 24153 22352 16037 2472 32396 21325 
23344 4032 12632 25321 20119 26 27872 17873 13221 15588 13033 15808 12276 21725 6276 1944 22707 25869 28910 27313 21671 17076 8116 21105 24432 384 22042 9757 4622 10754 16318 21230 5283 13411 25209 15464 7546 6995 13702 1767 24905 6979 13286 28795 22707 29140 28162 11253 32529 12687 
24211 29250 28274 32214 1727 15864 31968 17178 5508 25903 16102 16207 7770 1426 4943 28317 8980 30390 7215 12377 29960 13994 18728 14387 12655 1231 22246 8113 23823 7913 26604 11228 25367 21623 6803 6969 31562 25664 16463 4090 15199 22575 6709 27254 22440 21344 16058 10199 22259 1659 
3262 6418 15790 15937 20425 1565 29774 16484 31124 4444 27889 27292 5323 28508 19521 18423 21777 18115 6556 4209 26693 19591 14963 18116 27907 28767 15600 26753 12910 11639 13788 25696 9517 21352 13759 19156 3508 23399 6473 27875 965 7612 14576 23861 15158 31607 15323 1899 3572 20574 
4607 20914 26440 16681 22920 31895 29785 14834 13178 13597 15859 12519 19352 3340 3974 322 6021 19853 20338 29307 4393 22516 11393 16315 28758 2269 17589 13205 10155 20858 10565 11249 10425 31531 25570 6728 13157 18767 24894 21527 13453 27995 25807 18317 30703 297 27089 26759 12614 31634 
5514 27071 8373 21310 7889 5696 22121 17339 20177 24350 22907 26829 32523 29027 13843 9221 14490 26700 14035 149 22715 28598 19827 2403 24204 27347 28328 17756 17940 29473 25931 19979 5252 17309 24759 13418 31164 25652 17011 10232 11025 10618 28433 5131 23374 23710 9813 10088 29688 8094 
9882 31249 29655 25015 8050 17758 5809 30752 14221 25167 10841 12023 10716 545 13545 26236 15861 21791 20555 4221 8122 5051 24318 8721 23093 7645 32278 19849 31175 9339 22661 6308 6530 4458 16282 8962 24531 8564 11463 12507 11876 25770 4263 19953 2368 6395 4927 7363 31033 4870 
10629 9732 28039 10541 9246 15435 24753 21739 7020 18444 17585 32359 23752 4039 31315 9801 15628 20607 22494 25036 29781 14958 758 23828 26375 9719 8641 22467 17 5340 10057 20423 114 21425 16161 20085 26620 20369 7244 3036 23383 29711 12122 23635 11082 9583 2004 7253 24886 11031 
25818 3727 29923 7744 14603 24630 3967 12529 9637 18334 32740 24878 12525 28937 17434 27757 15314 11709 19485 5961 31437 6489 23008 7546 30219 10600 8849 24069 21710 23351 5407 6064 30737 29668 27130 18873 10347 1720 24602 3271 23349 13750 19266 30753 21231 24692 22406 26398 7904 13610 
9739 13021 15869 22537 9998 13365 26892 5326 21799 8687 18441 20118 13775 7987 5833 8692 17185 3649 31965 27969 8925 31586 7353 13107 20146 13341 7702 2993 4541 24237 14228 5862 32589 9651 31652 9877 18153 19497 27813 4524 2452 15767 7245 26139 5199 28297 23115 27878 9184 8512 
2 2
