650
256
220 41
29 166
47 151
60 170
49 234
132 51
122 151
234 195
120 168
39 201
212 9
153 47
46 35
212 202
106 186
138 50
230 122
123 70
85 224
128 73
167 176
7 225
38 197
1 235
186 240
145 104
118 23
9 248
232 242
7 30
208 237
43 88
37 31
204 45
32 246
161 204
47 213
187 212
4 100
207 235
30 97
165 183
18 252
180 83
94 53
57 239
15 211
207 140
26 184
93 56
18 207
103 13
164 88
250 99
27 62
218 138
54 196
175 102
153 49
64 214
183 85
132 166
95 253
154 11
230 176
122 108
136 236
89 88
122 10
29 17
208 37
103 254
171 39
249 84
84 63
17 254
180 7
127 222
209 129
113 1
191 191
234 125
58 217
186 96
192 4
253 11
226 122
120 227
69 106
69 136
108 57
200 53
182 204
190 218
210 137
244 130
124 233
108 74
192 175
5 197
163 174
232 174
109 40
202 71
234 182
214 56
227 190
63 83
182 111
208 9
45 197
251 16
14 252
193 94
7 20
118 149
238 57
172 253
235 169
213 34
21 127
102 200
23 248
15 26
203 138
64 11
9 114
30 25
3 148
163 114
96 57
131 200
130 36
147 42
45 255
206 216
231 136
175 192
197 30
141 186
39 128
23 37
232 92
48 119
5 24
72 103
113 90
92 66
98 57
227 21
232 187
165 55
18 94
101 93
3 245
70 76
155 130
87 205
39 88
193 239
218 190
99 77
65 193
113 213
171 16
91 73
34 119
136 124
111 219
184 132
197 201
7 88
14 141
128 33
0 201
26 51
226 2
32 224
176 66
105 190
147 138
186 122
71 222
225 78
235 34
212 197
89 119
89 79
9 105
140 112
139 26
195 225
27 179
45 6
124 62
174 36
113 214
57 11
27 34
210 65
145 40
98 221
107 230
256 18
174 172
244 176
55 201
125 1
160 229
46 211
190 163
94 29
181 109
142 11
189 3
190 214
136 169
134 54
129 135
250 235
60 179
41 135
214 89
73 140
36 125
69 6
106 105
88 42
107 152
234 52
41 207
194 247
22 45
97 230
127 220
131 15
12 45
158 67
142 221
226 225
124 172
146 10
82 22
184 55
60 232
250 237
56 220
181 123
154 139
143 172
36 236
149 34
23 147
188 227
104 243
189 79
18 235
175 119
34 57
208 158
237 60
102 197
157 141
172 169
14 101
167 247
11 82
225 52
238 39
234 12
69 68
142 143
115 130
177 14
231 242
52 161
93 62
86 253
105 84
250 45
141 39
63 225
172 46
89 62
192 124
140 20
228 8
196 71
194 134
43 194
0 231
179 243
10 229
234 126
136 173
170 37
70 140
232 44
88 49
40 167
86 110
129 125
92 128
137 137
66 84
172 42
179 206
85 177
141 114
63 95
194 159
5 153
11 23
43 204
193 21
183 66
154 35
37 112
39 121
196 210
80 26
61 17
26 104
96 225
26 246
112 99
187 62
17 251
72 158
19 222
239 33
39 78
12 147
207 199
21 78
152 141
102 78
231 233
48 131
86 251
1 73
16 118
243 42
143 172
133 57
166 41
202 169
91 246
204 124
82 5
214 100
229 14
25 52
41 78
203 119
246 222
47 147
50 52
69 15
250 247
99 85
96 166
22 138
237 207
19 236
254 92
114 46
196 24
27 220
131 144
24 40
185 214
174 70
99 227
107 38
10 19
36 38
65 115
114 48
53 92
57 58
158 167
208 43
141 89
186 31
241 35
168 137
212 28
32 161
44 116
249 50
55 166
34 46
192 94
216 147
71 142
176 11
250 239
177 99
82 234
223 167
101 45
99 22
186 87
71 173
18 134
94 132
49 61
87 188
208 225
161 52
244 190
6 80
212 231
180 108
99 208
143 103
214 123
14 216
23 22
0 66
24 100
102 117
100 87
83 231
227 32
255 35
70 179
103 198
108 240
212 233
74 255
108 158
46 8
73 99
88 85
66 130
57 131
186 112
121 89
73 148
101 238
127 124
6 159
153 244
254 149
101 7
78 81
181 88
220 253
19 219
32 254
164 91
241 5
94 233
213 23
3 247
191 70
15 100
56 33
127 46
192 16
27 129
242 19
66 107
195 172
68 104
83 230
85 8
51 58
50 93
24 211
105 140
212 83
247 143
155 69
150 151
102 69
3 156
116 251
137 125
198 148
17 200
142 76
162 144
242 156
113 91
32 181
255 28
4 106
86 188
43 129
251 25
160 196
8 43
209 167
28 123
67 225
11 60
170 93
243 196
154 208
181 123
134 88
227 63
46 139
175 182
32 55
97 110
153 72
112 11
61 169
40 162
151 106
32 153
189 180
205 66
149 39
241 94
159 62
81 213
169 229
219 211
111 184
159 26
248 59
91 38
45 248
248 248
149 50
24 56
26 83
209 248
72 162
116 183
122 216
162 9
200 79
145 118
70 187
160 110
224 177
74 243
208 251
239 82
145 105
26 4
206 45
58 24
150 234
108 64
230 128
72 88
220 80
229 144
146 105
241 5
113 233
21 115
143 2
16 207
218 233
37 114
164 157
100 169
218 213
225 195
234 127
212 134
178 25
198 26
250 213
55 73
198 80
116 52
145 205
250 90
183 57
151 131
160 237
192 117
238 230
53 146
204 137
242 165
146 6
126 157
227 125
182 110
119 126
248 81
58 133
229 172
243 142
168 195
132 207
96 25
39 73
171 13
140 188
231 145
64 163
54 169
235 75
74 116
151 54
142 240
41 191
165 70
205 70
110 75
79 103
242 253
217 91
93 33
104 165
23 246
126 162
240 95
240 152
241 168
52 107
1 64
56 253
46 250
4 109
220 194
188 64
187 207
78 34
196 199
216 59
5 199
134 230
138 106
8 36
63 33
220 56
249 130
127 173
14 225
212 57
187 215
61 212
35 145
81 78
52 0
146 228
73 71
17 123
