566
103
431
577
82
61
35
225
244
105
142
99
242
337
131
119
446
42
75
427
335
10
370
84
208
30
368
540
229
263
295
33
2
39
509
36
250
596
497
174
204
205
469
255
368
47
575
382
92
176
129
98
413
610
92
626
280
512
440
43
319
617
139
464
180
44
196
197
127
78
4
278
378
259
413
129
144
456
263
516
613
19
442
239
512
91
437
644
39
272
270
194
232
251
578
655
156
235
251
379
144
206
351
158
276
395
49
118
474
171
360
466
150
257
106
282
375
127
117
338
166
484
203
484
9
32
531
294
578
98
384
286
230
318
200
469
175
366
289
157
660
75
239
83
247
121
119
388
229
311
285
287
83
126
152
434
342
372
137
184
397
622
417
33
345
101
49
300
396
238
16
369
33
271
329
110
192
177
147
27
5
223
128
167
131
169
34
83
171
555
9
313
414
49
364
647
498
2
122
529
583
109
560
307
16
65
273
121
204
23
96
99
35
129
317
293
11
167
354
243
100
96
423
406
208
130
331
246
495
325
142
460
557
199
60
544
119
359
547
182
128
34
456
13
77
230
270
68
122
581
256
348
273
561
196
37
233
517
65
212
128
143
7
525
214
349
18
150
190
34
475
442
229
275
6
217
640
535
83
20
120
121
14
270
307
161
61
184
105
204
7
369
185
546
38
51
463
608
62
105
305
211
267
64
286
62
73
29
729
91
23
62
109
6
284
467
211
392
138
59
106
251
158
637
10
72
334
201
186
103
44
441
124
158
173
48
142
160
29
199
7
311
284
24
112
159
279
389
186
119
63
154
86
134
426
100
168
176
292
107
148
613
317
450
573
83
561
102
218
191
338
492
533
43
18
249
191
137
139
181
136
75
433
103
299
280
118
191
66
71
72
126
373
91
273
447
422
193
537
475
421
369
67
61
17
104
461
362
424
188
220
615
156
129
42
70
372
353
299
408
272
148
423
627
140
110
62
100
244
169
225
194
468
98
255
193
386
541
581
290
90
149
184
465
137
414
10
267
290
616
23
243
396
144
75
84
413
616
522
340
617
364
126
241
578
293
220
366
258
76
81
515
9
455
184
95
96
289
171
267
30
258
614
135
444
224
166
368
109
5
474
230
191
59
408
153
284
755
390
208
174
364
-1
359
18
107
588
182
532
163
212
525
32
200
81
462
54
225
351
347
185
134
188
184
117
303
63
270
485
22
431
84
143
232
69
408
547
381
112
531
265
122
315
658
464
8
150
51
23
275
325
75
12
394
45
439
446
68
168
84
136
188
438
353
517
107
369
26
385
73
61
30
432
34
335
401
218
34
32
237
144
719
382
222
97
314
171
578
30
305
120
174
641
143
483
280
603
55
93
304
137
709
364
178
376
65
61
-1
233
214
572
17
551
527
372
186
150
417
227
144
146
532
73
441
594
500
525
489
307
9
130
491
149
124
595
493
358
141
283
66
213
651
336
178
328
297
125
32
1
116
233
317
218
134
307
48
45
174
15
142
48
383
184
113
332
4
296
37
473
370
135
587
530
188
52
602
80
371
33
189
572
166
150
392
129
103
218
564
66
368
29
197
96
140
6
556
91
71
307
474
121
259
203
198
475
182
3
447
59
192
300
231
48
536
25
224
85
192
41
447
53
486
673
343
24
26
131
246
36
66
455
361
155
632
135
324
108
347
183
161
90
114
183
587
83
20
490
30
340
597
181
4
21
82
382
130
484
680
470
247
534
275
115
131
386
100
222
381
432
133
499
408
383
342
7
607
64
380
287
150
227
397
471
475
178
120
162
323
317
247
257
61
567
290
283
258
61
85
2
49
47
546
186
193
118
52
518
214
118
48
298
138
519
489
544
130
274
197
315
194
15
199
132
215
470
119
508
525
167
89
141
52
331
269
507
178
22
207
539
426
348
156
425
417
294
167
300
461
351
132
106
418
263
433
393
516
86
91
212
134
198
420
365
299
241
160
92
250
110
469
107
27
2
315
78
83
117
67
44
507
404
588
31
298
244
24
406
149
347
97
262
113
222
5
208
160
431
7
612
537
48
108
40
386
215
396
171
28
307
223
140
234
91
12
246
125
449
11
252
427
366
320
142
22
28
345
552
217
244
312
2
249
577
178
171
81
133
184
199
416
199
333
255
36
90
428
698
386
3
229
100
197
572
120
258
143
43
294
457
252
100
236
131
408
72
307
372
165
296
564
554
390
559
22
475
146
303
421
220
223
258
35
49
673
269
113
166
324
474
202
363
244
607
334
96
297
353
3
323
633
299
288
314
364
562
40
447
382
238
240
199
192
441
521
437
238
5
489
138
117
352
452
344
327
211
277
90
341
384
531
212
157
21
417
149
126
143
324
398
211
278
172
272
489
70
119
354
599
498
239
435
430
70
439
313
137
546
402
139
257
211
333
359
395
72
200
251
34
355
137
278
48
447
328
160
584
354
77
256
235
37
541
242
389
141
393
191
402
394
120
312
68
34
574
25
22
98
189
31
329
232
32
148
125
23
180
188
241
468
14
463
33
186
376
258
82
386
404
302
653
239
290
210
287
285
17
66
174
151
88
476
241
125
119
342
94
371
129
336
102
255
58
300
204
117
151
34
140
291
37
11
426
39
313
480
49
416
644
21
52
318
421
198
247
123
401
241
126
103
136
396
53
199
111
135
24
455
417
249
188
572
475
430
188
426
704
118
294
26
451
443
79
456
154
111
75
137
71
530
122
335
680
61
327
27
10
570
73
501
373
271
103
99
264
122
121
740
207
538
116
67
91
551
180
396
484
102
8
553
606
200
24
212
121
658
82
118
329
349
450
108
25
143
221
59
286
193
23
435
31
302
694
22
156
324
201
395
147
102
230
192
663
24
190
349
159
92
128
84
147
370
150
484
149
47
233
13
8
57
545
134
355
114
321
540
249
80
239
240
162
327
550
339
244
606
50
378
37
430
109
31
358
427
315
94
370
402
1
74
206
58
258
112
62
24
194
58
14
283
584
35
374
92
42
330
342
114
129
145
144
625
147
70
340
337
281
164
57
101
264
98
137
253
199
231
33
291
201
70
282
509
69
99
545
73
16
241
62
145
378
49
41
67
446
203
244
13
38
234
161
407
31
324
198
436
116
241
437
70
460
486
73
279
194
627
89
165
159
394
323
284
374
224
568
567
402
30
291
109
150
241
200
319
132
278
359
12
115
40
515
82
224
301
373
368
54
226
111
255
286
374
547
281
447
31
97
292
378
18
282
255
37
179
46
139
236
622
123
286
423
19
104
545
43
476
588
41
35
457
601
473
138
103
141
488
166
480
429
556
138
311
287
91
54
157
241
222
309
556
280
278
117
51
20
445
307
5
276
13
261
190
449
119
87
39
63
433
16
138
160
54
206
76
484
33
158
121
105
43
205
73
115
10
268
293
301
444
317
15
118
110
412
660
47
163
11
134
113
40
318
327
2
588
343
268
359
275
138
290
343
91
288
323
607
49
544
269
50
151
595
452
273
108
324
101
594
47
281
207
309
87
53
109
582
159
46
55
394
140
138
64
29
207
100
417
39
13
405
218
101
589
287
380
169
290
139
120
149
129
228
6
68
349
198
25
361
440
118
384
342
506
561
117
383
376
191
49
186
238
111
453
96
274
131
82
317
226
320
22
102
150
225
440
522
275
506
129
449
455
271
530
274
288
429
186
370
254
99
68
392
58
324
453
2
320
90
118
144
102
319
276
212
413
378
320
446
274
81
244
126
13
500
646
154
312
124
197
211
438
244
392
5
15
27
270
280
463
354
251
95
643
156
13
459
554
703
708
197
288
120
81
523
129
257
164
161
24
46
441
334
137
106
65
479
354
22
164
10
60
156
110
508
608
222
345
74
75
90
715
334
328
18
313
75
511
236
446
131
237
194
213
61
281
457
31
21
314
403
402
185
132
34
13
294
132
294
331
272
284
164
11
110
275
409
225
420
510
76
15
174
110
-1
521
303
409
134
494
325
379
432
3
182
516
126
152
98
607
517
66
43
63
131
42
427
261
295
376
514
283
474
510
324
274
256
79
101
305
194
175
337
49
250
34
303
57
11
729
296
561
68
69
300
509
186
235
219
389
131
74
265
37
375
152
288
241
81
406
41
194
426
46
434
232
231
156
141
183
16
250
90
-1
454
350
335
89
366
392
166
183
243
127
304
69
2
496
14
3
80
630
112
214
106
48
275
474
360
34
175
460
243
12
171
599
99
163
496
527
1
280
448
221
43
626
99
165
351
213
455
451
123
313
15
160
320
135
253
316
320
512
118
364
12
17
451
156
5
195
60
132
195
274
245
79
201
72
298
694
49
73
12
78
210
288
303
222
754
45
472
336
350
421
332
213
155
205
216
246
11
402
459
5
196
338
339
86
473
106
80
127
614
247
24
67
687
92
141
112
139
646
8
237
204
459
170
438
366
373
79
702
295
385
395
93
531
22
52
246
8
84
206
425
72
161
316
248
587
70
37
53
151
33
288
267
566
237
421
14
83
445
306
333
23
374
496
34
43
387
53
318
645
280
271
509
80
187
258
439
236
207
208
408
212
333
380
224
196
232
162
193
495
160
309
50
264
374
143
159
182
81
166
386
317
261
109
386
384
95
455
191
340
72
177
213
8
287
133
25
555
270
119
29
443
107
508
326
82
595
431
97
90
230
44
233
140
429
318
416
710
449
215
216
74
265
54
62
166
354
142
131
125
36
272
137
193
474
37
201
355
223
468
473
134
154
67
318
555
37
268
268
6
117
178
51
268
2
262
393
14
154
49
408
37
265
227
94
73
283
47
123
54
263
165
183
31
37
578
138
141
37
280
585
301
14
10
272
137
23
540
263
314
322
477
290
197
10
79
150
414
26
545
480
279
6
8
4
605
227
153
193
149
196
573
338
460
213
205
349
259
173
23
313
79
154
304
564
206
109
292
448
44
121
227
44
262
228
726
572
400
265
276
512
236
158
714
71
21
367
261
513
287
294
104
16
200
217
81
246
418
218
132
558
101
81
88
122
392
362
66
399
37
82
464
208
154
348
601
108
265
77
274
164
475
529
416
563
42
434
176
322
149
25
218
78
91
104
106
163
350
102
12
157
150
371
42
575
436
186
156
235
128
37
245
395
6
142
188
158
185
322
228
334
637
388
478
418
323
34
102
39
19
38
175
50
12
25
169
96
293
210
20
439
23
95
280
69
362
209
397
22
113
67
278
241
21
622
181
203
85
260
264
167
113
229
206
412
495
472
68
334
208
420
-1
139
98
185
245
152
231
175
197
270
59
92
194
64
434
109
198
391
4
34
535
48
563
12
100
85
295
264
396
166
77
450
288
154
277
254
210
113
110
383
216
32
402
24
131
463
66
535
335
428
438
260
124
522
241
26
559
24
472
365
22
430
232
60
102
1
60
158
169
113
287
264
150
374
154
296
23
211
5
442
31
459
268
328
181
172
152
631
376
33
297
66
472
16
446
206
536
461
155
56
471
169
180
45
530
273
2
18
73
330
24
211
285
429
391
20
26
35
311
16
44
240
380
36
458
345
32
67
48
232
344
138
212
134
-1
3
8
53
7
147
190
555
336
347
53
107
350
766
532
65
301
375
719
150
35
167
29
314
406
174
374
299
157
59
71
317
97
378
333
47
35
212
371
318
74
111
238
142
427
227
280
175
406
176
298
8
197
159
49
10
102
325
48
207
469
41
30
638
268
149
104
562
14
58
18
115
483
451
530
77
381
65
27
109
225
63
43
434
249
153
221
418
374
147
502
597
498
46
460
307
133
252
235
422
450
377
223
159
107
114
382
130
189
216
86
593
202
87
97
394
98
213
176
280
66
442
569
87
506
73
69
271
100
117
60
155
143
27
221
156
380
149
106
4
99
132
419
566
35
141
26
354
31
468
16
132
219
86
496
361
42
87
595
433
168
188
527
48
200
213
222
287
410
22
157
120
200
200
487
265
618
214
180
40
66
233
290
39
289
71
410
275
725
102
449
67
439
258
228
424
73
127
261
370
348
48
381
427
608
205
549
61
12
564
28
364
481
30
205
40
93
78
6
32
381
147
77
108
105
75
161
536
246
30
297
78
153
152
313
466
120
174
8
240
101
342
129
451
87
239
213
157
222
377
-1
214
106
156
314
281
139
277
64
203
118
529
330
7
579
126
212
346
616
267
78
43
456
183
376
110
378
112
323
28
258
120
55
462
63
436
597
337
3
69
327
505
280
1
219
478
5
461
513
212
215
147
392
155
574
433
98
484
336
220
166
135
648
8
218
250
63
224
437
349
92
154
163
204
323
478
82
290
180
105
174
177
360
61
397
415
639
15
221
15
13
462
198
400
199
208
67
200
502
2
527
310
523
184
403
222
70
94
687
78
16
295
411
321
369
345
312
228
671
368
188
374
371
266
192
152
378
350
25
40
211
180
136
435
88
110
404
578
112
487
36
23
280
156
204
86
191
293
9
330
487
387
121
66
250
3
37
593
149
212
564
358
235
424
489
92
226
211
110
126
252
4
179
441
27
140
260
355
490
81
245
275
5
83
189
180
551
-1
532
305
352
520
180
178
249
30
183
190
264
604
213
504
96
201
12
555
179
417
409
201
152
201
470
71
35
223
375
392
491
212
535
479
340
145
96
350
245
151
666
110
297
543
35
458
189
32
164
99
547
32
222
263
302
146
307
28
485
356
21
463
737
238
643
338
296
256
288
130
581
139
227
52
196
59
93
431
479
72
109
44
398
124
54
97
76
129
300
285
358
703
42
302
473
454
61
211
120
38
5
158
556
406
253
61
395
394
89
299
262
41
421
103
159
157
603
29
315
61
82
382
21
3
325
290
158
194
280
18
218
224
347
539
88
555
94
185
47
369
297
519
83
147
33
193
64
556
133
130
230
224
327
451
447
547
515
156
45
546
396
286
49
392
14
606
49
519
394
429
302
364
207
89
159
38
539
556
135
107
36
296
139
211
397
284
83
116
127
42
521
71
500
479
149
57
111
171
193
90
225
99
281
30
89
474
562
33
317
126
130
103
6
335
124
55
220
718
47
7
168
123
136
2
142
460
589
321
51
4
19
23
256
405
409
243
81
130
80
323
308
200
258
602
308
49
386
260
261
200
62
56
197
106
233
267
323
104
598
35
154
482
109
157
8
372
382
472
349
389
16
50
411
215
158
119
56
129
392
221
266
50
350
278
274
579
393
433
123
257
205
158
226
205
354
80
138
542
119
201
237
3
60
109
271
266
342
253
55
229
335
53
143
40
124
142
95
99
140
222
328
144
51
235
52
444
577
406
586
172
472
23
16
48
263
691
365
318
195
604
666
628
54
576
267
-1
555
463
12
189
434
376
434
221
125
22
319
54
63
179
317
506
239
163
91
196
35
25
526
437
463
158
264
537
400
100
223
484
87
279
130
241
228
166
212
408
114
299
495
124
143
97
336
518
501
89
308
277
196
172
347
455
237
182
334
368
255
446
114
147
28
494
51
55
63
29
38
37
355
40
539
409
241
202
44
531
336
370
216
81
342
62
620
47
3
4
355
444
85
386
318
345
181
6
299
220
98
333
222
50
332
112
357
12
280
573
697
9
393
373
374
19
213
148
408
194
456
654
110
592
230
633
64
356
20
287
226
125
416
125
593
455
349
56
29
318
570
128
276
60
301
161
261
215
248
372
561
203
285
114
213
254
231
417
278
137
46
646
59
97
19
128
214
389
164
438
73
33
253
51
254
9
45
601
121
542
168
504
102
320
265
540
32
295
454
621
130
134
223
48
311
58
260
420
3
117
38
249
201
124
80
53
6
80
528
209
146
268
169
320
23
340
199
341
293
26
513
250
86
62
486
200
102
167
312
307
186
20
58
58
393
159
151
460
663
395
42
48
35
21
10
464
433
148
51
69
474
544
29
83
232
341
162
185
433
146
106
51
199
-1
149
115
196
410
102
469
32
352
85
309
449
119
251
166
519
28
328
396
166
225
179
374
228
329
632
40
719
39
186
96
583
40
597
372
165
253
155
378
604
514
240
237
295
216
246
603
225
301
42
351
270
451
26
162
102
38
215
625
180
288
215
59
369
127
235
288
340
201
70
288
192
214
307
314
439
253
27
50
53
202
221
479
409
370
341
350
309
123
24
60
415
16
203
285
156
245
334
4
467
56
330
84
114
320
287
236
243
143
526
403
239
301
301
296
322
227
186
146
3
22
338
141
21
109
169
181
190
176
130
234
408
333
185
214
227
40
492
387
335
226
196
419
120
270
230
348
31
203
435
69
305
113
138
60
36
659
411
276
264
711
87
371
80
354
28
4
203
10
209
76
92
82
201
32
206
282
347
388
258
611
113
229
42
431
310
12
266
219
386
573
62
442
280
276
231
59
192
313
126
524
222
134
261
319
99
662
187
145
177
390
130
268
280
95
290
41
193
411
206
427
59
336
273
349
87
63
229
360
406
58
523
135
164
331
16
123
563
104
173
10
81
401
364
159
123
103
651
101
74
199
310
164
436
202
9
333
530
75
8
469
407
45
359
359
144
63
683
172
278
343
119
205
77
118
439
182
131
160
166
296
124
54
413
161
96
14
225
570
99
85
243
563
51
640
413
114
427
107
322
248
137
265
452
88
31
477
330
259
371
271
359
56
358
302
525
103
17
345
238
22
70
586
149
259
21
224
154
77
532
148
202
3
213
239
52
187
447
349
250
366
504
21
65
124
293
209
349
194
536
91
107
289
273
484
326
344
290
263
529
136
550
484
26
130
47
349
133
296
122
462
422
464
293
448
341
54
222
433
46
215
384
323
189
283
9
178
257
92
339
97
26
147
60
170
29
144
355
482
397
84
198
219
80
361
228
74
256
53
386
377
113
350
138
167
478
208
28
205
199
104
446
64
66
121
252
74
322
116
24
185
333
419
390
557
520
418
118
408
458
5
57
249
145
12
334
47
448
286
25
113
35
140
203
207
467
55
168
101
680
543
568
194
352
354
31
240
426
345
140
252
192
333
35
362
495
322
11
320
332
194
157
299
37
172
370
130
87
185
424
43
82
261
443
224
79
543
435
622
554
79
88
384
54
591
44
216
24
12
203
520
106
70
60
45
242
41
272
169
221
276
2
409
204
470
238
173
405
207
100
111
484
561
15
170
96
267
135
235
376
124
12
248
125
109
117
49
12
366
314
333
191
207
307
142
39
36
107
141
78
255
1
325
140
538
52
187
168
250
244
316
74
600
405
106
482
306
280
327
447
44
407
158
160
441
210
531
309
89
213
26
129
90
311
516
42
3
145
144
53
2
193
448
67
109
327
310
188
410
82
431
430
39
251
37
33
32
274
32
321
111
249
24
16
689
234
149
221
46
119
64
120
382
210
294
177
141
376
84
204
516
160
319
12
82
644
623
36
265
379
255
253
40
285
618
22
211
693
718
585
390
664
38
191
333
434
630
253
336
572
388
238
94
451
292
270
547
10
433
317
701
508
143
150
312
398
129
435
523
217
444
333
358
344
197
41
134
221
374
362
73
248
301
7
-1
277
68
209
448
-1
143
613
215
555
33
235
253
149
207
275
327
406
9
46
7
86
68
57
65
554
273
251
485
556
441
241
137
157
432
282
692
79
262
223
381
226
63
6
184
165
256
312
175
231
205
259
202
607
311
5
472
351
338
59
351
26
49
53
279
51
181
174
493
597
483
119
68
161
245
398
182
2
216
52
34
49
105
58
352
262
160
566
356
333
417
88
132
250
459
612
20
36
28
411
174
569
115
19
432
341
283
313
460
575
448
207
342
378
308
135
193
205
441
181
193
64
209
196
53
474
345
104
73
29
19
106
98
389
352
96
228
30
447
18
56
109
185
455
519
6
98
87
24
2
592
350
66
225
108
495
170
28
547
264
437
300
129
44
641
206
551
186
630
473
416
142
29
315
423
557
209
384
20
396
70
16
28
170
22
242
296
322
39
625
514
498
458
9
62
501
156
156
93
124
235
239
114
210
541
414
197
150
70
6
192
201
157
135
480
117
200
532
4
125
257
74
381
192
253
116
380
111
519
12
502
70
102
399
670
333
453
118
449
219
467
4
128
235
736
392
443
66
316
465
150
390
350
415
80
500
368
123
311
12
227
209
29
215
378
495
2
111
139
528
286
390
158
633
33
217
98
3
164
415
179
41
130
370
88
401
121
142
447
221
136
476
65
335
62
113
735
28
378
55
17
692
427
495
134
97
41
644
108
234
164
424
179
542
255
448
464
527
30
400
60
101
68
353
14
407
289
754
44
107
456
85
290
370
552
86
373
206
481
83
486
432
368
162
249
590
105
383
220
547
349
202
104
101
417
365
386
334
467
296
256
49
627
128
9
-1
126
21
129
27
298
554
341
197
246
164
171
378
115
443
237
55
174
217
82
474
189
3
350
79
40
211
235
175
324
324
530
278
582
50
519
222
340
196
361
107
448
237
360
213
393
209
293
91
289
206
166
409
306
279
698
608
149
233
109
237
275
14
32
106
108
215
25
413
274
161
194
152
343
352
83
104
83
49
93
267
29
291
195
4
301
22
157
145
66
127
453
403
512
71
141
284
83
313
429
25
87
348
332
232
272
159
104
199
22
555
398
62
42
176
257
47
13
721
253
640
46
106
272
14
448
251
388
193
104
26
146
259
413
250
159
72
39
213
223
2
31
192
270
404
390
468
2
119
538
19
630
237
236
578
275
122
394
235
434
97
430
55
136
74
134
106
256
514
192
103
339
345
315
156
75
36
618
221
105
531
102
635
318
534
155
187
115
618
186
63
80
410
387
647
112
69
41
192
339
406
248
418
459
678
174
336
353
73
214
295
113
376
333
46
198
71
117
367
17
192
482
237
111
24
163
282
464
526
327
168
139
89
303
148
84
68
91
235
105
162
49
85
438
18
64
591
149
229
303
281
11
274
268
205
310
164
16
330
340
429
340
582
15
185
93
13
176
73
17
464
249
26
506
175
154
151
169
449
177
169
352
687
87
482
226
101
471
321
521
177
331
593
185
479
465
77
293
302
129
406
136
71
347
31
429
26
26
641
32
103
120
89
116
200
384
148
274
139
94
170
663
36
77
341
492
174
10
428
385
319
4
134
404
114
416
138
1
82
199
9
326
288
66
515
354
416
40
382
96
545
53
153
412
25
270
47
140
124
101
278
42
294
133
358
68
585
353
98
301
348
574
187
309
506
139
488
232
117
71
80
130
259
452
189
68
134
304
260
79
34
91
69
714
151
384
46
339
407
101
338
264
94
201
69
45
380
344
341
383
376
541
334
285
143
145
106
124
389
344
73
596
250
101
324
83
309
58
114
502
211
431
14
633
218
659
62
406
228
333
147
36
137
343
172
39
142
360
511
206
34
184
20
86
142
84
624
386
531
36
206
276
17
202
45
74
179
486
472
168
93
508
389
190
150
372
227
174
300
130
95
263
270
9
426
137
122
274
265
107
52
183
51
118
6
458
11
147
176
166
186
261
152
46
9
211
640
223
203
252
299
216
245
116
305
602
332
81
340
186
373
498
201
515
67
533
335
148
393
8
128
139
8
438
671
639
83
351
391
72
408
177
80
280
512
534
608
35
40
218
285
3
370
223
563
118
495
337
34
84
148
166
167
446
5
418
352
116
53
446
544
169
362
88
148
263
205
383
277
128
696
350
24
666
229
40
390
230
179
414
220
271
581
160
482
395
480
331
162
336
430
407
13
471
460
205
434
148
113
248
232
84
27
445
191
87
61
270
168
381
168
92
241
399
379
579
294
282
532
398
421
7
337
495
478
21
438
9
615
284
494
89
193
687
480
522
272
99
110
295
443
181
68
342
134
101
22
247
49
86
345
288
394
73
195
331
175
225
187
91
434
244
218
75
302
274
9
43
247
605
248
114
590
343
97
544
397
187
228
501
237
194
197
584
573
197
510
137
46
441
246
676
436
58
3
158
67
266
121
12
31
444
243
178
192
245
162
185
531
340
99
13
99
21
54
475
501
170
62
35
450
411
255
12
643
540
237
162
152
172
7
340
63
15
17
3
28
56
423
259
214
279
469
536
234
209
103
196
212
429
332
239
168
149
157
272
113
99
242
607
38
65
377
525
179
268
57
527
209
454
36
460
239
1
163
108
220
51
278
208
382
6
354
308
236
205
210
99
353
3
404
270
280
187
170
176
609
355
150
104
333
144
538
419
315
18
523
112
291
107
504
115
115
77
71
413
248
226
359
105
102
251
37
2
414
241
72
79
491
306
52
306
211
79
428
507
132
542
27
706
32
285
46
452
243
200
541
97
48
140
431
306
132
139
418
13
229
128
143
187
281
186
5
42
212
434
687
170
233
93
35
195
114
39
53
244
352
199
62
110
307
71
112
33
51
301
12
244
244
148
219
447
183
187
35
125
336
49
666
125
218
211
268
205
598
351
78
235
4
112
697
71
237
247
86
146
672
471
366
247
244
338
266
107
130
314
311
214
58
154
485
496
381
645
416
11
255
204
550
97
309
360
251
256
8
8
42
54
457
101
49
493
133
117
73
171
129
154
256
128
398
351
401
709
90
105
248
255
69
104
166
88
213
25
199
41
438
97
577
37
431
630
142
11
10
239
294
205
189
368
551
381
162
312
410
411
334
78
55
4
287
322
260
52
236
23
344
69
305
162
53
331
154
86
740
43
312
284
139
67
277
31
152
359
364
302
260
266
179
332
142
59
157
64
418
21
348
348
178
414
214
283
54
266
689
6
558
57
29
315
81
579
93
549
231
195
17
255
490
528
358
108
198
92
333
164
46
406
140
136
105
57
21
200
27
222
241
119
43
519
165
298
122
393
111
222
15
438
125
257
446
484
165
217
235
183
596
2
267
558
111
23
578
169
136
257
28
143
47
23
304
507
346
59
286
500
639
471
97
507
398
217
262
429
353
263
123
37
253
62
24
56
58
569
133
68
358
290
9
269
275
122
141
173
250
19
332
518
323
292
31
151
106
366
247
69
203
81
381
67
74
276
56
101
237
142
35
535
155
263
277
152
41
568
655
111
138
537
321
91
42
187
208
395
461
53
180
218
294
71
82
373
85
470
65
96
509
34
87
594
32
141
336
484
432
513
345
216
26
51
214
1
258
245
475
68
295
463
112
33
69
195
365
60
25
529
110
605
556
224
473
407
404
271
338
82
0
30
595
81
399
423
425
129
338
125
137
231
67
36
724
97
148
15
316
310
101
305
185
546
56
152
485
43
556
359
561
85
562
55
321
375
441
646
27
309
9
266
187
137
21
287
153
527
103
164
627
402
102
350
381
239
122
50
51
575
197
619
203
97
145
565
235
501
69
353
304
154
233
253
515
258
176
96
178
70
6
436
179
353
109
567
148
597
304
127
167
256
77
146
61
551
45
145
558
191
661
74
158
521
34
359
443
412
704
463
534
427
47
194
158
69
594
251
204
145
642
372
120
294
522
675
378
175
130
103
134
368
566
116
212
683
403
255
591
248
123
189
32
332
512
46
404
16
238
303
95
49
226
479
264
161
21
211
30
554
100
145
272
177
242
120
731
85
19
65
143
417
23
239
320
102
423
128
81
203
38
78
178
26
272
155
50
704
48
328
83
134
228
40
93
278
578
133
210
136
395
1
134
220
116
239
225
125
27
208
99
3
72
304
31
313
38
122
579
68
393
102
553
2
64
361
596
118
586
65
62
10
334
394
202
464
177
158
352
61
574
211
1
406
455
66
232
62
164
9
11
293
360
159
115
18
23
332
44
374
288
217
230
305
484
26
131
603
328
82
19
672
17
204
236
126
265
424
284
197
440
81
709
332
314
100
311
482
182
120
134
6
409
88
320
632
71
258
277
272
329
501
241
210
85
175
163
459
54
548
435
262
502
136
500
52
202
392
405
304
430
626
506
60
205
35
192
52
295
138
202
679
510
229
596
68
40
293
299
168
55
173
160
272
118
43
338
131
85
137
469
98
214
249
392
70
171
486
20
710
602
130
267
463
188
248
291
63
54
62
462
138
85
639
111
227
191
275
321
86
54
418
363
86
274
570
11
313
130
118
53
541
405
237
149
293
462
287
269
616
163
41
459
79
71
209
74
523
512
440
135
404
139
81
143
303
290
18
184
213
314
237
61
236
225
132
115
194
556
232
406
212
49
27
169
523
380
248
256
194
402
242
228
499
9
461
397
275
54
12
362
155
68
189
214
605
94
129
464
171
344
173
128
370
336
72
83
49
103
329
615
257
80
48
111
411
600
74
181
190
318
120
626
440
252
10
78
354
179
23
144
36
226
589
500
632
345
215
544
438
20
109
148
548
236
222
292
22
20
550
560
39
202
46
161
28
12
52
301
92
323
15
79
258
105
183
54
319
136
37
683
617
586
283
182
286
639
93
177
214
344
334
329
304
93
55
440
6
147
354
254
172
83
5
135
150
607
178
230
361
396
439
129
46
292
220
121
25
134
127
413
594
131
236
35
192
95
40
599
287
98
646
442
153
610
6
71
180
470
451
15
97
210
277
459
69
191
105
281
372
20
469
361
139
126
41
44
177
20
154
240
169
141
9
184
512
503
13
487
29
353
232
444
160
115
25
97
2
529
308
12
19
148
15
230
570
162
53
33
58
188
185
259
232
436
326
213
288
44
257
16
364
328
304
8
73
144
110
96
58
361
97
311
19
34
129
252
595
302
453
262
2
456
441
126
13
244
397
124
710
356
152
480
162
140
176
185
66
19
615
351
206
495
197
292
5
275
196
40
118
65
237
109
50
251
498
102
218
325
281
210
25
209
328
178
116
61
131
363
36
124
6
46
38
172
110
58
121
147
607
457
189
227
121
159
120
340
174
299
119
74
6
170
505
16
221
157
118
61
207
89
-1
565
2
251
581
169
148
317
71
203
346
24
9
308
494
109
286
498
18
378
543
174
226
120
6
138
129
285
94
164
98
670
121
190
93
150
457
43
226
376
65
197
8
191
452
362
276
152
50
28
478
121
167
127
294
720
177
146
163
190
148
124
166
83
50
421
601
94
582
291
212
79
83
388
36
363
703
184
199
202
197
59
250
15
11
184
126
564
52
138
23
528
51
27
107
285
144
375
573
469
289
382
286
164
645
529
76
322
28
266
331
447
237
177
220
388
115
238
16
386
517
144
573
261
416
170
24
234
11
168
93
454
161
273
53
26
84
255
281
408
91
258
461
143
40
84
181
41
302
296
248
247
215
21
85
467
214
119
409
138
198
304
17
179
138
16
69
92
118
648
691
493
388
155
93
595
64
372
155
70
145
429
431
199
155
101
437
44
126
258
306
194
293
185
78
95
18
220
54
75
230
133
382
170
62
237
44
494
442
414
120
53
604
424
1
19
412
430
88
409
156
61
448
130
128
519
573
225
426
200
146
133
235
176
52
215
197
279
323
416
412
348
201
666
322
268
487
379
95
164
117
116
443
89
507
198
45
467
133
380
9
544
416
230
166
404
208
417
336
195
164
132
10
141
532
371
88
296
191
370
257
421
57
472
83
222
489
167
119
617
332
294
185
3
569
465
100
190
355
285
188
147
331
77
36
263
54
603
413
649
534
118
415
66
266
143
42
489
379
298
261
275
347
432
510
90
471
31
62
449
309
359
262
51
414
286
459
325
338
29
321
32
113
88
507
369
79
271
171
82
261
345
96
356
547
217
155
290
50
379
85
70
44
142
380
340
403
191
101
201
466
2
40
465
217
144
9
285
99
220
214
670
222
92
499
45
122
16
353
443
302
218
303
355
254
303
218
182
179
313
110
126
252
509
212
546
164
405
134
273
24
342
343
410
318
500
116
218
50
339
183
645
498
773
657
194
270
420
359
180
320
550
550
258
359
6
49
378
34
406
16
109
160
128
378
50
52
201
61
164
342
91
149
240
541
492
153
144
157
57
246
357
470
222
238
18
258
603
212
252
238
211
153
435
284
196
491
235
633
55
402
46
591
448
18
152
254
558
85
79
113
80
342
209
218
17
62
179
152
35
553
198
52
175
382
51
474
275
44
438
57
504
164
430
34
238
572
545
453
270
181
61
534
111
9
523
156
628
110
429
314
240
96
21
127
358
385
82
144
91
471
449
2
75
170
42
142
269
290
530
453
159
544
303
73
238
145
146
60
522
344
128
316
236
89
366
458
147
663
-1
85
624
72
287
167
263
226
78
266
462
38
134
419
561
460
406
82
309
52
28
248
422
397
272
214
119
69
327
238
27
66
29
554
147
8
354
523
83
235
447
386
238
194
349
226
170
378
85
250
245
213
28
392
144
205
235
9
109
599
377
95
453
38
125
273
333
40
64
410
74
208
303
364
471
112
195
179
18
499
72
324
385
266
160
564
114
84
439
602
316
198
14
356
431
135
64
169
300
7
267
262
128
215
7
194
126
24
96
499
309
339
24
133
124
623
297
150
110
108
561
534
551
213
299
64
128
77
162
54
74
23
270
72
62
225
70
270
167
685
32
153
124
124
38
290
449
591
315
204
47
577
242
34
300
199
105
58
134
604
68
294
273
121
242
165
606
198
306
445
327
140
461
22
318
650
227
511
436
359
392
38
574
494
307
83
19
82
357
478
181
110
256
272
443
28
102
477
569
418
523
250
360
195
290
34
70
89
34
37
92
548
746
54
399
562
54
122
233
235
267
47
170
30
35
292
174
628
350
357
137
95
312
114
247
358
555
268
5
336
426
553
170
212
73
604
315
280
375
47
214
555
6
19
100
571
122
288
449
179
27
177
260
3
9
310
8
324
58
159
349
540
233
200
490
620
318
374
165
124
403
643
327
174
194
285
283
532
292
373
35
94
16
74
150
342
294
662
581
29
246
45
26
228
437
174
299
163
174
101
372
367
205
178
290
567
244
613
555
265
518
365
387
100
298
93
214
140
240
485
127
188
641
365
134
32
50
55
151
322
650
124
97
462
126
489
571
422
112
137
71
403
289
582
420
409
142
160
214
51
367
535
52
131
207
289
377
582
355
188
88
67
74
73
208
308
82
169
3
515
55
31
550
91
317
208
31
138
9
235
65
513
279
110
200
203
185
180
399
337
66
53
73
325
134
6
444
188
184
45
534
42
452
64
184
208
309
540
282
246
193
622
40
388
290
176
213
163
328
457
620
445
597
103
299
137
135
305
231
65
100
276
500
304
233
223
257
100
402
105
479
38
218
346
116
33
25
16
623
437
342
105
8
377
146
87
24
135
354
510
496
24
607
260
43
101
542
324
429
19
417
338
446
477
426
282
174
20
146
515
309
366
475
393
662
500
613
172
72
135
257
626
215
38
120
241
102
347
308
73
20
28
295
50
32
227
505
455
100
106
303
534
19
139
363
33
305
112
259
82
407
474
172
113
46
188
438
68
64
107
32
13
26
266
684
47
428
589
82
94
33
226
565
125
136
283
86
259
342
231
122
212
455
164
510
473
208
397
310
118
14
272
56
7
341
27
244
303
228
121
382
111
288
121
64
119
15
325
382
413
7
74
62
547
358
563
340
211
5
346
587
178
417
651
169
369
228
328
200
421
236
49
549
389
209
112
12
344
130
173
240
24
13
498
483
401
640
126
93
49
158
207
3
170
273
163
362
261
198
207
203
27
136
97
100
497
375
289
37
467
118
17
93
221
62
401
13
147
412
81
413
434
137
2
394
77
71
105
73
175
539
19
283
663
66
151
73
115
426
87
202
190
273
321
479
272
44
380
410
140
417
93
45
232
291
50
381
479
185
176
501
92
705
21
233
626
262
111
295
96
68
5
15
228
135
69
44
260
65
259
208
623
554
404
345
108
77
154
111
342
443
81
497
49
129
632
408
161
752
134
5
311
193
297
272
81
457
389
220
62
155
71
155
366
370
53
57
542
264
111
136
210
444
425
630
48
117
534
50
133
123
415
196
180
134
338
10
266
514
206
401
204
176
587
396
319
340
244
415
71
77
317
215
76
60
108
367
287
7
23
186
8
303
670
53
27
97
4
106
63
87
12
150
215
131
399
90
154
188
38
154
226
285
324
597
33
57
213
62
158
355
281
508
340
-1
115
509
232
228
69
84
457
24
327
222
200
325
289
99
339
25
149
170
11
527
40
37
299
262
49
43
158
215
22
197
278
665
50
176
56
61
16
197
313
52
98
69
37
239
223
160
85
55
153
211
206
324
85
408
115
262
119
22
95
387
237
173
442
154
348
530
405
516
283
499
378
401
584
330
291
15
117
406
77
246
333
94
81
157
509
114
254
101
276
99
322
399
655
136
175
94
108
432
517
44
575
179
168
417
296
148
146
63
27
39
387
327
158
158
443
6
3
97
283
222
115
285
148
69
528
395
24
509
51
357
317
75
37
620
24
20
75
510
142
137
3
87
23
70
204
78
14
141
323
289
78
263
434
343
54
206
266
114
246
454
49
4
210
174
61
156
88
486
149
206
199
317
22
355
679
150
235
381
512
543
304
120
63
166
40
163
216
363
269
195
228
143
23
329
191
519
193
497
634
339
208
578
31
77
604
359
9
105
48
433
97
608
192
288
251
294
341
128
564
26
275
102
166
92
55
152
421
155
16
185
79
14
127
183
213
55
275
125
2
101
245
169
63
90
346
144
201
413
122
518
420
98
690
17
101
323
350
429
61
56
680
68
140
13
261
587
194
291
154
413
279
387
452
80
342
67
394
422
296
55
462
220
129
164
64
28
354
351
514
410
14
417
72
184
358
66
164
233
100
454
11
42
348
351
416
283
384
202
712
152
232
308
122
209
146
36
426
57
317
39
39
164
5
503
182
416
5
90
514
61
386
307
206
180
259
241
183
214
408
439
118
243
415
113
174
268
338
447
217
162
193
460
181
130
137
240
79
90
135
525
104
86
488
71
175
694
176
89
367
394
39
392
87
235
319
90
616
24
216
127
12
387
291
191
76
99
414
596
171
35
341
98
582
260
398
260
113
185
152
486
30
37
22
132
510
344
541
10
191
500
21
81
352
56
193
540
178
452
71
537
222
130
178
122
53
187
201
450
448
293
409
544
217
126
-1
41
135
59
294
79
416
96
140
145
164
165
192
41
379
187
221
469
288
81
284
77
294
154
507
304
293
16
353
275
311
140
106
208
160
560
452
330
505
99
235
71
22
515
155
276
138
176
99
195
485
265
20
96
185
343
91
80
197
253
489
138
488
271
296
185
169
56
495
542
220
75
317
326
175
113
157
230
589
420
184
282
168
150
130
120
30
73
184
61
398
39
148
295
11
190
105
189
74
44
163
217
386
308
208
225
55
294
103
281
124
660
17
365
187
568
73
614
396
100
249
51
36
198
492
148
9
212
159
248
363
144
272
132
246
57
392
294
22
99
430
125
148
178
275
26
15
3
630
487
123
529
183
346
142
143
8
187
33
284
153
374
298
506
449
279
268
362
202
41
21
147
426
399
53
452
35
60
226
268
46
10
197
639
224
47
54
12
565
299
146
692
456
619
123
243
259
173
167
146
441
637
516
247
516
427
266
86
362
599
182
25
564
25
292
78
329
259
477
87
321
116
276
22
366
261
488
382
160
146
161
203
663
101
469
332
357
106
342
242
659
66
335
396
145
237
486
306
6
208
493
40
436
289
310
277
43
287
293
526
142
114
335
262
466
266
219
124
397
41
302
216
512
229
47
334
142
240
390
450
174
489
138
560
264
111
60
19
35
262
254
151
178
336
21
545
75
129
130
53
479
592
209
40
311
167
83
597
601
270
586
120
255
35
196
119
161
666
72
25
138
202
128
288
160
221
234
257
263
119
495
152
196
103
354
40
80
464
218
285
58
397
72
503
17
20
117
79
180
477
239
267
272
327
133
518
60
129
332
47
251
224
20
25
425
265
389
185
129
329
50
191
380
271
384
122
619
409
280
149
134
49
129
576
278
152
334
290
405
149
451
248
283
16
313
494
289
669
304
261
103
291
51
40
73
580
62
391
20
96
221
57
47
276
355
341
411
149
13
174
58
144
279
435
401
48
115
7
202
306
418
46
185
118
71
71
69
418
78
154
26
463
179
152
136
125
220
194
116
499
55
350
404
335
410
140
124
27
197
26
216
51
193
490
289
396
127
149
569
82
445
162
216
618
183
40
216
5
235
44
68
428
187
7
48
43
505
360
135
147
181
370
309
519
411
189
46
368
227
388
300
75
246
286
494
67
36
315
274
82
530
328
8
80
98
15
115
142
46
108
107
184
254
170
367
29
69
116
475
224
193
144
129
623
605
223
128
289
126
14
127
281
355
648
203
309
257
213
505
73
216
485
131
9
517
168
419
125
4
316
38
241
436
77
76
484
77
209
53
63
205
508
38
121
561
208
207
685
105
252
331
602
241
98
406
225
167
112
240
307
31
58
200
35
42
131
79
280
253
224
123
534
175
136
271
485
402
95
36
84
394
239
92
31
7
326
40
19
189
25
623
674
430
271
197
254
216
708
168
61
98
364
206
439
536
605
188
6
99
24
211
396
122
593
366
17
365
65
371
112
316
164
388
480
164
159
551
29
315
339
209
53
90
180
357
361
5
398
41
141
341
143
101
254
264
697
85
193
87
257
97
553
14
106
123
195
195
302
32
562
68
288
398
15
119
260
371
162
429
416
215
440
171
180
79
416
111
78
177
332
128
9
256
256
270
220
216
201
227
161
311
202
381
213
417
420
3
363
291
499
70
417
355
213
228
46
106
218
485
37
443
205
345
277
66
124
111
208
9
158
6
181
131
457
384
12
82
31
60
379
29
65
207
101
139
333
643
471
251
183
418
381
324
84
111
197
658
78
32
534
158
278
26
53
390
60
328
316
22
21
89
89
24
146
155
469
105
150
588
290
266
160
90
607
188
95
451
111
121
7
483
392
215
156
288
3
381
252
295
71
89
29
9
382
213
290
142
322
11
224
317
143
487
282
99
86
281
144
470
182
383
315
401
288
361
362
112
250
240
83
75
126
100
129
363
414
127
64
65
225
531
37
208
90
122
380
165
179
419
47
17
306
191
144
302
160
138
232
430
189
81
104
348
72
39
455
202
578
235
442
598
415
18
214
517
181
81
40
393
11
46
102
302
494
28
41
344
476
365
179
401
320
15
336
85
107
174
12
271
131
42
213
334
294
403
390
82
365
598
441
352
74
548
316
518
8
120
275
726
113
474
171
277
140
70
56
381
48
222
265
561
219
311
430
195
253
57
682
202
288
391
206
267
580
46
103
552
426
274
632
436
177
570
267
265
157
365
18
460
437
87
169
344
128
165
214
295
115
253
85
236
48
55
14
205
85
413
54
297
198
587
317
363
141
159
186
240
81
400
336
88
314
420
606
324
617
195
535
421
116
52
494
742
108
346
12
140
38
284
325
428
217
73
117
62
293
170
322
328
515
249
464
19
39
176
395
276
87
154
387
93
387
714
126
108
183
63
167
227
9
441
559
320
58
52
252
577
481
147
644
595
87
37
288
237
93
652
50
411
425
325
208
415
11
468
544
47
86
149
407
429
193
290
150
9
189
167
63
19
292
85
276
82
130
370
130
314
36
201
162
323
159
421
154
72
227
37
515
419
234
546
168
68
355
95
52
129
282
270
21
451
327
393
524
407
338
23
513
24
282
364
450
-1
380
288
515
695
304
29
483
140
105
171
43
105
66
133
395
734
485
222
236
73
302
71
547
67
382
504
209
420
58
414
199
252
142
128
421
350
486
414
730
35
327
599
68
196
104
533
465
273
406
86
420
68
3
286
238
290
195
72
173
443
342
463
7
422
14
279
217
679
283
563
99
262
499
390
276
17
304
196
92
533
85
669
359
147
395
188
296
281
344
93
122
63
133
242
13
263
604
141
185
261
345
338
157
125
286
268
121
378
58
468
123
189
134
270
416
161
216
321
308
17
95
412
522
350
64
310
185
208
56
463
243
98
337
355
592
380
407
349
234
423
297
79
146
282
4
72
256
167
428
45
15
447
509
319
261
124
561
367
396
467
145
34
296
161
57
38
84
273
78
343
630
697
93
483
235
67
190
130
505
661
25
49
375
399
232
200
215
568
412
558
105
150
229
259
131
216
34
34
26
164
407
174
143
606
19
440
198
174
120
539
515
82
563
242
344
487
542
37
216
134
158
121
144
346
72
506
435
161
69
257
381
231
77
82
136
120
57
318
55
520
433
590
195
427
312
494
291
25
288
149
499
159
70
53
486
163
287
152
252
159
286
384
176
99
117
151
475
78
323
445
374
16
89
48
334
44
242
499
231
114
340
290
170
84
476
422
340
130
217
184
188
269
329
148
89
20
393
380
558
402
77
59
65
581
156
250
390
130
105
270
175
276
241
360
211
187
255
633
259
342
475
25
193
383
121
651
8
18
382
325
323
24
385
594
31
536
35
221
518
396
269
248
4
604
100
311
169
267
318
246
540
245
70
279
613
3
433
100
39
141
296
385
267
180
82
138
536
57
109
179
15
205
108
208
223
294
220
436
648
370
110
20
215
460
53
395
20
110
150
98
125
131
24
335
294
447
171
245
10
150
332
478
205
79
53
229
154
394
88
441
350
239
399
89
417
351
200
130
170
280
220
245
279
336
383
388
47
47
268
12
480
510
150
132
100
11
723
71
103
122
173
307
352
168
40
318
334
170
446
510
545
