10000
892 301
2845 3872
3564 1174
1539 3503
2112 3697
3646 2246
812 2102
4458 542
1436 779
3070 3989
1172 807
1046 2381
2863 252
4805 515
4538 2529
1540 946
4462 2195
2511 2557
4319 1648
1876 1047
1370 2095
1496 1947
2558 4691
2368 1369
2572 2634
510 4883
3415 1273
350 3927
816 4629
4652 1057
4896 3437
280 3133
4594 4653
150 3775
627 4734
4870 2723
4668 4236
685 2586
4588 4972
1779 914
2049 1923
4242 3289
3858 3357
3744 3160
2854 3486
4410 2350
3156 2961
3094 4947
4458 3779
737 3982
1246 1514
1070 2812
2126 2333
4094 3023
3911 253
3550 4654
4946 4290
3068 4905
1960 2921
3373 1859
1923 3827
679 2883
3584 3577
3690 4339
1484 1796
1114 3947
1350 3226
4331 2032
3534 1823
1 87
1227 751
4332 4988
4846 3445
4774 27
93 1436
3445 2926
258 4616
2967 4683
4573 1189
770 4386
4747 3369
685 1937
2378 4410
571 3825
949 4612
965 3864
1227 2288
1649 1817
2709 1153
4061 4545
3556 1251
4737 2245
1680 3193
1275 2172
2215 3499
4483 2119
890 2328
2284 4425
3872 121
4167 1595
3203 535
2502 4785
4354 2468
3123 134
4419 133
4919 3305
4623 3059
3883 1868
1196 245
701 1077
3389 4263
3897 97
4787 4922
3583 459
2820 2935
2349 1186
4490 3827
1275 5000
3332 4553
4237 2985
2317 4751
956 3592
223 4086
1707 4150
3589 1093
3560 4686
4073 3717
4875 2315
3589 87
3768 58
340 741
8 2525
2191 1255
2771 2503
4278 71
3356 342
3943 1675
3036 3069
1314 1412
1265 1963
1246 812
4674 672
1212 410
2233 734
1783 4393
4783 1180
4112 555
4593 4914
4096 2267
3705 3811
3511 3003
4888 1134
823 2870
582 3505
3762 2571
1969 4598
4326 985
1465 538
3790 1887
32 3756
1111 2836
2267 683
964 1708
3472 3652
1521 529
2156 2707
2814 4827
4907 2395
3022 1844
334 2600
4425 1034
1705 1716
1492 4527
4965 4851
1397 253
417 1652
1172 2045
3045 321
1959 4900
419 906
2303 2598
1913 4747
1907 536
4210 2321
801 4169
1962 1933
3776 3254
3262 3641
2329 2805
3542 1178
2970 3695
3078 2763
4307 1997
808 4748
1980 1403
4537 1748
70 3886
2006 673
2633 3852
125 2161
4928 175
958 865
731 4163
4184 165
4083 967
474 1809
1512 3704
3938 1861
3290 4343
3768 3383
236 1509
2411 2315
4293 4031
728 1533
4898 1643
2437 3275
3293 1876
3608 4296
2930 1512
1559 1674
485 4471
4882 4205
3866 1996
2811 496
4667 1688
2725 3175
2001 2102
2460 542
2639 1218
975 426
4846 4167
4840 2190
1144 2805
3406 1667
1628 1494
2298 2706
1679 2456
434 4977
1935 4813
3615 3270
4241 1763
2345 3680
1830 2508
272 1266
1408 1628
32 3885
3644 4772
2871 1819
3009 269
530 1673
2315 567
3683 972
1774 2334
252 4309
2201 604
3254 2850
3213 3781
77 2947
2179 501
1941 1938
4568 1501
3115 4265
4928 2716
7 2743
4263 3857
4301 3598
1459 3146
2411 3672
1486 2721
4249 1846
3275 3010
2672 377
4329 3275
2683 602
4715 1276
2251 3133
2035 3782
3744 4973
409 1657
3519 1157
2916 4426
3295 505
3355 3406
2845 3299
2668 4890
502 4411
3487 1887
2127 3542
2280 563
2516 662
4588 1685
2296 1102
3571 4431
2908 3515
4114 4340
343 3808
3285 860
4616 1688
2141 3999
4317 3888
4658 1215
1648 958
4077 1046
3534 107
806 3053
3567 4927
2331 2788
3529 1913
2330 423
212 4521
2926 1920
1077 2918
1465 1796
3173 269
48 1435
2319 3372
4074 588
3894 4531
1533 1375
352 3299
2559 4705
2439 2896
3235 4406
3015 3907
4447 3453
4106 127
4520 1316
2976 2368
1291 2449
2040 936
3334 730
90 4709
1455 1448
1841 1278
2266 2596
3850 4934
4745 1121
2741 634
4065 3004
4755 2709
2544 3890
1 2518
802 787
3147 2299
2455 2252
1745 2855
2417 548
4150 381
853 3369
707 2835
3060 2376
3437 302
3506 670
4702 3362
399 825
3257 1769
1193 1280
2618 2181
3727 3012
21 3272
2552 1803
3267 2826
529 1631
1782 1045
2574 4009
1984 2634
2353 3114
3602 4158
2853 1767
4107 4609
4117 2803
1602 2861
3784 3152
3799 1786
1581 477
3932 3255
1517 413
4296 4358
2200 1315
192 3422
1508 257
2754 3605
4614 3344
1732 2510
2622 1250
108 2999
2169 1598
1965 1465
1335 4727
1405 3433
2496 2463
1912 3136
3817 3044
2167 1308
2894 3210
2666 2877
1410 3023
4457 1383
3452 3903
876 2991
4479 4175
705 4483
3946 2717
2297 3442
1954 3723
4229 4138
1206 2969
2104 2784
4960 3494
2312 1742
3062 3012
4037 4022
42 3524
2127 2535
90 4457
2893 4428
68 1350
1226 246
3069 3876
4551 4206
4159 4630
3155 2427
4765 964
4551 3433
2311 397
3431 2186
1146 4285
2657 3983
3860 4334
4737 3797
2536 2460
2092 3247
4002 22
1491 1033
4824 142
1120 2715
4322 2162
3037 2612
1223 4092
4496 657
3833 4883
4366 409
189 498
3640 4428
3522 393
1625 3923
4351 3762
836 1729
1872 249
4833 1435
74 3283
4642 74
4271 4769
3265 671
4356 783
1528 4069
4403 3223
3350 4761
531 1621
4027 3709
198 2179
2674 546
3075 4263
4339 889
2063 677
4927 1666
1769 4696
3891 3058
660 602
4079 1248
850 3486
4865 2098
2850 1843
200 2591
1039 231
4591 4422
2094 2278
1315 3024
2665 1909
1441 2502
61 4423
4586 3065
270 3417
2811 4812
3777 3429
4556 4891
2581 206
2341 3052
2007 2111
855 321
2797 692
2217 1021
447 997
4234 1
1739 2831
4808 3243
4529 202
3953 4019
472 4143
4767 3414
4922 1303
4512 1701
1972 2390
2932 810
3695 4728
3230 2140
3097 1660
1112 434
702 1429
3878 75
1934 3360
221 3069
3523 300
2643 2281
4651 336
1826 1200
2352 3847
4289 4961
3783 3642
297 2788
4024 4119
2706 572
1223 1899
1950 3332
383 3824
2191 1385
4460 3812
954 1233
4263 4245
790 2875
2300 2190
564 1231
4416 3653
2440 1847
2074 3515
4550 4323
4329 2612
1925 1059
3853 3506
2050 2011
444 2126
4188 2346
3455 2379
4088 2880
763 1497
4822 3542
4753 2725
2351 1947
4426 2171
4980 3309
956 2136
3299 954
2850 4282
296 13
3933 1368
3904 4442
2085 2019
1484 2962
4598 3920
4386 1669
1960 2160
4200 4688
1936 3883
1981 4523
3355 761
3517 3327
621 2094
693 2065
4302 52
3158 460
4782 2568
2582 4193
4407 1001
1367 905
2400 1457
1105 3104
551 3328
4390 33
4443 1610
568 3031
2612 1329
3528 403
2439 433
1069 3038
3701 1153
4342 1861
1939 2221
769 3712
3438 4710
3370 4469
2851 4028
1816 1296
3450 980
2764 4632
557 3830
3796 761
3375 1416
4697 3934
440 1014
1928 2889
3925 3024
482 339
1089 3400
1889 2536
3524 4189
3596 134
3489 1251
1672 1571
1634 2927
3697 3571
4786 1129
3232 109
3433 1265
2622 1755
4762 2133
4197 3916
4797 4413
559 2556
2980 2892
2214 4170
3099 3996
2245 3573
2397 3313
4321 1868
477 2534
1164 3835
755 4800
3152 1169
3480 445
409 1478
389 2165
3195 1455
783 1148
1099 1157
2690 2597
2469 2527
2047 633
1504 3609
2060 4628
2099 514
326 1919
3813 3903
197 423
4785 192
713 2456
4498 2777
2521 3183
30 2522
4619 3043
1857 2707
3808 1265
4566 2755
1254 4602
486 112
3740 3682
1819 94
4153 896
2004 3021
4199 511
1261 2750
3701 4166
4988 4638
2970 3350
2836 3398
1757 2478
394 3152
1618 3530
4065 4375
4080 1939
4972 1414
726 1780
32 473
3991 3477
4950 3348
2250 2424
211 3092
4233 2357
2744 128
3778 2227
1755 3025
894 2137
861 3742
135 4939
423 4261
2679 3340
1183 4761
5000 3859
2255 2909
4875 1900
46 4782
1375 182
1400 614
2327 4747
1092 485
1112 1031
2507 4878
1608 2185
4727 3304
3718 4456
4987 1968
326 3656
2283 2692
3598 755
3824 995
328 789
1012 1898
4539 4675
4202 1888
4484 2003
400 672
3319 1027
2402 3879
4416 3331
3034 1903
2598 2313
3102 2154
2696 1025
1158 4385
315 2961
2763 3913
263 2164
4790 3343
2252 3322
486 1399
3308 4843
1149 1595
4029 1674
1195 4245
4529 2524
3381 1520
3411 137
3441 1742
1799 1926
4809 3514
4759 3209
2915 811
39 2086
1406 4251
3112 198
3491 3746
181 275
2850 1091
2701 108
2081 1326
1952 3931
4336 2566
3412 224
4941 3944
529 4968
2437 2801
1741 2429
1390 1434
4463 3596
808 2695
439 3945
2809 1502
843 3894
4488 4783
1044 2590
3211 756
84 182
589 1569
1370 4354
1 522
2555 2880
246 3994
1431 1459
3274 122
1153 996
1668 3710
1561 788
3001 1443
1771 1512
4790 1299
4276 1931
4528 675
3761 2205
579 3037
3001 1855
678 3971
359 4301
1152 4164
2841 4976
172 4719
2959 1411
4845 4894
2651 3627
4615 4533
1122 1294
3870 4765
4661 3255
2003 4161
4062 1791
1581 1390
4249 1785
4768 4859
4078 1010
3174 652
469 1638
3271 1856
1418 1561
4799 3765
2890 1185
2575 2805
2196 3894
4558 958
2222 4864
4257 2039
3830 727
3841 3986
4119 1739
1046 3041
3601 3979
2584 1106
918 3904
3527 671
3434 3617
1330 3793
4418 4738
977 509
535 2441
3370 113
4609 362
4380 1458
1812 887
4415 2237
2623 4960
658 3638
4063 41
4513 4366
4204 1771
3946 1918
2319 2487
425 2964
1774 3069
2513 250
4106 4817
1627 2729
1725 2398
3278 2537
1532 3316
1862 1155
3660 211
1542 80
4392 1343
1843 810
3499 518
4610 4363
1845 1200
1231 1858
1236 2148
2957 592
4675 4513
1710 4005
2195 279
2136 950
930 1592
2026 603
314 3567
3870 245
2337 865
1417 655
4575 1786
2025 1841
3165 2100
1856 2489
1917 2138
3601 2025
4439 3105
4340 3995
876 913
2388 557
3888 4213
4705 2444
423 2555
540 1472
3992 3505
2871 586
4709 4060
4218 1129
4424 208
4228 1462
1288 1934
2711 2068
2478 2793
4481 368
3965 31
2150 3821
2222 1923
1807 3661
4342 2242
3715 2142
4424 3243
4269 1988
3585 4120
3105 3439
3681 4475
3962 2987
4602 2202
2602 13
4796 2823
3431 2864
3392 1583
3790 53
2054 916
3087 1021
4252 3188
3770 2921
1709 2405
1000 1962
4464 4073
2449 3729
1205 4606
3696 3664
3254 4610
240 4285
907 4637
3561 2252
2357 3809
1779 3309
2340 491
3688 2670
2493 2033
4687 1057
109 4851
3214 3597
2313 822
3735 4152
3230 507
4642 4693
3783 1778
3853 4342
3291 219
1613 865
3024 4742
2596 4274
2609 577
9 4625
1701 1468
47 4762
4318 4034
1182 1927
229 1995
137 2783
2669 3199
1533 3633
4696 3272
519 1391
3980 4478
2400 4063
1277 1915
1519 1578
4563 4566
4673 1168
4841 3792
3101 2947
4157 3544
1483 773
1784 2743
4389 2364
4436 3199
2586 2096
3325 1001
3450 2046
3262 1139
1448 1295
2706 2883
297 4117
1411 2253
1003 1362
2089 2938
297 641
322 3529
2849 393
477 248
3000 1558
2753 3748
629 1731
4417 115
1195 3796
3011 1510
3465 205
2195 4330
2212 574
440 50
1358 1393
3240 3444
4346 4302
27 621
1303 3846
4358 2004
4816 2164
4333 2839
4610 632
3852 42
3821 2146
2719 3799
1913 2022
2205 2166
2877 2105
791 4473
1936 1616
3810 1322
4598 2525
3106 3754
1811 1915
403 4208
1542 4553
3329 2392
1264 4281
3334 522
4562 3666
954 1339
2853 4034
2127 1039
3343 4015
2274 1909
2030 2881
2689 3264
798 1294
3352 4641
3151 4784
1528 4668
1071 2149
1109 2808
3619 2375
3964 3956
862 1144
4058 3334
1000 2236
1792 453
2612 2159
401 2392
3436 1252
2607 1050
2951 3777
4914 433
3876 2309
1408 4852
3020 1925
2814 1557
3929 2898
179 392
4624 100
164 418
217 2681
2093 2800
2393 1253
3891 856
3609 1508
2419 1358
3006 721
2207 3785
719 1861
4879 4467
1955 1373
1805 2352
1737 2436
2654 4439
3786 1584
4502 293
3099 4966
285 1304
2510 1196
3303 621
259 3493
3102 4639
4547 2285
3307 3772
4900 1882
3763 3796
442 1798
1431 4103
1002 4882
4006 4023
1152 3943
4412 3511
1161 4307
3816 4065
2213 417
4347 3153
3158 3643
1743 1987
960 3264
3588 1724
4852 33
592 677
912 2060
4115 3353
416 3388
4943 1372
3806 1497
111 3253
1830 160
4040 3049
1806 3443
2726 3519
3401 1321
811 216
1441 2642
4469 2958
3768 4966
3965 3453
4594 3968
1927 3325
3840 218
149 3014
221 1185
4207 4291
1000 1985
479 2192
967 2434
162 987
2900 3291
213 2323
1604 960
4169 3495
2852 4988
4475 165
3226 2918
4987 217
530 4188
2073 2665
3641 1884
4250 1259
953 4884
3219 1529
603 4323
4949 4353
1124 2407
3563 2783
1315 4757
4742 1340
1896 1111
3063 2820
3344 3095
4632 986
2415 3469
3856 3969
1074 3604
553 734
1331 2970
3925 329
3118 1135
2998 77
1255 425
590 4237
1398 3044
296 1405
841 876
4673 1624
1926 3382
3803 4688
3789 1304
1194 2961
3660 2745
132 4454
4328 4848
2566 4735
743 1559
3764 1501
4743 2149
671 4180
3952 1612
4846 2525
2248 806
4408 1971
71 518
2090 1662
73 683
3074 1933
3604 2376
286 3104
1991 603
2088 3461
1092 499
3334 1081
3477 3653
3077 2338
3937 2905
438 4017
3961 2431
3575 1401
2704 3307
3334 251
4348 3878
3426 4135
40 37
620 3850
2075 4857
2643 2188
2223 2001
4083 3225
4541 3313
2590 2104
673 3421
4273 3925
4352 563
2391 1041
2838 2753
4356 3760
3636 2058
759 4867
2994 4244
1436 613
1785 3738
4652 3842
2227 4373
3964 2693
2859 4735
1579 1380
1689 4593
4008 3733
986 1158
633 4931
3562 3181
4403 3742
3070 4898
3585 4077
3443 4302
1823 1757
2610 2393
3330 4343
527 1742
4970 2170
2996 88
2492 4766
64 536
2839 4525
1696 1155
4017 3424
2856 1786
4615 1960
3345 3122
2149 4848
4125 4555
3030 2673
443 2273
2241 1525
2255 4239
1667 4686
1819 3161
3550 2902
4622 4191
1986 1304
1642 4124
4730 2653
2798 883
4 2746
1128 2703
3779 4870
4922 1322
1825 3068
4481 1088
4530 573
450 1181
4056 1705
2086 425
43 2732
702 3501
2881 3261
3990 1656
2688 3787
167 117
3931 4383
4189 1999
1807 1867
2962 2256
577 1954
3309 4684
456 273
3751 2797
608 46
4185 1457
2820 4922
1825 4496
1182 3979
2632 2611
1432 3304
633 1722
4204 46
2286 1599
2512 3911
1609 759
3608 4746
3697 3123
581 1894
3537 1706
551 4114
1235 894
2903 4108
2254 3725
1071 1959
3627 3715
4057 3207
2253 1877
2819 1872
3224 3057
3179 3594
541 2580
3901 772
2251 1907
1167 4204
2988 3190
1556 391
4819 2619
3348 4106
2937 1079
494 2703
1237 504
4168 819
2693 3318
270 755
2825 1219
2485 1636
4107 94
2755 4578
2616 4688
3769 4715
1323 4148
4629 1902
3887 3156
3035 3485
4141 687
1362 4802
4564 249
199 2252
1790 1506
3404 4621
2779 707
509 4771
4799 2651
400 3429
1455 1802
3865 4989
3297 3080
2037 1667
4070 4516
2839 3003
3406 4972
494 1191
600 1579
754 1553
1566 743
2719 795
3341 2805
705 2306
140 2084
1681 2338
2133 72
521 958
4244 4866
739 2461
4931 4677
3040 364
1898 3240
3723 3755
3067 4046
1121 3449
367 520
779 3295
2272 1013
2696 1197
143 3940
3587 2893
2621 672
2862 1842
2432 4958
3286 4611
4088 4766
1247 1776
1938 404
4638 3203
648 4692
4702 898
683 3170
2750 3648
1376 2317
1460 381
2305 4619
4610 3088
4038 2642
709 1478
1123 4028
4851 1758
4069 4248
2023 2489
1576 2907
2133 2546
4829 2935
3554 3005
3849 1364
2810 2869
4330 153
4013 3790
4941 2042
1356 4832
1040 4357
4111 652
1893 2765
4827 1448
1573 2166
1760 2413
1153 3565
166 1382
4176 3294
2195 501
4513 4510
1279 1876
4315 554
4837 2574
2813 2628
2948 3940
2005 2839
2396 2374
2337 3314
3422 2288
581 4426
2058 3313
4075 3729
3883 4756
1245 4987
2303 4254
1295 1066
2188 4277
1332 4398
4065 2433
3930 571
922 1049
2730 3856
361 4362
3233 1141
3723 2329
144 3147
845 4279
3869 2246
662 3802
3868 2582
1919 2472
2317 375
3253 4215
859 2554
2794 4408
4107 2151
749 686
4215 715
2178 3562
4989 4693
568 1127
4696 3882
447 438
3197 60
2727 1723
1264 2568
4082 328
4783 4602
432 4977
4522 2331
2416 1562
4228 3529
2754 2165
3850 1320
3054 592
1464 3507
1108 1543
4709 2659
4749 4519
2655 1629
4466 4425
1249 1320
3821 3961
1049 1316
4191 2677
2637 4018
757 2961
397 4011
359 2952
2848 3137
3529 2920
2895 4589
2441 659
2032 1916
1410 2551
667 3334
4579 3524
522 1498
2899 71
2462 782
85 3939
3465 2150
4740 1812
1536 4028
4697 3471
4983 81
1639 3436
258 4823
222 4271
2698 4747
1625 4850
2106 1439
3061 1547
3160 2411
2854 276
4295 488
3026 1945
4873 4478
943 1304
1581 591
456 3234
2930 154
3360 1114
916 1401
1471 1474
3993 4379
3290 2911
2634 4292
234 1382
891 4095
4263 2329
1960 1388
11 2566
2835 687
4556 4581
1087 4137
2915 1121
467 1300
2189 440
3056 2749
4324 642
4614 3264
882 382
3400 3195
3373 4285
1039 1738
2352 3003
2803 871
1633 1553
2085 3202
3513 4243
2606 4085
1559 4912
872 3211
4761 1896
4241 695
2711 486
3433 463
899 655
1700 3858
3595 4161
3766 4712
2672 2554
776 4947
545 4298
4646 4504
2548 4403
4240 4014
3843 3353
1778 4565
2624 63
3891 4236
3517 3754
879 1662
3009 3564
1483 1257
2527 3818
1237 3810
1755 4616
386 1132
3079 3038
4673 3822
504 27
1678 3201
180 4702
2749 3519
2547 4077
1973 3232
1983 3997
490 3260
1846 3222
171 3912
627 4034
1570 504
4636 3651
1633 393
2924 3109
2749 2255
1042 3348
3128 1027
4847 4308
2781 2825
4704 3848
2570 3621
1438 2753
1424 1558
3708 179
4228 1598
1788 1121
155 1938
4976 293
4696 4899
2164 3576
3346 535
2631 632
375 2136
3654 3049
1312 1894
765 1773
4962 1593
1216 2097
4564 3056
4877 4830
1809 454
368 1245
3089 3646
408 4356
67 3363
616 2084
3130 823
2684 124
2606 2137
2360 270
4746 3834
4337 1033
4295 5000
2418 96
773 2467
1821 1130
2785 4730
458 431
3759 1821
4773 4067
1094 1086
1961 3080
4862 1859
148 2224
1152 2329
2597 2116
128 1859
3450 3614
1623 488
204 4985
4691 18
194 2382
4605 3183
361 780
2967 294
3231 3380
1717 1433
629 1171
3228 2390
2254 3367
4506 4480
973 322
3010 1582
365 1527
265 4240
2873 4982
986 2843
1267 4940
3504 1642
1057 2772
2972 4411
3455 61
2464 1823
1213 2025
1336 959
4049 196
1868 4506
580 412
648 396
3798 3325
1950 4772
3664 3076
1385 4134
1 1632
252 2963
4190 3815
3827 3650
4762 2378
4917 3280
2104 1974
2085 4544
720 1111
2342 313
4273 3961
2249 2255
116 4408
1145 1989
4104 2172
3453 541
3781 3128
4375 2961
3497 2400
3412 3539
586 4875
1057 3762
383 732
4055 297
4411 434
3637 4291
3934 4455
1471 394
3792 4150
4267 2554
4232 780
4436 3616
2419 805
1745 3712
1195 2032
1093 3185
1820 4450
2457 3687
4093 4160
449 4792
3760 3544
3239 1408
1073 1715
118 1909
4504 3163
1996 795
3771 574
3607 2200
4853 1267
1169 2481
333 1736
3338 519
770 3640
4706 1171
4258 896
108 2178
733 4812
2393 75
4632 518
2253 2881
1106 4751
4067 4949
1286 1862
1185 3345
946 2381
2193 3248
1416 683
3034 291
4909 1156
3284 4807
224 3821
1117 1254
899 784
2176 2297
3316 3248
1714 668
1184 2056
80 4516
4495 1111
193 3745
1678 660
4724 661
1263 397
2143 3045
4144 1109
4839 1307
1443 2408
4915 3479
2233 779
4238 251
630 4460
2279 2473
12 302
3020 4641
2724 4327
4145 1216
432 1519
3274 564
1604 1136
388 476
385 3716
2009 7
1057 3385
1244 4799
2240 2447
512 4065
3865 167
4620 4508
4998 3693
1010 2116
4121 1309
1096 2299
1392 3494
257 739
1572 4943
3506 2230
3869 1930
1969 128
3267 121
559 3520
4224 2178
3008 3820
4883 3971
4015 4093
1773 2403
4377 4365
2020 1727
336 1895
3528 3029
3491 4454
1201 2891
4368 241
3025 3650
4135 3313
3398 1078
4195 4367
176 304
3740 2513
967 3996
2663 3668
3393 661
2265 2777
4274 582
3643 4143
4780 4735
3541 4143
3208 64
1570 4785
3111 4297
4403 1926
3268 2950
749 2451
1060 3496
3982 3812
685 2493
2539 3683
1426 323
2915 2921
2518 4147
3931 4729
4184 1848
4445 1337
596 4851
4104 4129
1503 1261
2889 1305
2197 1292
4316 1502
361 2567
2780 1676
2490 4094
385 2561
4775 3538
3063 3975
3949 2206
98 831
4013 571
663 4630
42 1646
849 2022
1046 647
740 918
260 2310
3255 2472
1709 4526
1087 537
183 1344
2594 1654
2512 1123
2300 348
2067 2965
3378 4454
691 413
1272 2381
3537 2049
2194 2516
1620 4363
563 4208
2791 2317
3840 2625
1126 2411
4957 4317
1128 1860
1885 4788
3050 2534
2267 4994
3332 403
4066 3335
4646 3251
126 4458
4828 3420
1369 2261
1607 330
4014 2982
3914 1394
1530 3495
3462 2801
1977 3060
1475 4249
2497 2102
3770 3348
682 2226
1543 1413
2790 2908
2372 3478
2752 3896
2937 3773
867 3878
1854 687
4076 1797
4178 2856
1982 3633
3809 4652
1111 3682
1729 3766
783 82
391 3350
4317 459
4114 3513
891 950
3368 2621
4281 3890
3894 3481
1640 18
3313 3705
1775 2212
923 3257
4127 1776
2155 247
1303 3809
4095 2965
2091 1625
1772 893
1994 308
667 1752
1903 967
2524 3629
2187 3523
2830 664
1333 3335
691 1417
1131 463
1609 166
3405 50
703 463
1390 1015
473 1398
1340 659
1135 1195
2449 597
1467 3665
2686 624
1907 1588
4327 363
1319 2469
4559 4238
2607 2006
4125 1369
2103 2003
849 2180
4837 2630
1210 17
801 3285
1857 4644
231 4243
3643 4938
2911 3150
1492 965
2096 440
1663 2197
2742 2395
3192 3887
4198 4964
3069 1744
2176 831
2494 4322
4336 2139
215 4393
3587 2871
2095 1215
1759 2057
3062 2588
1593 1779
2625 4378
4619 660
3828 813
2291 3178
2129 1738
1238 3626
4150 4488
4215 3012
4849 4808
1083 3937
4514 2529
4727 2172
248 42
4891 2536
4559 3660
4147 667
627 2052
4801 3283
1234 4287
3407 3269
1674 498
2385 4067
3399 3537
1002 514
3739 2914
185 491
4146 2958
1411 1579
597 3977
1681 3561
3747 4500
4052 3597
1587 1158
3023 1651
1222 2124
4916 3451
4667 3421
2763 1581
4985 4016
1338 3530
1821 3386
4538 3753
884 3132
3657 2264
3346 914
4739 2285
799 3896
3282 801
3845 4537
2169 6
4734 4522
293 4370
1661 2530
2982 1511
3735 2181
1521 3355
490 1051
2636 3970
2906 4780
3277 1152
1739 3517
3645 954
1187 3350
3402 4808
2084 814
4981 4918
1909 3523
4104 1788
3135 2934
4829 3203
4800 930
1455 4223
1043 2151
4173 3656
1979 320
1286 2438
606 3528
3898 3142
3685 4145
2532 3885
3370 4153
4940 1501
330 2987
1960 3356
107 76
3659 4005
2115 4649
4320 1490
2967 2939
4864 3696
2949 4898
1530 1859
3324 3379
4513 2530
1775 1061
4487 185
488 968
2635 4140
712 4338
1157 3612
4474 1266
13 2626
1353 2920
2980 1878
4882 2314
810 3226
716 2361
4422 144
2021 3690
1780 4866
3415 3545
2888 3600
1117 3738
2064 4524
3174 4235
4053 1205
1137 1143
3495 834
3952 47
795 4258
4759 2760
1451 4372
1526 2000
691 4794
306 4212
4043 4607
2654 1936
3925 82
1646 106
1162 572
2863 1366
1973 3679
4903 1864
93 2119
2837 385
4551 4242
1021 1736
3230 3639
2843 4731
2776 841
3758 335
763 3257
4434 2438
1634 4219
3411 2765
4160 729
3042 1088
1828 615
2857 4844
2633 3803
588 4664
2824 457
2994 639
1628 2521
4920 1642
3979 2557
4275 464
649 992
2952 3067
267 2119
694 1973
2094 1192
4139 4765
116 3694
870 2377
784 4246
3369 2594
812 456
3060 932
2096 2127
375 2714
2137 1572
4794 3420
2860 2961
2340 3951
284 3846
2810 698
1775 3104
3854 4945
4780 913
2455 1583
3397 2412
2305 2704
4732 4504
58 4789
4180 2060
649 947
3971 3614
842 2313
292 4815
4330 4122
1572 3807
2740 1830
2300 1070
4463 4310
1018 1588
4556 1578
376 2947
994 4831
500 1015
4368 3779
4209 4956
1902 3059
122 2535
184 4801
4655 2954
1699 3488
1800 4409
3891 4660
1728 2216
2688 1117
3759 4324
3363 4905
1339 3466
2385 405
3641 559
4450 1466
2845 634
377 688
825 1733
2681 506
60 67
2414 724
1255 370
3136 1095
3966 1323
3734 3294
1960 2843
1341 1454
3455 3614
4714 4714
3985 4360
1591 3460
4587 4126
528 1176
1078 4093
3800 4496
3285 4316
1560 3222
4391 917
646 1552
744 805
2194 3195
1064 2075
1190 4783
4092 4739
2366 2958
185 1134
1130 860
97 64
1309 4834
954 2384
4215 4537
2641 3406
3840 1490
4155 926
1271 609
1753 2534
3487 536
763 1579
4085 2077
3491 1374
2341 3949
4844 3007
917 1624
936 181
3728 763
2124 3779
4467 1001
2263 285
487 2942
3813 750
3460 3387
756 1678
507 1563
3397 2608
2305 2349
1877 3731
2295 4271
2108 642
4023 2939
4609 2499
4512 802
4257 1514
2263 1944
4549 2490
526 3098
119 1074
4285 330
750 2440
2311 4374
3688 1997
259 4843
3757 4873
947 2885
4052 1999
331 3631
248 2815
364 4057
1020 2676
3079 3492
3179 3005
2835 3299
1112 1395
3600 4987
1819 2683
214 399
3554 2722
287 2077
401 2079
708 3006
2981 824
4558 3452
2196 3234
4081 4576
4001 36
2121 927
2122 4293
2998 2944
2807 2943
3902 1135
2143 3623
2389 1538
4886 3148
4625 178
2340 705
259 1039
1935 1035
3577 2975
4692 143
2767 49
1656 4392
2592 3095
3334 1997
761 2118
401 4227
4175 3868
3016 1197
828 851
2780 1340
1900 1807
4306 2801
2849 137
4282 955
3708 1728
4602 1241
2711 669
50 1345
991 1997
881 4700
1584 2468
85 1802
4219 375
30 4296
655 99
4264 3753
2731 4615
4796 3200
2328 4097
4973 3797
1145 4974
2173 4246
1991 4062
774 1599
4225 684
802 1826
3203 4265
631 4169
1792 3255
3347 3754
2888 3227
4273 1781
3842 206
825 3470
2545 4181
369 3595
1860 1490
2310 2818
369 1100
373 892
4142 3063
3498 2915
2660 3890
915 1353
659 1767
1087 2743
3923 1819
2603 1452
2229 3738
1358 4259
2782 85
3615 1154
1247 132
636 2378
266 10
2438 4070
3498 1701
3601 717
2346 2868
1109 2076
2200 480
1055 1952
1302 1123
2118 148
3220 3995
733 3323
1729 3499
515 2928
2603 3098
4433 1679
4078 2736
3452 2053
282 114
3857 2862
671 4365
4410 1399
1042 3959
378 4414
1374 4756
4085 1314
1609 3471
1021 2158
1550 1293
960 3526
4934 3163
4978 209
291 2520
4374 2813
3117 740
1103 1079
241 4777
2147 366
3060 3147
3729 2593
2307 1639
296 4182
4925 659
292 1167
3599 639
4553 2894
4004 550
2033 360
4064 4957
1288 4618
4793 3153
1750 3273
2728 3846
4421 2375
3662 961
3827 255
2130 378
4217 3311
222 1363
934 4223
3828 1363
249 4884
2548 2685
182 4078
215 1779
104 4777
1418 944
3001 3200
1356 670
4645 2165
3114 32
2322 1530
1633 831
2767 1267
2421 66
246 2690
1979 4101
4607 4882
2259 2866
868 1160
482 861
3538 2189
1389 50
1015 2026
3617 1599
2481 348
3857 284
4730 4300
1686 421
3873 3550
4934 2267
909 4735
3481 2831
2802 2158
1601 2822
1684 4791
2857 2841
572 3405
753 1430
2345 3892
3421 1675
3075 4720
4034 4665
2380 3708
172 1447
2106 620
3375 3918
1301 1073
1226 88
575 1487
3484 4040
3398 223
3861 4701
807 4665
1141 4748
1543 2215
2031 1664
2042 769
740 3155
2031 4130
3653 2896
1972 2527
4385 1988
3476 3163
3556 1582
21 292
3973 3830
3083 682
278 4956
4735 545
3069 4304
2682 4577
3757 4236
1051 2337
4981 1655
1923 3275
4035 3532
3858 3767
2116 3257
4226 4915
2681 1134
3300 940
980 3193
4251 4835
2651 1095
953 1122
3713 1261
1381 1859
151 4352
15 1992
2418 4136
4281 2820
4807 4882
1007 661
3230 4127
4412 4043
2422 3314
2919 1860
3399 1880
1959 2036
2459 4400
4678 4248
4118 3582
1857 360
4528 2005
1427 1263
587 1284
1559 2980
3715 4897
1432 2164
3320 1946
1802 3109
897 4492
4688 2334
210 4682
2143 3739
760 4020
531 760
2733 2427
1402 1224
4241 195
1540 4084
3086 1764
422 4984
1257 4119
4195 2609
1790 4279
3717 212
499 1770
2075 4760
2266 2338
3018 948
358 651
3415 4929
3870 1336
4147 331
1126 3515
1444 2392
3159 3254
4039 1894
4454 2370
1860 1416
4334 2142
3637 1275
3268 2188
1703 1312
3621 908
3256 4003
4596 406
3001 3118
1320 2136
4996 3715
3785 4582
1528 3586
2676 3801
4665 1453
3450 3893
3541 1966
2182 3451
538 2879
4455 838
2916 3354
4026 2675
2123 2594
4863 585
2127 3265
483 292
3419 3010
21 1109
825 2052
3427 1566
3496 931
406 4460
2568 4136
4689 236
4552 1484
2842 2170
2356 551
1386 4629
1454 4626
1550 3607
1026 1499
3020 398
1869 2368
4730 4841
4876 4378
2347 1797
3308 4058
2251 2238
298 241
4400 2816
1239 3154
197 4166
2348 1768
775 2307
1508 3861
1524 203
171 3431
3246 1838
1001 4401
206 2908
2050 1524
3794 2862
1581 2267
375 2778
1870 3457
2085 3589
2547 4385
3880 3713
3214 2099
4658 1337
3689 1994
4513 997
3401 1210
3850 269
4806 4049
2907 1483
4696 4427
2313 3196
1946 4662
4397 2547
1262 689
4018 780
3148 524
683 1314
842 330
300 2995
3340 3150
866 4481
3532 3719
1405 570
2720 4164
3973 2057
4689 4450
4760 4163
398 4521
3412 4792
983 3023
515 1725
1076 3177
660 1907
4449 2826
1717 3828
1009 3828
4488 1364
2774 2492
260 48
1490 2248
4337 2112
4772 1783
1662 3192
1428 441
87 432
200 1687
2735 3475
3850 3273
4680 1539
2051 4860
1268 1436
1914 2934
670 3394
100 1459
4558 3680
4555 1579
3277 4426
3062 61
2904 1166
2358 4986
1409 4060
2372 2549
1737 3860
2417 2526
1937 4181
315 3068
2401 1642
704 1947
3077 3372
2918 4085
2964 3139
4844 4316
4447 4388
2445 181
475 2002
4293 4039
2505 4917
2811 4151
4438 537
4564 2214
4001 16
2444 3657
939 3391
2315 2428
1987 4498
1324 539
4644 4237
1158 3607
4167 1411
3660 3686
801 4578
1730 1251
2614 4615
289 3277
2167 4163
339 3383
4234 2245
2362 3433
3953 3795
3381 126
2473 679
4347 4640
2558 4498
281 2932
3728 4682
2080 858
182 4262
1785 1854
2340 4922
4064 88
2254 4504
4336 1359
1912 2845
3714 4289
4622 814
367 3431
2847 3894
1877 4872
583 2854
1795 3709
4370 495
54 3975
4720 3323
3606 1267
1693 3305
1112 4363
3200 2444
2140 3267
1818 3686
4370 4585
1345 4826
3672 1603
1434 4105
3556 1382
3683 2403
1894 28
1422 3507
4242 220
3442 1930
1762 3500
761 1851
3661 2204
7 3384
894 1086
151 1334
4218 4517
1791 847
1027 164
3695 1085
328 4117
4180 805
2825 215
3008 1278
340 2564
4483 310
722 3838
3968 1251
1581 2317
1969 3502
983 2464
3947 1654
3344 2999
4735 534
2289 4930
1845 2150
3181 4742
4376 2022
2052 2139
1102 4778
1720 3499
4139 1130
1732 2714
4993 4592
58 343
4412 3398
4098 4240
2915 917
4081 4650
209 972
4071 3930
426 974
3425 1323
2207 2835
3105 1831
2117 4230
523 3635
1493 1363
546 1054
1636 818
1897 4390
2388 930
1378 2266
741 1247
4975 3032
4782 3376
541 2198
2908 3376
448 3332
1530 3243
2888 80
2908 1158
4980 624
11 4708
4675 2268
3736 3349
1945 4228
1748 2183
2477 4296
3741 929
2457 785
880 2819
1894 1061
1555 3747
2605 4547
1949 792
1969 284
325 4101
2456 2943
696 4956
4934 125
4937 1112
2551 2773
3830 979
1357 3531
4948 1324
141 492
1044 1471
2819 2824
762 2981
2810 4333
4342 3690
4547 2411
968 417
4948 3229
1900 4638
2263 924
4610 4113
2596 3024
2105 4291
3694 1716
905 4779
4597 1104
4813 491
1926 1736
761 2337
970 3751
4777 551
4466 1882
222 413
2814 1866
718 4895
1972 982
507 1621
1188 790
357 2105
4811 4995
4586 742
39 2331
3314 803
247 690
1534 3632
3380 2890
1888 46
4700 3908
2042 3093
1887 216
3951 3561
2884 3702
4181 2804
3159 4831
3788 704
1423 3078
726 2053
2499 4903
3235 4196
350 4088
3482 4388
2458 1673
3394 2134
1206 4900
3689 1217
1592 2884
4117 4999
2900 2749
3110 758
4403 2377
3538 3959
948 683
3752 4371
4589 209
3357 3150
2178 1706
1485 312
460 4666
591 2524
969 125
3678 3073
4021 2082
4848 4714
92 3907
1547 3977
656 3743
3136 4873
3307 179
4041 287
4436 2054
2014 3428
2252 1891
2652 3450
3527 4758
3451 2123
4838 3888
920 1570
2874 4456
525 4900
3741 337
1613 4435
2210 2720
1369 101
214 4807
2684 3356
4000 4478
2085 1860
4329 1747
4155 2376
1881 4760
2388 2458
56 1956
3087 2946
1291 2020
2862 4333
1535 281
60 3908
3102 4092
2419 4605
1646 705
1044 3758
2901 407
1198 4100
4093 1028
2425 2208
937 1219
4797 1261
312 624
844 3083
388 830
106 2358
977 4631
2664 4218
368 4815
2132 3348
212 2055
1128 3387
3195 2768
3616 3067
4920 2526
1753 4121
1090 3157
2035 1489
652 4026
2157 4852
3747 3167
4713 3045
4007 837
4029 779
3823 3446
4871 1930
1969 264
4623 4845
3786 2896
56 4764
3785 1482
3494 855
2172 4646
1423 2252
4739 1129
3420 3804
4194 3322
3444 2296
2967 2269
484 4179
1288 2898
3061 1663
2507 2488
754 790
1587 338
74 1357
3003 865
3741 1104
4126 1291
4691 1864
2551 1245
4169 3291
1350 3402
770 557
1028 3188
4575 4076
3878 1279
171 4113
4606 1382
4921 4968
3365 1707
3649 875
2769 878
737 598
3820 2701
3104 4303
2724 2328
4657 2822
684 3489
350 3358
4702 2074
3637 3210
1113 2698
2835 2381
1801 168
1069 88
4824 3653
1863 4058
4572 189
4855 1255
1627 467
3968 2830
1391 1779
4462 4676
3462 976
2333 3735
4374 4760
1764 1877
3270 4185
3712 4659
2501 1893
2061 274
827 2132
2731 4481
1614 3402
2444 3719
3055 2269
657 4207
157 4392
2494 1728
3985 2075
3908 4573
3092 4714
4855 4143
1763 2161
1029 819
4772 3560
235 4467
3308 1089
2243 824
3889 4373
1547 3478
4162 851
3967 3778
2956 1961
3018 1581
3208 4553
623 3789
3484 94
2092 3865
2051 1522
3597 886
593 4206
2546 700
4284 977
2857 4855
327 604
4721 3446
4325 3754
658 879
4424 928
1693 684
2718 1534
337 2586
4472 3800
2293 3318
807 913
202 1629
4905 2532
514 3910
4596 2412
1553 387
1097 3177
4905 3143
2105 1262
801 2721
1292 1575
4693 1137
1715 3995
3184 3315
1534 3643
572 3350
1705 3604
4281 793
3272 4514
328 968
3648 2933
4994 3690
2572 4854
3367 2262
2667 1520
2812 2690
1225 4116
4163 3474
2833 2658
1140 1526
509 1775
2433 3896
2022 59
4897 2683
4066 3713
651 2637
3638 3595
3421 4062
3808 1628
2406 3031
1100 9
142 2327
4338 2732
832 3386
1062 2392
1571 3859
4909 352
1859 1566
2771 4328
3983 3614
289 438
1370 1634
149 1695
2865 1485
1556 540
4401 3058
4376 3019
2160 4742
3543 1657
432 1922
3146 2472
2347 3220
2997 4984
4472 50
2921 1558
1290 2654
3049 2042
4923 3176
3107 715
965 2682
460 1564
4710 162
3643 4080
4217 1856
4137 3820
1388 2569
1700 995
575 3324
4905 4637
1940 4590
482 2369
91 1646
4923 3961
206 387
2639 4943
1017 3145
1493 1826
674 3265
3177 3588
4716 4604
4601 4071
2616 829
4205 4435
1925 1307
2970 2682
270 2064
1137 142
2572 3701
1854 4039
3688 4798
3486 293
4510 4582
1631 1930
2690 2926
4035 3736
396 1336
1509 2771
4203 4175
291 1338
2089 4885
415 643
3836 3453
2855 4715
3444 12
3926 2704
4362 1828
1435 3172
665 2258
1549 3644
1205 2208
4669 4308
3468 494
3741 14
608 934
4537 900
974 2652
385 1325
4079 3441
235 522
3102 1881
4016 3327
2403 2949
297 210
3075 3126
847 3641
3615 4708
4999 655
2168 2200
722 3791
1593 3284
3278 3548
1659 493
1549 1821
1857 2162
2291 1050
141 1131
1783 4048
2630 4541
2945 1365
3726 1378
4872 4844
3704 3511
761 3207
1992 2778
1192 4484
4122 3273
2274 2285
4400 2657
2766 4144
4783 862
4730 2142
2668 4040
4112 4175
1921 2294
2146 79
1097 4745
1614 4962
4083 4969
1809 804
430 193
346 297
233 4679
3270 3155
218 4999
4301 4649
665 3921
2673 4311
4346 1312
1749 425
2137 2495
2584 2922
1946 1965
2961 1810
54 2515
4255 3134
81 3743
3276 961
3971 109
3585 956
1759 2629
1063 2199
1235 2521
2017 2502
3692 3087
2181 1763
3918 3115
511 2504
3281 1062
741 1174
781 561
1498 2069
4716 334
2335 1379
3326 878
2079 530
2014 4980
1826 4429
4214 3635
4536 3424
934 644
3373 2107
4792 2879
2296 3615
604 1913
3174 2205
3607 3717
3121 699
1339 3784
2423 214
1437 2916
2821 2815
1824 2827
1852 3548
2387 4072
4139 1875
1910 3575
1822 3247
1661 1766
3170 3472
18 1407
3063 1238
4991 4655
3989 3350
3271 4917
4702 214
4521 320
3214 961
2235 1000
1934 3129
2292 4042
1983 1554
1864 4650
4190 3680
833 2032
4254 649
1847 3580
2362 4964
2737 2109
1750 1501
3567 359
362 4256
3154 294
209 487
4188 2626
3130 4970
4377 1961
3959 3718
926 1850
2512 3416
4359 953
1153 3929
3146 1989
1583 3973
1396 1353
4805 867
2743 1922
3056 2944
1690 4264
2573 4370
4644 3576
2865 1592
805 3980
2837 536
1995 2749
3232 950
386 2389
2598 2374
893 3694
889 4747
4938 4375
2752 2534
823 3882
2750 3546
2436 1417
2046 651
422 2545
1510 649
4993 4394
578 3662
4421 2474
4619 4227
3273 3497
2568 4065
3241 3102
561 4380
2416 536
1507 4702
4058 2027
3935 2408
2358 460
3332 3636
4508 579
2691 2019
3373 3059
3396 660
1861 4105
618 928
2994 4658
3422 1352
632 158
566 1332
4849 126
1015 1024
626 2205
1800 719
3847 4316
1586 765
1690 1447
418 3379
798 1119
3746 3401
1518 655
1365 3477
1316 4614
649 2556
4077 4770
4826 4936
3075 3134
964 4749
1068 2118
3170 3862
1033 3938
1036 3339
2885 365
2077 1398
2235 4857
2551 193
3512 3589
2756 638
4488 1750
2459 1336
2221 4434
4826 4296
4872 3265
1554 115
4092 1589
4277 3286
3583 3988
4640 2712
4683 4383
4664 4443
633 1566
3234 4503
2825 1409
1156 4992
4994 1451
4130 4435
158 1802
1910 3381
7 4776
4176 1981
1546 4187
1265 2152
3121 3174
2727 3574
326 1123
3297 3567
565 2653
3636 4689
3971 336
2099 150
632 1413
3289 2494
2302 761
1553 1908
2750 3761
1218 1951
4599 600
687 4993
4208 2185
441 569
1608 3234
3956 4588
1174 3085
469 1529
2384 3861
2515 4992
4441 652
1941 3722
763 3984
1180 1725
626 836
914 3407
303 4259
3539 1663
4270 792
278 2216
2227 3055
1503 976
324 2539
4420 4511
2341 1359
2207 3687
2400 2570
1038 2574
3064 4650
1729 4963
3329 1409
4100 2995
2639 4381
780 2331
3908 1649
2462 4042
4568 1897
3276 4569
4478 1821
1186 4708
2668 792
1331 2086
56 3064
1982 1786
3371 1721
2468 3101
932 549
1184 4824
3596 2448
1809 4971
2321 3130
1692 4453
2541 261
4095 4016
3918 322
1174 380
3984 2577
1731 2756
1894 382
67 4353
4561 2518
3084 3150
3563 2766
2696 4091
2092 3522
1538 2812
3456 1881
1081 2385
3140 4577
1970 1960
1628 1530
316 348
161 2956
4512 3694
3390 3279
3833 1586
1183 175
509 3638
1075 4304
4857 3099
503 1798
626 4317
1458 2916
1250 1321
1892 2051
2178 4833
1528 3425
2436 1876
4276 4450
1255 813
478 1303
3786 2835
560 857
1807 981
952 1556
2990 4688
377 2877
1647 4062
189 1336
4553 3788
786 4712
2376 3271
2289 2636
3376 2152
2583 4890
2585 3398
1735 1503
2774 358
137 3483
610 787
2110 4745
108 4937
1906 744
2628 3940
229 3207
3440 2014
294 98
44 3987
1502 3336
4889 1377
87 474
2058 534
1016 4974
1635 3968
2470 2443
733 1483
1342 3689
4303 2149
4568 2473
516 1092
2703 4320
3904 450
2316 2505
1803 1728
771 1274
2625 3121
3950 3728
2978 3756
4202 4217
3948 2
4422 4795
1362 329
1498 1552
3261 2760
1250 4680
119 189
3058 4070
1165 465
3676 2797
2276 3731
746 2459
2084 2529
4520 1866
2795 1741
4430 3931
4547 825
2739 854
3383 2933
1992 2470
2466 4405
3006 689
2027 116
4376 2731
2044 769
1963 4450
402 2479
4086 3776
3089 2340
4522 3814
349 3602
4813 4593
1937 4822
2277 4960
4152 779
2087 1862
1899 2467
1572 656
1437 125
4322 3031
315 564
2443 2703
1202 268
4104 3515
3456 1362
857 3266
4541 1827
3209 2322
3356 23
3456 4802
2062 4074
4179 651
3281 539
2454 330
1574 4691
2409 2660
524 1212
1641 2988
3721 3961
1261 2647
686 114
1852 3568
4361 4429
1192 4362
1473 3381
259 2408
137 582
1132 195
3812 4981
3099 2872
273 1678
3130 2333
4010 605
3904 2703
4038 1715
769 4626
2491 3959
3461 3521
890 3741
2116 850
3576 4247
1335 4429
4159 2533
3197 1879
2199 3045
1974 4955
49 2919
2352 3511
789 1492
136 1714
1829 56
299 3170
1888 2585
3259 3693
3383 4810
4271 4807
2506 1134
3501 1501
3723 1203
423 3291
4720 4042
16 1548
4820 2359
1423 2334
1747 222
3077 1440
4302 4697
4415 437
3537 923
1795 3339
2567 1021
1679 3735
2534 1690
1987 1874
396 3994
1867 4332
4684 3912
3088 1336
3217 1907
1054 2910
2038 4853
1078 456
3752 4443
1985 2161
1743 1365
1435 2001
4732 933
2495 3999
1635 3221
68 3045
4826 3776
722 142
3302 806
449 3216
165 2845
46 2581
4657 370
3023 3701
2290 2094
1055 2449
4096 2578
3154 4183
1340 1576
810 789
4 2770
4752 2766
3211 3591
2593 3947
4311 4894
1018 2880
4661 4372
1995 1147
448 1928
3889 3122
585 2472
2661 4215
3150 3380
4823 1595
2472 4088
2720 3906
497 114
2543 4829
3720 2914
4542 2416
1092 704
848 1918
504 2456
4799 2258
1569 2408
1620 3870
3211 4592
1348 2519
792 3093
122 1493
2891 824
112 4103
747 4613
2743 3421
2917 4966
4183 18
4006 3079
1856 906
284 3012
226 3953
4686 3776
1757 3107
3443 2981
2404 3970
2270 303
2277 1437
4671 4133
3305 91
4800 3819
2334 836
1287 4079
8 4372
2376 2074
4695 39
7 1530
4109 1199
1547 188
632 2714
4932 2691
4613 183
2935 2357
3336 428
3582 1113
97 2739
2880 2065
2722 3163
4866 2756
1895 3528
4616 3356
2317 2145
2064 4141
3836 2349
306 4041
3454 4708
2309 2742
4390 2190
2162 367
3203 3786
905 2114
192 1402
2748 2282
2778 2936
4669 246
2494 1165
1205 4979
2969 1912
3123 2873
4818 4822
4778 2266
659 1887
4396 3918
587 993
4439 3903
4329 4843
3042 3255
4341 1056
3930 3445
1652 1505
3563 738
4410 1630
1451 4855
1584 4904
290 4386
2810 1444
2712 154
808 4908
2033 2973
4207 4698
1986 572
2639 4889
209 3364
3126 2151
4691 1342
1456 688
4603 3970
3532 4101
4570 770
4036 1130
3695 4896
1988 3511
3874 3830
918 3266
1436 2421
3801 4012
1308 2032
1382 2402
3138 2046
3973 224
2926 3325
1413 2032
630 175
1971 3478
733 4936
3213 905
515 1926
2862 1189
1872 2598
2880 3316
3688 2795
657 912
3863 2405
2189 4650
2049 1965
2711 4257
752 2859
4149 3819
1666 1376
1885 279
2562 4450
3082 1283
4653 2499
280 4809
3259 2940
4647 2487
2117 822
2614 149
3996 3972
1481 278
2354 2771
2692 1930
4810 3103
1605 1375
866 3431
996 484
697 937
1040 4006
4592 2487
923 15
1330 709
4386 675
2314 4861
4412 4936
2974 4917
4319 640
2963 2038
4687 2931
426 1076
2882 3850
4812 1226
4768 3382
619 1104
3514 1960
4733 2395
3000 2618
1125 490
2468 4163
3950 4215
328 2528
2082 2262
831 368
4890 2988
377 1168
341 1207
3592 958
160 1555
3743 3027
3028 4908
1774 511
544 2518
4664 1583
4517 1571
3280 3271
3739 786
4670 2688
3659 2390
1563 1713
2636 432
1802 1177
2694 2902
1082 3874
1982 3811
1308 2742
707 1292
1312 4421
3870 4375
127 656
1591 244
2287 1282
1533 2235
1100 4608
3277 4379
2866 3602
2291 1787
4669 2011
1592 4983
3141 4813
4254 4561
1522 18
1219 3771
2213 4557
3815 2457
2579 2185
3163 2957
418 2578
536 323
4765 2536
3360 549
3253 3921
3001 3635
2879 3956
4819 3273
4862 1065
1033 4975
3913 1040
985 185
1795 3772
2365 2200
4700 3646
2659 3317
2868 1890
2861 4628
2659 3523
1191 2092
1458 1202
943 1237
717 2006
3776 2055
2394 837
3379 1058
3435 4495
3984 2565
2105 2036
584 817
864 3503
3586 718
3995 973
1448 336
4670 4503
3221 3694
2856 408
2137 815
4485 1941
2198 1400
3693 4848
1224 1206
162 90
1887 2850
3077 2844
1564 2523
1561 2019
1401 2096
191 2506
4453 1503
37 1455
1600 1960
2777 1856
2608 3660
709 2083
2947 3405
3209 1214
2837 488
2204 776
4380 4759
1726 3097
1241 2771
2119 4000
1365 3353
763 159
4036 1890
1360 4294
94 4576
4744 3437
3218 2287
3496 3143
1291 1466
3314 4186
4594 2671
595 4593
4391 234
3894 3250
4766 2941
3511 2967
3048 3091
2313 3627
1285 3956
345 3521
3783 3865
63 637
966 1207
4806 1247
149 2377
2528 650
4567 842
4132 3319
400 1787
679 3202
2895 4031
4387 1284
111 2613
3102 2669
1980 1808
3983 4980
2583 1483
4171 4585
1804 1291
4009 1218
4310 2656
2146 774
1821 1510
519 1396
1886 2562
4784 3022
827 3215
1971 1024
2878 720
3500 918
2087 1520
1992 160
4714 4708
3484 4347
906 2188
4457 1217
2558 1322
842 2599
3551 2298
3198 2082
1266 2712
3280 1324
1670 137
1897 3437
1336 3568
4861 766
649 3638
2556 3932
4818 2406
3141 1445
3215 3335
4937 4880
4843 3470
1495 2206
1432 2680
4134 4851
4067 1488
477 2403
1090 4605
2522 1644
2515 4591
2041 2357
2490 1371
1693 1962
2983 3881
1464 4082
4075 1048
411 1655
2138 676
1406 1062
4809 2370
3339 1225
2727 4112
124 4317
1905 404
4706 1773
640 1618
3122 3988
2331 1481
2654 1766
3328 1130
1639 2915
966 4100
3722 1879
973 716
2230 221
2606 44
1827 2493
2711 4465
4357 849
4419 2991
4463 1801
1391 2423
4615 800
1357 995
4258 3218
2729 90
4731 2167
2805 1518
1737 581
2475 376
2881 4992
2728 1882
234 1522
3405 3682
569 4383
4773 4869
3250 3188
104 506
3241 2390
4921 2636
2140 3036
3560 4385
3468 1731
2975 3865
2538 4276
1395 2787
737 3564
701 2336
3817 2471
187 2838
3246 3423
3172 1583
1382 3599
2393 1541
2483 3668
3524 4574
1971 2567
2317 2192
506 4147
4878 4720
4631 1523
1102 2854
1965 2506
39 5000
1557 1209
532 897
2356 4541
365 3106
1763 2646
1291 1564
555 3090
3123 4476
419 1777
1339 91
552 2665
1743 1996
2229 4970
3311 191
4634 4293
1571 4839
1444 4984
4059 1315
4558 2237
2647 601
4745 3940
2973 2272
3477 2761
4979 1004
1969 1558
2941 3657
573 3593
3800 1725
672 3241
347 1637
3357 4963
3622 1271
4915 4933
3864 1992
2128 3654
4502 1224
469 3818
2274 4534
1150 1405
2965 3811
3870 1963
2322 2479
940 3940
1404 4270
4692 3440
1851 489
1387 371
2127 120
361 1156
478 4595
2561 4257
3414 836
4251 421
3130 4918
3651 2851
3990 1490
1917 932
4106 2587
2455 3001
1695 4175
4738 4299
2571 1535
71 3853
2391 2202
3647 275
1221 3837
3961 4861
3081 1825
1084 3208
669 1585
4142 4809
1671 2090
289 3392
2089 2462
1401 484
3856 2680
2802 4473
3870 3548
730 2084
4038 4260
4497 898
2476 3521
3041 3159
4336 1871
4407 2352
3217 3283
2938 3627
4454 983
892 1257
2237 2621
2682 591
230 1848
3319 722
806 2797
2933 2870
4226 137
4402 198
1732 820
1680 3835
369 2560
4145 570
4647 2009
4705 1753
691 275
1231 3926
2913 1100
1132 4935
3497 3177
2074 4735
1428 2002
3208 2893
1906 2842
3120 3175
3338 3074
3491 4309
371 3316
2641 3592
3452 4170
3062 4922
2156 4431
1416 978
1078 4006
1976 126
2827 200
58 4963
72 3128
4579 2789
1910 766
1686 2749
3909 4689
3618 5
454 2879
2430 4802
1837 1717
2311 1988
4445 2902
1910 4143
3860 3542
2941 3182
4436 4878
4163 1099
674 4125
446 2139
1374 2068
2809 483
3082 975
506 1738
2083 3283
2896 1254
1249 4653
1609 3644
2752 2306
2898 4048
4242 2949
4728 2505
3019 879
2751 477
3573 2069
648 3948
262 855
2110 3707
3866 1805
4228 557
635 163
3003 871
1803 2361
2 2795
2302 3763
910 2884
184 2199
2727 2859
1403 3204
814 1576
4493 4844
3084 4151
4093 924
4481 4229
3492 1553
1979 2258
3925 3687
2323 2356
872 3573
1065 2098
2824 1773
3266 612
1799 1854
3386 101
4450 170
3501 35
1158 981
3649 898
3969 3557
135 2225
3952 3538
2576 812
2150 449
3110 1260
4151 3055
4091 1748
115 1692
4706 1255
230 3960
2322 4324
6 2221
4693 4547
4696 2845
3259 1523
3864 3294
1396 4782
3627 121
2455 3846
3024 2807
4891 3332
1482 4298
738 35
1242 1930
2112 2711
4293 4875
1677 4767
27 4516
2687 3968
40 4623
2974 3775
3117 3520
2167 3059
1499 3221
1421 440
126 894
4319 4307
1212 1640
3367 783
883 1005
1030 3047
3053 3760
902 4689
3178 158
4408 3743
2056 836
4130 3948
3427 3442
58 2705
4307 1741
1693 1774
4651 2218
203 631
558 3952
846 2761
4661 4235
4281 551
3531 2890
3411 92
845 2340
1086 2705
2172 4965
2217 3764
3111 1616
4681 2440
3262 3974
1753 2825
2938 123
2608 2011
820 3290
370 415
1245 2535
869 4634
3219 4653
3107 2899
1889 909
3004 1057
721 3639
1491 4075
4568 1210
4483 3285
4117 430
953 4183
10 4797
279 401
4699 4360
515 1430
4094 536
3456 1966
188 3433
4294 3667
3825 4764
1414 763
1415 3342
4268 2202
155 4179
4952 316
4017 825
3841 3947
2629 1106
817 4882
3203 1619
961 2308
2300 3726
4357 1395
4807 3657
2200 874
3966 3961
1570 1754
198 1051
3358 2050
2860 4623
3806 2092
4709 4131
283 4480
3492 2406
813 2487
175 3814
2516 834
4429 964
4515 1900
1652 393
3292 675
2097 1473
4382 4210
4706 2799
2224 2186
4899 2820
389 2438
3650 228
1167 1013
3251 2724
4035 4117
1836 2290
4505 4240
2490 3447
932 4034
128 604
2961 4413
4402 4503
4786 2264
1768 1607
4158 4662
377 4480
3266 3473
2716 192
940 2874
379 439
3904 1699
2545 1116
794 380
2773 4268
3665 713
206 4118
3510 1350
4033 2231
4283 1170
1868 2798
3271 4139
2309 1917
2113 722
2490 4017
4425 3155
3294 4679
4686 2436
4225 2810
4115 2789
2517 3440
3834 4396
4369 232
3923 750
2793 1039
3884 1585
2281 3367
1733 3878
4872 3062
1390 940
4919 575
3705 1080
371 318
3200 4454
176 3829
1807 2802
2098 1430
4088 3862
4961 992
209 3208
440 4110
3250 1813
1097 3573
3641 4926
2194 2780
4817 4661
273 2525
4822 4991
2806 4378
1242 1730
2304 2723
788 2631
1988 2182
4364 30
2316 4027
4093 966
3922 2952
2018 3532
4934 3197
3894 4735
182 2158
2860 4178
1744 3972
1434 3797
3148 4969
4965 4417
1280 2534
4671 3009
2309 2935
1639 3935
3043 2700
1518 2534
4876 171
2554 4288
3794 200
2502 4378
1822 2000
4095 3382
2245 3987
4131 3328
4219 1110
3874 571
1044 1194
1854 1012
4701 1222
3949 1991
1840 2118
896 3935
4455 189
3221 2152
2558 2784
2251 4240
4869 3673
4412 1148
851 2876
1433 3615
2367 3855
4691 448
1355 3376
4799 1040
3121 2012
1136 1947
2682 3008
405 3073
805 3608
4314 4187
1552 3603
2755 2873
4375 1755
3527 1207
742 2282
3937 3341
3061 235
2228 2752
2700 4697
2247 4519
1020 2365
3783 1189
43 4197
1436 1635
186 4376
2408 3692
2167 1167
4965 3822
3390 713
419 2859
886 3404
16 3948
3852 4994
4646 282
2015 1198
4595 4531
1521 2674
1803 1858
828 3225
841 3889
1994 4592
3706 1579
2869 4783
366 983
2257 782
3405 2512
3739 2558
4163 1360
938 2822
4793 2216
1756 3598
314 3927
2127 1501
2969 3737
2154 4521
4926 3840
725 3524
4056 3337
4445 3952
21 268
837 1549
1823 1357
1040 2938
1471 2362
3824 301
2249 4625
1 3372
3268 2054
27 1039
1553 3226
3936 2510
60 1781
4744 2254
280 4030
1372 3729
1700 3629
1824 4348
2575 2764
4208 4023
1884 4007
4560 1366
363 2054
628 4755
2088 3891
1081 4581
3397 4095
3662 539
402 4703
3995 944
3378 3867
1768 1960
724 2484
2479 580
1905 3129
3326 748
4519 1357
4775 1480
4837 2
29 3227
2119 4168
45 649
3922 38
67 4129
93 4151
4257 182
3194 3878
1283 3902
184 2921
1660 3546
2838 1370
4498 1792
3093 4428
1549 3163
4736 73
1762 4204
4342 2575
3536 118
2396 4084
1895 178
4346 1024
2906 2632
2113 4242
918 3293
1349 1963
4540 2742
2773 3735
835 2233
3659 3896
4705 3510
3427 743
4465 25
1745 2571
3440 3982
2519 3253
1259 2821
415 2904
4035 1543
3184 2495
2962 1291
1516 4538
4773 445
2252 1259
355 1332
1021 3253
934 802
1845 1828
3602 1716
4380 2036
1509 2858
3372 3952
3160 556
4500 3534
4408 4586
4741 3174
4560 417
2161 4886
2400 2975
1622 4937
2813 2999
3940 599
527 2576
1771 1447
1567 4342
1173 1468
1865 1626
594 2737
2348 3005
3609 3982
888 3082
1057 4016
3247 3544
4511 4105
1807 3383
253 4927
1455 3917
66 1775
1360 1833
1578 2649
4400 2903
3891 2154
4062 4768
3811 3504
3425 1818
1524 239
1743 428
3889 675
1186 1522
432 2222
830 4470
712 2148
1289 3038
4829 2554
141 3224
4601 651
4317 1221
2546 3497
2405 1239
4260 2365
3193 4423
2289 1197
4481 2922
4472 2313
2274 1642
4884 1948
2478 2079
2986 1997
3521 2406
4091 1086
1908 3327
38 427
1184 3777
2333 2947
1511 2877
1879 1597
4340 4945
4603 2514
2894 537
2748 304
131 4893
4747 1377
4654 4054
938 141
3991 1729
4711 2635
2646 1206
5000 3809
1270 4592
1062 4191
4502 3619
1818 1565
4911 3813
756 4068
3393 3555
3955 2774
4832 1405
2889 1655
2549 3702
4557 3125
587 4467
2324 4035
3291 1306
2591 4199
4270 1645
4734 1384
1381 863
104 4199
531 462
311 2773
706 4824
2956 4323
3026 3719
626 1054
4139 2713
4275 2232
3391 2798
4032 1140
822 281
1372 3260
410 3122
1413 1750
3227 1075
903 1341
3352 3375
485 4114
2730 952
3759 4073
1437 656
1900 2526
4410 606
824 249
2990 1305
728 3620
3783 1605
2211 1753
1407 954
3897 4536
55 1058
1619 3418
192 29
312 2479
1289 2831
833 2608
3119 1355
4107 36
463 153
4705 4862
3646 394
316 3596
856 4033
4460 866
2486 4362
3852 4802
4334 1526
4370 2886
357 2063
867 3077
2967 2103
2573 968
4743 1206
1955 1623
2025 4374
2892 2291
4763 532
3153 79
4039 1453
1192 322
3698 3397
4045 2125
4456 4328
1432 4511
2357 4544
3445 4839
1361 3970
4296 4516
130 4007
2202 864
555 1513
2522 2106
648 1668
1155 2634
809 343
3246 2938
966 2583
1957 4705
2106 3595
1533 1567
255 1685
2251 4437
535 25
4242 3572
63 4144
1565 3867
4958 2929
1153 2195
3942 222
2663 864
2914 3961
1555 285
515 1392
605 551
2454 3813
2498 4031
719 4516
4253 1338
2337 159
1605 16
2600 2704
1877 2807
2355 3713
399 2576
3617 3164
2499 521
2865 1963
1634 1693
4096 4878
1821 4664
966 4312
4545 4197
1838 2521
605 2619
683 3585
3303 4674
4589 2666
4602 837
365 1679
3377 3075
1224 3914
2443 1838
4849 1024
2637 1266
1423 1331
96 3593
2235 2318
2375 2011
2208 623
3212 1532
3242 1131
2339 1154
4238 3614
3086 304
3033 1266
2454 2065
1126 3836
2905 991
2552 2242
3624 48
3727 3140
2928 4480
2130 2441
4676 3778
3411 126
4243 3287
4757 3575
4373 4111
565 4582
4473 4266
233 1913
1630 555
1824 1616
185 3015
199 871
2467 2011
4766 3491
1000 4905
1269 3662
853 1619
2317 1947
1184 732
2904 3227
4740 1478
2121 948
1000 2476
4109 4598
197 101
4295 2594
4229 1465
2822 4921
628 4062
1734 3080
4341 2941
1935 719
1851 3806
3585 286
2771 1717
694 2685
4697 1211
1005 4625
3273 1614
2164 591
4410 1278
590 3148
250 4302
4599 2908
4693 1856
553 3405
3811 482
1468 1051
4987 2913
2336 1874
2186 2094
3354 3906
4937 945
1425 4878
399 701
2736 1449
531 4476
2346 2726
3496 3113
4671 2501
2832 3164
459 1258
643 1280
160 969
827 3163
973 2166
289 3760
3449 4997
679 974
1454 1016
153 1158
87 4631
445 3999
2402 2089
1516 2699
3959 3635
2666 4746
2953 2983
209 1267
1686 3662
1985 3141
2778 2060
1358 1710
4321 1063
3979 3915
2537 1442
381 3596
2257 4701
1449 653
1326 928
2854 2130
2556 1365
1903 3251
295 1416
1925 4220
3269 58
4974 3890
3817 2872
4049 1136
2140 3168
3714 4385
429 4202
4865 2553
2584 2402
4069 4216
2655 3434
1071 3338
1745 669
2090 1215
3461 1064
3399 2717
7 4405
4633 4847
2606 529
3764 4497
4609 1287
4431 2552
1736 3752
247 1357
4644 718
3087 2548
2899 1755
4775 4172
1385 2992
644 4670
3040 491
1498 4915
3301 223
4308 1253
331 3006
4057 4452
898 3793
4281 1089
414 2962
3436 499
210 1153
3767 2532
4197 4335
2380 4708
1162 3829
147 4632
251 4046
3470 4970
4371 264
1645 4681
2264 1845
3067 1239
1162 1055
1869 3338
2306 3474
884 1482
1383 4690
4001 894
210 2355
2024 831
2318 2686
3051 4659
4708 3839
4145 1343
995 1419
1728 176
3104 4245
164 3810
1338 1660
4429 3320
2407 2967
155 883
4719 4703
835 2135
2241 1718
4865 2975
2427 847
2482 3442
3724 899
1929 2524
4164 4073
1156 4167
1024 655
1959 1375
2439 2384
1752 2911
4595 1870
2873 2074
456 3236
4314 3126
935 1555
4660 4063
1735 3243
1433 4913
572 1355
3918 3526
663 821
4874 3751
1505 241
2544 3422
4108 3117
3957 1798
534 2935
597 4157
252 2163
3848 2328
1954 1100
4192 1791
3349 4905
4564 873
4903 2483
798 4377
2 400
2856 3817
2717 1325
2075 3006
180 789
1612 2753
3330 32
1647 1857
3721 4173
191 4637
2207 1140
337 1095
665 1927
2798 2440
1555 2998
1817 738
4706 1785
354 3928
4575 890
2916 2310
4053 2506
3062 4183
3008 4148
2447 3829
3010 2506
2757 1542
4051 4841
2821 2983
2648 3890
2385 1473
3950 1566
3753 3989
2933 417
3697 526
2722 4891
3902 4693
2168 2085
2028 4221
934 2505
3426 3059
277 3515
934 2725
571 361
1894 224
4129 3694
4676 12
2942 1267
4295 516
2625 764
3092 3479
3519 598
1154 1263
4563 3106
3233 3531
3181 421
2404 3668
4065 753
3550 3864
1135 345
4876 4841
4552 2384
1846 3863
2560 29
4762 946
2102 513
4955 994
3104 2310
1688 4483
3677 3859
3424 4954
2223 3013
2986 2641
4468 3073
4372 2237
2894 2398
4040 558
1283 772
4881 1099
1052 4810
288 2799
1044 1491
4252 2993
170 1766
1252 4062
3619 1464
4711 1892
1260 3950
3029 4581
4364 4257
2106 3023
2466 3041
462 2281
2735 3064
3936 4239
4832 2738
3591 2384
4247 3588
3436 2586
1729 2323
1605 1855
2881 3603
4100 304
4595 1372
3846 3767
795 4395
1633 3963
4477 2956
2475 2572
134 3187
1093 140
3464 194
2121 2277
4008 2677
3418 3361
1083 4160
514 4464
643 1894
11 2759
1702 4951
615 1724
1345 98
4391 3818
3771 2118
3039 326
2106 154
3730 2663
4917 4710
3600 4497
4675 408
2558 1780
731 4504
3031 1941
4103 160
1476 3561
2290 3732
2552 3544
2308 895
1056 4465
3182 6
2245 1897
2129 417
2608 3344
3184 3233
4808 448
630 32
3075 4131
4205 1199
2826 3784
3096 1451
2553 4816
1509 128
3353 2680
497 2857
238 4175
2146 279
4614 3579
2004 1039
4472 1309
3960 4576
375 1756
1434 3172
3665 3737
161 4058
4519 792
229 396
2106 4466
1018 146
4805 2808
1449 4352
935 754
4847 474
3642 361
949 2323
4865 2584
3499 2180
4627 1186
1240 641
3933 4430
3150 2139
4278 4207
3685 3461
3138 4741
3386 2407
4863 4757
715 3557
726 2086
4609 4959
1934 3498
1678 3954
2383 742
905 1843
4638 3366
2717 1314
3827 4851
3171 1450
581 314
436 3860
3136 2664
3551 1045
4619 4668
3265 89
1747 1249
1317 3937
3873 3741
659 1166
4431 2980
1913 4494
4723 4628
549 3093
1838 3352
4571 1518
488 2492
1726 1521
2719 67
2669 2219
4530 3364
2449 2687
2850 431
2470 230
3277 100
1323 3856
1765 965
2591 924
425 3299
2045 1322
2065 2670
3796 2324
2795 1677
4997 2853
2501 875
1141 672
1255 1006
445 849
4772 3623
4954 2792
4350 1972
2059 2635
2603 2326
1130 4287
2892 1174
2722 4115
4749 1701
687 4185
765 2135
2806 2835
2439 1613
693 3367
110 1475
2846 1059
1744 1554
2199 3954
4786 3419
2870 1786
737 111
657 3454
2967 3425
3666 2523
1417 2339
2 1852
895 138
124 4651
2573 243
4761 485
3672 3605
3977 2704
1708 843
3355 4731
683 3127
1875 4515
4604 4471
1851 1223
3846 4282
1873 2691
4200 4426
2527 760
3922 1621
3102 224
4053 835
1257 2038
2637 3842
4632 821
3673 471
1276 3328
170 2474
22 226
235 490
2402 4172
1546 2032
894 2411
1985 2548
2858 1645
3994 1196
4938 16
1925 4374
472 3609
4636 3634
3669 2062
965 4018
2492 3377
2476 3982
1110 1263
3815 998
3919 2667
1985 2151
1167 3573
2723 998
4378 2646
1044 146
1268 3972
3252 3376
2329 4503
2658 982
851 3389
3346 605
2506 3420
1750 760
3089 683
2691 1633
4411 1044
127 3287
4363 1474
2537 2279
964 1728
3453 2406
795 4609
528 3554
2137 3823
3387 1023
1709 906
412 2271
814 2597
4596 968
1170 1764
2280 815
4288 4646
2864 2127
2955 3995
3378 444
1872 1784
1949 2530
2651 2273
4451 2252
886 4589
2923 956
798 3376
1539 3072
3873 948
1824 2715
3699 640
2351 1989
1273 979
27 4989
2292 2698
1974 4260
4897 4804
1210 1022
4845 1213
4056 901
4395 4858
2315 4966
3545 3596
1098 7
4939 4681
258 76
2826 1605
4971 3591
4285 982
771 2407
2033 3059
222 1007
4776 1029
4002 9
3014 316
1670 4114
67 1949
725 1535
1238 1988
3317 4245
1508 1794
2752 1814
4285 1942
1134 631
513 4778
87 4628
3845 4265
468 1547
233 2628
1399 891
954 3981
763 2648
2634 2603
2187 2095
887 2482
4582 2301
4401 3242
1075 4057
31 3305
244 618
4998 2434
1101 3699
2905 4334
929 988
1495 3891
4813 2365
2738 2227
2008 3659
50 15
2265 2597
1523 4916
4535 4579
1951 1281
2878 675
4569 2977
2265 4992
3853 255
2054 818
1153 4599
4360 2575
1156 4037
3970 3270
1812 1005
3071 2506
4471 1414
1296 3123
591 3518
1938 152
1149 916
4913 477
2767 1822
1326 2960
2518 3448
619 3238
1155 4619
167 4181
1665 1985
1087 4235
3991 2773
230 2760
1347 1766
1825 4603
357 3746
831 1246
4555 4986
3834 1612
953 3048
476 4076
1256 1832
3226 2818
1628 4556
3761 2311
326 3447
3938 1886
3172 4350
1591 4414
783 3711
4179 3318
3456 978
1069 4236
3015 4162
336 4574
937 2372
1935 1273
1703 2666
1964 1124
2529 4066
1036 657
3055 4315
4772 3051
3057 1867
3041 4572
1872 4495
2688 3749
3839 2658
4955 3773
1899 4257
1685 1572
2818 3479
371 2033
235 585
1211 312
1343 4375
2337 4027
1065 4216
1565 44
503 2815
256 2005
3100 1793
161 4932
211 208
30 263
4316 2190
2165 182
3021 192
2217 2574
3257 513
3731 3555
1986 331
4066 785
746 862
4866 1252
792 1963
3197 3674
2556 2367
2716 1179
851 790
1508 483
1109 1979
2729 4995
2743 391
1570 4674
4028 3249
3010 1608
1889 3835
2027 3538
1578 4524
1790 2793
3087 1161
4537 2163
4276 3710
1823 4722
1094 2880
198 3360
4029 4084
3114 862
2226 1612
14 1463
546 2049
1521 4152
3194 1675
4629 3016
1623 176
3952 250
1353 3370
205 253
4935 1271
4077 1443
1927 4598
3831 1158
3451 2315
4298 53
3882 2636
2239 4454
215 4664
3389 2425
2459 1319
1298 1145
1506 1192
833 4691
2582 1977
128 2265
3926 1122
3912 1243
2138 4111
2628 4615
2105 3549
4046 4448
67 3717
562 784
4179 1633
1276 2820
2780 2629
4430 4312
2896 1733
54 4819
2637 4553
4952 492
1125 3469
3506 1143
4595 2386
3741 175
977 208
3830 2994
4466 4941
4928 2118
3393 3289
975 3592
2919 4695
1023 3949
1526 4204
4590 4156
291 2302
3861 1813
3443 2277
1406 1613
2395 1529
178 3151
3879 2244
4029 1044
50 3024
1108 1694
3187 3127
3347 3725
890 4882
3836 186
2620 840
357 1592
2935 3705
2189 4382
3133 2092
1232 2169
1467 3522
220 3132
2347 563
4656 3020
1039 4969
4836 684
3847 4409
2444 376
1901 1464
4362 944
752 3741
463 4905
808 2817
41 196
3098 1746
349 1541
3622 1745
3391 3481
3794 2912
3279 1340
4477 3857
829 264
1941 1657
1081 4350
2710 4505
1643 2602
351 3953
4749 4429
18 342
3067 3430
2546 427
285 1549
1187 3116
676 3692
225 2627
3019 2551
1560 3415
1157 4980
4455 2021
2684 2498
4330 2319
1638 518
1916 2953
3207 4615
2305 3206
1854 1212
3705 1318
3505 4101
3925 3389
2983 2211
2881 1199
3967 3524
3601 1328
774 627
44 2292
1395 764
4385 4778
1129 1055
3733 936
4604 1778
2847 4733
4721 103
3377 4719
2274 2596
2023 3186
1551 3758
2972 21
3084 2451
1621 684
982 629
1585 1875
499 3658
4054 2412
3679 3428
640 392
2985 191
3753 761
3089 267
4845 3326
197 2965
1139 636
360 4725
1321 396
3649 2320
4483 112
3975 3960
2466 2649
2847 828
3463 2488
2347 2789
1322 578
4653 2939
4355 2703
1662 2750
2110 3004
3541 2460
4615 1557
355 3361
3887 1949
676 1269
634 2189
3164 315
4639 732
202 1809
2276 449
896 55
2166 2454
2713 2005
4484 3025
129 3092
3536 2714
1498 4812
1460 4084
2284 2285
3469 1848
4370 3454
1641 4328
146 4340
2156 4070
1674 2550
3050 4797
992 1508
679 1465
450 3700
2218 1070
3895 702
1980 2665
952 4256
930 3038
170 2899
4305 2887
2610 1486
436 1045
3915 3566
856 3066
1572 1011
3157 1837
647 3210
3519 92
3880 3043
3429 1730
750 2328
4035 4345
3858 4486
277 224
2004 3914
4585 1216
2407 2194
2525 533
4597 204
136 2099
3594 692
2963 2881
294 4486
2830 1542
1404 3850
2308 3013
360 4665
4629 61
2502 1134
4994 2053
1174 2026
2226 769
1817 3161
1490 3012
3624 380
2764 3175
4214 3586
4027 4102
4246 4356
4389 4622
2416 4602
3980 4130
1101 1576
2406 1098
2925 4065
3862 2682
1756 462
3319 3085
4838 660
1302 1966
3909 4836
2710 2921
1455 630
293 2096
519 1990
3241 2046
494 3073
3545 1545
863 1173
2614 2019
3923 1360
4591 3465
3857 363
4150 4234
537 4643
925 2877
4605 4276
4440 4602
4217 2596
4328 697
4920 4704
4437 4685
2725 4525
3858 4871
1891 1302
4845 1569
4831 800
2362 401
163 2527
1318 2291
1501 1228
315 299
265 406
2614 2660
3668 2222
3346 2811
4388 4770
1506 3103
3041 4769
917 3002
4531 4483
829 3918
3921 4001
3633 302
3933 2572
3648 1648
1169 4603
3365 3182
3366 414
3479 2513
2628 1226
3689 4064
3515 1773
3413 1988
3046 664
501 1314
530 3584
655 286
3978 1109
1683 3132
2029 2931
3223 1959
3726 328
3811 4219
289 3122
2805 1098
3366 1846
525 3794
4828 886
4888 3148
623 2157
4057 344
2415 3525
4785 4857
407 2602
1620 1656
1041 3492
1346 4016
3237 4649
3290 3957
3381 4096
390 2652
2456 1897
389 4802
1871 4135
895 4539
3959 76
2537 898
838 1701
2684 1074
4008 2939
749 1758
2459 4365
3495 167
471 2551
3765 1054
2828 2422
306 4240
769 3151
1343 2295
640 4910
1782 340
81 1962
2844 2859
772 4652
2701 438
4706 4919
1518 2934
1046 3394
4294 2800
3607 3343
2261 3824
4866 1618
3227 380
2835 1933
1427 949
4859 497
1245 4548
4794 407
3935 3294
895 1864
1721 4625
3847 4915
4471 2315
2942 2001
4565 937
3293 46
1386 3407
4837 504
4117 3048
3713 172
3453 4752
4321 856
359 2501
4662 240
1065 2596
54 115
2253 2839
4358 1399
4493 4506
2597 468
906 4136
283 1062
717 2178
3275 562
1140 2737
2405 3779
2677 84
957 161
4273 1123
2512 4986
3696 1041
4331 3315
3940 4335
3177 820
3127 1582
692 2906
3884 2089
78 4685
2507 1098
2249 1936
4618 2849
3411 211
4525 1772
1538 4047
1015 3021
4916 2353
285 1760
186 3155
3268 498
1755 3089
1602 1023
4590 1795
885 3595
4819 4736
4173 1283
1961 1085
1651 2211
2517 4215
3410 3760
4355 2522
3102 3356
4701 4891
661 2905
1204 1289
1178 3717
2609 2356
3350 2427
2487 225
190 1357
3341 1700
1979 4755
2085 876
1625 3090
3572 1561
1527 3976
4374 427
3936 2550
2007 4356
4671 4497
1659 2233
2994 4220
4486 3523
335 4653
1943 2756
705 4747
3114 1674
2672 1574
1266 798
3895 1968
2779 1134
3611 2785
1931 3285
3543 4898
4256 3129
3457 1515
2610 25
385 4390
3670 3580
2219 2288
573 3311
1538 438
1682 1774
4608 3462
181 1286
2610 4562
2421 3069
2236 1398
911 3378
1082 2245
1706 631
4307 3459
3487 3850
204 789
823 1247
3892 2659
283 4992
2415 2360
2128 321
1578 899
1878 2807
1402 3552
4697 3720
3165 495
4981 1008
4162 2353
3525 1601
1688 1804
1270 2694
2359 4449
3156 947
1530 3660
2442 3697
3270 1899
323 3359
1088 3639
2682 1844
3604 4861
1771 3197
3850 723
901 2702
1105 2183
400 4825
4703 1336
577 488
245 3121
2703 541
2039 4033
2405 4369
2263 3841
4749 4838
3485 14
4537 3493
2796 3749
64 2500
2473 2964
1460 1485
513 4849
3826 3207
713 2638
3043 3540
3033 1549
3286 95
1965 2323
825 1239
3160 2693
964 308
2105 1074
1169 4486
4953 4965
3767 4856
1701 551
1227 2296
890 4343
4753 4657
1232 196
1175 710
404 3907
3534 1069
2375 2675
3112 31
1853 1959
1465 2582
3277 3935
3665 1882
4946 2218
228 3567
3435 571
1920 3218
3916 1705
891 1319
1267 688
4954 708
3886 2424
2571 3887
1661 2928
3006 909
3800 3371
3428 1080
3928 4196
2294 3758
2434 3820
2194 3864
2702 4008
2917 4034
95 1468
3748 1359
4668 2200
156 2745
3318 2619
4011 2744
2324 3308
374 1394
2329 66
2476 1849
3827 1247
4743 1313
1328 3876
4539 159
4983 3843
3102 2688
4500 3712
1013 2536
2386 510
2761 3481
2138 23
4415 4926
127 1550
4894 3435
947 1477
242 2510
908 2947
3698 3813
858 941
211 4956
1401 46
4149 1261
2541 4674
84 454
2574 2337
4812 839
1656 633
3684 2594
4922 798
1085 1345
1048 3232
3635 761
3175 4322
708 1191
2549 4882
4164 2833
271 2598
3188 1312
1137 525
2126 4619
1841 3252
3359 4644
2951 1804
606 1923
2731 2966
1502 1697
3076 255
1279 3537
1326 4552
2015 4130
4574 3808
1716 701
493 4925
482 3960
1005 46
4750 4160
99 3034
1644 1505
2925 4852
3413 1147
4047 3052
4512 4031
2637 3218
1469 3510
3878 4530
4224 3880
334 42
2850 2591
3657 820
3152 2789
2775 4714
604 2853
1587 362
831 1993
2078 4342
240 4746
1286 3518
831 4426
2446 3400
4435 4732
2805 2332
4676 1516
3739 950
2715 1664
4877 1027
1287 2537
2025 4571
1842 4103
4457 1849
243 3994
3719 3412
480 4706
2284 3264
3993 188
3620 1485
1390 1945
3267 4950
753 3734
3298 1234
4825 3996
1648 4609
3703 4756
2885 2881
4025 950
1147 4444
4299 4767
3557 658
4891 3471
891 4274
4785 4663
3402 3539
3912 1885
4119 353
1210 2525
3180 2689
2729 1878
3021 4256
3511 4380
306 1232
448 2404
4923 1527
2007 4438
2199 1667
2477 4802
4159 1474
1100 4164
420 784
764 3760
2902 3487
719 1866
560 933
4308 1918
1015 3663
3643 4195
1872 3263
2953 2264
905 4434
4102 4623
1131 643
1667 658
790 4849
2951 4156
390 1299
1263 6
4409 4091
1869 1605
960 3662
4329 1853
3998 3170
708 204
1832 3495
1960 1944
2376 2782
48 2263
3541 851
3408 2706
970 3145
2591 3194
4725 2509
1644 3797
997 1301
2282 4963
940 4359
4013 4366
1845 57
4181 2514
1723 4253
2151 3147
3435 497
2597 155
1502 746
1982 3706
1075 3513
2937 1647
4766 4647
3886 3241
1781 4433
2037 4703
2709 2450
3527 3722
4285 4846
897 2191
3276 1914
4315 1670
992 3836
918 1612
2721 1922
3559 3549
823 1954
2542 3897
4622 3397
2408 3716
3741 2608
2003 4515
604 688
4400 1794
4607 1780
3177 2485
3305 542
1857 171
2145 894
4880 4915
372 1194
2362 4516
2628 702
3515 3575
2803 2283
568 3135
4662 2833
697 3056
4104 2596
865 2501
691 388
2688 3729
2595 2890
1249 2601
2934 1270
1000 927
2534 4780
4367 2247
44 4281
4569 1456
729 2097
4580 1807
67 4584
4179 3454
1142 2718
3278 4009
2122 3260
4237 3051
3003 4025
3065 2082
2150 3033
372 4528
2765 4643
1065 1361
2591 3599
541 4107
2572 3140
4586 1365
2406 4551
1435 344
4197 3023
4618 29
4119 3931
2676 4244
3266 3212
2557 3077
4374 2842
3206 1871
462 1524
4330 846
2705 3798
2808 71
2809 3380
623 4822
1053 2616
1966 484
1350 1325
2960 1058
909 3970
4030 1508
2735 2039
672 1836
1866 3568
3035 4435
223 3594
3873 568
814 2743
4441 1112
4063 2316
3189 2433
4348 2315
1839 2664
864 227
3127 3458
2758 3958
1853 3877
4748 1818
553 3706
599 715
3704 4703
514 2866
4867 913
1743 2344
165 1233
3151 4576
3239 1274
4007 3442
4567 4666
2979 363
4340 1633
3351 172
272 3008
4382 4896
1406 836
2509 3343
4346 3030
340 1895
862 1205
4377 3202
4856 397
2286 4826
1417 111
2628 3177
1532 2753
1348 4445
1568 2508
4872 1382
2600 3073
1892 631
1190 2405
4680 3936
571 4812
1575 4462
4995 2576
374 1772
2838 3759
3723 3999
986 550
2131 2067
579 1506
466 4273
2187 4161
3055 2571
3164 783
3094 3359
3397 3431
1762 629
1680 2472
138 3672
4101 2880
1074 1192
4212 1146
3533 3008
1577 64
2286 1457
2542 1111
2121 1331
395 3685
2167 1442
2722 3758
1082 4045
2737 1036
465 1285
3467 2060
2161 2010
5000 1200
1187 1196
3081 4793
2523 1867
2354 1813
1059 1274
1025 982
1022 1126
3001 3783
4015 2102
1450 1788
2489 1895
1310 4950
3996 2541
3985 945
723 103
2465 3611
926 613
1328 1820
669 4095
3082 1082
740 586
928 4868
1944 4994
4913 4547
2798 3002
4713 3463
887 4237
4821 568
1888 1603
2736 1905
2214 1187
4144 787
3661 4702
3657 4018
3269 3706
2545 4266
1601 805
3195 3283
2085 1326
4406 310
1893 4164
1969 4755
2040 3547
3293 1240
1874 4132
2451 2513
1027 848
4738 4969
3289 4871
2518 691
4106 3860
434 180
3826 4812
1000 4209
769 814
1468 2504
2173 3383
989 2325
3867 4732
563 3326
4497 4619
1505 2330
2694 4513
674 2116
4541 4305
1806 605
3207 4276
1801 652
2670 2285
4548 2216
1116 425
3981 1081
3667 1224
3713 1478
4873 384
758 1990
4926 1573
3544 2549
4724 3437
2517 4037
1445 3155
4007 2294
4297 214
2243 2707
2525 2077
4466 1074
1492 996
1286 4425
3448 3639
4815 2344
4382 703
4813 804
657 1969
4800 2034
4508 4691
4514 3048
3630 2664
1447 4151
3053 2039
774 3686
2830 1634
4359 1468
3288 3207
3688 4826
4466 1143
1265 732
558 2386
1563 134
4442 1345
2351 4458
1674 806
4948 3204
4296 3856
1601 2806
473 3189
4751 2752
3961 4275
386 4035
2165 4388
4266 3139
3314 4612
1102 1542
2681 1712
2617 1738
1637 1506
825 3526
1925 2868
1016 4361
4799 357
3726 283
4498 1476
3050 775
4222 276
4454 4579
1651 4206
3973 4274
3635 816
4283 2750
825 2049
2414 4540
1641 3743
1193 881
433 1282
3488 3327
223 4661
394 4974
3312 1349
2121 3771
2269 363
3481 2905
1712 1736
3226 3733
1837 4030
370 1564
3479 263
4730 4623
4769 1174
1248 74
1395 4561
1814 4532
993 2813
1683 4963
4779 420
2562 2910
2788 3717
4959 4309
998 369
1687 3340
1604 2448
2271 2649
107 4095
4075 3966
2944 1647
1419 4052
230 1764
4316 742
4741 2256
3441 337
2290 946
2679 167
3257 3106
1372 2499
3559 1873
148 3477
1103 375
164 3116
3782 1114
4662 2187
2437 2208
2642 4728
3895 2457
3962 4605
4963 4556
1107 1677
3217 3737
3461 1510
1782 3213
2864 3058
2691 1656
1240 1790
383 2402
77 3672
1328 1430
3869 1701
4611 4530
1796 563
1541 2533
367 3171
2522 1066
4133 406
4393 247
1216 46
305 3912
2672 1020
1354 3849
578 2219
2292 991
3829 4618
4239 4652
1527 4404
86 4745
1159 3171
3103 2861
4039 1895
3683 804
2119 3631
2492 2358
272 2665
3524 2411
2489 3838
120 406
1140 4629
4886 2206
3278 3083
2755 1001
4125 1872
1423 450
4352 2368
900 4546
2943 184
2181 114
4500 2654
1277 4363
3342 2866
124 2644
1968 3876
4746 2356
1730 2950
1120 4900
1387 2252
1211 2842
355 1255
3167 2520
1829 373
4476 3234
2927 1244
396 4089
4744 336
1817 4783
3284 4372
905 4710
4088 2841
4209 1702
761 1059
810 564
490 3756
1229 1575
1559 1504
4139 247
1805 1355
1208 3447
4855 4308
3590 2568
1575 247
1977 1784
1916 281
2014 2981
2183 2895
3271 3381
1442 2247
3208 1311
3520 1582
716 4255
2313 1804
3010 358
4994 4869
3306 2093
1710 1796
1844 3053
4517 266
1319 3669
4418 2747
4960 4297
4033 4829
4963 2872
1000 3122
653 3065
2550 789
3661 3429
3328 815
4892 2546
124 3668
1249 2513
3542 2262
776 2895
4503 3322
1282 4541
3393 4961
3265 4644
3737 2583
253 533
389 1741
4205 1202
520 2130
2537 830
2608 3085
1935 1050
3775 3827
1754 2348
878 3209
322 4575
2728 2786
4029 4768
4584 4452
4378 1241
1297 1304
2996 517
4491 3847
4206 2225
605 897
4347 2526
1346 3306
1850 642
4678 4261
4192 764
297 916
1561 4321
3317 4487
3890 1738
3347 2655
3175 2239
3556 3988
872 3892
2854 76
1095 3183
3376 2157
4630 1735
584 1303
4490 2488
523 509
2937 679
825 2685
1429 1056
1183 4779
1258 3578
581 2207
2585 4571
118 4982
4654 3425
907 885
3968 2776
2595 4176
3762 4540
1432 3148
4353 821
1396 2631
1667 2940
4307 553
3913 3575
84 3201
1534 3096
22 3507
2370 1215
1954 3532
2033 4125
1246 1651
4854 3830
298 4001
455 437
2828 159
1831 1474
3963 456
1708 4305
994 4900
3249 2835
736 61
2723 2338
772 4992
3225 4585
2978 3751
1594 1657
2268 2302
1931 1851
4238 345
2894 1361
2468 201
1289 121
613 1958
781 1225
1045 4133
1024 148
4032 4292
2303 801
935 2113
2829 2012
4189 281
3549 4459
4749 2805
4586 4831
4100 1603
4822 363
3698 4548
4212 1560
3831 4245
3541 2154
2965 348
4917 786
1450 4890
223 364
3325 609
3360 635
1034 1023
4584 2467
543 4618
967 1543
3033 4266
2987 2919
3749 1129
1926 1621
2387 1382
2020 4520
3121 518
125 671
2246 1763
823 2814
4320 1282
4561 1766
1627 1191
3099 2294
1726 4237
2023 1513
264 1773
1490 637
4109 2265
2415 4643
1698 1673
4149 4174
3672 2682
4510 1749
4245 2870
2333 4944
4576 1564
3617 2601
368 1932
3783 2030
299 2440
2322 1123
3270 4311
3029 4589
3836 1868
3771 2932
1459 4013
4526 653
3607 3799
1633 2515
4008 4938
4382 123
240 3627
4557 4015
4854 4348
4415 3871
4116 3721
658 208
2871 1756
3335 4010
4323 1068
171 3908
2853 970
4965 2679
908 2421
2827 4573
911 3337
4384 15
4080 3446
1862 300
4462 2800
3074 1001
921 3264
192 1812
4134 3950
1144 1798
4587 3403
2416 2701
1854 2526
784 4707
4430 3715
2128 4754
1877 3634
2356 620
139 2916
2599 1855
4070 3015
879 1308
3269 725
4064 753
628 1523
3554 3174
4208 878
487 557
4726 4559
1554 1619
3311 2232
4773 1613
2713 2611
2259 3690
3874 728
4968 3469
1763 2915
1534 2265
2403 2456
1941 3033
1554 92
4679 4934
4575 1206
272 4205
1014 4643
1553 4900
4473 567
4057 1537
3561 384
1456 1568
2161 4465
2031 4180
2242 4457
3056 2080
316 3373
2629 1143
397 1462
1062 103
4141 3224
280 3921
2892 4701
4552 3760
1390 2236
1531 2441
2527 3325
4129 4067
3973 2829
4743 4838
2680 755
4993 2650
3137 1170
1801 172
3994 2940
1330 1032
4529 1324
1467 2755
4876 2160
1518 2360
1725 1805
4384 1528
86 4867
3350 3309
4432 2431
2290 214
964 4324
1357 2309
2716 76
887 3995
33 3446
168 4404
4224 3437
1516 1080
1020 328
4473 3216
2934 1284
2537 325
1616 918
2932 4975
2876 2242
817 4468
187 4458
1282 427
3366 1166
736 2438
3053 2105
1639 3413
4077 3365
3370 1735
560 129
1704 19
984 3116
3036 4459
3905 854
382 2246
3473 2082
4310 250
1397 4038
2203 3084
144 1012
2150 256
916 2391
4864 4617
4767 4850
893 3590
512 2908
903 43
2056 4498
309 10
4602 2854
136 2335
1211 4285
4701 3680
4637 1593
3092 2173
4276 1710
4666 1758
256 1078
1353 4420
1368 159
3410 1039
838 4234
2034 5000
1529 4951
2232 925
1870 1761
519 2076
2369 2320
379 3703
4993 4877
1656 2573
2070 4019
3209 1666
1074 1523
2076 4873
4180 325
1716 32
2515 4242
366 2718
22 3977
687 3926
4903 1518
1504 493
4472 4428
3282 4403
885 4664
650 4084
3917 4798
2027 915
54 2955
237 388
2675 2005
3499 2135
4960 2694
569 192
1867 1008
4325 1796
3739 4991
4045 4789
4661 3632
612 1533
337 1548
4259 2816
4811 704
4878 2551
1024 555
4741 3764
3959 3514
380 2527
4368 2995
2587 1681
1631 4039
1394 4512
3201 482
32 3841
3654 1096
3871 1309
3966 3790
4938 2861
2204 1288
4473 2484
3686 2376
4285 3918
1868 4574
1246 2876
4818 4038
751 1635
1734 1024
4938 4432
4473 925
4356 2566
19 1325
3827 1546
4908 2967
2646 3272
1927 3281
4070 6
2211 451
3743 1199
607 3240
2227 1689
4447 290
259 4978
1089 3073
1526 3042
4173 2062
2509 4791
4293 3411
2724 283
3332 2008
1612 3264
4462 4431
1901 115
4939 4439
4275 2145
3943 3796
2911 3914
764 3713
1849 1217
4368 3298
1411 2427
2667 2342
1546 1328
3721 357
3279 1769
2547 1279
4747 2814
388 3186
2377 1479
1366 3687
1033 2464
3265 234
3289 762
3706 2634
12 2064
65 1899
1083 51
2434 1137
1485 4759
2047 2361
2672 1815
4107 270
4236 1768
2283 3884
4062 802
1100 2540
4257 4374
1485 2497
48 3827
1039 3290
1029 2392
4873 2951
3880 1663
1582 4534
32 620
3937 847
3693 2996
2058 4764
4028 1175
2468 2180
4880 3484
1341 337
1879 1014
4546 916
245 3334
3867 1391
2421 1029
2777 1522
3404 383
3535 4182
3756 2113
3586 2372
589 3002
1839 2987
666 1986
1708 4405
1252 2426
3395 3268
361 2818
2533 1628
3882 4822
568 165
2004 11
4443 1274
1508 701
1179 4642
4787 863
3090 1883
3039 1853
2033 4257
991 2481
2330 2867
1752 2616
3879 3234
3374 1423
3068 3374
2079 3211
3231 2437
1772 2118
3994 4146
2140 4923
2970 932
4308 2765
4494 4
3524 3438
4243 2582
1983 1669
1777 3044
2336 1081
2281 4153
4513 3181
939 4644
4601 84
4453 4242
3650 1514
799 4655
4703 932
1967 4754
3434 3592
1904 4112
4473 3697
4601 2676
3655 219
573 2572
42 3198
3380 3845
1051 1560
708 3574
1977 947
599 692
4334 3452
892 494
3270 1210
3477 2303
3528 2383
2809 2512
342 4001
2361 866
796 4360
3137 4365
896 1228
3285 2247
4578 4052
2593 4504
2887 35
3763 2081
4921 1653
301 4627
4479 4983
1440 2725
1996 2008
1773 1779
1387 3076
3106 732
1597 807
4861 4706
4517 720
483 2265
4218 2802
2784 3905
2702 371
4043 4076
3266 4684
4151 1391
4948 17
2747 1281
4235 871
211 3395
2954 4745
3803 2105
1578 1187
4019 1670
4915 3568
402 4143
116 1796
2215 2840
1278 4442
608 2273
1068 4068
3677 2888
4022 4402
608 1584
4755 89
3652 137
933 427
3367 1635
4337 3434
2491 3433
3594 2468
82 1155
2291 2301
3538 96
859 4051
1182 120
4125 3066
4774 3855
2343 2431
3015 4937
158 1915
274 4473
950 3863
1450 4032
587 4751
3262 2228
1524 546
3840 4928
3522 2612
2750 995
1755 4484
332 4193
915 908
4333 4232
358 90
3446 1917
430 3375
1189 1354
1029 104
1417 1317
2148 4602
114 3611
3751 2046
1893 2253
310 218
1465 1962
800 2155
2565 1898
1598 2528
288 3572
161 2876
3727 1009
532 909
845 4807
61 1980
1549 16
3845 1670
4156 4493
2683 678
2677 3583
1868 3933
4771 3212
1630 941
1071 4896
1168 691
443 2170
3852 1478
1381 2457
2170 759
2089 3164
3441 4708
3617 1335
788 1325
2212 1754
496 163
1393 2625
3397 2297
313 2342
428 1316
1257 4368
861 4810
2178 3397
4534 1497
3356 2736
1346 4206
3430 3970
2123 1117
1334 4070
588 4333
1329 1800
1880 2760
4516 327
1157 3535
3693 4873
3213 1195
4476 951
4403 1769
424 4265
397 4972
3635 3490
3598 2943
4216 454
2437 3089
760 4160
4110 2275
224 957
2233 372
1735 3776
878 4159
3672 2917
2484 1630
4135 2611
3971 2081
4506 3295
4254 3257
1721 4501
199 2168
598 535
1795 4637
4621 1988
780 4994
4091 1295
3147 2500
813 1936
3286 1812
1220 4715
3206 3813
1670 4602
1209 3957
1901 960
4707 3731
2664 4247
1476 1223
9 4299
830 2453
2011 1823
4106 1002
510 2507
2495 3870
2695 616
3754 1828
1252 4248
2059 4500
3062 1880
2726 3770
1069 4994
3562 11
4448 2567
111 1219
957 1438
3564 3474
3541 4665
2562 2760
3990 1250
4247 2108
1713 913
3351 4588
1303 1851
4538 4283
1660 123
2003 4158
1433 2975
2963 3122
3554 4081
4934 4890
1851 3800
3802 4219
1875 1908
4747 3919
206 1173
3498 376
2303 2676
4746 4227
3204 2513
3330 1185
1591 584
1122 3153
4731 3943
3554 597
535 12
888 4700
4316 3170
3729 3021
1938 2362
4524 1001
732 4605
3294 2002
3440 4632
1825 4227
3868 4823
2724 2280
3077 2756
3808 2879
703 42
1234 2760
4641 3569
1308 3656
41 3855
3210 2777
3215 2647
1719 2845
3814 74
4945 2899
3386 1110
3162 2264
218 1712
58 1266
1731 2345
1858 3364
1178 4071
3499 4103
3835 127
2928 2429
3744 909
3446 1557
172 3938
3745 1741
4913 3809
1326 2550
3161 4741
1734 2617
3848 2036
1765 501
3240 405
386 2938
3677 3052
1752 2502
846 2976
938 825
4959 3466
3409 1400
771 473
4078 3398
238 4182
487 1427
2161 203
1475 2421
4764 3375
1801 4489
2587 197
367 1927
1799 1062
1882 2453
3030 4588
3194 1876
3000 2265
293 220
2085 2737
1540 977
1069 1020
572 278
3928 2515
2732 2725
4051 3912
2647 3889
3516 3021
2662 4683
251 4078
673 4628
4652 4717
1975 4477
1719 1629
2799 2415
794 1061
3808 1402
3983 1159
4898 1381
684 3325
2804 3998
1072 1470
3120 4175
482 2227
3613 3408
1846 1815
1795 3246
451 1691
4108 2880
4452 1996
4090 3977
1331 118
2988 3707
4095 115
1247 3033
378 4114
3442 3246
4677 656
3592 2542
2627 629
1515 2423
174 2436
3137 1611
2134 4455
1788 101
3910 2950
4533 3007
2457 3710
3562 1417
4612 531
4303 2913
819 3911
2022 1703
151 4024
527 4984
2957 2845
1425 2227
376 1079
3483 697
1577 4051
963 195
3813 772
798 4278
1823 1114
267 1298
1369 1976
2181 678
3782 4233
4456 1848
340 2322
3335 4050
791 1097
2657 2127
3958 2412
4358 3158
1202 805
188 4933
603 4353
147 4969
2540 2345
2641 2497
797 159
1324 4616
3930 3926
1980 3511
2606 4835
2719 4179
1190 4200
4849 3369
3006 2915
419 3903
3433 1755
4342 2932
4801 2259
4839 280
2049 1865
4352 4436
1805 1256
858 2702
3122 1556
659 2714
2086 2625
4633 4530
2748 1410
1780 4728
3533 783
3048 3991
3873 193
869 3965
637 1209
1085 2171
301 2753
4616 4521
1561 3531
1063 424
3451 2048
2256 4480
219 281
4046 3628
2389 1579
4234 3554
909 1400
633 2177
2497 878
1403 3767
2775 2882
3174 1137
193 224
1712 231
477 794
251 3017
1221 3998
578 4343
1946 1086
1547 3641
3216 454
4242 2419
2352 3970
3367 3631
4270 2708
1742 1608
2780 1284
2343 1336
321 2928
3470 3244
4626 2454
4689 4852
1983 528
4611 3581
2872 4074
1006 4547
317 3217
2437 3028
2507 3613
1278 3788
2715 1247
2430 1874
686 1933
903 803
4709 469
4666 3619
4005 1445
3519 4022
1678 4047
717 22
1466 4932
172 1117
1021 2772
4105 687
2024 2878
320 444
1031 4072
2564 4930
3064 4679
2872 2939
4719 3067
2080 4046
2250 1882
4979 264
3584 1144
205 2884
4399 1898
1602 1129
3217 2069
1276 4013
1654 1099
4226 1333
788 2201
4305 1688
3235 3744
1428 3846
4557 2760
339 2829
2793 1838
481 2453
3559 2444
391 788
3106 1733
1550 518
2652 2076
749 1353
2822 482
3456 2859
3941 9
1863 3557
4956 4339
4652 2908
4862 4685
3777 631
2459 809
1489 3009
146 1558
2262 165
105 12
3980 3992
1398 2076
3393 1753
2315 4808
375 3512
4656 1545
3486 3816
4107 2146
2197 4374
3893 232
1975 1351
1638 2691
3925 2108
1682 3421
4009 1876
2696 2757
4945 3761
4707 2157
3736 2956
1831 2521
4359 1069
3076 4833
4972 3348
939 67
2266 3896
4778 1712
4182 1829
4360 3281
3232 786
4895 3233
2544 2244
3222 4049
2555 3130
3487 4316
1810 329
1189 4094
550 4184
1417 2052
2402 589
3027 1057
2383 4093
4176 4677
2196 2341
712 4650
262 3676
3467 1403
4191 2203
224 4743
4186 3184
623 3056
848 2824
4046 1204
3630 4595
3765 4173
3819 3886
2760 3734
4366 1350
4325 2967
4527 3749
21 3074
3057 1345
323 1783
3228 995
4917 3342
2844 3716
309 3926
1542 1254
816 4691
3797 4805
2105 4257
141 2333
4079 3194
621 1296
48 1849
4403 4508
1084 4973
1634 4934
4761 4183
142 3916
4408 2178
2126 408
62 4183
4316 1492
2903 3216
4182 2223
1802 2984
4520 4211
2191 1873
4384 1300
1987 246
3560 1418
295 4329
2297 1785
1052 1083
3051 4754
809 2143
204 3861
4552 2736
3924 3547
3816 1165
4186 3763
417 3217
3974 1527
4578 3313
2845 2436
4421 4423
3468 737
872 1440
2483 1031
1290 2209
2501 4742
443 202
605 2722
299 4787
1396 4573
577 1824
124 4472
1612 3458
285 4340
3018 1231
2605 4438
2425 1136
2507 3863
1790 3370
4543 2259
3732 2410
3776 1288
189 2561
903 1495
3611 2557
2577 1210
4206 608
3935 2017
909 1276
4989 1713
3282 3369
4267 4586
2485 2726
1924 399
4369 1704
3472 3162
2441 4502
3526 1504
265 4551
3210 1673
4994 848
2683 4981
1530 908
2681 1359
2397 1096
4256 991
3294 2836
3679 1785
2752 4150
3167 410
4644 4124
3928 2717
3341 943
967 1494
451 612
2925 70
1811 694
1891 4883
1330 865
2738 2894
131 4196
3721 2368
1475 2821
1324 1062
2588 945
1791 3724
4511 2823
1292 4026
2722 1128
3152 4662
4949 2113
3486 2378
260 2729
3139 4900
803 3063
2301 4919
3746 943
1420 1179
2394 2278
2299 2742
2498 2703
3709 2278
840 812
2356 103
4233 2558
2270 4990
1868 3994
543 2096
32 2479
2154 973
2901 3299
2368 3964
1848 2199
256 4315
4981 460
4311 488
4619 2647
3748 279
1787 2589
220 2852
4559 8
2480 2925
752 3033
4664 1697
496 102
4579 1032
65 3806
1212 1934
2693 461
3025 4257
927 1423
4258 3105
2774 1611
2817 1577
1051 3206
3558 2238
4918 1594
2758 4770
3344 2869
4954 2731
4169 3688
3819 2928
4595 669
3614 877
2439 4068
2797 4454
686 767
1394 2670
425 3411
3086 2619
412 145
4173 1609
3412 4845
1040 4868
866 1563
570 4709
797 119
3743 356
118 746
2138 2207
3406 1494
4051 1234
920 1065
269 1839
227 1959
2960 4167
4968 4442
4391 113
297 441
1588 2682
2093 241
582 2600
3479 1554
1667 1113
2072 1083
32 2391
778 4591
1466 1940
12 2036
1505 2301
9 4138
4985 4143
2703 3208
956 2090
360 1488
1345 352
2898 4694
2942 4215
3754 1577
2003 1596
689 2604
4638 16
3161 2816
4750 583
2488 634
3758 1985
1958 3497
2630 3435
1843 1425
3222 2414
4011 287
91 2625
162 1855
3365 2834
3484 1711
4751 4288
4419 2667
2421 3341
3523 1779
373 2168
1442 4471
3076 4116
320 689
1688 366
1991 4774
3550 3310
3809 1704
45 2270
1445 2780
3026 4955
4556 3665
694 878
449 1344
568 1351
4168 937
3205 3593
981 696
2038 1879
488 4265
3634 3131
1556 3139
3458 2656
4607 641
405 1356
2601 3580
1870 942
4934 712
2030 2948
4491 1398
4438 4682
3834 3513
4977 2036
2754 838
1855 992
2855 4866
380 271
4043 2464
3895 1956
4700 2109
1535 4093
3108 211
18 1636
694 121
4911 2531
1126 2865
3364 2568
2501 2596
4102 2005
1597 1293
289 4822
3761 1359
294 2760
3180 4430
3374 4912
788 3881
4426 1680
2765 3346
4051 1889
1715 3087
940 2778
3002 4898
506 3346
3552 3387
2803 203
803 916
4715 1669
987 632
4465 4889
3132 4027
328 3075
4069 4677
284 19
822 141
4115 3280
548 2287
1446 3429
3092 4485
2502 3746
3724 797
922 1086
4145 4811
239 86
3944 4763
1647 62
2748 4457
4689 927
2201 3915
1646 4552
3134 3280
4774 4485
3961 3850
2224 4505
1393 4852
575 3589
2071 1643
1593 3771
4586 1213
2061 2550
2614 828
1340 2504
4124 2473
2018 407
3750 4453
1161 545
4013 1664
4132 749
4367 1214
914 2905
2759 2371
2015 4038
2941 2017
3078 4751
3448 272
2249 579
2821 524
1921 1851
1280 361
801 4201
2359 1395
615 592
1374 3524
3091 4859
631 669
2451 2404
3099 1522
3129 4210
2082 3527
1597 876
1174 4859
3658 3324
4175 4008
989 617
3896 4991
3087 166
4281 2517
3590 3573
3840 6
1449 2
4673 1044
2142 4680
4009 2170
2180 1315
3936 4097
3905 267
3179 1545
1230 4563
2059 3648
3053 25
3253 1444
4740 3511
4501 2174
4702 3284
3809 2735
4092 3431
1854 360
3504 1316
1556 2769
4035 2689
894 3588
2904 1015
3389 1688
1781 4008
1087 1313
2646 2713
2343 630
2298 3167
3577 3548
2744 2194
2742 627
3270 830
4132 2676
138 3283
1167 4906
1570 1584
4787 3539
3714 4259
1607 2541
2742 3274
4445 2178
2271 3564
2693 1526
1864 4567
4912 3761
3135 2822
4622 3370
3248 1505
2818 2593
4656 2128
3663 1166
1439 4968
3741 2207
2299 947
4062 2962
1807 536
13 1929
76 3434
4711 3996
2596 1323
1171 4449
3875 1175
4248 3279
3526 4341
875 4761
2267 2934
83 2311
1110 58
3356 2720
46 3292
3758 4408
3972 4157
1358 3501
4521 2043
3914 2333
4192 3234
4269 4346
2535 702
190 1348
1116 225
3352 4641
629 2654
4244 2218
1773 1494
1021 2774
2888 510
2023 1806
1255 4627
3292 2207
7 2901
2285 2698
1793 2287
4173 4894
4775 3486
98 137
4929 432
4637 863
3470 4624
4962 2765
3341 3266
2310 4008
1435 3567
1724 2574
4989 3159
402 3639
2106 971
3196 2156
1114 731
4556 32
1896 2643
3254 3934
2948 1694
4711 4733
828 1150
2183 1423
4996 4581
4173 4207
4254 1262
3261 1325
4820 3665
1159 2411
1900 3992
983 3722
206 1783
3493 1843
714 670
1337 62
3993 3829
268 2450
650 1556
3195 4689
2938 531
4885 239
4573 775
450 275
2570 4567
3828 3468
239 3623
4246 3192
1506 2784
4514 117
4011 3088
4569 2975
4683 2386
1694 4405
4029 3450
4415 210
1244 228
3885 4843
4070 746
4784 2959
365 4707
2002 1477
3057 1930
1515 4835
1325 1408
1866 3646
622 3639
3825 2384
4516 522
857 3504
220 1050
107 3364
2375 4012
4493 4922
2849 122
3745 1971
668 3120
3457 582
4633 545
4880 208
256 590
3987 1648
416 2784
4066 3901
2229 3776
3837 3554
4082 2046
4575 3757
191 1172
4081 339
2906 1638
801 4679
468 1430
1283 9
777 2336
1323 4317
2449 1240
1463 483
1135 2337
190 4920
3202 1016
3072 3399
2653 4034
3039 592
3012 2614
602 1877
2897 2158
3774 4177
546 1834
4403 4337
4219 957
4716 902
3190 3590
3862 4810
3192 559
1446 895
4171 4405
4155 4619
1830 2514
4831 3072
3062 886
1481 2051
1962 1457
319 1631
3523 4787
4166 1366
528 2038
3697 3260
3013 1396
2210 3661
3684 3088
4347 4168
4455 2840
1479 523
884 1137
3027 4264
1044 4029
1078 4752
840 2516
2745 2118
97 3162
3734 1925
3453 1305
3660 3175
596 3334
3983 1511
2854 2589
787 45
694 4925
789 2922
2054 3502
2848 2637
126 4067
1781 4335
718 4494
923 2580
4700 4540
3486 680
2122 4199
2810 1571
752 1940
4686 3117
2739 2411
3889 504
3943 2635
1284 3461
3103 2849
4559 2486
3366 3263
1392 1962
2304 1610
1034 3069
3822 439
3771 2321
3352 4640
1992 3349
1103 1386
3763 4335
3553 3291
4831 2845
4843 1849
1080 1038
1669 4249
4576 1896
2318 970
4906 954
566 2308
3343 1096
4887 3041
389 889
167 150
3632 1746
2439 1403
4937 2372
4258 251
1181 817
1069 665
2799 4132
3179 4152
2129 4650
4608 3339
2541 1988
3821 2346
1132 4873
812 493
654 1484
2722 193
4323 34
2623 3094
3179 18
2013 379
1090 2609
3387 4970
1373 2183
4596 4702
1988 3271
3552 1558
2530 3867
2874 3301
4494 4883
4264 427
3118 759
223 4733
3123 788
2347 569
1553 13
988 662
612 1373
3856 2660
3854 1077
4680 2498
1841 3931
3640 378
4068 1545
1960 260
3976 3186
2818 1502
2011 2989
48 458
3522 4276
2075 2348
1164 3722
1660 1446
282 1485
1841 4081
4036 3809
2911 3173
388 1374
1911 1645
763 499
360 132
526 2103
727 16
3581 67
1299 4945
3461 4060
3988 4024
1678 2264
2661 718
518 281
4952 449
977 470
1466 623
11 2430
3950 1330
2089 4775
1255 870
3555 3143
2823 4054
950 2848
1911 1288
3099 3626
2687 294
2595 4807
4118 3088
4651 3370
4194 4941
1889 923
32 1087
2686 830
2610 3438
2387 4420
3177 1391
4884 1161
3946 2378
1057 4643
4578 618
2702 173
3599 1180
4763 2627
3805 1554
420 1532
2567 1349
4268 1315
464 2517
3950 1839
2923 588
2001 1649
4383 2543
1483 3550
3720 1259
4110 4951
541 1720
160 3461
1330 4367
270 4306
1844 1914
1636 1527
3189 3563
2088 2544
4092 664
1534 2516
1364 2620
4850 3833
2167 4529
4998 3724
4223 1235
4909 1728
3725 1669
202 2705
179 4449
4171 4747
1710 745
2852 446
316 4179
722 767
3277 4485
1957 4929
1618 4760
2796 4238
760 4348
256 4988
1833 1659
2965 236
856 1593
3431 17
3673 130
1864 674
3233 3326
1106 4740
4140 3354
3502 1260
3902 2987
4180 3819
3263 4003
2245 1260
4985 4455
1882 2958
904 2614
1166 3160
3896 1242
4856 1318
2979 3578
663 3770
4213 647
212 1348
2190 2851
1844 4372
1957 2831
2119 3035
647 4186
2195 2519
4127 4772
1921 3888
2943 4710
914 2952
1405 643
4579 3053
266 2090
2075 1201
1266 2902
3275 869
1868 4358
4170 3025
3833 1359
2078 4383
979 2205
2087 1592
3291 3907
1346 3899
4604 3313
1167 1442
2544 415
29 4941
1330 1979
2123 750
101 3007
3746 1258
3406 2710
2647 4546
122 4656
3957 2870
2389 414
334 3580
49 3272
4849 570
3004 4381
3709 4256
4038 4851
2883 766
4393 717
2768 820
3314 595
4833 3390
2915 2432
280 1014
3696 8
1799 366
3243 2966
1265 2331
1107 303
616 2014
754 3571
4138 199
1329 1675
4311 2750
2001 4305
410 44
4009 73
1224 2952
1854 3821
4999 1042
1117 637
2749 4806
2700 3011
3581 2504
2741 4425
1967 3152
1189 1686
3308 1538
242 247
3236 2072
293 3934
3450 2349
258 2907
2740 4783
3405 4689
421 3426
1421 1766
1930 526
4410 616
553 2730
4330 533
2178 4638
3691 3831
4240 69
1869 4644
251 2611
3505 943
3771 1071
1506 4426
484 94
1061 1598
1216 111
3380 3775
4084 366
4707 1595
2551 1568
986 866
4850 574
263 1753
267 3972
1806 2916
944 822
3641 4968
4917 810
2961 2468
2783 1510
649 1907
2863 4411
3096 2631
1713 4556
2030 2960
2041 1987
3243 1651
1994 580
4686 2393
3619 1683
3363 802
945 2693
3870 3582
2528 2565
4654 353
3539 11
4399 498
100 1762
4464 10
4818 1725
4921 789
4883 3737
2719 2101
3941 4852
3 3546
4479 3884
4504 650
4372 1967
2048 4686
3406 2049
2013 2834
382 4962
3966 3588
2555 2722
507 1912
4479 1161
3891 1313
2819 3234
1852 3469
4211 1408
1555 342
3397 2341
2967 2067
3391 2710
1153 4584
2363 142
4010 4644
3809 2189
3973 2049
1103 921
159 3470
3256 2983
3547 2548
4198 1136
4380 1839
13 1027
2731 1820
2522 1280
1451 1706
4281 4020
4192 4282
4450 3163
992 4650
3200 4911
4891 2668
2488 4545
3569 924
4311 449
2898 725
900 4339
1363 4524
4480 406
3240 3792
1383 86
51 3648
4453 4574
535 824
750 3399
1903 285
1204 2886
3915 466
2162 4862
418 4454
4491 1036
1214 2897
1434 2954
3322 3452
4476 1492
2694 3358
4271 1421
2769 461
1919 4110
101 969
840 3500
594 3062
196 3442
4609 1325
3469 4941
3276 4945
3428 795
2505 2524
1019 1698
3437 1473
3490 4711
2738 1904
3013 3250
753 2427
4102 2380
2839 1801
385 3701
4323 3853
1593 2974
1391 4092
191 2384
1068 1671
973 60
4078 4622
1252 477
2037 2194
266 3344
2915 388
2299 1312
2762 796
569 4454
4172 2073
1479 510
1459 573
4458 1729
2139 891
4527 2814
2394 2173
1142 1604
2227 2404
1101 3528
1868 4746
1315 1971
3839 1825
2821 4309
2893 4067
4394 3809
4025 747
175 1886
576 3494
4479 1343
1778 1501
2646 4765
4613 1757
2999 1392
1858 3540
1836 1464
1441 3841
3929 1236
3109 2743
425 4700
4711 1389
216 2192
3348 2778
2242 2100
2184 3020
1421 4418
3069 244
472 2902
1439 2955
1267 1493
4804 1059
859 4096
2521 939
2445 53
4072 191
3601 4962
959 133
3551 2419
2567 4423
1244 4700
2551 656
1731 3473
60 2884
1918 2498
292 2666
3939 1985
989 4802
591 61
3564 4793
2532 2580
1987 3432
1697 1574
1982 4494
63 3451
1921 3523
2525 675
2716 3073
4108 1544
2255 1598
2941 358
3634 703
4576 3331
3966 2077
2725 2315
2254 1840
3867 2467
642 46
2319 3785
2427 3964
2228 4570
3481 371
900 3023
1489 2504
4423 4464
3293 1862
682 2650
4623 1050
3238 576
1994 2085
3207 3577
4262 3971
1014 2801
188 991
2541 19
3160 1177
2390 108
4368 254
2295 1565
3951 1622
173 4497
4220 2692
4028 3243
1512 3744
121 871
1082 2583
4116 551
476 4509
798 4988
1648 2495
4781 1266
2771 3193
739 2616
1135 2357
4938 352
3243 4754
3250 4687
3643 837
925 3128
2117 2100
3752 3210
206 2648
1490 4869
3534 1180
4954 3235
3989 2770
4681 1917
28 1086
4653 3140
3579 2643
2277 373
2552 1993
1199 4372
2345 3860
1651 2855
572 3110
3620 2668
333 1513
1357 4169
969 665
4524 1467
3452 3116
3509 285
1255 808
4565 1488
1543 4677
855 1626
1809 3232
1779 4958
1367 4097
2370 2060
3260 4034
2521 1526
1940 3987
1968 3325
2488 3204
2838 1034
1091 1689
4852 2296
4783 440
3056 4300
73 908
190 273
546 1808
4991 4240
1288 1280
700 1585
786 1445
3457 957
722 2424
449 4169
3251 4125
4427 1868
3932 3048
2743 549
3665 553
850 1752
94 3438
4919 4802
1227 4821
2852 3295
199 2604
1031 4627
3089 2868
1919 2595
291 3360
653 2520
1743 4398
4012 136
4591 2454
663 4423
4596 4370
3147 678
3990 221
607 1303
1777 897
4260 512
1302 1967
2679 2070
4128 1415
702 4149
105 1111
1941 3567
1566 1681
597 4712
636 2476
2732 4588
3478 3598
3210 4108
4398 2270
2003 3731
2847 489
3316 4826
4248 2861
1192 786
4584 929
2739 4567
936 1780
3640 4186
3741 3440
3909 2636
2666 3220
3235 2382
4018 2751
4651 4906
325 1041
2276 1552
1384 425
1918 4135
1190 4933
2059 3310
547 3295
497 3355
2819 343
2220 1460
2181 2725
4863 2037
2243 2888
332 912
3941 2965
578 4599
2579 3453
4683 2874
1327 4629
650 3874
1741 2366
4963 3577
3120 1216
4635 3851
4559 636
487 3643
3565 720
3354 1293
1638 508
4010 3479
274 1972
1245 850
1771 4735
1749 3281
180 4968
4855 584
3805 4544
75 4295
4674 3347
1946 668
3667 53
4376 4593
4109 4758
4453 2765
1623 1134
4804 2052
3357 3006
2705 2232
614 4529
4831 2861
255 2316
1196 77
3102 2474
3666 1440
438 3262
1292 604
3843 77
2176 2256
1914 2909
1428 144
2924 725
4162 656
73 1413
1500 3387
3284 1263
3772 1156
1368 292
2252 361
4854 3132
4774 1842
1490 1845
3020 4835
4629 1775
3256 3164
3458 1729
433 2621
1945 4218
434 2181
4813 4533
1349 3989
525 2064
584 1854
4675 4897
3031 1970
66 4188
3673 4737
1737 2480
226 2411
414 1130
192 3047
1472 4309
2581 4943
2788 3887
1449 2592
1489 2828
1543 1004
4984 1001
4198 4039
1401 3658
4326 1224
309 4043
3231 2804
4682 4024
260 4144
1139 2663
1001 105
1948 2136
762 2470
1456 2434
2575 2207
4154 2940
4003 1321
2373 1391
3493 865
4810 4480
2286 76
2182 2282
736 2505
3454 809
3845 3246
1706 2061
2837 2602
1597 4095
2243 1869
1666 4796
3370 4490
3630 512
3686 2557
317 3498
1854 233
1462 3229
3453 887
3593 4337
3430 3719
517 4493
3845 1052
2293 2798
4069 3573
1247 3122
3742 3812
2160 1267
1224 3983
1502 4381
2877 816
2477 1246
1492 4838
1877 645
4724 829
1439 3196
3557 4568
2851 773
2746 2775
422 2414
2790 2320
2845 389
1192 574
509 502
3335 1196
225 4246
4861 2999
93 1428
3105 3895
3262 4100
1471 1988
426 2473
2108 4682
3108 2515
1028 194
4121 2704
3464 2987
2103 2570
3052 431
4546 984
1884 2603
3912 3525
1002 4949
2297 4395
20 3737
2036 4137
335 3361
1994 2661
2789 4212
3363 4804
4773 1902
1504 2554
2865 2794
161 4544
2209 2010
3954 4804
1935 2331
408 2781
2773 1325
384 373
1815 2791
2116 3748
1221 3965
3276 3897
1169 3833
2880 4541
3063 3680
2534 4543
894 4456
4620 4039
3067 1698
313 2482
4351 173
1174 4038
2757 4952
4562 2751
3786 679
2349 1826
299 1270
1281 3385
3088 4682
3806 1442
2919 4888
4652 4112
4788 947
367 3725
346 4705
4676 307
4917 3511
1574 2572
1755 3661
4879 1285
1938 1750
3504 914
3297 3010
4845 3997
3884 1794
1 3159
4887 2943
1301 3856
2029 2888
3726 3758
1949 94
4727 108
3749 1075
3555 1743
1007 3026
361 3546
928 2597
1153 2376
2931 4217
485 3378
2954 2931
1077 775
3978 3727
3416 4840
3700 1804
4748 892
207 3706
4814 2792
843 4400
2427 712
2842 2711
3487 2457
1364 4099
4153 734
335 2405
1617 3539
3697 3645
3120 896
3800 2824
2550 2725
4571 1012
3282 1529
3451 878
4385 189
2326 3317
4658 3929
3361 3772
2877 2453
91 4273
1069 1748
1609 421
1811 25
584 4118
894 3890
3946 3330
122 4273
1086 2688
2466 4325
3040 1456
2192 3089
1005 4415
2874 2443
1694 172
351 4818
1190 1413
567 3418
2428 3344
4349 2806
3043 692
3396 4251
3800 4368
817 1112
3767 2424
2174 2851
4401 3399
1197 3396
4585 575
1765 1323
660 1409
1868 2156
2656 4289
2709 2196
4112 3295
2697 261
1627 204
4708 1759
434 4787
246 2358
4537 2817
2918 2293
3050 3693
753 749
4850 2652
3189 3190
2254 1004
3422 588
1916 2013
2434 2734
941 3585
2357 1969
2046 1369
345 4169
2772 17
2051 3534
3139 3786
1575 4680
4559 2596
3286 1474
3305 3469
2957 4243
2252 3312
1849 3120
3094 4804
4294 3035
3023 4836
47 3864
2852 3374
2522 3097
353 3498
1142 3261
3272 3230
2747 2826
50 1271
3956 3165
457 293
4641 1131
1618 4157
2936 2304
1831 3426
3709 3726
282 3829
4448 2934
1530 1730
872 1516
120 2877
3023 1503
1600 897
1319 738
2010 2479
4350 4559
1024 3919
3264 325
2056 4796
2027 667
2555 266
3691 197
351 3638
2502 3139
2362 77
3674 1202
4003 4431
3138 3338
864 4368
4800 305
2012 4688
4844 3074
198 1254
4367 1380
3968 1280
1235 2628
1803 4161
1959 1600
2562 248
490 3281
919 4965
1776 1080
3274 2413
3459 1032
4560 4806
2196 671
2151 279
664 1733
1359 1212
2909 1393
4045 3688
528 2801
874 2530
4221 1607
1377 1303
698 2549
449 1720
3980 4700
3553 4861
4148 200
259 4906
1030 2578
2831 3752
1589 4589
3020 3164
176 4891
2769 3321
3543 3186
1756 3127
4208 1382
78 4331
512 2826
1341 1390
4867 3267
2971 3331
4639 4264
140 2699
4951 2975
4842 4951
1648 3420
1262 3391
724 2958
1883 2550
1901 15
3792 4719
2677 553
1493 45
4433 4737
2738 946
3508 2386
4629 4196
14 190
4256 4063
1683 2786
3831 2434
450 744
2773 2070
4140 4328
3659 305
3346 2494
3549 646
4058 2075
4960 528
104 2557
3469 4056
4791 1625
3682 579
4607 1613
871 3631
1215 33
3349 503
3074 1765
477 4311
2992 2629
3672 3552
2486 2681
415 507
944 2538
1114 2305
4547 3189
4568 2421
4647 4073
668 2816
2470 3858
4822 3551
2475 684
261 3425
2011 1426
3186 2852
237 4271
774 624
3413 1092
691 4765
1717 4129
3512 2537
68 930
2029 912
4598 954
4098 2241
4933 1733
2961 830
4008 4986
1939 3586
4252 134
2811 1152
1043 3183
3220 3741
4954 2608
475 34
3107 704
375 4807
1761 3685
3704 3145
2129 1193
3913 3703
2070 3442
968 2765
2539 2908
773 3279
3674 1692
1668 4540
3839 169
3949 206
2336 3646
4087 3997
593 3926
4325 2542
1507 4343
2304 4860
3367 680
1906 968
93 2112
2743 1717
700 3918
2392 2340
1872 294
4258 4348
1968 740
273 3783
2478 4247
2673 1571
4367 2712
2662 2391
4174 1166
1725 2312
4981 4040
3585 4889
1561 1340
4161 1557
524 814
3493 2052
3135 1752
1794 4594
4502 4368
205 1845
2461 4884
1513 495
2756 2515
2967 4859
3014 3920
1935 3612
992 1605
3222 4238
2320 842
3015 3391
1180 2964
2206 1812
2248 1648
2771 2185
846 4360
358 1228
3174 522
4093 4178
1097 3307
4780 4644
4942 159
2446 4766
799 4514
778 3583
4506 461
1895 1672
4950 3134
205 3033
1968 4348
4970 708
2587 1410
4764 1217
3095 1764
3662 465
3655 1733
2912 3333
2229 3957
592 1241
459 827
3487 3308
3009 1574
454 4362
2793 342
1354 4835
1305 4824
1477 2153
4652 2207
4921 4648
1974 4930
1169 2623
1929 1067
4178 3359
2760 778
3184 425
