201
133
306
378
74
129
275
-1
450
243
4
171
419
133
159
371
308
299
412
355
376
204
389
342
348
468
112
250
407
112
152
191
24
397
196
549
192
514
12
86
101
454
42
30
613
84
282
7
15
178
418
69
109
197
139
338
60
290
94
36
291
507
101
365
210
551
425
213
44
45
85
98
303
403
185
104
652
21
199
110
14
130
450
157
51
173
530
120
138
149
342
222
61
643
236
195
196
278
535
314
246
427
31
203
421
149
478
22
434
67
101
57
426
30
241
89
398
157
192
31
519
407
159
318
397
164
35
539
146
138
28
314
212
45
52
467
26
215
115
170
43
44
152
339
107
160
293
7
179
232
345
512
311
629
437
228
540
418
296
318
411
333
13
40
156
524
270
496
263
60
208
325
367
554
14
105
15
105
109
291
57
68
86
491
235
338
178
320
360
37
265
163
37
257
316
453
144
169
303
141
80
613
160
246
359
90
529
251
253
169
236
19
-1
277
466
283
470
566
112
311
33
498
117
563
175
67
299
372
93
496
304
225
262
29
490
108
7
144
248
49
470
7
25
202
76
421
225
235
344
198
32
354
256
253
165
660
49
548
32
572
186
87
292
101
355
144
379
143
88
318
170
442
100
45
189
165
46
299
632
294
56
122
62
307
389
127
218
45
53
203
14
33
99
538
252
149
190
162
437
197
498
388
366
147
126
253
110
403
137
415
313
74
441
174
329
178
327
14
43
12
291
126
249
267
484
52
331
8
347
117
147
288
552
40
200
12
495
104
324
204
338
230
617
14
276
331
203
41
357
93
409
30
61
40
282
175
428
103
195
70
237
258
253
71
233
25
229
11
244
157
563
324
88
394
177
81
105
245
291
34
132
50
260
43
36
333
229
17
295
1
162
398
104
163
249
195
234
62
159
106
158
348
38
49
31
365
25
320
460
76
169
349
395
20
311
463
554
423
568
58
320
212
239
26
151
562
295
82
41
16
245
101
296
226
55
199
12
83
185
286
248
222
219
370
197
24
491
282
228
291
253
628
52
319
205
76
30
71
207
20
125
110
51
446
361
12
198
429
313
16
347
586
121
481
175
110
424
295
526
467
289
29
395
157
635
214
251
210
183
585
149
13
233
445
167
158
61
597
100
309
247
355
198
404
185
149
55
418
3
66
72
368
486
475
553
346
225
17
318
227
377
298
13
392
126
458
309
246
72
359
165
13
119
480
121
39
197
207
25
63
338
448
404
72
169
47
43
442
285
718
103
424
615
597
49
539
417
404
621
362
396
59
142
246
174
209
121
200
233
175
89
8
28
200
150
163
145
394
41
549
187
250
278
372
289
122
137
79
174
66
343
372
236
71
200
519
360
396
90
483
492
95
22
458
238
183
76
286
461
109
273
564
299
152
222
418
141
46
85
380
264
599
178
223
35
400
267
233
152
713
334
211
354
287
407
118
252
429
654
262
328
-1
300
276
7
320
215
582
371
94
315
163
189
230
376
188
331
34
285
4
62
542
9
256
336
529
354
169
55
53
144
109
56
252
380
34
28
247
75
103
220
152
266
506
66
278
516
326
139
3
20
32
86
100
37
13
179
17
322
82
42
17
221
8
84
43
298
153
462
10
651
207
169
344
185
513
205
61
179
172
68
10
200
7
283
175
54
190
535
527
345
335
507
31
372
318
249
232
259
274
466
339
37
558
451
292
48
186
467
105
331
169
175
73
265
253
145
427
34
121
488
650
655
104
438
128
393
537
171
127
45
451
59
229
112
21
364
14
101
222
393
249
92
346
126
61
112
351
199
214
3
372
36
271
142
242
174
350
13
87
504
614
299
492
178
65
389
198
674
452
425
126
83
215
520
174
359
150
254
7
281
186
272
50
431
136
342
422
338
49
76
62
253
33
248
88
283
681
222
272
416
326
127
299
23
80
439
122
91
282
59
147
613
325
358
101
336
111
367
102
378
62
152
-1
510
329
11
203
510
171
303
463
466
269
127
94
145
232
281
244
338
514
10
128
63
57
188
608
288
367
62
195
470
590
8
33
264
155
77
250
157
71
335
285
525
327
313
68
191
108
114
15
401
311
452
7
292
252
292
613
140
202
276
221
154
243
249
43
399
266
225
140
13
342
3
103
77
138
350
175
121
250
135
560
3
106
374
293
517
255
171
287
629
1
45
548
137
367
560
48
6
329
149
58
218
427
111
6
528
53
289
443
374
116
21
88
137
274
52
151
168
90
260
183
397
66
345
127
275
428
259
263
87
625
482
177
244
250
22
200
83
152
530
418
309
247
349
424
27
96
160
362
315
628
313
268
311
54
158
64
311
266
35
541
304
396
208
364
245
234
250
412
192
257
258
6
12
57
185
381
191
14
51
495
20
2
355
165
100
300
106
18
5
677
297
245
297
303
510
14
55
129
295
343
274
269
581
378
64
616
396
191
164
2
539
614
661
359
134
597
105
83
95
393
344
598
155
333
66
631
9
557
392
325
94
368
197
353
51
75
323
320
30
249
188
122
16
247
342
2
229
20
40
238
79
423
214
318
47
134
188
26
133
302
69
549
492
76
142
193
50
372
409
198
190
275
77
162
15
223
33
420
23
240
96
25
85
128
18
420
179
59
29
330
351
426
121
544
12
418
318
31
150
29
147
644
288
153
23
91
134
546
529
11
442
347
159
83
5
204
636
214
510
375
539
333
396
617
250
527
34
166
105
287
77
309
262
190
301
458
44
81
284
27
449
82
254
352
471
251
348
608
48
253
34
320
383
105
79
70
102
216
440
58
247
490
139
412
557
45
273
303
335
121
354
570
113
638
473
22
506
219
353
9
352
119
459
98
358
225
335
611
48
338
90
46
268
29
105
24
536
19
314
113
160
73
274
8
66
303
26
15
188
265
627
275
460
169
396
75
495
62
204
10
557
478
186
267
379
142
164
409
270
348
32
432
181
200
434
183
424
65
196
108
235
19
48
20
157
432
544
250
329
195
13
221
594
149
71
74
115
166
158
160
332
565
111
434
326
131
384
642
9
207
101
255
413
312
323
446
416
348
242
239
234
279
229
133
122
536
421
133
369
48
160
135
573
222
94
179
431
276
395
86
153
449
245
481
476
279
613
167
300
467
182
249
234
11
162
4
138
87
479
40
269
142
312
87
564
114
29
281
311
371
2
516
33
221
153
270
218
327
51
473
297
197
298
256
376
430
172
49
176
689
351
72
529
95
347
70
242
28
43
218
572
310
8
402
98
6
229
381
260
315
440
629
356
157
123
4
140
208
184
734
368
171
83
317
548
270
281
344
205
221
65
683
49
185
304
219
503
332
163
545
383
236
146
188
2
48
69
94
627
660
298
179
47
277
318
40
172
541
259
365
687
662
284
385
523
4
335
124
75
297
245
403
47
228
497
459
226
191
43
569
14
169
693
5
267
691
8
304
103
29
232
437
186
222
176
163
314
33
630
140
4
458
118
326
112
219
336
529
208
647
107
135
358
249
413
198
240
131
288
315
153
382
127
374
174
275
184
92
114
201
442
160
239
8
128
244
581
545
402
9
178
268
444
108
216
367
11
464
484
458
393
302
243
222
3
209
371
325
32
421
447
179
457
317
21
3
83
193
239
61
470
451
33
157
403
449
340
522
295
273
75
438
118
24
270
218
253
298
673
488
407
527
373
259
311
92
529
352
115
174
353
492
316
301
292
176
518
221
109
21
121
40
64
206
429
183
132
295
484
57
70
86
431
14
7
458
237
88
408
33
227
69
98
48
441
520
191
112
259
410
106
13
469
241
96
126
77
732
130
102
442
103
102
26
15
140
118
73
12
81
146
237
327
539
204
108
124
214
255
146
545
13
291
200
413
96
487
554
581
333
34
669
444
283
162
497
663
128
323
328
256
486
101
151
321
699
360
488
183
197
30
510
355
251
331
77
154
38
416
595
496
141
273
127
271
264
352
192
232
214
77
11
399
255
139
298
264
81
135
40
148
92
1
269
363
134
291
143
27
143
369
138
95
382
146
278
35
238
273
41
444
267
338
258
95
241
511
268
570
307
49
259
366
180
279
31
480
275
5
285
108
374
566
166
192
51
438
282
526
325
223
300
87
151
357
239
67
404
461
588
475
7
52
21
281
60
23
370
454
283
235
605
138
431
11
519
31
636
190
359
186
685
433
77
401
177
103
110
14
2
78
525
378
510
78
14
170
139
357
395
354
256
219
6
374
426
97
493
171
64
152
24
42
252
207
161
249
115
193
244
99
147
109
483
136
66
178
62
242
4
183
114
491
385
139
87
260
241
71
92
94
158
159
8
351
218
337
470
665
70
177
351
35
342
154
178
100
233
232
309
551
539
110
34
43
250
269
339
78
423
190
73
30
505
29
147
356
101
220
171
261
55
258
23
348
423
737
497
213
185
303
420
217
337
316
72
389
340
339
558
150
468
665
637
534
105
449
415
342
441
47
315
212
56
59
143
103
90
390
58
518
422
15
685
467
84
537
339
463
14
2
207
302
398
199
188
219
51
73
554
496
600
25
196
99
373
689
300
60
17
290
278
275
164
321
227
278
637
655
550
495
35
147
670
143
98
228
182
182
185
256
283
396
46
251
609
420
43
266
356
446
292
40
418
250
92
625
219
135
598
399
423
332
208
380
303
454
160
570
165
473
130
26
473
489
376
469
153
288
586
317
64
262
129
162
45
297
132
456
457
420
158
263
170
185
11
144
321
52
469
290
123
107
424
325
724
398
236
8
539
80
367
261
158
252
89
218
638
75
140
156
29
468
127
151
121
140
366
567
188
69
100
4
169
253
361
476
433
198
92
71
126
250
279
64
335
306
564
336
367
219
506
401
171
155
5
206
63
382
300
58
11
50
191
291
311
153
686
27
439
581
315
211
98
550
159
95
450
43
451
187
272
267
111
293
210
294
45
331
577
78
328
458
176
412
23
390
228
163
105
25
553
120
219
333
616
328
349
111
159
403
431
70
162
491
106
267
89
343
293
396
97
247
124
91
569
147
289
83
431
368
223
458
624
94
435
75
142
396
21
275
311
190
39
309
55
380
205
303
195
530
10
148
569
157
209
439
131
74
344
269
95
182
136
587
9
232
232
295
358
429
304
3
131
323
16
291
162
13
621
692
318
201
18
400
555
194
624
26
244
157
494
204
287
93
159
198
150
409
15
390
158
156
604
22
258
81
417
563
120
471
234
162
28
170
401
577
320
441
22
70
321
74
435
159
60
282
300
200
48
50
611
314
264
505
249
95
206
596
14
16
417
268
292
471
610
271
218
387
309
58
209
367
25
49
491
201
178
558
261
454
362
160
230
66
13
365
349
243
416
21
149
21
85
180
200
239
17
114
8
242
102
507
59
55
22
111
129
269
116
312
157
50
14
25
639
390
421
212
24
99
393
280
190
642
14
144
293
268
42
3
180
55
183
526
178
52
113
78
344
105
338
258
305
79
554
752
357
764
196
650
175
150
36
25
249
377
507
178
401
507
235
122
222
257
376
398
6
323
449
576
152
416
158
266
66
41
198
64
134
64
629
88
387
62
317
187
254
-1
557
262
61
30
324
111
486
116
73
103
612
390
83
2
263
116
19
241
142
577
200
256
15
282
72
52
216
567
570
28
75
335
131
9
269
517
83
243
100
68
258
56
126
473
484
82
535
63
524
267
370
227
595
605
106
46
291
77
298
716
687
202
380
226
454
390
126
564
4
628
235
191
411
571
376
19
141
290
255
465
336
32
232
80
33
572
363
115
677
96
358
15
194
324
310
314
188
345
1
218
194
43
380
37
249
139
217
596
206
160
332
156
159
393
65
253
318
129
359
451
109
85
104
15
276
556
244
88
330
120
302
99
188
195
178
131
95
6
30
437
413
222
13
523
422
413
194
192
81
32
118
164
335
88
445
313
67
310
318
5
234
257
383
203
463
416
599
251
309
14
74
241
453
375
499
390
242
359
375
68
490
91
114
308
442
405
215
172
572
125
47
480
64
267
284
585
68
152
21
123
68
343
24
97
277
76
115
193
492
379
395
414
188
83
686
113
519
192
32
196
325
75
361
142
204
72
443
411
38
266
9
335
343
694
539
112
302
371
238
156
117
76
78
152
30
129
14
219
188
359
382
320
113
103
419
400
134
203
370
135
116
364
25
41
76
164
303
628
59
409
346
119
681
8
89
214
177
245
124
331
18
232
246
158
365
153
129
49
473
157
268
325
239
392
92
93
168
103
130
260
512
21
51
358
123
434
26
61
209
272
64
492
536
120
258
285
203
83
444
512
468
307
88
473
95
371
45
97
169
26
77
123
12
113
334
71
302
290
214
215
405
29
273
474
104
375
431
444
103
283
321
76
187
46
89
154
494
111
5
433
265
158
176
329
262
186
213
235
588
67
453
129
393
463
109
569
451
275
341
271
86
145
282
180
153
156
220
8
198
97
293
474
260
181
82
10
215
233
438
93
690
38
221
361
162
137
234
150
108
86
369
221
87
421
248
337
352
48
67
361
305
306
355
33
169
50
335
369
282
327
205
176
129
254
356
229
26
368
465
302
480
121
100
62
218
372
213
244
52
261
359
241
62
151
548
574
358
15
662
59
46
538
410
208
37
324
287
318
258
122
217
245
95
315
405
569
238
100
189
83
178
410
100
124
99
629
636
385
719
402
169
301
447
4
435
125
73
179
708
346
371
536
212
525
677
217
349
514
142
597
452
8
213
139
469
46
282
34
652
37
297
189
215
28
51
302
394
171
164
227
151
185
296
91
663
115
317
171
119
349
505
4
377
66
688
105
334
170
147
195
358
142
30
14
278
173
116
485
359
31
400
221
93
160
476
3
401
188
24
286
262
509
136
363
194
531
59
230
475
239
97
109
174
349
53
178
88
400
360
345
135
220
245
95
451
530
258
223
465
267
531
296
220
298
162
508
11
352
388
236
107
281
139
166
182
16
369
291
116
97
273
120
396
518
103
92
426
71
358
182
263
474
448
379
140
192
354
29
197
89
30
81
20
248
6
80
433
287
211
420
194
38
292
18
11
345
413
167
275
277
257
105
104
80
59
328
419
378
118
292
222
3
374
426
102
113
383
349
59
113
3
320
396
164
501
531
165
286
351
190
199
182
61
62
168
597
349
363
602
459
333
163
189
177
127
108
674
565
83
81
35
29
109
219
4
232
307
498
561
320
396
82
540
586
311
733
135
241
283
24
106
37
232
23
30
50
227
11
480
61
393
277
467
29
450
49
17
32
40
285
7
535
430
137
103
175
455
546
158
495
275
87
258
332
277
183
55
13
291
67
220
202
263
423
68
376
92
306
117
497
17
432
380
365
354
130
311
167
158
64
278
291
335
237
98
192
21
460
89
223
248
181
187
360
444
463
238
163
44
346
82
186
227
236
228
32
250
99
284
3
30
63
67
272
82
632
5
16
368
118
52
54
112
185
191
260
66
72
633
296
154
528
179
453
326
262
47
250
126
247
175
237
601
249
270
632
277
51
105
194
273
401
125
296
74
562
156
336
497
24
104
529
469
327
456
242
591
22
420
224
575
556
63
198
393
437
127
348
150
4
137
5
352
523
335
21
298
165
298
10
435
220
101
72
136
308
216
87
234
8
297
17
156
265
131
323
9
168
101
71
43
73
23
585
125
172
300
326
325
316
18
332
265
453
39
452
54
470
329
237
105
106
90
9
48
166
3
364
250
216
527
531
75
491
320
79
140
97
161
61
85
63
446
304
306
346
375
91
635
496
494
162
48
264
273
207
389
450
287
369
592
136
275
326
264
276
465
265
366
113
94
305
450
84
204
141
197
557
238
291
171
162
294
592
253
262
85
271
46
456
457
163
96
557
113
199
11
92
101
46
114
289
130
104
637
307
158
390
223
21
158
642
611
306
312
583
592
57
616
514
136
375
329
87
156
39
330
126
88
395
43
160
6
549
185
445
127
199
501
149
519
108
126
37
322
248
26
411
360
6
176
99
272
615
15
360
158
189
399
39
67
87
116
609
161
216
453
423
277
425
298
35
46
53
457
280
203
549
47
69
336
142
330
205
128
53
19
191
241
213
241
364
5
282
65
18
173
419
547
116
455
36
133
477
445
567
169
222
226
16
14
109
232
335
443
236
182
409
100
179
438
264
126
27
605
183
372
54
93
22
675
376
31
33
223
64
316
171
79
399
425
341
656
400
64
391
78
40
664
55
550
459
431
344
126
117
256
20
45
574
392
208
376
125
388
39
194
191
448
325
443
557
177
365
145
556
588
471
120
58
31
70
198
223
103
221
77
166
367
629
25
459
59
188
35
499
249
299
232
223
445
127
207
253
293
319
399
187
214
359
183
493
272
17
420
80
214
44
47
258
259
292
233
206
33
473
125
55
135
403
118
460
125
151
128
130
191
70
212
69
339
104
547
379
34
128
266
349
123
733
81
479
114
706
565
16
167
370
314
4
417
350
323
310
622
380
122
27
679
364
255
42
389
458
228
647
352
245
253
118
359
466
59
520
37
85
218
37
20
133
235
576
19
420
2
306
38
269
44
340
591
405
79
27
480
111
114
502
3
516
358
717
528
391
366
2
141
6
198
259
215
174
336
441
115
8
295
227
184
348
605
375
168
171
470
57
33
212
131
150
126
289
8
333
347
331
187
56
683
407
624
246
266
438
321
102
478
251
43
493
58
112
378
426
683
508
142
123
556
179
165
316
118
83
150
200
241
574
454
4
15
357
5
213
251
178
770
140
219
39
490
477
558
233
101
41
387
333
339
85
234
505
68
509
490
321
246
414
253
49
69
43
341
130
72
367
26
261
605
217
706
27
3
170
421
522
81
238
313
185
497
234
514
31
282
457
464
39
197
568
4
272
17
7
427
125
5
212
225
201
447
577
517
8
310
103
42
258
134
115
130
33
232
24
111
72
196
265
523
561
218
479
530
95
314
210
20
268
53
46
61
408
155
362
355
347
393
384
394
4
12
594
9
177
408
427
56
243
219
284
174
142
124
257
130
159
151
238
226
346
280
123
56
546
74
470
406
319
427
294
84
58
315
368
264
62
271
395
334
131
136
587
79
323
68
578
152
153
114
52
241
429
273
594
140
17
90
372
532
615
16
113
439
391
-1
445
175
258
399
237
136
277
77
368
185
685
57
265
449
513
424
219
268
622
198
386
318
243
32
122
232
59
330
123
335
386
117
150
394
298
31
563
350
651
163
141
34
177
14
3
140
404
141
216
15
130
358
4
219
344
388
74
575
303
265
355
4
13
8
296
131
34
185
244
196
98
413
369
164
43
341
354
14
648
145
401
220
392
282
149
100
197
290
148
248
164
23
327
197
38
160
342
120
394
302
300
37
27
155
72
322
179
84
103
452
85
389
112
407
575
151
371
50
445
188
448
207
31
312
162
483
55
295
54
31
182
166
536
392
308
199
264
67
127
362
498
511
150
396
240
123
410
298
40
72
465
290
177
195
198
74
496
202
200
99
213
63
180
20
223
396
126
508
70
153
96
117
563
52
420
196
76
81
311
452
163
351
21
591
306
425
375
83
274
0
287
253
218
53
209
105
61
558
167
676
338
639
129
215
302
39
146
53
347
168
266
39
276
430
264
414
740
447
319
258
277
195
303
107
174
80
27
270
226
306
159
148
355
22
78
594
239
57
5
89
557
55
97
191
499
6
76
16
473
249
551
434
109
413
156
136
298
90
226
95
252
331
94
236
332
195
344
190
471
349
30
187
77
598
267
9
587
53
297
4
487
370
306
388
145
570
289
581
277
80
182
251
175
38
213
114
42
446
303
429
739
400
112
86
138
81
97
177
410
546
90
510
266
547
149
87
27
421
329
339
95
292
206
740
122
356
596
162
572
538
189
401
607
222
209
189
168
455
264
61
601
213
314
439
66
181
2
323
109
262
160
60
568
219
577
577
41
436
18
107
338
12
561
318
99
204
14
309
357
392
362
297
499
59
637
348
198
135
347
40
425
232
635
328
41
127
416
22
228
196
445
238
96
195
643
20
266
356
120
423
25
222
467
32
483
2
382
17
54
132
110
159
360
497
546
21
95
362
75
431
150
442
406
103
141
570
311
359
248
399
347
349
432
479
437
64
50
348
176
116
143
214
495
157
506
206
166
441
46
93
72
225
286
680
18
35
65
421
11
620
227
134
109
323
368
146
41
480
16
268
107
37
358
109
23
79
164
382
320
215
156
443
422
146
154
8
569
402
339
40
43
371
471
210
36
342
277
261
165
36
183
101
389
186
40
63
214
563
150
211
64
448
184
12
419
48
143
7
619
295
148
184
350
454
43
80
612
128
325
346
73
750
97
168
424
183
61
223
126
348
105
31
246
23
52
529
46
364
226
222
353
334
133
463
103
336
521
206
185
195
196
156
145
27
41
73
258
216
47
269
140
297
318
416
46
185
424
81
22
149
18
482
236
206
15
566
276
93
23
183
344
91
528
161
134
204
266
137
262
411
238
55
7
158
27
141
22
74
183
279
58
516
453
24
214
576
132
80
522
152
183
423
279
56
201
66
507
214
302
9
96
304
18
313
48
268
218
3
508
117
183
23
465
516
192
127
208
134
146
287
354
389
244
178
425
74
35
59
307
161
-1
75
37
193
189
148
249
552
122
423
337
371
58
353
138
53
272
23
220
298
171
380
442
89
254
37
383
167
216
33
257
153
224
233
120
458
155
47
40
144
140
51
82
90
191
247
106
228
129
147
68
549
244
309
216
196
216
179
522
51
328
99
550
331
269
116
412
334
263
151
443
306
35
274
456
410
130
278
396
437
14
390
132
461
172
172
75
320
359
251
391
278
196
513
220
429
408
210
418
231
39
738
116
113
362
109
240
69
306
236
330
252
330
222
75
392
70
29
169
319
211
197
493
192
285
541
152
312
161
144
240
22
681
500
49
77
58
19
411
435
133
202
161
311
768
314
472
130
361
517
212
446
322
431
31
474
20
603
218
219
73
544
14
50
326
15
194
408
214
241
73
302
262
223
352
532
540
234
55
141
347
109
286
15
13
424
156
177
653
95
56
546
470
46
109
284
173
87
99
14
278
739
138
158
213
310
437
27
151
227
8
270
147
152
2
557
642
179
231
277
566
40
407
89
287
90
3
133
271
1
20
10
356
155
42
165
25
46
159
5
31
371
104
331
300
101
224
218
28
99
340
155
299
70
21
301
391
364
148
149
330
593
463
697
554
139
367
387
456
374
167
359
26
378
8
53
477
192
28
2
128
100
2
91
83
219
209
235
241
114
160
2
398
179
78
592
48
236
141
109
66
534
366
459
395
257
230
214
495
460
544
5
574
254
121
236
213
116
175
378
562
265
53
214
475
638
310
247
444
530
290
199
462
432
354
404
253
396
503
305
135
25
62
353
138
286
385
34
438
37
349
410
365
452
85
281
45
127
124
413
509
198
84
481
109
351
99
352
223
22
408
291
219
16
153
10
245
29
57
174
240
189
515
330
253
400
427
39
46
535
231
217
248
352
3
111
110
48
337
81
391
365
477
13
613
526
304
120
123
222
403
20
204
662
487
54
220
661
507
53
155
364
645
259
289
73
543
278
91
105
324
398
72
255
112
374
76
299
105
121
56
458
275
451
158
245
86
486
378
25
194
181
281
500
608
309
141
30
103
474
264
252
226
120
462
174
230
572
117
97
81
467
136
22
125
136
705
720
240
274
685
210
305
112
532
457
195
84
51
21
412
236
530
9
349
95
709
34
292
203
209
145
93
120
298
73
176
93
80
282
196
342
308
659
734
52
119
202
375
248
101
80
96
54
56
161
570
221
110
70
358
47
456
590
256
251
386
383
59
134
139
4
409
174
359
691
35
123
631
369
185
95
498
65
300
270
575
510
251
67
155
124
110
71
466
361
58
188
90
50
390
668
362
221
129
76
100
38
211
493
22
98
86
23
482
110
437
275
262
406
173
535
528
65
191
264
649
88
186
669
81
270
646
42
61
164
205
208
107
395
432
545
328
387
327
176
58
315
52
50
284
361
513
103
273
341
385
572
62
6
215
92
46
32
377
46
99
487
7
212
414
21
564
47
50
173
649
101
313
316
135
508
291
520
466
637
339
589
382
387
364
101
12
286
224
540
434
402
306
245
91
142
215
90
44
590
218
300
44
539
450
491
389
19
461
80
661
58
369
190
139
498
216
331
82
409
660
58
198
533
409
114
57
596
472
662
148
124
37
319
87
61
399
370
431
304
266
72
104
368
147
68
490
231
198
58
659
209
569
219
546
687
150
286
72
265
194
537
207
23
190
118
4
478
164
541
132
89
447
32
661
123
61
180
138
290
310
630
60
328
271
7
143
301
39
384
72
220
45
86
233
63
88
347
254
14
103
56
252
318
24
424
127
204
70
215
205
11
286
204
154
408
316
251
196
356
213
162
255
288
505
70
243
295
98
81
191
124
511
83
103
454
430
168
306
233
585
481
278
223
434
399
663
465
491
410
488
556
264
32
141
301
343
260
207
47
162
149
167
566
510
202
158
256
640
176
43
533
242
199
618
123
278
58
457
44
28
284
250
166
412
241
210
495
432
137
103
300
129
364
232
80
244
43
197
204
43
358
360
322
260
7
184
104
566
201
396
337
243
40
46
211
330
316
101
258
4
159
18
243
338
239
307
442
214
39
64
344
58
-1
644
301
690
174
378
267
528
240
298
274
459
32
281
145
365
349
157
15
66
2
211
45
102
410
57
303
602
110
37
605
126
208
680
74
90
50
669
85
237
285
176
109
646
87
110
286
352
349
741
386
267
83
200
143
224
321
362
198
85
193
251
130
64
520
545
398
6
276
150
310
158
393
468
209
444
269
228
250
243
34
382
422
48
296
215
223
179
263
276
223
318
157
107
54
372
361
335
466
403
158
601
157
220
429
598
221
57
531
184
25
110
408
473
15
562
275
493
42
42
437
169
465
300
243
273
7
307
621
41
46
396
133
-1
183
336
131
434
23
455
1
38
289
327
186
160
628
369
232
184
323
215
304
523
140
246
255
635
546
204
401
331
194
45
400
213
27
169
467
124
6
5
48
187
358
226
153
435
209
180
47
133
575
341
324
20
29
471
293
55
23
304
283
72
177
175
35
294
16
319
147
200
138
179
7
297
58
145
67
150
98
244
245
433
331
75
214
17
193
409
199
50
134
49
81
285
149
260
105
284
514
92
33
423
392
149
352
19
14
34
543
121
220
166
277
226
137
41
298
68
184
150
482
556
196
49
236
105
465
119
204
579
318
539
443
219
455
89
217
196
144
220
6
74
132
89
284
198
77
74
193
2
21
372
381
305
381
495
284
202
77
55
85
46
499
24
379
17
263
162
21
222
260
77
175
352
354
63
353
370
250
60
476
264
117
164
114
251
53
17
177
304
222
4
355
136
196
635
77
190
480
364
253
275
321
32
349
115
123
19
102
218
2
172
113
149
303
125
27
405
400
251
238
341
32
443
210
253
219
291
142
49
328
434
130
387
3
103
299
3
204
448
340
340
259
319
365
92
176
268
575
133
578
416
19
562
503
705
192
73
394
248
267
330
696
251
290
553
282
242
302
692
20
273
20
256
154
239
613
452
335
419
462
30
568
141
385
13
374
158
232
196
265
269
139
364
552
197
14
336
444
93
127
148
225
182
222
433
367
416
208
118
548
48
178
164
247
237
61
552
162
56
331
630
342
257
38
329
126
30
278
96
178
51
83
108
176
355
339
236
224
5
45
298
437
275
322
41
26
312
536
183
414
139
406
224
287
206
362
210
125
78
253
87
3
241
25
327
98
19
367
273
331
19
390
290
503
220
119
211
154
73
597
266
66
222
177
570
268
54
176
66
276
525
190
150
115
394
5
358
135
330
131
53
268
62
175
190
138
491
542
129
244
46
84
503
216
198
123
192
358
149
274
36
435
717
42
295
93
138
124
339
330
14
122
88
516
46
88
298
55
494
244
176
26
557
140
533
349
617
369
556
473
378
331
26
446
337
111
61
61
219
423
109
212
387
311
129
490
301
51
272
376
61
86
375
197
277
81
275
449
96
45
63
193
157
16
450
78
163
305
154
166
358
434
57
238
122
65
414
268
281
254
469
258
37
23
301
26
28
680
64
191
137
241
179
617
269
77
147
-1
6
301
352
28
512
275
693
314
119
124
332
69
520
81
42
285
267
135
205
241
299
374
64
166
161
81
122
251
456
60
186
475
394
575
472
243
85
39
230
121
604
185
234
318
341
59
40
351
478
328
315
10
360
192
492
432
85
85
173
295
568
244
273
163
221
401
466
34
210
65
6
11
149
24
119
117
151
132
439
442
301
307
49
495
4
578
322
420
246
466
87
111
12
46
182
217
518
505
281
5
65
237
146
470
212
281
207
224
363
259
70
174
127
349
103
306
663
140
348
86
415
372
55
585
544
663
165
136
279
213
214
486
136
217
490
187
284
273
149
49
53
165
261
521
277
273
175
146
249
437
4
343
21
133
94
311
603
114
282
556
250
426
24
154
392
366
215
62
397
408
5
169
61
617
30
30
163
173
18
38
518
258
193
89
75
300
655
129
499
266
561
132
522
341
36
166
533
125
437
185
15
311
171
242
399
75
17
692
148
410
98
220
128
62
443
479
155
149
281
189
201
147
504
202
126
182
202
18
588
188
513
291
41
368
62
425
111
247
398
54
68
582
134
344
331
146
75
81
77
467
86
351
260
441
453
278
92
299
42
84
444
215
50
325
147
570
136
408
239
382
309
190
536
20
104
626
184
582
479
123
311
102
95
220
33
558
78
362
82
213
266
294
173
223
224
14
161
246
426
590
554
159
576
573
183
552
275
179
524
323
219
338
293
372
342
102
464
188
367
9
478
120
28
146
109
228
688
132
283
102
166
143
86
486
304
117
151
586
54
146
25
178
64
250
348
137
238
606
367
77
381
433
406
243
271
621
146
202
618
452
386
25
552
83
251
144
292
361
12
199
45
213
253
131
351
299
213
461
530
129
296
151
112
509
29
223
124
116
227
31
105
66
153
169
398
134
547
486
425
249
302
12
92
587
118
88
105
146
463
255
142
146
482
566
262
324
590
237
70
629
110
76
157
601
321
195
512
428
583
144
224
53
264
40
183
7
538
190
145
56
435
365
103
280
356
414
216
260
381
457
489
190
236
107
169
191
518
101
463
72
112
310
192
244
316
148
510
181
238
123
111
3
42
34
421
54
455
667
148
559
434
454
30
62
40
102
151
124
315
494
227
318
144
26
389
320
535
29
82
111
266
312
101
321
348
154
52
10
34
317
560
135
60
276
17
268
575
407
573
492
118
381
291
72
217
25
210
92
116
560
45
26
176
27
422
129
320
508
366
170
74
256
556
290
179
10
156
246
275
103
275
606
284
421
268
139
181
88
636
173
226
1
105
331
293
240
16
81
72
138
12
655
425
247
399
171
371
145
269
138
347
537
238
624
66
527
146
70
201
402
1
475
478
83
169
40
81
40
41
230
217
434
131
284
47
243
166
424
333
106
75
289
105
83
276
308
39
202
375
513
40
364
209
232
176
145
305
267
39
224
371
306
50
89
170
295
22
482
248
616
390
103
201
147
398
115
52
368
279
341
33
101
23
13
131
301
132
182
252
235
104
443
74
427
391
37
424
411
421
222
210
6
129
233
416
154
229
442
144
32
182
26
409
105
258
216
229
289
45
233
102
49
23
45
174
321
220
254
265
381
95
370
142
368
542
752
580
563
44
131
628
266
40
12
212
87
22
291
255
401
177
2
119
423
333
531
155
57
427
457
114
71
192
471
123
180
79
324
9
75
126
87
115
562
410
411
276
249
49
204
18
176
269
406
339
158
292
37
96
65
373
98
171
443
370
128
266
138
43
444
31
627
210
111
287
78
79
132
526
211
118
231
159
448
252
298
20
132
361
471
509
580
288
165
242
7
178
555
95
144
56
440
189
26
237
245
511
261
104
101
113
281
81
592
127
248
216
159
225
-1
316
204
17
483
225
18
345
424
63
267
249
9
717
153
467
355
337
449
2
40
264
145
421
82
128
155
375
95
205
182
44
81
40
388
399
107
464
669
269
337
532
374
24
227
21
61
136
33
303
375
230
19
179
168
604
169
293
414
166
80
605
28
235
559
110
484
570
144
78
437
173
152
247
162
262
383
178
508
72
160
50
38
612
395
2
220
44
230
82
396
363
274
431
364
167
255
550
174
12
565
344
148
430
186
44
515
492
353
154
523
489
277
122
139
123
260
196
382
516
483
135
440
292
391
110
387
450
523
593
276
362
347
570
326
397
176
399
505
359
5
575
408
27
222
114
269
481
471
23
237
536
527
45
231
30
388
107
538
650
238
31
576
330
219
298
213
22
155
281
322
269
148
165
402
107
240
168
492
158
120
10
471
233
644
385
170
320
20
228
59
411
271
314
385
396
309
16
530
415
413
213
301
75
123
504
156
19
244
104
270
613
329
471
117
665
253
334
325
205
93
323
75
47
377
181
67
129
225
199
504
268
17
145
354
389
93
83
523
450
247
57
272
244
8
714
474
215
111
24
131
161
65
23
111
278
178
419
532
279
56
330
11
163
186
260
19
307
142
15
81
288
48
452
334
666
331
386
247
70
104
96
417
425
143
476
416
101
357
68
98
350
150
231
113
106
117
429
548
329
244
303
39
548
292
189
210
351
152
215
260
86
242
171
219
17
153
148
51
511
290
283
449
611
215
583
77
192
123
166
523
192
346
113
106
620
175
400
109
69
155
16
400
237
98
496
260
74
96
568
111
365
193
184
3
167
58
161
452
147
323
445
259
258
216
91
533
264
319
20
397
162
424
80
314
550
648
103
480
687
144
144
184
51
657
155
85
3
56
395
133
423
160
125
275
148
232
240
173
291
13
236
516
528
73
163
28
325
254
214
102
293
282
143
221
190
313
236
438
461
477
163
265
232
614
202
69
189
127
350
62
82
294
496
147
247
117
440
178
20
233
323
455
285
189
364
512
431
106
91
143
171
364
17
99
230
287
236
346
187
545
205
102
254
144
533
279
310
2
322
141
206
162
655
13
223
47
81
348
220
136
178
505
371
106
130
133
556
36
165
91
186
537
37
402
108
435
272
169
113
551
67
59
50
95
475
175
265
431
143
378
505
414
95
413
358
146
440
146
567
344
263
401
313
8
219
211
133
391
36
165
231
455
501
38
418
88
4
46
416
45
253
2
180
400
444
17
188
223
51
391
107
62
173
260
20
13
78
500
57
444
64
252
87
18
221
289
548
137
398
358
182
42
313
65
393
11
318
336
159
465
100
67
66
327
103
157
219
559
443
633
63
508
91
361
338
31
341
324
224
32
147
334
479
93
35
112
343
65
312
63
109
282
43
270
224
478
222
579
224
239
36
170
37
416
178
43
616
477
63
513
124
154
190
140
265
97
320
225
425
77
3
156
51
129
87
203
35
171
156
262
143
272
471
17
202
318
72
436
551
28
92
337
149
470
110
672
353
44
125
152
2
280
11
221
350
217
495
375
25
158
34
384
267
292
88
171
140
268
576
100
144
18
112
590
343
630
404
366
171
98
135
191
332
287
197
204
101
30
199
116
158
221
196
202
65
228
67
7
32
210
150
289
37
88
310
92
393
19
335
254
219
42
68
687
538
58
544
120
432
14
120
137
289
255
195
703
168
473
178
477
108
283
185
173
90
57
94
47
206
293
135
172
434
86
211
378
126
222
527
12
345
367
478
92
138
414
614
113
424
467
453
127
80
173
101
144
119
86
286
245
568
143
22
259
109
138
16
241
107
361
660
263
341
70
436
459
93
187
138
79
140
601
219
208
434
535
116
216
454
7
182
21
325
90
480
425
420
578
155
63
150
718
64
128
385
172
641
406
425
58
588
43
130
28
246
335
271
503
296
199
69
235
20
102
412
516
413
385
135
171
517
22
513
165
517
573
361
271
32
8
710
53
6
277
255
482
365
621
224
374
297
259
611
55
585
401
266
324
447
210
3
239
187
479
94
408
25
367
89
153
335
355
19
103
446
95
50
41
179
351
36
185
81
389
62
26
203
88
413
110
24
127
210
34
43
309
173
249
265
520
315
274
44
209
414
21
33
257
46
646
463
94
206
478
49
208
121
84
31
647
72
23
197
282
110
109
598
53
353
457
504
179
44
446
129
411
80
395
84
313
107
393
216
22
470
119
98
360
50
253
271
169
296
40
128
210
485
316
177
203
223
355
52
164
392
209
595
210
505
220
237
304
111
68
147
97
131
399
660
256
199
336
533
622
554
218
152
356
324
196
151
75
71
128
346
219
68
137
107
149
5
341
10
309
373
112
26
569
645
272
310
556
214
222
109
289
328
90
41
147
151
567
112
548
13
363
183
258
570
103
714
188
9
207
21
57
49
69
359
160
448
92
20
144
211
315
138
80
346
185
446
25
210
368
361
20
360
187
56
222
380
144
78
6
363
428
290
98
100
221
45
78
385
71
49
66
233
248
242
443
44
80
156
98
148
344
523
77
369
267
407
2
42
40
577
186
355
134
451
340
24
692
404
111
139
497
605
22
208
463
98
132
94
261
449
312
187
313
34
183
532
277
468
224
311
273
52
133
699
260
459
612
467
30
18
242
188
225
116
64
138
101
228
185
112
412
673
448
616
29
161
260
56
324
67
53
24
307
479
156
211
160
165
212
474
90
357
391
34
122
596
13
511
470
175
341
142
142
254
7
44
248
553
294
556
145
253
502
519
13
403
612
226
111
93
217
117
316
252
75
118
31
242
565
83
92
214
52
239
307
540
541
76
81
232
337
303
484
266
170
327
249
511
91
241
10
582
122
212
19
343
468
218
337
519
505
32
66
367
439
502
162
395
271
126
337
358
75
318
520
616
350
128
88
291
26
645
22
687
87
411
35
60
386
9
191
100
192
394
178
104
135
146
153
555
126
199
403
26
83
93
182
19
157
625
575
325
434
165
270
150
37
204
321
531
255
31
186
68
307
184
66
115
173
219
97
30
344
144
183
346
629
501
4
304
427
277
559
274
370
34
246
301
300
679
2
482
401
251
556
254
91
418
576
21
610
227
97
32
4
203
-1
63
151
117
212
513
111
182
23
29
69
124
267
522
67
-1
411
461
188
371
469
373
282
131
85
185
474
284
53
439
480
112
136
212
77
83
421
90
191
412
442
129
66
151
346
684
224
102
377
198
522
102
356
569
54
357
218
145
355
544
103
172
234
2
161
490
104
109
171
34
553
98
7
104
124
281
490
58
212
608
95
113
206
85
50
108
268
403
238
500
133
117
509
184
68
471
174
22
168
432
132
77
29
292
103
338
38
47
382
536
309
36
96
206
41
224
389
305
19
132
285
467
37
319
492
700
304
2
161
418
78
516
27
303
258
420
498
391
83
142
171
524
400
119
189
272
85
72
13
294
-1
288
266
409
7
97
40
474
317
377
62
158
444
278
350
92
287
391
-1
654
72
202
246
297
356
120
356
340
293
319
57
392
385
325
480
228
66
41
62
43
324
44
359
244
335
581
141
314
252
82
231
283
331
273
646
17
571
153
458
41
140
578
556
8
109
446
35
508
10
124
466
338
301
283
124
225
522
36
330
215
442
472
164
280
403
3
131
119
355
29
118
424
75
335
143
85
143
42
426
148
37
65
228
527
124
325
144
48
237
463
98
310
427
9
118
235
445
269
393
5
212
264
81
11
158
144
444
362
383
46
258
396
81
76
22
101
57
294
104
64
650
132
10
236
155
40
590
308
479
82
486
407
185
68
200
223
180
501
687
110
154
544
424
376
145
6
13
134
59
123
282
274
40
13
409
631
20
106
497
55
221
224
26
106
244
89
368
430
408
633
57
54
27
63
264
606
397
329
177
138
252
394
63
331
105
521
229
203
158
158
243
39
115
228
463
186
128
312
-1
99
500
201
296
59
89
631
135
260
657
290
369
361
71
133
292
238
332
260
199
32
94
505
36
445
7
236
488
252
543
159
319
232
260
129
165
46
377
105
81
138
64
228
51
448
131
440
89
245
154
577
104
191
138
482
277
352
176
472
664
186
415
171
50
686
434
180
328
216
662
59
240
208
198
636
20
219
5
110
353
27
236
344
330
303
283
52
326
108
506
74
366
183
85
44
340
144
256
79
150
215
87
26
325
187
410
348
81
198
96
245
307
292
84
342
173
325
17
261
345
413
168
317
300
80
272
81
17
617
239
14
72
58
218
465
315
504
358
305
409
126
90
144
122
532
131
265
421
108
299
41
93
258
152
552
160
412
500
146
202
4
490
399
4
76
247
110
579
33
227
419
188
327
427
495
15
193
13
441
412
210
351
294
275
171
33
396
19
591
19
109
211
96
421
89
618
388
511
186
212
180
734
128
306
125
65
461
330
38
73
279
28
120
145
244
69
50
97
484
363
138
349
328
147
552
350
484
600
373
118
300
470
254
199
416
338
231
124
49
307
343
178
509
6
85
230
139
86
637
80
346
285
300
85
34
376
125
214
136
452
347
497
217
175
13
457
156
193
52
284
69
220
189
418
3
219
28
82
72
62
57
167
200
10
433
78
223
620
484
251
24
413
188
466
379
346
49
101
389
380
203
223
87
130
8
99
431
384
602
23
468
146
282
462
102
315
280
169
62
105
301
17
332
616
680
341
104
312
83
48
252
415
44
421
237
35
67
81
546
340
302
85
57
412
92
379
205
207
101
346
15
481
265
295
171
31
145
232
160
147
19
365
491
82
44
61
273
19
380
49
72
379
162
322
356
14
170
478
336
418
525
372
165
101
228
298
259
14
340
378
428
384
385
181
461
20
160
311
186
129
175
151
608
6
208
342
205
85
30
366
72
538
422
49
357
312
190
714
333
164
202
2
177
236
617
73
368
301
359
642
388
158
264
261
525
289
507
70
16
24
42
232
271
135
103
561
547
83
697
169
319
342
408
499
308
49
70
24
76
510
89
1
612
466
26
500
407
148
505
117
465
269
415
229
296
69
637
422
42
185
122
90
540
130
648
725
323
640
26
74
277
620
57
216
572
250
15
271
121
426
447
80
61
105
30
168
201
626
283
60
544
580
76
99
486
497
318
668
271
263
301
331
25
626
388
285
247
311
434
95
278
102
476
346
98
459
174
385
143
169
389
206
508
65
345
325
51
3
284
30
170
89
391
568
287
247
413
474
225
219
336
98
215
157
133
520
344
331
373
428
579
343
176
309
302
323
331
368
302
29
83
387
439
500
436
247
459
77
540
32
632
526
22
160
17
365
759
483
225
355
254
376
624
469
480
527
57
167
317
343
304
325
5
401
450
70
390
251
198
550
91
391
284
343
280
9
44
120
505
225
73
232
56
369
74
415
140
407
640
414
580
73
14
93
111
95
348
69
464
574
96
145
574
619
420
392
156
232
64
121
274
71
172
553
210
445
337
540
228
3
103
498
634
24
273
201
200
598
386
61
81
563
283
301
283
228
393
68
327
9
185
10
62
334
553
44
9
90
425
46
133
56
128
182
184
59
120
436
771
161
495
2
509
206
142
17
9
395
83
19
225
241
242
116
30
197
133
171
145
45
94
29
224
415
157
219
106
110
368
14
444
146
106
349
6
129
130
318
216
20
11
196
263
42
267
262
563
112
307
359
37
410
195
40
459
144
508
22
2
259
56
133
170
41
220
98
323
445
275
159
407
89
298
39
330
23
292
364
31
3
33
315
121
97
701
277
189
227
265
500
246
9
162
92
151
222
100
339
547
57
375
261
167
99
297
99
311
279
210
186
549
555
19
65
443
302
345
405
56
443
240
262
145
344
101
513
349
466
198
649
111
326
334
431
195
394
16
361
38
478
54
234
145
480
191
90
331
490
124
198
498
201
414
462
197
273
191
240
237
183
396
369
534
201
39
20
72
83
315
85
462
356
335
259
459
26
554
245
161
426
530
305
497
136
371
167
569
336
51
488
319
241
95
42
236
248
511
193
340
237
307
250
121
413
230
171
368
53
275
6
96
228
3
220
156
73
374
27
112
126
395
726
203
461
375
393
331
198
155
241
200
135
283
519
577
145
2
58
137
561
84
108
54
165
157
329
35
516
128
98
381
43
554
580
71
68
477
99
318
309
116
376
356
31
356
115
294
534
145
133
433
359
354
51
199
146
450
478
338
102
55
272
220
559
265
278
572
79
255
17
17
188
334
334
86
722
271
44
41
244
210
21
95
295
463
130
119
548
431
88
7
479
110
213
155
379
345
221
356
117
489
241
102
505
531
290
236
165
267
394
175
323
25
360
144
447
213
129
193
252
214
397
331
269
331
107
190
48
361
38
280
113
429
288
210
132
33
224
257
176
156
14
52
543
202
84
652
425
149
379
246
558
72
266
421
139
206
64
298
19
222
238
163
183
40
148
374
118
332
291
162
48
342
701
118
102
224
468
342
310
541
34
315
24
151
155
328
76
197
99
110
35
110
16
417
118
181
176
171
471
73
48
202
78
10
46
63
210
668
10
95
125
305
419
248
254
39
508
345
114
22
17
535
589
396
295
656
341
245
66
559
23
505
282
108
140
54
583
378
126
147
372
108
660
123
503
471
337
85
219
217
122
263
38
294
223
302
98
47
14
494
71
