66
682
514
111
440
336
90
85
76
168
5
34
-1
212
247
11
257
405
593
71
75
180
137
74
213
504
124
372
514
2
156
45
211
408
486
633
21
212
56
513
208
482
388
97
264
19
4
535
25
675
351
379
427
483
4
524
261
58
255
255
516
108
31
153
25
108
3
118
446
89
546
328
600
219
558
194
186
274
106
232
151
36
449
617
403
688
235
234
576
568
222
37
397
434
161
193
102
120
41
122
2
52
527
335
284
506
210
289
487
260
147
367
182
115
257
510
88
632
317
190
28
398
351
294
372
206
621
153
22
152
13
209
197
5
94
193
140
165
421
289
189
667
59
96
52
28
339
242
114
494
61
154
30
279
162
83
523
532
88
54
332
168
193
460
158
193
374
23
38
40
273
177
73
207
222
31
43
156
39
326
444
74
305
518
187
18
304
400
105
110
162
530
242
241
284
448
308
596
292
529
565
254
692
487
111
256
518
146
47
25
209
167
528
469
140
174
147
579
182
319
25
99
58
527
80
152
170
73
71
258
92
292
66
140
145
429
57
81
98
232
121
490
450
24
142
55
251
158
47
650
141
474
338
267
459
26
408
404
441
378
214
617
98
112
446
554
273
292
507
322
339
420
387
98
133
495
623
87
276
62
77
544
179
173
595
33
63
550
222
529
108
123
141
29
9
242
299
393
103
705
371
32
63
-1
144
349
161
228
15
339
185
407
554
56
169
381
317
264
137
108
182
121
354
11
302
64
212
295
617
137
388
460
220
49
6
188
205
328
191
61
165
61
676
47
280
194
513
115
316
123
610
235
294
148
478
358
435
459
135
209
283
421
84
235
233
56
82
36
162
174
181
478
12
609
134
174
160
373
459
252
513
575
195
23
155
511
161
234
497
91
229
341
24
35
396
48
112
554
446
386
244
220
259
145
302
218
363
22
33
119
107
179
611
193
408
138
168
465
712
119
170
192
317
215
409
178
29
38
184
73
111
536
471
47
354
200
379
71
117
208
431
615
755
331
571
10
218
144
178
160
16
243
297
464
8
169
399
376
365
89
68
320
254
101
457
69
136
187
35
2
122
646
35
267
306
221
217
241
312
80
174
478
46
237
540
18
279
185
484
3
210
95
25
181
73
410
220
96
254
228
482
36
83
137
407
495
399
129
55
154
161
185
634
412
296
3
404
415
351
62
398
142
452
10
97
152
206
201
103
358
138
139
289
337
590
169
85
60
35
38
492
165
213
667
36
275
311
228
18
113
227
204
79
244
43
463
334
356
59
228
17
254
391
298
211
306
396
2
492
152
144
14
423
5
439
102
20
177
370
40
356
507
493
284
622
426
426
106
193
8
260
173
272
216
385
148
290
114
358
91
18
526
29
22
311
417
138
313
39
42
402
359
166
427
256
220
534
162
292
111
79
414
268
448
17
283
322
172
71
76
346
14
418
26
19
5
377
3
356
329
188
547
62
370
105
50
68
124
384
181
358
363
392
16
449
401
103
317
55
18
237
32
145
632
175
210
155
155
20
434
253
21
17
3
69
388
379
253
311
227
154
60
73
584
435
113
475
77
210
395
297
54
240
3
109
563
174
87
110
106
93
85
311
23
152
241
331
487
57
231
147
169
536
126
683
208
327
96
62
630
45
69
94
236
427
390
18
72
360
345
711
124
301
189
497
104
551
30
10
233
41
116
64
361
283
568
144
22
151
206
402
-1
586
90
111
78
278
672
550
463
88
95
66
460
249
385
388
49
89
258
298
272
227
308
280
65
564
213
14
595
7
544
149
654
225
59
425
17
24
50
193
178
155
457
91
481
247
306
143
114
456
190
205
67
66
212
553
147
305
476
47
85
259
303
117
271
219
399
238
46
358
70
83
203
259
127
152
444
596
202
229
504
45
143
379
132
67
350
477
355
97
569
166
137
7
372
67
428
74
327
27
160
357
16
590
215
129
537
648
68
488
443
496
364
237
146
152
373
66
23
75
148
20
80
136
91
170
106
266
139
336
82
95
487
494
73
162
257
123
8
91
149
474
626
276
256
268
60
349
72
572
479
567
259
424
333
85
160
333
218
68
278
174
380
385
298
298
108
86
124
22
99
67
370
164
12
451
34
235
626
279
433
243
169
183
9
136
65
146
410
318
214
385
66
128
-1
574
424
253
417
120
320
190
137
106
433
201
176
352
594
228
346
240
88
87
57
50
400
1
70
30
88
606
55
84
98
230
507
731
88
45
494
114
527
333
266
30
547
203
398
83
293
323
24
110
283
344
610
138
75
364
243
252
232
573
338
488
227
614
464
254
294
105
351
265
180
85
-1
140
54
172
400
144
636
164
45
383
604
48
22
135
337
544
562
208
176
312
13
390
41
319
47
427
4
285
184
483
154
311
379
101
168
97
250
337
69
168
476
109
435
78
465
223
446
230
42
416
214
65
80
461
4
219
159
450
353
143
248
413
46
383
125
186
68
104
480
214
341
102
446
553
293
98
323
615
106
360
424
287
384
264
171
165
241
295
59
356
61
595
388
516
137
238
254
247
76
57
265
477
288
391
294
21
424
38
336
48
107
298
12
31
99
-1
190
41
275
472
63
268
110
71
668
125
444
262
71
132
293
244
53
570
241
190
219
426
228
220
31
193
475
3
425
137
55
167
346
195
100
397
47
140
438
476
148
404
128
370
37
268
211
107
44
218
234
296
82
389
222
176
214
499
623
137
175
420
319
39
429
481
217
30
87
132
155
284
149
171
179
417
103
5
20
644
126
272
233
221
156
6
546
317
115
269
210
140
247
224
87
515
15
338
172
113
348
444
57
190
260
17
486
90
41
450
557
483
252
29
261
133
627
212
346
351
326
413
84
437
181
135
156
511
307
238
127
67
357
534
426
485
268
109
102
198
203
486
26
571
144
212
35
145
339
479
626
91
457
164
586
285
357
324
139
260
3
168
626
195
45
196
310
86
33
224
40
104
98
33
268
370
6
129
95
136
334
302
4
28
300
270
376
343
413
130
164
264
387
90
233
442
238
272
145
630
125
409
374
105
37
418
286
468
269
362
439
310
70
95
435
551
340
129
21
498
100
439
432
194
596
408
314
700
177
29
414
438
96
22
470
458
6
261
466
100
339
204
439
436
197
206
296
236
53
54
113
16
70
410
385
400
434
297
108
416
338
401
60
432
418
91
592
529
515
174
423
29
530
407
221
339
116
114
575
344
444
268
580
125
378
186
208
97
58
350
210
289
227
293
167
248
219
425
211
263
156
156
49
324
419
116
207
383
211
308
325
137
183
247
468
132
474
301
488
553
102
392
100
237
53
279
49
492
16
370
294
27
109
64
252
35
89
361
51
256
460
59
11
109
112
102
81
204
259
343
116
243
79
296
370
249
373
275
240
434
353
84
158
102
61
6
153
124
74
447
372
148
338
207
587
564
347
395
232
46
237
607
383
235
58
19
586
459
421
253
202
191
482
476
32
73
522
72
27
157
478
251
85
76
50
63
390
225
291
106
654
204
188
301
372
624
248
83
206
389
174
253
177
385
123
330
3
199
330
360
16
151
186
231
264
17
519
81
498
327
33
126
346
351
82
319
529
398
175
171
117
161
742
311
486
198
431
530
73
387
126
231
139
157
114
154
101
93
593
442
88
399
540
400
333
567
566
166
230
4
357
54
655
373
226
300
111
46
40
47
238
243
561
493
128
253
574
2
102
422
15
50
11
88
311
64
245
80
144
83
227
515
440
245
25
174
182
351
251
56
420
389
30
306
63
161
122
398
316
183
376
642
243
303
20
110
471
44
108
457
595
431
104
516
523
153
654
269
339
208
206
15
464
96
352
334
225
388
138
369
65
45
452
322
202
447
241
58
135
69
430
152
186
369
180
147
404
3
480
213
146
378
250
162
515
39
26
11
275
94
12
180
183
415
19
126
282
412
160
506
26
147
40
92
268
242
37
156
41
210
535
661
187
91
304
401
382
93
15
422
155
51
291
378
228
189
114
139
285
62
4
136
298
230
245
180
245
166
265
-1
168
177
311
540
38
99
288
375
27
328
109
187
522
305
152
71
49
221
413
230
167
11
235
561
4
202
81
199
116
110
265
279
464
410
9
395
214
100
549
98
47
372
63
491
11
55
643
18
62
120
366
43
16
564
200
449
151
24
473
120
144
23
47
87
33
78
372
20
3
118
97
245
9
364
270
317
23
129
347
78
315
438
23
412
288
59
134
54
275
481
42
457
221
337
18
331
74
278
108
33
215
110
71
476
265
464
312
147
22
411
243
390
64
280
162
303
293
112
609
29
317
110
8
562
89
429
633
280
80
182
320
93
63
300
136
496
37
7
460
93
93
55
378
211
170
123
511
340
520
368
230
47
184
77
56
274
318
445
121
398
21
90
508
79
602
118
371
18
318
258
100
147
278
345
305
182
226
201
234
93
271
214
298
214
202
535
214
95
110
27
42
255
330
128
432
73
286
241
240
249
39
247
315
44
253
321
343
141
412
231
251
435
307
143
331
12
364
34
18
409
214
269
49
595
717
200
111
293
256
169
4
504
17
321
297
160
91
4
311
448
102
644
360
417
205
210
241
515
446
345
557
14
427
276
337
437
311
481
436
339
361
32
65
174
267
15
192
219
174
281
70
240
195
546
96
398
407
205
323
339
477
313
747
-1
24
496
124
129
161
286
222
148
581
252
45
148
532
215
86
232
333
180
2
428
602
328
534
136
118
95
613
129
96
234
587
23
32
137
512
231
162
61
38
418
73
328
142
371
346
37
226
281
226
282
4
181
346
339
329
3
457
537
647
170
113
125
210
447
364
106
47
81
130
148
168
90
184
125
178
455
117
430
113
206
104
423
260
242
21
216
105
37
265
32
660
391
268
58
426
103
200
610
373
141
104
59
192
123
63
248
46
105
12
269
4
237
215
147
26
20
274
192
275
6
103
150
368
11
144
38
521
265
61
62
309
50
339
459
232
67
272
435
207
165
217
179
33
254
151
406
15
2
188
170
357
276
200
100
360
361
325
110
164
108
437
61
96
4
31
376
381
2
252
462
189
248
113
75
146
418
82
247
298
274
17
603
79
480
58
535
269
404
622
8
212
240
394
403
313
144
319
498
19
134
283
108
324
239
380
153
40
210
325
235
227
40
287
459
81
493
448
421
524
20
76
343
338
253
484
33
622
236
689
541
167
144
439
43
200
29
398
268
83
587
359
89
359
7
545
57
71
124
471
101
253
52
490
75
297
514
72
99
20
14
256
327
111
38
307
326
153
3
500
343
192
287
385
132
340
164
119
187
130
39
366
140
299
110
319
348
190
65
304
521
150
405
130
482
248
240
101
248
282
488
114
145
356
274
73
78
135
194
27
271
112
36
51
72
207
7
260
311
286
39
305
458
146
90
129
331
105
267
164
393
307
147
244
226
205
550
70
15
223
6
155
61
54
147
311
21
91
111
55
110
239
52
316
20
480
608
123
272
99
3
124
345
48
153
41
120
362
264
97
327
29
604
2
38
120
125
284
403
253
286
315
424
298
389
98
194
398
200
60
203
28
443
26
537
24
429
154
253
124
97
264
63
729
393
657
19
13
440
494
112
85
-1
607
119
590
176
256
253
34
377
573
10
379
303
322
186
10
8
240
11
650
621
374
234
21
324
52
32
259
495
577
495
212
230
19
274
51
433
17
472
486
8
219
557
367
375
459
36
55
456
93
540
362
92
291
206
302
214
317
330
11
281
333
107
453
19
80
-1
196
54
527
131
60
118
226
306
287
71
276
557
152
255
300
362
360
114
56
136
188
691
104
12
260
130
529
650
151
92
286
435
301
296
8
205
210
168
465
413
179
200
82
577
483
115
152
585
78
451
115
352
644
212
504
522
79
136
126
358
353
97
283
46
97
340
231
126
210
130
457
7
17
269
301
129
174
357
31
56
66
61
469
285
529
33
15
437
10
409
574
77
37
3
44
97
380
27
72
370
4
187
217
71
478
74
361
121
158
219
103
454
173
500
187
81
242
599
91
94
418
226
163
9
71
402
114
152
189
186
133
378
204
541
445
72
573
151
63
38
104
357
157
213
348
442
184
462
306
242
153
57
315
12
28
77
400
125
585
24
346
267
136
383
102
204
20
446
20
163
230
255
25
298
253
424
361
268
122
37
80
274
35
279
221
247
-1
451
472
172
255
271
320
589
529
388
209
359
206
445
393
173
144
103
108
386
298
360
294
163
175
81
417
58
519
474
258
14
18
435
6
110
123
175
136
254
49
600
55
230
515
401
30
460
8
61
253
690
515
332
38
125
538
28
432
3
311
19
26
208
401
280
442
117
44
134
351
363
477
22
400
219
323
706
215
78
173
423
418
228
80
192
647
472
505
205
199
134
192
30
172
488
40
536
268
267
150
537
149
36
322
9
463
247
307
137
123
359
499
82
362
187
261
157
330
632
147
46
249
173
91
280
335
75
371
504
10
682
159
55
26
291
34
9
195
189
288
127
324
162
51
249
577
504
578
195
101
404
30
254
32
112
15
57
346
395
339
16
336
147
504
42
128
154
33
14
386
151
127
533
135
260
29
549
11
555
663
514
74
160
383
86
5
413
158
223
61
228
94
263
234
223
310
355
115
102
57
361
54
259
301
33
116
60
82
153
438
3
117
272
390
723
519
19
174
168
3
230
36
212
254
590
527
343
142
133
127
302
293
286
173
60
52
172
47
80
145
326
343
765
57
693
475
398
11
239
584
453
61
633
224
297
160
25
274
611
317
308
3
252
511
32
34
587
229
119
87
593
458
291
91
254
484
349
142
85
364
60
278
191
186
144
59
103
594
61
345
110
240
247
28
152
58
277
102
483
324
560
345
378
476
383
71
174
320
316
68
273
543
204
228
473
330
168
123
24
218
436
542
124
340
509
150
61
548
149
350
445
124
355
38
33
188
263
176
82
69
392
100
344
478
425
299
415
613
647
66
198
122
444
16
81
202
564
307
314
504
135
164
112
65
207
439
110
374
39
221
228
58
360
4
548
205
5
486
235
204
112
266
87
130
465
343
167
285
425
200
270
201
264
73
266
246
528
380
147
16
494
173
260
162
567
182
52
330
34
509
55
230
313
404
121
725
348
82
311
274
33
213
34
317
332
128
105
199
431
2
115
185
466
345
386
101
67
350
155
115
34
478
96
242
57
103
362
582
207
22
4
24
386
106
236
190
131
325
2
245
286
185
47
435
105
78
556
403
102
161
162
500
242
241
385
426
347
287
58
130
208
338
38
169
139
498
134
423
277
423
285
244
261
459
416
288
621
10
447
554
470
130
635
152
400
356
232
162
58
457
347
261
133
218
87
9
526
143
180
63
134
23
157
82
55
355
336
439
167
156
382
395
344
209
177
171
150
231
239
404
8
99
394
449
197
260
131
120
332
351
142
420
123
582
9
9
62
261
232
191
328
273
127
51
472
106
40
122
446
482
456
226
256
273
23
242
213
3
243
57
643
126
378
481
425
514
301
429
64
260
274
140
532
265
534
57
179
168
634
622
391
127
92
326
309
145
295
41
18
675
330
138
549
68
92
553
80
46
527
360
160
256
161
367
169
32
86
146
12
287
344
6
244
321
59
69
81
167
145
192
236
52
270
117
172
1
520
346
452
279
212
196
395
108
246
421
323
338
304
117
75
29
180
169
58
363
547
42
440
252
242
197
10
213
304
530
199
503
665
496
69
278
386
175
130
383
256
357
329
372
93
51
112
620
278
309
499
310
81
320
191
142
366
217
518
499
154
475
458
269
627
167
607
575
295
115
84
12
47
384
467
298
421
493
279
557
114
113
565
296
436
260
199
356
172
320
100
362
200
74
154
328
374
164
202
56
525
475
320
352
153
143
62
183
250
76
107
258
42
263
230
144
106
155
565
508
389
52
42
169
194
247
241
15
334
330
230
73
32
433
484
362
104
163
332
46
163
326
71
22
39
60
199
161
248
130
136
125
283
248
562
290
92
642
185
522
332
343
389
135
206
82
467
269
355
529
510
57
341
372
358
184
15
138
489
133
352
89
199
130
122
508
490
180
366
183
134
495
280
33
28
350
16
497
455
220
118
161
110
101
221
6
250
682
460
200
122
254
453
266
55
322
40
211
225
633
6
481
237
123
15
572
622
157
95
22
48
21
5
483
-1
192
80
374
549
338
355
283
3
227
53
102
225
395
288
424
145
404
482
569
684
411
627
380
395
397
202
91
215
32
577
453
282
76
443
626
31
490
285
526
365
317
444
289
8
162
187
370
498
625
330
138
200
234
644
63
121
210
217
416
120
355
140
385
195
140
477
194
326
54
242
613
239
44
91
613
108
98
21
141
32
528
11
443
48
206
91
193
25
548
153
3
270
426
250
503
270
101
166
33
299
35
6
189
180
416
281
369
239
122
14
378
647
44
60
447
18
130
550
304
73
120
177
83
392
88
117
140
246
267
118
28
152
152
254
380
318
314
260
170
78
277
252
196
42
13
456
95
153
374
163
28
73
348
256
10
303
106
51
128
338
180
74
601
220
141
428
259
156
356
197
137
35
531
4
104
96
283
166
436
344
504
204
470
21
502
168
235
157
253
260
260
248
399
128
461
130
144
73
390
22
247
39
411
318
15
76
7
432
46
56
41
318
753
287
149
419
71
468
488
64
639
95
480
104
499
385
537
137
178
435
58
491
567
345
61
115
97
578
136
313
420
262
65
135
443
363
176
564
97
501
198
446
512
541
311
19
400
20
178
314
48
152
141
639
165
564
184
58
18
228
412
33
469
111
289
173
16
429
196
366
98
69
500
379
222
161
397
207
197
224
636
502
319
34
153
463
315
596
346
336
323
370
45
272
473
67
104
249
277
557
88
427
411
118
439
182
29
82
57
293
97
289
238
349
485
81
369
182
410
225
91
417
326
7
89
141
57
85
442
7
177
86
255
225
462
46
465
402
146
235
317
432
142
29
152
214
6
117
339
653
126
54
277
111
172
548
230
54
40
55
89
595
352
174
527
463
283
107
69
548
77
243
183
361
230
8
173
320
7
199
11
98
377
78
128
183
84
262
181
255
146
75
345
638
37
38
15
471
377
338
322
38
186
358
613
201
576
34
203
88
230
341
107
241
555
51
346
296
144
2
82
312
410
79
367
599
263
210
259
261
17
318
312
135
228
317
258
223
18
94
61
206
156
452
229
322
200
38
365
215
157
64
273
176
16
270
371
423
250
359
542
158
126
431
235
449
245
78
82
185
125
11
2
286
141
75
315
367
355
318
130
451
255
77
409
426
162
101
295
258
132
37
70
458
89
42
421
453
143
36
239
73
600
107
404
41
51
141
17
223
50
123
56
266
135
469
509
334
117
505
152
392
614
20
116
587
473
15
110
24
449
8
71
24
176
55
322
114
416
137
51
705
389
45
110
21
119
598
119
296
155
29
37
68
105
124
162
438
215
266
281
373
69
290
220
302
324
213
199
70
223
255
74
312
71
189
168
31
530
343
323
124
290
275
76
189
714
260
117
430
336
611
668
127
26
212
467
10
27
405
220
385
150
231
479
78
638
208
636
336
250
408
197
403
112
211
66
530
99
240
237
14
361
422
166
168
36
332
459
104
202
418
19
97
399
295
334
102
4
312
240
161
297
386
474
71
323
248
478
59
57
92
163
305
524
117
374
500
506
248
173
313
341
82
297
392
464
107
50
367
353
53
309
34
214
365
11
203
48
23
497
190
347
179
144
63
387
322
506
323
13
235
216
45
576
43
167
263
422
246
269
468
673
358
198
24
432
567
518
22
4
303
47
294
299
113
367
206
271
26
96
259
57
227
551
156
305
338
84
99
2
120
33
36
266
51
13
15
174
49
150
2
128
407
141
408
560
303
97
264
65
84
394
584
511
200
296
6
388
360
628
304
130
373
25
566
155
483
562
328
221
147
155
628
235
133
346
365
355
285
5
591
178
73
263
352
263
23
422
337
80
601
453
21
116
206
401
73
79
565
233
101
289
278
475
25
372
346
170
473
412
352
122
483
91
90
133
116
142
51
248
354
494
56
342
221
49
311
73
52
434
46
303
102
85
383
64
553
119
106
196
18
483
647
248
524
404
294
614
60
21
347
444
144
312
96
228
671
40
578
328
66
663
232
482
270
291
29
215
29
456
426
60
81
269
227
247
496
179
370
671
92
315
154
279
192
54
296
131
150
272
221
154
440
348
465
107
106
571
16
34
576
69
156
266
298
135
72
25
58
68
124
60
409
304
177
449
96
174
29
96
54
56
39
330
336
77
419
484
63
118
221
147
9
319
183
533
32
141
521
343
351
387
496
32
634
281
173
84
163
503
232
195
448
284
4
41
330
371
44
206
299
487
568
52
85
667
121
360
185
436
519
371
468
317
354
65
438
420
298
536
192
15
734
93
453
136
137
38
428
297
73
224
467
350
300
215
32
701
19
289
28
158
119
93
227
65
36
125
278
169
547
367
739
703
269
371
311
154
407
314
373
334
42
625
68
588
19
322
139
53
145
60
337
420
120
503
494
524
142
415
96
611
391
9
59
132
86
84
520
309
455
310
77
35
202
124
286
10
56
484
500
314
6
204
58
485
85
131
662
460
47
82
144
350
122
478
171
677
617
27
87
168
397
117
59
365
121
14
151
631
40
293
164
311
38
265
277
75
132
325
243
415
130
637
182
541
233
190
293
186
446
357
175
263
230
233
481
188
149
182
73
1
166
560
41
35
723
209
258
669
32
384
317
69
244
53
42
10
270
239
126
113
293
452
55
209
265
225
169
186
48
152
54
285
278
156
36
156
589
271
426
230
735
248
189
406
9
541
275
232
222
243
211
179
614
68
232
245
125
491
388
25
91
232
457
176
330
14
186
434
30
418
172
112
74
70
428
79
314
93
286
468
192
334
92
73
571
42
157
122
166
513
250
141
351
571
376
32
315
117
274
5
53
126
144
135
322
435
16
157
166
67
33
229
423
213
361
346
15
230
22
20
151
151
163
37
282
-1
153
456
196
95
55
395
321
316
53
53
491
256
536
107
88
310
541
320
574
346
48
240
412
514
704
368
39
100
575
452
390
530
551
34
29
34
589
211
21
281
662
204
200
134
242
70
63
50
620
184
463
66
12
263
29
52
294
326
236
562
532
13
317
8
582
32
416
25
338
10
184
35
596
239
26
512
85
228
15
490
165
171
440
286
89
124
88
136
162
87
484
337
81
119
75
24
17
399
391
100
495
170
230
115
520
162
58
445
323
368
267
206
232
285
396
62
607
20
42
115
511
447
47
33
425
410
33
428
298
424
388
180
411
98
551
142
266
557
453
119
120
419
53
353
10
224
85
453
424
456
540
411
619
242
155
338
131
375
219
174
33
269
379
122
232
16
45
70
36
216
323
43
93
515
436
166
476
308
348
424
377
42
194
536
12
1
243
255
329
375
400
237
41
1
338
177
215
623
337
193
473
202
193
32
84
6
60
25
468
119
446
52
283
265
278
449
73
377
123
164
178
198
171
302
53
27
54
605
21
237
309
522
360
222
14
239
158
185
88
17
264
188
39
79
196
254
184
137
390
99
207
98
104
168
115
3
49
103
424
62
595
116
419
106
22
128
646
477
575
303
453
268
355
556
240
73
2
94
338
313
275
114
288
79
598
82
510
458
307
85
337
167
209
128
101
8
219
325
106
444
644
173
258
206
182
149
101
36
57
178
351
323
554
545
410
206
687
301
296
299
401
185
232
363
115
6
76
15
200
196
278
394
493
213
1
178
76
19
47
213
56
108
2
598
95
497
252
110
136
564
542
387
584
2
273
387
345
107
529
203
51
714
36
334
275
522
308
270
453
167
94
158
12
14
57
190
214
347
190
7
33
327
63
322
131
439
124
120
88
71
76
443
131
56
139
110
7
476
243
164
322
119
152
4
74
28
-1
3
270
49
282
240
184
43
21
102
46
246
181
119
206
384
182
275
9
105
295
24
250
319
341
605
35
406
354
310
12
23
368
213
297
199
674
57
152
119
280
200
568
159
67
279
48
523
37
116
222
215
328
384
533
53
12
347
85
310
68
21
63
170
425
4
629
228
471
200
599
452
418
174
16
155
110
419
180
-1
161
161
185
622
41
96
397
413
285
40
4
320
175
133
252
130
135
343
124
207
281
43
466
132
216
100
32
126
77
633
342
236
136
276
261
226
106
196
389
208
273
39
322
360
350
302
249
123
15
707
17
584
369
159
281
166
208
407
329
59
54
136
199
92
328
149
22
53
179
440
300
84
363
254
308
439
671
636
460
233
33
477
381
485
121
283
111
267
277
354
174
231
55
614
388
103
304
178
12
585
182
141
145
267
48
506
235
442
488
248
232
127
287
55
436
40
94
369
120
199
165
253
309
46
488
23
298
202
327
447
135
407
584
116
110
21
144
242
135
425
120
141
300
381
225
173
521
726
513
24
71
293
28
150
147
567
66
112
241
9
215
11
99
344
490
147
134
157
114
526
28
51
128
167
117
96
419
373
82
129
206
402
137
6
96
28
148
284
248
152
41
167
107
548
60
323
107
200
342
492
343
373
260
188
247
62
30
215
59
105
209
735
119
186
491
222
170
268
103
268
294
203
320
241
41
185
361
112
8
336
23
461
272
370
645
40
410
70
24
25
325
500
136
207
469
270
55
454
661
184
16
277
587
290
301
25
592
65
85
85
288
346
40
111
593
614
12
469
3
484
445
83
101
2
5
33
101
307
376
164
470
289
218
186
348
597
408
122
93
121
627
588
23
543
586
302
200
448
80
583
114
375
28
41
6
693
758
432
95
277
180
64
36
593
391
170
168
127
113
119
638
126
416
99
152
63
149
37
446
115
340
418
308
366
337
61
263
530
343
403
368
78
8
452
358
240
371
366
257
292
184
97
125
242
208
316
473
233
721
122
293
432
171
227
382
56
149
318
449
366
121
398
299
493
198
115
236
152
159
214
394
487
215
66
79
122
125
347
102
488
118
287
151
57
71
42
187
147
420
311
219
584
603
73
255
94
180
1
214
152
384
439
428
453
193
262
143
91
471
140
39
603
162
355
273
55
670
61
210
328
285
37
205
173
266
19
496
181
97
94
482
76
20
40
202
396
341
3
19
32
9
69
36
499
90
343
318
114
368
283
56
303
435
489
225
491
215
174
191
441
318
589
342
248
351
8
32
137
71
183
247
42
496
39
138
49
82
369
431
329
393
64
48
178
482
548
156
544
15
462
-1
568
340
412
82
131
37
67
427
428
27
42
85
172
134
599
238
307
542
35
258
445
354
157
68
270
239
387
485
105
323
25
416
42
318
249
535
40
493
712
61
150
341
267
268
88
238
311
272
397
136
327
38
303
78
53
240
495
31
51
204
383
248
115
300
278
504
340
497
182
144
375
343
162
37
286
320
96
633
363
374
513
333
232
187
251
235
25
69
72
118
182
208
424
631
261
246
243
544
335
160
28
72
86
323
190
283
264
170
324
590
526
291
73
162
79
285
77
22
236
668
296
157
276
170
269
472
549
143
77
198
629
506
425
165
194
396
451
133
81
664
22
354
369
160
182
261
130
383
285
203
313
56
27
332
200
101
399
154
352
182
83
34
139
170
75
451
76
44
89
50
452
304
32
435
55
385
294
240
603
152
65
519
375
445
26
362
100
187
179
430
42
567
640
413
212
352
431
174
133
13
665
177
146
253
68
198
255
141
196
69
248
267
497
227
263
235
390
92
150
319
242
69
324
247
269
140
162
251
333
285
43
221
260
362
249
250
331
104
603
48
86
231
8
133
167
249
132
218
113
118
132
409
166
242
549
17
197
544
493
15
427
219
138
176
547
153
354
231
284
74
130
47
567
186
41
460
313
299
514
4
274
12
35
292
235
520
49
165
222
118
317
258
452
35
333
234
368
204
56
263
52
246
304
421
323
263
436
281
98
327
440
643
310
611
216
314
368
297
227
216
21
111
108
52
313
60
210
270
149
558
244
43
192
24
219
394
281
479
145
59
185
210
171
588
143
140
14
518
390
23
361
112
203
431
119
586
50
160
39
385
518
23
379
158
219
140
125
472
54
180
253
66
181
23
100
173
124
25
102
159
393
104
466
91
466
594
24
153
362
739
69
19
366
50
365
104
362
105
107
137
128
92
270
38
503
494
544
127
152
179
356
173
18
377
91
320
263
116
69
223
279
159
293
442
7
406
156
327
563
19
334
95
357
354
48
488
58
30
216
91
66
549
233
183
375
61
335
100
253
452
15
199
97
132
272
284
366
222
619
193
137
78
64
125
221
522
52
415
35
107
37
561
357
118
46
68
72
456
522
110
15
327
394
640
169
390
437
91
111
568
186
4
393
28
539
41
154
292
70
729
346
143
247
407
20
73
282
305
264
38
228
157
104
128
85
127
258
124
185
69
419
218
211
86
242
579
318
289
242
476
68
508
38
117
2
172
175
107
27
335
352
168
156
71
8
106
324
90
48
329
208
339
31
354
149
407
43
120
50
560
519
499
82
223
242
410
10
221
18
11
192
53
272
158
110
248
107
73
246
6
129
125
132
563
260
321
4
269
499
545
54
197
208
23
25
623
162
309
227
116
131
211
315
423
391
290
395
25
139
27
115
175
245
469
157
12
214
401
285
88
64
430
282
286
41
84
525
253
224
115
515
98
85
140
186
212
215
45
284
251
129
62
175
20
160
307
206
363
382
250
644
85
373
267
457
301
230
273
185
285
360
132
28
137
196
69
240
56
157
479
67
404
291
246
31
472
263
192
91
370
339
454
23
21
231
294
268
149
77
129
352
283
163
35
520
310
456
145
50
56
15
438
335
172
243
238
228
551
83
45
662
296
102
553
23
491
95
126
467
558
428
63
46
742
61
208
487
310
91
205
166
158
309
149
77
495
47
456
16
474
280
64
19
255
37
12
271
67
375
37
194
199
79
96
337
193
194
51
29
128
41
133
75
570
16
307
45
30
355
7
164
531
193
24
73
495
424
115
435
277
468
143
176
414
63
29
222
648
262
71
173
407
129
54
103
183
251
398
171
159
138
36
55
371
337
202
34
362
176
47
33
58
114
525
279
579
510
13
223
721
282
23
191
227
632
68
137
538
33
15
212
98
306
108
88
71
274
486
-1
132
454
107
267
36
18
22
126
68
3
237
7
38
261
722
3
175
213
266
289
348
177
299
341
61
440
124
639
271
104
168
48
277
98
114
495
160
542
156
227
175
186
534
557
148
447
422
318
84
87
162
70
386
409
247
580
513
281
495
189
395
88
455
424
362
29
20
311
188
168
11
234
336
154
150
193
192
264
71
187
544
153
43
54
94
24
46
117
90
443
510
611
99
5
610
164
134
145
543
156
210
13
359
61
133
328
586
74
468
78
122
268
365
-1
430
600
384
191
345
114
115
18
569
12
337
10
392
124
16
88
159
43
112
223
244
124
512
147
569
89
447
238
445
139
578
213
55
352
46
20
241
107
473
136
306
281
258
118
81
291
134
231
206
93
340
298
258
118
5
184
426
144
58
408
507
35
221
524
97
250
421
9
385
229
28
386
604
568
124
679
219
417
383
39
159
268
6
100
27
334
213
303
75
161
45
128
311
152
102
244
555
64
60
35
407
406
91
38
105
121
419
53
51
185
316
41
50
239
693
326
431
294
434
353
6
351
296
58
270
183
515
85
310
313
142
487
442
606
679
146
259
189
271
516
52
240
113
50
174
145
361
99
538
577
28
57
332
153
217
220
151
186
577
144
298
333
310
284
204
365
244
339
287
255
227
139
421
66
120
519
477
74
27
11
650
140
174
164
193
349
105
164
56
44
320
384
561
324
274
271
405
243
102
6
119
61
228
299
72
229
186
92
126
370
194
43
362
579
449
55
149
377
534
415
29
121
9
383
589
201
578
367
168
342
35
475
34
511
233
237
80
87
449
282
124
324
92
242
217
448
3
235
291
430
646
153
138
99
266
160
54
211
41
665
540
228
308
49
302
631
279
25
352
52
55
349
82
107
88
413
128
165
551
248
414
60
489
497
28
701
132
213
157
27
46
361
91
101
11
264
351
351
376
188
471
402
416
2
29
186
226
350
24
159
416
100
175
141
399
234
526
242
41
318
446
178
231
519
273
46
563
155
337
453
397
259
242
229
486
71
49
594
3
116
210
321
270
218
243
38
17
174
94
73
404
437
344
30
302
64
1
541
257
528
209
412
465
84
633
392
564
197
237
77
222
279
447
113
405
271
225
72
282
356
161
222
392
446
494
514
44
120
250
400
275
60
168
384
75
513
254
382
139
162
664
368
164
446
76
10
47
76
103
423
337
190
433
84
64
141
614
155
467
487
411
415
147
245
291
504
413
376
206
253
359
266
200
28
73
172
76
53
148
121
211
486
102
231
90
81
276
393
210
36
277
589
412
490
411
101
12
525
268
235
200
334
476
492
27
498
109
268
72
409
115
486
84
149
66
269
300
119
584
488
37
27
88
107
283
221
487
62
278
128
2
503
155
535
181
267
115
277
47
428
326
151
542
254
115
171
60
15
341
160
87
158
170
277
44
299
283
96
491
5
231
30
423
453
526
134
34
466
10
60
23
289
640
111
231
24
317
169
120
210
302
235
25
156
309
125
24
298
163
196
18
385
21
546
153
7
616
184
241
112
188
360
61
531
452
118
242
151
218
553
346
312
118
259
103
232
125
152
307
139
321
105
5
5
118
72
165
249
115
88
220
23
44
107
415
470
154
156
481
109
61
101
608
248
346
343
359
128
91
217
367
515
613
36
429
139
116
179
172
67
452
415
93
432
79
83
301
81
44
181
23
495
450
262
252
54
60
33
261
296
114
151
275
502
201
113
162
518
347
431
509
46
143
109
243
190
506
191
349
25
208
569
145
256
144
179
12
61
81
153
461
430
373
332
348
16
35
74
60
170
436
252
140
469
203
100
407
363
38
254
86
39
414
409
195
416
69
702
215
336
80
83
88
129
755
332
627
577
96
103
113
352
129
607
98
329
125
108
60
75
292
254
699
199
196
275
440
166
203
192
200
627
374
149
241
36
459
441
95
204
447
411
82
473
245
428
371
218
45
445
144
222
305
309
501
222
599
1
240
450
215
248
252
247
375
315
78
303
185
51
68
295
94
334
190
200
256
523
295
62
192
29
18
170
61
148
297
559
120
265
19
365
87
209
245
268
292
277
380
135
133
224
58
173
500
36
42
16
416
244
462
311
272
540
609
47
617
31
339
363
468
112
23
422
332
547
33
245
364
6
42
477
235
228
122
71
339
481
119
231
300
341
317
286
161
362
227
304
116
275
164
295
175
471
144
177
140
324
420
560
167
75
85
389
37
41
149
115
181
268
158
159
131
408
9
197
8
516
118
372
36
457
124
205
28
234
335
603
155
526
291
310
315
15
329
11
608
753
356
432
337
28
208
434
85
693
48
360
208
74
195
153
442
91
67
230
507
54
115
212
281
605
63
211
141
124
572
433
574
131
391
229
56
102
381
183
491
423
6
325
81
51
103
176
141
313
490
329
370
273
71
243
379
339
32
151
165
346
266
393
26
193
122
371
106
81
619
302
190
407
561
146
51
255
98
260
71
106
169
71
369
6
274
151
13
45
218
422
120
16
181
447
499
16
168
138
356
55
198
442
457
379
105
354
95
252
237
129
2
232
51
207
145
140
101
43
79
152
32
435
122
56
75
59
429
1
22
277
122
150
314
492
351
318
96
140
231
533
348
567
170
28
448
147
250
73
42
111
239
274
46
570
316
244
46
647
145
269
35
407
81
29
306
63
438
310
100
57
396
221
172
94
365
434
367
24
80
303
336
298
271
84
185
306
248
381
222
303
532
22
16
218
173
546
157
143
71
374
20
52
340
309
226
582
315
409
6
400
599
254
297
266
414
90
163
89
351
336
87
260
385
539
567
139
408
128
19
12
190
234
80
82
388
39
417
362
532
424
299
34
366
223
509
289
173
89
307
113
133
134
41
30
388
111
316
440
164
551
188
521
220
266
129
303
126
40
456
606
549
50
24
436
116
410
189
395
244
633
296
308
440
291
513
355
407
40
171
235
317
23
266
169
304
319
293
190
318
15
117
433
4
683
268
120
284
250
315
500
272
438
373
483
31
30
5
278
297
608
149
80
347
282
132
73
78
497
214
276
122
242
33
442
248
387
20
123
120
107
644
240
52
210
296
303
55
680
285
121
52
342
96
218
743
21
407
103
200
73
3
43
62
255
241
1
248
105
354
408
12
202
107
36
185
249
21
533
308
53
458
153
240
442
139
234
244
50
426
225
111
219
103
3
25
332
258
98
481
133
288
603
326
304
129
544
172
219
20
86
501
143
336
323
92
528
315
326
349
41
51
121
7
317
413
158
2
235
18
221
152
407
282
157
40
74
356
175
181
380
38
205
36
179
149
177
278
284
432
301
163
503
180
341
7
252
454
307
128
156
23
613
304
583
458
28
546
219
46
468
48
243
207
511
262
318
329
479
152
388
363
292
179
182
52
442
123
271
557
423
319
162
329
288
190
263
242
527
248
449
253
282
72
112
45
161
11
396
131
404
339
131
49
6
183
442
269
293
175
272
316
246
297
141
547
105
337
336
14
342
448
440
346
2
562
305
91
113
223
248
238
229
115
346
539
162
17
162
609
349
59
464
73
346
67
144
548
34
210
388
308
556
494
43
616
318
86
430
159
618
217
196
48
354
122
132
372
146
36
137
55
400
186
188
54
75
64
166
273
201
431
241
13
340
419
247
73
127
122
34
17
241
205
114
158
55
178
305
449
424
76
200
113
641
295
208
216
414
78
471
583
68
178
106
169
164
654
31
588
294
299
281
157
433
336
27
169
251
9
207
146
94
329
119
30
122
203
157
8
154
185
31
533
275
512
152
616
516
377
356
434
488
121
58
190
416
580
249
533
358
380
495
481
148
421
331
34
393
21
306
25
411
198
48
536
356
236
275
4
123
67
107
49
224
138
46
296
162
141
548
222
463
99
157
229
15
278
290
13
283
326
250
340
158
461
26
263
120
26
621
511
557
391
97
72
704
184
92
31
266
452
338
332
688
599
533
69
80
213
210
620
187
141
222
341
343
354
51
71
102
-1
400
298
19
51
60
71
282
116
16
3
340
287
6
471
263
69
577
169
224
204
56
6
241
45
407
285
319
303
630
17
16
290
158
184
58
385
540
351
145
230
350
404
569
66
577
18
67
9
62
86
443
42
163
475
34
136
230
482
91
78
216
30
53
400
39
226
115
182
302
140
364
171
52
364
228
125
216
187
259
108
359
626
280
8
83
271
224
665
30
59
405
208
511
399
480
442
495
135
184
148
330
244
76
131
67
119
600
445
124
466
18
190
1
19
417
81
53
29
476
25
249
36
163
394
302
574
380
19
639
8
743
322
326
493
104
388
511
137
440
180
458
155
378
88
244
665
472
1
314
140
538
254
131
195
162
100
409
358
208
414
467
371
81
213
164
29
154
10
52
164
479
248
30
413
38
94
581
88
544
343
112
153
335
3
68
254
385
109
51
102
379
56
53
406
2
357
372
136
287
118
221
188
82
170
61
220
168
72
63
456
103
294
124
132
243
614
703
148
126
429
57
395
704
447
13
361
238
507
713
107
254
277
18
499
0
227
14
95
116
253
462
263
427
567
149
3
161
31
151
485
341
481
11
99
410
290
380
118
106
265
610
475
323
466
313
267
228
115
308
432
512
322
489
360
102
168
61
45
117
129
573
395
35
479
138
230
90
431
532
337
1
287
217
89
52
67
43
16
137
208
53
190
164
402
516
140
311
360
247
331
166
36
240
314
236
26
467
304
366
392
445
104
370
77
232
443
19
207
629
30
200
438
168
80
112
668
38
57
3
64
484
120
491
109
149
339
21
33
118
164
52
191
185
223
271
155
453
534
522
400
134
49
284
156
273
263
314
327
298
361
470
486
69
112
514
460
704
122
414
24
621
101
259
668
186
91
177
92
85
547
603
146
77
215
105
360
184
153
200
352
58
396
80
383
104
271
282
6
402
407
304
81
547
131
430
162
134
349
28
249
153
302
431
410
42
56
161
140
559
393
243
51
453
161
203
55
103
60
238
281
669
511
178
294
58
296
528
578
30
53
8
72
202
48
292
416
103
98
130
273
337
587
139
3
455
70
418
65
388
151
360
328
345
7
419
452
142
507
275
345
337
422
361
111
104
133
552
363
284
502
29
118
107
82
55
375
6
164
46
331
330
155
91
67
15
40
612
266
9
239
21
171
84
94
519
39
183
21
137
407
28
81
350
538
306
511
111
366
181
422
374
79
48
81
350
32
346
9
34
311
115
100
203
198
91
5
75
249
654
274
62
253
149
386
115
394
409
400
20
41
208
97
142
3
156
250
270
455
243
167
552
297
303
160
454
168
203
314
218
268
268
13
113
122
11
117
82
144
201
471
248
19
14
225
87
536
165
418
252
321
147
480
64
407
205
262
66
150
6
455
332
265
529
254
172
240
428
326
319
386
577
183
375
183
611
210
303
717
166
460
293
265
24
316
530
529
489
264
266
205
85
76
169
171
394
33
240
338
61
53
225
207
117
169
510
169
134
251
167
217
573
196
402
189
45
168
102
468
624
104
270
176
174
169
610
52
471
233
306
296
132
112
615
49
211
147
59
168
571
84
387
547
281
257
7
444
184
46
190
110
439
210
647
490
139
477
85
193
400
389
296
501
172
174
204
385
248
377
497
244
324
345
142
609
626
144
13
243
26
362
37
18
100
306
72
149
263
414
226
293
393
189
348
567
260
132
207
185
398
183
73
78
13
104
144
377
111
36
63
428
101
107
215
29
135
380
74
103
367
352
387
594
476
46
580
199
139
122
99
65
433
101
87
531
215
183
23
369
706
480
263
162
293
180
132
192
591
115
38
274
116
170
148
39
48
99
395
25
62
299
535
51
457
431
244
176
194
76
466
427
198
246
503
163
18
213
166
55
497
459
232
154
28
152
155
266
472
701
195
33
154
265
10
113
389
3
425
541
20
227
249
42
199
386
273
567
125
529
210
495
77
438
360
235
441
62
472
198
531
146
208
14
21
403
191
156
35
410
454
79
129
205
595
75
337
306
310
48
48
91
38
8
259
7
213
501
45
577
394
466
444
88
235
642
348
46
319
212
216
153
242
83
300
573
205
461
179
305
60
387
428
80
275
226
2
237
152
234
234
400
88
295
110
69
274
379
481
257
202
16
108
47
320
227
200
25
328
100
230
356
55
303
62
166
539
101
155
187
29
74
299
252
158
138
393
429
146
34
627
331
261
33
67
455
306
68
341
177
192
433
23
157
217
154
377
489
47
103
210
463
709
68
93
154
90
420
86
113
276
12
134
341
119
43
72
7
621
263
298
392
104
603
335
40
347
111
78
50
171
274
205
500
446
322
275
233
534
228
368
217
50
117
469
668
302
450
17
12
3
2
410
256
577
359
51
126
242
190
120
157
257
83
104
406
295
72
496
653
224
215
174
315
180
32
75
422
159
269
275
294
488
342
120
58
292
20
214
346
235
305
81
318
338
143
122
51
95
15
-1
130
270
350
124
392
83
347
309
247
124
357
141
253
117
207
101
232
58
381
594
92
406
301
443
336
315
451
53
393
272
10
41
339
197
340
170
192
110
272
212
43
329
35
118
327
181
203
185
130
212
460
430
284
430
4
397
265
365
44
74
293
2
177
169
225
164
534
571
426
86
591
345
321
45
372
321
114
43
124
526
29
42
350
344
77
367
508
302
27
393
6
428
212
20
263
86
302
69
141
190
544
129
233
46
244
368
205
30
331
122
4
433
421
331
237
160
230
319
292
580
153
53
19
245
475
78
464
108
489
411
196
111
12
62
154
171
482
241
591
509
151
236
151
4
136
67
156
636
98
359
153
307
302
142
524
289
368
146
183
89
441
135
42
298
590
103
159
543
226
157
15
228
302
311
107
263
169
406
142
318
220
329
344
243
660
90
460
28
313
650
10
384
20
328
506
556
106
86
412
241
397
19
605
377
212
415
522
256
122
267
188
31
593
148
128
20
99
167
63
36
215
174
13
458
170
395
290
532
336
28
164
402
547
200
285
450
273
353
188
118
94
129
51
236
259
170
498
181
182
303
268
100
246
149
500
14
322
589
6
504
350
329
135
607
511
370
80
40
55
142
391
158
346
100
575
417
649
9
262
126
318
356
240
168
135
238
516
312
75
336
183
117
66
49
306
355
33
6
626
197
210
317
88
367
155
74
354
257
416
551
399
140
423
420
164
338
130
275
36
193
176
480
125
206
519
37
199
455
242
567
255
62
106
67
253
25
536
445
268
55
232
242
307
616
95
385
98
13
80
147
368
319
309
136
112
428
470
454
455
426
179
209
4
591
21
175
70
10
30
81
354
111
597
61
438
139
39
89
413
319
401
2
286
371
1
33
477
454
192
31
43
335
33
255
202
155
8
87
86
431
127
131
279
310
402
54
548
16
157
385
127
35
1
-1
8
169
402
42
286
182
110
205
303
182
378
-1
143
182
330
300
14
109
64
137
18
302
367
100
246
62
235
266
433
92
436
382
109
374
64
554
340
27
35
88
9
453
314
256
156
448
