296
256
110
226
11
325
45
349
70
483
525
200
79
153
228
222
257
145
9
325
379
430
27
466
177
346
309
317
530
113
250
528
402
11
506
621
44
268
293
68
525
185
142
35
615
481
158
123
394
177
37
168
439
398
106
52
177
261
93
24
174
487
357
112
192
23
94
592
23
60
142
136
182
74
357
217
238
256
431
341
332
207
98
375
71
164
562
171
35
363
361
6
49
323
49
38
78
21
32
35
316
99
159
64
439
40
256
509
474
513
256
229
167
23
573
232
145
161
6
202
261
215
252
199
29
186
374
107
54
265
310
135
379
339
140
79
236
440
328
357
508
199
195
262
266
99
90
98
88
659
150
288
341
154
58
144
16
65
150
138
96
450
293
227
27
429
24
481
467
214
378
69
65
336
68
246
116
14
145
102
542
419
241
51
496
338
117
74
75
159
369
67
469
188
242
381
142
171
478
129
126
426
73
384
388
432
69
354
66
303
625
158
238
65
137
141
236
454
637
689
462
130
187
12
531
187
174
147
367
333
24
473
123
381
327
40
449
455
597
92
443
290
491
574
243
214
155
37
264
84
62
33
300
288
104
343
304
500
98
62
170
67
238
528
551
86
505
107
33
214
224
412
262
626
361
114
20
346
44
153
81
78
209
238
573
272
93
374
485
181
37
419
240
2
196
149
411
26
440
388
67
120
12
115
109
421
146
513
502
462
409
365
171
295
22
108
85
349
65
598
558
47
328
155
34
548
109
407
298
79
135
359
7
96
189
590
3
296
272
123
581
144
109
320
739
128
47
190
281
58
273
148
287
564
188
347
140
187
58
287
117
456
202
342
372
262
204
654
415
98
71
330
615
68
89
81
162
384
132
26
516
269
66
201
38
59
172
342
40
571
49
96
60
148
68
232
82
631
182
181
131
331
143
120
281
466
42
460
484
122
397
247
222
107
168
537
271
129
483
511
328
125
471
475
37
160
80
147
224
453
54
180
427
381
117
338
85
359
19
134
116
42
49
276
292
393
189
85
43
187
104
76
450
89
79
572
70
254
271
301
677
252
223
669
204
124
58
187
151
603
46
214
29
192
130
223
234
504
430
634
617
298
51
98
406
279
147
319
316
537
498
335
591
396
142
57
102
141
242
130
473
153
240
401
171
122
8
194
78
2
266
251
615
241
66
616
23
416
6
287
282
384
246
4
102
379
49
600
366
519
51
8
41
176
151
499
120
402
3
194
408
2
459
23
464
268
83
24
244
119
364
511
28
112
25
75
445
145
46
52
41
13
172
99
130
46
371
427
138
85
130
110
672
302
161
733
94
195
137
515
3
15
296
238
7
474
162
88
244
156
248
330
103
89
234
593
69
263
171
342
134
290
401
218
236
475
246
550
30
207
272
454
183
42
341
340
255
134
355
36
352
17
160
199
6
84
194
124
528
90
4
409
59
188
461
135
125
25
47
488
63
132
105
200
220
635
392
65
214
184
318
250
115
154
240
141
117
562
693
131
47
198
475
206
230
211
370
483
342
439
67
361
278
34
503
218
650
15
59
265
277
225
458
172
376
402
181
32
-1
512
600
239
386
2
309
389
576
313
18
3
247
274
252
293
172
156
571
9
179
372
66
48
274
128
496
532
50
145
205
63
151
209
96
267
635
258
2
2
475
93
286
206
110
444
98
28
312
252
543
75
184
6
166
527
557
123
203
285
418
183
456
71
37
160
108
53
263
92
41
344
229
102
400
326
59
532
55
32
231
159
522
337
257
633
590
252
195
355
59
72
118
565
361
344
29
203
399
267
413
195
147
173
-1
177
191
75
166
137
379
421
106
55
71
473
349
130
386
96
200
569
389
253
363
45
143
155
378
307
164
117
163
30
274
226
109
518
522
34
321
110
228
582
468
193
522
107
106
189
287
148
435
445
261
324
77
241
555
231
643
196
141
267
284
269
203
82
158
122
77
432
118
185
255
38
76
2
26
532
428
520
28
44
202
9
139
134
30
16
88
480
135
196
138
205
280
357
660
227
131
306
328
388
181
315
322
37
225
47
380
336
287
253
17
687
431
373
143
108
2
115
243
270
10
74
234
306
437
432
284
16
268
198
633
352
181
155
268
217
534
372
224
141
582
183
166
598
229
385
66
37
21
367
32
206
248
372
43
202
204
78
288
297
22
239
175
257
571
278
99
84
472
223
240
38
586
218
23
457
141
49
257
382
593
331
352
287
72
55
168
310
377
46
253
448
452
461
183
576
92
7
306
223
170
480
209
135
151
351
72
5
344
120
503
10
490
107
206
56
453
204
451
116
721
134
6
71
114
411
85
166
337
292
210
687
209
121
59
311
18
249
113
373
498
191
304
50
208
64
155
99
87
271
447
433
10
421
229
140
37
456
72
57
58
412
418
387
46
306
292
435
240
393
153
35
243
97
400
7
503
247
607
144
594
543
66
666
271
289
278
293
120
144
171
91
330
227
200
127
297
650
197
15
82
288
517
211
69
173
50
68
299
164
165
479
405
63
468
440
100
284
342
130
434
319
304
755
177
545
163
350
379
92
129
268
147
233
302
399
130
503
65
143
33
533
541
60
336
222
400
323
321
527
177
359
284
103
18
562
437
171
527
660
394
343
159
162
448
453
392
204
506
83
332
339
222
319
117
158
32
31
378
111
325
416
343
117
233
390
178
172
442
30
114
394
476
163
361
403
443
135
294
344
87
195
140
430
398
126
667
464
454
306
69
77
260
281
75
475
200
182
494
557
41
201
601
199
465
54
630
328
431
14
396
312
130
164
551
169
413
546
512
121
322
76
313
318
399
127
10
565
231
508
158
558
480
124
178
233
283
114
185
475
215
487
85
88
447
218
240
504
96
5
329
144
179
157
130
117
139
20
357
389
315
16
167
517
708
289
331
222
305
170
101
212
380
407
457
270
118
666
461
138
231
261
94
168
20
508
272
353
189
38
23
89
111
71
7
380
521
313
332
16
586
630
588
400
111
154
244
252
300
103
258
292
654
37
418
61
64
62
147
28
499
171
108
409
256
350
191
117
497
282
296
263
358
165
266
250
61
475
551
594
217
47
473
104
132
20
419
171
339
221
488
253
337
171
57
248
206
413
13
68
348
37
445
279
40
357
309
309
29
582
247
89
145
512
292
187
11
82
127
300
249
65
158
337
89
263
261
318
550
382
463
439
417
172
574
91
738
560
418
24
542
306
412
459
393
254
63
83
471
456
130
747
212
142
304
190
31
400
219
80
301
368
400
328
206
202
26
211
114
218
204
134
125
399
446
153
61
33
422
315
180
128
280
317
277
590
63
386
521
8
330
28
41
212
69
65
384
445
42
247
30
170
116
39
99
17
39
593
488
435
451
340
23
87
321
91
132
253
49
91
336
79
423
438
467
176
164
234
27
205
307
78
209
69
475
97
506
117
147
298
55
161
180
57
18
192
447
500
75
502
127
89
403
253
30
53
207
238
245
104
284
190
130
116
50
345
223
45
165
102
211
275
249
222
280
223
254
113
97
471
28
34
64
45
403
440
378
174
20
378
380
301
550
78
240
649
442
75
177
91
316
41
166
116
10
454
161
3
124
4
163
42
143
466
279
61
80
29
238
31
338
302
6
304
288
262
32
115
300
90
164
589
233
175
30
150
167
183
312
162
132
494
122
640
168
153
362
251
211
459
95
231
143
39
120
214
174
244
264
481
283
87
11
373
272
276
197
305
447
81
299
41
277
153
117
114
300
471
375
10
119
14
79
24
395
383
37
217
456
102
106
115
152
50
47
538
111
540
29
51
43
115
240
225
85
149
648
31
12
362
508
594
226
93
27
265
52
244
404
549
235
278
188
94
187
618
198
60
56
117
43
270
222
262
132
250
472
132
469
599
533
174
100
389
678
159
54
20
55
112
291
663
293
545
472
17
233
75
434
117
82
319
283
373
66
345
283
24
689
234
123
420
23
158
138
2
337
62
483
616
663
64
130
189
379
142
423
113
273
525
401
393
458
145
164
476
549
345
211
215
190
293
286
165
189
99
132
167
167
341
96
149
233
201
274
348
235
223
522
175
162
417
55
182
218
224
215
283
189
17
364
221
239
442
241
535
492
282
338
201
244
455
97
365
118
24
281
44
120
81
243
191
55
359
399
57
305
352
100
389
89
3
52
15
248
102
239
645
586
502
440
31
46
431
4
65
242
581
83
126
304
55
319
127
354
236
66
128
320
90
272
660
119
272
712
116
14
46
104
378
99
203
150
66
127
505
92
453
314
399
376
164
521
332
44
95
141
73
401
639
378
207
113
339
220
59
302
258
106
212
283
134
17
747
115
40
290
330
493
23
422
657
601
96
84
478
4
351
70
218
53
4
170
325
301
76
333
235
694
403
348
123
328
47
122
326
472
269
581
56
199
62
45
53
11
174
348
327
156
83
229
167
313
429
151
39
141
164
48
478
647
317
365
385
49
216
135
4
546
60
12
33
413
336
306
508
261
173
140
308
446
160
20
18
220
539
61
98
381
227
181
257
88
96
455
435
35
26
179
166
405
221
250
585
166
698
231
520
541
80
470
53
300
469
237
57
358
120
744
279
385
43
77
240
178
113
203
138
350
97
239
425
543
238
30
272
212
103
42
451
19
307
91
101
379
49
111
356
24
338
205
37
302
117
326
475
15
163
18
243
76
262
21
26
390
291
543
60
420
184
69
610
53
449
323
43
168
174
110
204
447
249
17
268
230
125
147
36
292
595
340
24
421
277
592
138
195
487
426
515
297
22
337
6
2
238
126
586
724
569
305
82
150
68
265
143
258
278
167
277
76
167
36
583
221
112
187
5
154
277
392
14
252
325
119
435
198
237
199
477
255
455
557
40
613
144
354
160
232
516
113
65
80
420
395
265
667
280
372
93
224
232
458
430
247
287
122
487
147
559
244
98
357
248
134
468
95
336
62
50
329
498
334
108
28
162
67
67
465
340
322
532
149
357
243
114
255
135
149
303
451
397
286
11
65
320
545
236
612
380
325
416
219
119
165
200
61
127
388
22
322
501
343
502
100
70
202
117
187
192
127
318
42
165
365
189
327
586
191
373
362
468
211
335
31
75
238
25
256
193
133
310
260
108
571
339
395
238
129
85
189
254
23
9
259
121
129
60
273
84
8
83
278
143
546
173
184
567
254
326
356
565
257
185
208
178
98
265
408
124
322
336
102
586
561
33
223
72
488
161
362
435
190
330
24
298
269
63
228
24
259
326
35
230
25
48
356
412
137
7
78
405
571
223
175
379
213
44
414
89
500
153
231
545
212
191
252
57
42
513
389
120
203
177
217
109
74
96
139
183
155
221
156
211
406
88
10
58
307
477
259
451
13
317
7
319
383
92
444
485
282
385
479
219
166
151
366
379
356
574
463
284
269
590
351
10
350
53
149
29
292
374
289
208
-1
512
97
86
110
15
394
125
142
85
520
418
134
168
29
91
518
290
405
209
282
147
303
647
71
24
17
526
112
84
248
287
275
281
192
211
65
385
223
427
92
217
237
323
123
267
-1
74
580
138
521
546
394
215
428
142
53
108
453
3
187
47
77
214
151
480
425
172
169
100
41
83
511
413
265
252
244
459
233
118
310
64
145
458
182
459
358
186
422
17
536
224
94
557
168
187
241
92
653
113
304
386
355
106
363
264
334
410
204
94
83
326
347
504
343
645
52
314
53
13
659
230
196
73
339
9
223
129
288
92
329
204
164
165
181
447
303
253
5
323
718
33
12
171
75
271
86
252
327
7
310
260
215
-1
563
340
316
402
131
207
525
585
432
404
646
231
137
491
420
553
487
452
30
234
517
84
71
537
208
243
257
249
248
536
519
606
58
276
260
187
243
274
628
503
538
222
203
228
238
61
283
36
239
166
210
327
326
86
415
215
92
356
53
284
193
364
556
405
204
109
347
387
23
54
135
32
119
120
486
21
423
64
89
189
162
174
167
171
43
79
246
335
209
113
46
34
193
39
364
593
760
649
107
314
229
12
180
552
183
307
435
146
54
433
318
244
283
65
68
201
109
100
224
272
401
426
286
90
132
367
550
165
343
280
263
141
59
338
160
216
580
210
149
194
379
393
420
511
66
16
414
252
297
104
8
402
467
50
3
-1
571
343
286
52
26
76
122
157
602
48
203
280
252
88
183
398
19
7
408
503
228
48
208
521
133
156
191
334
467
142
473
392
345
157
180
171
213
447
158
69
186
439
396
263
199
9
361
26
18
571
542
125
36
528
569
611
310
525
329
349
187
48
544
246
99
260
427
130
31
236
207
485
322
281
30
314
434
132
168
60
505
269
274
91
647
59
382
120
288
35
383
654
169
288
104
210
730
43
202
40
31
481
535
346
181
87
596
633
688
198
245
175
223
313
200
144
574
169
213
282
25
27
171
234
382
63
634
733
244
26
252
58
317
44
77
194
145
196
430
156
132
153
234
36
477
457
118
282
193
128
407
34
136
174
711
417
133
13
49
223
273
297
108
160
705
35
153
39
50
490
6
329
252
56
320
6
389
178
566
634
428
159
101
99
150
13
408
302
168
243
18
10
122
428
256
242
610
212
15
460
67
170
475
577
22
198
566
566
297
404
431
222
332
122
279
8
100
206
455
12
189
171
311
677
155
141
71
15
132
373
491
177
69
282
105
303
107
181
220
315
300
108
476
74
21
284
132
130
113
247
124
513
250
364
59
539
63
16
163
310
61
339
408
150
30
257
356
157
20
15
34
566
135
142
185
389
103
447
243
633
183
329
499
131
118
60
504
364
36
279
57
508
146
249
121
167
327
543
62
55
69
532
78
481
245
137
7
24
117
123
525
409
278
40
243
307
13
614
322
112
29
562
13
31
458
546
320
262
310
520
471
39
323
188
288
258
129
84
292
725
148
103
474
103
76
308
6
305
228
388
288
323
128
266
218
388
603
428
360
180
200
81
301
27
134
557
334
138
292
15
403
271
290
63
139
518
339
223
34
51
541
365
159
440
604
309
207
177
116
485
394
41
125
-1
224
285
133
261
28
352
19
244
65
26
83
147
60
354
236
103
282
31
328
336
142
459
271
73
641
271
67
430
9
237
625
217
274
459
108
108
392
565
383
283
349
53
514
410
332
475
241
309
295
19
383
483
621
65
274
484
327
88
183
175
135
2
335
227
260
252
122
344
163
397
-1
218
210
224
163
214
552
4
233
402
122
126
127
278
397
290
287
374
374
655
7
537
447
21
77
267
85
363
337
198
279
220
198
34
525
25
246
298
422
43
457
17
213
608
47
329
31
53
126
171
270
258
95
295
368
469
368
95
251
61
307
249
506
224
286
146
36
219
3
425
194
552
356
122
384
28
34
287
52
228
167
483
4
50
9
185
38
112
92
123
241
70
84
660
271
157
492
66
349
131
78
40
295
28
73
114
413
312
175
293
368
400
234
584
139
364
507
616
347
118
108
56
331
446
324
336
93
15
31
96
421
351
218
343
319
110
404
266
280
309
227
228
255
51
303
373
396
440
118
588
79
196
149
355
275
576
487
291
481
360
483
527
415
392
105
379
212
362
132
333
405
100
66
485
418
719
601
47
198
99
17
64
299
443
491
72
57
129
237
73
81
232
280
176
4
476
22
80
116
424
397
579
455
123
443
437
14
267
170
18
153
207
148
338
212
17
299
136
91
434
290
80
217
460
74
71
450
-1
157
221
117
79
465
3
124
185
276
183
352
35
54
287
283
314
220
275
156
79
9
35
227
36
129
240
370
345
548
153
209
172
385
109
325
383
465
23
59
80
222
186
284
143
237
336
249
632
7
35
698
216
17
227
636
204
67
49
218
440
282
627
215
212
35
511
140
141
90
632
428
283
475
28
5
241
314
60
91
46
66
186
282
25
26
211
135
215
247
146
496
251
110
7
109
432
207
394
120
306
188
3
137
322
449
40
248
416
276
321
276
172
526
214
560
236
7
428
236
122
42
284
421
211
135
135
273
356
19
404
193
111
235
364
179
47
122
14
544
15
468
404
121
174
351
24
251
400
238
147
471
82
472
324
168
292
32
318
440
49
330
468
377
62
88
499
503
63
75
404
108
521
211
280
93
189
469
66
221
360
70
37
52
26
13
26
342
578
179
368
351
149
362
54
341
15
678
75
423
165
215
383
67
34
503
68
649
366
110
125
11
99
161
242
118
306
87
486
494
602
4
206
209
263
280
126
204
658
139
62
347
349
2
543
319
23
102
158
319
182
319
31
345
207
3
112
132
107
276
35
340
124
456
181
51
177
82
12
272
108
315
49
47
175
14
283
666
118
140
198
253
96
370
431
357
333
417
159
181
622
608
466
20
227
389
457
462
284
267
121
222
447
14
159
303
198
325
283
106
551
157
419
121
248
251
48
482
108
607
289
19
152
581
220
417
4
352
301
176
424
339
459
233
204
116
42
159
150
298
361
415
40
238
341
563
205
-1
142
344
235
303
514
472
494
141
6
438
83
111
654
173
146
598
12
96
186
172
450
113
444
274
277
495
92
569
491
384
62
328
379
148
456
85
444
232
16
17
88
91
214
227
35
638
261
387
455
116
197
13
160
55
9
246
28
182
375
510
333
116
47
338
60
200
194
23
196
149
75
72
334
183
693
270
403
366
257
406
315
140
468
299
273
71
425
293
173
121
34
128
167
466
200
38
297
8
140
56
5
65
257
202
106
27
348
193
64
20
525
369
52
602
196
113
361
304
124
525
133
574
166
424
63
334
184
127
32
477
187
387
57
217
193
427
239
219
280
37
76
184
666
560
38
98
278
67
188
295
651
73
209
282
185
399
320
169
115
57
265
42
132
466
378
29
154
64
6
34
588
293
237
326
523
139
435
453
197
222
709
420
523
277
84
193
161
152
88
347
27
4
382
58
60
725
139
179
211
207
71
74
501
172
258
458
12
328
208
136
330
326
58
173
264
115
322
151
5
408
382
479
153
222
561
444
7
224
588
263
661
99
392
296
139
443
165
321
605
407
427
389
91
49
89
19
303
395
492
164
127
218
6
8
261
355
342
186
243
101
-1
273
43
149
228
292
519
348
116
616
146
100
234
493
434
346
19
64
2
393
284
219
195
34
175
34
32
375
206
36
7
235
123
217
241
394
70
294
650
179
572
32
327
68
30
309
86
164
63
307
428
158
136
325
230
257
208
176
423
464
117
148
33
228
255
364
169
104
198
431
93
283
329
63
306
513
40
254
288
79
301
285
344
617
169
227
296
219
71
86
77
238
272
243
221
395
232
200
161
661
97
397
150
433
221
103
35
176
258
473
3
429
94
38
248
13
601
307
262
112
100
239
118
344
263
542
134
118
128
315
207
697
5
22
189
150
486
95
207
423
634
316
136
165
125
324
290
17
194
98
558
99
56
315
206
64
506
90
331
415
426
178
178
56
204
201
100
3
489
122
421
30
201
68
450
233
150
67
1
63
501
263
57
420
18
279
274
241
41
269
478
145
123
551
40
43
136
64
674
586
240
573
122
499
298
45
72
413
330
122
228
438
67
129
158
397
441
675
532
282
324
154
540
7
392
112
58
613
96
467
354
205
577
329
29
75
100
578
468
94
15
14
116
546
182
51
175
72
572
44
17
21
537
337
196
131
122
257
108
26
151
281
469
414
18
553
164
292
200
149
150
430
397
352
211
335
214
337
95
369
196
326
71
131
597
134
27
75
590
231
184
147
388
287
318
39
19
47
625
55
294
49
167
254
423
77
485
100
12
421
239
324
214
192
213
97
51
1
202
224
17
460
385
99
277
420
56
5
354
138
231
276
105
207
267
369
572
185
353
643
328
467
419
65
325
74
191
17
275
495
604
338
136
12
72
62
212
708
490
601
166
490
30
132
15
441
139
34
15
40
60
440
6
736
348
170
380
341
410
59
251
374
252
546
-1
292
101
199
11
68
147
53
242
142
369
107
137
106
312
135
76
114
403
75
95
465
306
80
190
419
420
66
185
139
591
183
83
297
528
446
24
335
433
158
544
10
35
424
258
273
571
60
33
148
119
110
317
131
85
648
131
417
258
176
62
300
305
185
62
86
235
319
388
380
492
497
472
528
179
189
502
461
72
29
124
31
300
434
54
140
342
196
193
62
525
157
442
215
102
67
81
160
130
459
430
4
167
227
358
232
81
180
416
131
383
516
98
154
110
167
125
346
262
506
362
196
130
241
366
242
174
435
122
240
8
197
46
399
564
519
345
130
360
29
395
221
32
442
93
526
318
575
246
187
212
71
50
89
212
234
610
93
58
55
67
24
270
40
710
94
255
406
242
117
321
386
103
277
54
358
242
455
45
107
359
20
236
452
566
339
18
357
261
164
218
479
17
77
265
512
219
392
482
674
330
200
119
50
299
371
31
252
9
104
51
65
46
60
397
172
206
375
41
116
314
22
82
403
608
82
650
284
150
379
499
209
492
275
595
2
116
338
69
11
3
139
253
409
237
5
491
24
462
453
339
441
660
492
440
4
201
144
359
372
9
56
89
77
51
292
3
522
688
582
106
148
566
439
517
291
29
165
61
24
424
10
245
127
60
169
127
373
222
230
603
440
49
95
57
137
66
21
122
343
409
263
210
474
574
383
202
35
358
568
586
134
340
11
9
81
113
513
233
540
65
186
432
283
263
48
186
91
194
92
74
581
184
25
480
195
83
334
53
298
767
518
496
440
306
216
61
239
441
190
41
131
205
170
37
117
93
401
617
286
110
136
434
108
555
477
224
247
209
503
468
83
78
391
124
106
385
297
279
71
321
485
267
226
315
-1
220
67
180
303
101
479
442
55
271
43
274
9
160
61
19
34
235
97
38
211
445
47
289
256
378
100
110
208
158
296
111
461
55
151
123
177
668
206
281
350
122
76
363
433
580
476
106
193
369
69
38
287
150
609
9
111
331
81
503
130
6
173
448
28
314
301
47
176
612
54
484
153
470
212
157
-1
88
368
172
317
108
264
534
742
437
440
261
4
147
551
68
463
433
224
88
304
465
213
512
157
274
30
264
57
66
156
23
53
483
99
239
92
393
45
85
3
126
31
27
263
169
319
108
453
67
154
225
420
271
381
161
34
396
139
401
283
268
222
349
146
448
257
11
308
169
94
229
431
54
34
471
71
189
18
80
276
258
514
100
15
500
297
143
130
212
87
369
167
227
133
425
114
231
-1
184
318
139
121
196
111
526
9
23
362
177
46
267
533
457
26
446
74
268
325
54
540
388
664
348
87
316
467
312
175
158
78
155
-1
446
157
117
13
237
564
65
64
531
30
315
385
442
452
271
115
102
287
228
292
443
216
375
277
515
27
292
164
687
119
196
437
159
201
183
377
63
259
389
448
633
196
483
140
598
247
172
175
119
370
191
28
666
459
395
320
5
375
304
48
623
137
113
183
446
363
306
226
163
181
104
138
155
93
260
28
369
228
137
57
136
92
242
107
70
137
41
408
104
118
425
216
55
92
458
208
239
596
80
132
172
84
49
141
338
195
447
598
151
427
14
298
465
39
261
607
125
107
393
348
80
120
556
141
614
391
104
284
87
127
114
40
173
259
164
26
93
132
501
431
696
209
217
178
501
258
2
411
116
355
345
155
503
90
116
36
208
354
162
366
96
356
278
225
342
330
343
392
544
109
343
38
322
585
565
158
492
332
291
230
464
345
367
169
587
306
394
214
291
239
260
104
429
135
45
363
151
176
182
33
294
607
50
356
277
472
397
385
207
20
47
737
9
85
486
357
61
13
425
261
339
85
497
339
258
141
309
89
604
434
353
420
82
87
551
361
271
74
220
257
224
408
409
97
8
71
212
161
27
57
245
220
502
538
457
223
316
154
281
330
338
390
96
220
10
553
367
128
294
112
358
108
353
79
120
218
23
26
175
146
153
172
166
201
482
389
188
341
361
437
102
171
136
52
155
8
640
260
370
105
159
45
31
290
464
390
86
41
22
188
413
556
508
483
162
45
60
355
303
24
75
246
266
428
96
219
166
164
503
430
119
216
59
112
511
143
169
44
213
38
4
305
5
324
8
225
253
420
180
76
70
64
194
89
109
22
334
346
301
57
147
154
245
64
486
184
484
90
32
182
30
405
134
137
11
211
498
115
151
255
112
89
41
317
159
262
197
60
3
21
118
103
532
4
245
432
268
162
82
104
141
275
631
209
185
268
242
28
68
557
166
370
317
219
135
301
522
340
348
139
234
10
62
113
42
474
193
155
51
13
-1
684
32
22
330
310
466
186
53
222
39
539
476
34
443
269
230
140
506
286
364
223
260
402
16
51
183
341
647
296
481
580
6
320
231
348
18
285
148
79
478
643
595
148
54
236
426
132
51
670
179
162
158
173
169
179
111
319
84
668
68
269
214
442
158
56
581
349
342
169
568
135
738
127
103
5
518
6
461
164
524
19
292
561
379
53
253
492
155
252
330
624
226
171
2
434
394
204
104
657
133
41
69
108
126
665
380
602
32
142
116
442
425
36
459
118
24
75
140
629
21
181
13
249
94
432
251
420
268
57
413
414
248
3
145
117
415
154
187
148
99
32
183
347
72
127
24
4
111
88
647
167
590
210
277
622
437
599
173
633
98
153
298
108
270
9
111
273
90
8
159
190
309
189
533
257
135
14
40
276
66
59
18
161
64
258
221
125
235
442
581
34
109
510
76
68
27
115
117
13
385
278
126
299
120
101
107
141
393
428
56
226
526
27
157
645
224
372
61
250
311
150
519
19
309
250
270
97
516
628
496
58
337
391
3
607
174
413
161
79
199
508
521
580
282
310
348
115
56
169
217
247
64
50
270
356
36
325
31
539
265
130
152
110
460
524
146
432
230
503
673
175
512
431
124
69
231
314
12
435
380
417
621
272
672
316
11
77
453
72
252
476
379
123
211
128
673
198
361
49
51
391
50
279
14
15
302
47
103
482
15
193
169
74
609
143
162
157
110
2
251
235
69
236
178
618
552
101
279
285
88
518
577
196
54
439
120
7
57
56
738
378
206
71
227
607
514
724
15
249
301
3
161
257
88
213
152
531
537
28
569
235
277
249
36
604
330
403
263
254
297
44
142
185
142
304
442
547
422
242
69
218
108
606
238
192
3
162
540
127
135
216
94
252
220
246
100
312
333
297
145
273
236
412
431
505
448
182
26
607
29
225
297
48
474
307
46
-1
3
20
556
-1
318
416
414
114
397
118
59
378
3
637
10
70
328
427
89
338
77
205
51
347
95
425
117
278
101
35
525
323
84
143
348
25
76
94
341
-1
141
312
430
23
293
510
79
6
431
111
236
348
102
16
214
487
207
16
95
326
186
202
87
71
203
322
250
187
328
212
149
86
14
174
261
169
435
154
275
403
358
78
356
295
301
310
274
57
578
485
40
264
278
295
164
97
542
459
77
348
212
295
312
431
107
216
672
657
160
166
154
359
10
494
425
206
218
86
193
468
61
72
462
28
139
271
313
283
556
19
269
284
80
103
103
503
329
163
95
59
164
239
380
350
190
99
193
105
584
111
140
488
386
155
129
337
34
69
136
36
9
329
445
146
29
228
338
28
212
63
73
450
674
64
387
48
136
314
321
74
186
104
350
149
245
313
229
415
259
543
540
64
97
95
130
153
48
222
179
112
203
460
191
132
317
123
483
151
96
76
27
381
196
428
463
132
31
101
95
324
254
1
169
392
172
245
126
143
95
21
386
448
178
182
304
227
125
222
73
290
311
119
15
204
417
330
206
112
156
224
259
333
206
325
11
396
78
369
576
592
445
218
259
173
71
147
333
201
238
374
389
243
84
128
83
32
131
57
15
646
9
312
29
85
87
460
207
616
46
124
88
44
323
131
169
121
397
127
494
732
469
143
74
219
162
195
728
324
298
223
628
229
517
100
157
207
314
295
528
233
263
357
22
451
178
537
767
249
249
107
634
414
88
462
37
412
147
63
211
307
478
518
330
359
54
513
344
444
530
79
607
5
241
115
138
242
43
4
74
96
49
66
112
81
408
18
271
593
475
680
333
50
626
7
391
14
337
73
268
98
307
214
226
128
590
4
164
99
231
614
507
610
376
140
132
16
194
301
153
286
3
196
233
78
396
200
40
316
526
236
526
246
647
28
269
226
3
236
245
217
23
142
130
236
82
228
106
127
504
332
404
511
284
146
36
83
525
235
372
219
84
135
81
150
88
420
122
234
66
167
50
396
480
69
141
315
85
206
56
158
199
18
20
52
230
323
150
125
70
488
381
578
290
329
147
7
90
442
77
407
499
492
239
176
477
482
92
458
396
347
138
214
42
460
231
442
359
92
138
84
493
122
59
468
42
35
423
116
78
480
185
252
95
119
299
77
533
159
142
569
205
10
708
109
105
481
76
96
78
187
256
244
517
478
307
22
115
307
57
342
354
540
608
370
7
70
471
128
271
193
140
442
177
331
58
171
66
221
57
218
406
297
417
1
116
65
54
64
461
189
256
375
459
512
302
443
170
132
79
555
334
115
222
230
425
88
227
201
595
146
131
118
5
314
29
441
268
355
140
126
3
74
321
281
294
307
184
248
30
538
258
51
71
76
122
16
367
313
336
36
69
438
51
71
158
7
43
382
136
254
171
398
202
73
388
77
661
22
81
209
375
412
349
271
238
98
364
56
519
221
370
164
23
152
319
322
597
143
36
113
8
210
700
491
637
298
558
309
33
511
311
137
160
619
34
120
63
57
161
133
102
9
461
118
48
252
110
619
368
17
263
81
413
185
519
67
170
68
51
481
128
136
104
61
106
103
457
25
223
377
196
255
140
595
2
58
180
317
9
248
289
475
273
105
233
211
15
498
597
638
309
286
115
312
264
145
550
733
443
210
465
296
332
180
15
161
506
612
131
43
363
285
444
331
91
269
128
1
363
29
170
141
271
178
28
356
241
102
254
54
368
218
516
128
86
368
146
294
157
158
17
148
241
87
344
84
180
299
462
346
294
555
522
41
250
156
103
6
376
188
254
330
120
377
288
2
161
34
228
416
81
139
10
270
92
23
426
455
2
86
191
86
526
249
96
40
305
265
21
207
547
646
437
43
155
478
535
248
397
138
318
129
223
199
434
46
574
157
174
95
322
76
611
196
20
110
195
465
667
539
15
427
72
40
85
442
46
290
322
304
165
206
32
250
213
27
252
272
147
301
447
339
615
34
517
116
351
35
217
116
139
0
321
112
199
18
583
29
251
162
453
67
425
484
428
159
421
378
100
382
31
128
373
83
488
512
93
475
12
181
87
245
232
198
699
55
90
82
229
347
113
282
134
107
540
98
212
37
338
161
112
603
196
69
162
63
291
171
529
523
33
411
300
100
341
262
362
114
561
370
337
635
109
162
205
7
245
224
186
167
466
114
21
494
197
152
47
70
204
229
33
396
743
225
352
327
91
459
394
145
38
264
21
122
27
237
618
701
176
169
62
380
50
672
7
329
87
570
65
241
183
530
91
13
426
253
742
447
13
172
228
78
42
537
496
61
575
204
297
409
566
202
158
334
596
6
424
201
433
493
45
31
114
402
94
28
9
139
227
756
179
454
131
64
302
119
45
170
267
286
95
400
46
115
183
78
84
452
487
385
47
194
654
499
458
82
42
552
363
391
282
507
236
520
212
65
520
244
49
506
142
51
3
151
568
347
82
264
302
70
424
237
344
279
199
91
226
359
196
131
275
395
485
224
348
287
475
565
484
202
249
41
152
174
101
323
400
556
120
77
120
544
73
370
67
268
20
182
410
201
88
353
98
82
81
425
480
85
558
139
128
256
380
176
336
95
19
135
204
291
372
737
70
287
604
181
10
361
24
466
638
514
98
112
596
535
171
11
34
272
615
122
119
490
338
213
104
517
201
150
68
201
756
284
420
192
208
203
208
124
171
214
616
168
206
6
61
376
305
562
34
470
328
128
4
22
141
383
437
251
36
233
39
11
340
189
121
295
351
110
69
201
211
65
132
461
275
331
156
234
10
478
89
40
126
53
334
471
345
191
27
170
229
219
398
160
247
383
237
96
105
82
578
240
77
321
61
467
108
217
317
343
81
357
679
62
149
389
498
401
38
64
103
65
435
160
250
476
61
463
445
72
386
263
255
319
448
131
261
87
74
60
235
164
535
18
68
9
394
369
191
265
351
445
605
318
292
452
409
93
10
255
131
274
128
208
315
100
706
267
602
336
131
150
202
-1
287
16
183
675
179
182
46
203
120
83
559
528
468
83
530
278
25
31
23
68
255
398
232
269
411
137
547
26
382
255
179
89
495
16
303
219
388
45
567
10
33
94
125
72
17
411
538
318
410
82
502
453
278
142
167
381
373
275
285
320
98
200
146
42
281
36
406
99
16
545
407
10
70
142
81
21
229
511
215
109
277
72
13
607
419
232
308
107
498
58
303
207
112
256
248
29
315
22
93
408
191
365
199
45
253
14
179
137
67
439
20
196
195
54
427
26
41
526
460
152
25
200
191
365
85
93
167
38
204
108
184
471
66
10
247
263
52
458
348
62
215
163
679
232
446
128
299
224
24
223
149
511
25
334
269
199
223
26
589
486
557
205
58
117
55
125
127
208
2
635
73
575
523
239
21
409
30
121
59
188
6
292
233
95
571
590
100
99
54
302
337
210
19
271
464
565
117
388
325
75
507
155
40
312
1
173
347
280
410
12
199
614
599
143
596
112
101
266
428
480
478
169
141
235
397
474
88
360
254
353
28
559
113
191
96
302
549
345
253
267
57
737
261
271
132
630
247
151
405
147
469
48
167
404
69
276
276
62
107
359
47
440
26
107
221
336
76
352
542
572
408
288
372
600
38
487
302
2
443
139
120
154
285
90
267
211
188
62
56
195
300
1
578
304
571
293
221
44
109
108
417
472
492
232
440
418
170
144
352
659
512
136
396
137
42
310
162
270
86
433
243
329
144
298
89
213
421
34
234
320
487
157
215
169
217
141
207
167
287
360
399
559
9
623
37
211
117
106
229
254
87
44
327
136
191
245
341
482
289
80
208
136
449
261
114
269
362
313
649
52
598
154
20
325
73
148
607
180
39
307
272
65
382
258
348
280
131
351
261
55
396
138
550
248
11
29
414
396
115
140
55
44
629
87
446
323
474
207
500
189
127
140
179
303
61
464
533
319
280
190
188
133
252
202
320
40
36
232
60
421
2
189
372
116
381
237
125
183
215
438
151
465
663
398
230
176
256
242
592
137
430
116
499
36
164
316
242
45
321
244
131
139
338
480
164
127
54
86
89
396
84
289
532
137
33
40
342
461
244
184
534
299
538
298
264
349
287
435
199
80
236
18
430
353
612
451
239
299
246
260
205
217
216
174
349
73
117
23
351
417
195
240
131
336
1
48
241
55
95
80
478
271
37
157
197
128
49
121
66
139
29
62
199
452
563
239
86
119
443
471
133
490
257
478
237
320
626
542
97
46
279
235
100
200
98
491
89
89
95
318
342
75
16
301
114
242
7
89
53
7
331
459
95
13
242
333
221
161
137
81
23
328
127
404
137
550
255
378
76
599
93
61
107
99
106
346
323
101
360
260
403
321
406
208
280
124
248
14
81
34
473
212
299
98
205
596
362
31
350
577
115
537
63
156
185
248
188
249
573
294
83
349
240
486
156
416
84
197
191
456
463
274
242
258
329
176
289
188
598
363
103
32
42
187
88
316
217
104
496
179
204
221
39
288
583
89
42
239
24
604
100
18
460
266
205
58
380
315
122
316
39
464
326
265
5
15
265
251
298
10
238
165
483
426
274
102
213
96
194
302
624
30
150
52
355
32
59
208
140
306
213
225
14
628
251
460
218
203
54
613
52
96
510
107
8
165
136
335
250
131
78
315
169
375
70
79
3
413
5
278
96
378
160
366
442
35
155
309
484
35
162
282
379
143
22
540
373
469
139
337
180
277
292
47
508
66
241
44
58
396
44
311
335
85
200
82
185
383
68
229
62
239
281
83
277
215
300
107
89
464
13
88
156
107
404
376
9
144
66
179
64
95
127
128
157
136
21
384
460
101
27
198
7
128
240
211
322
413
44
303
596
427
123
331
220
48
370
315
200
21
54
607
331
351
511
201
78
63
210
493
5
672
337
51
447
285
328
59
195
108
528
137
478
126
361
206
290
102
167
223
331
52
192
123
514
103
294
318
468
115
51
252
224
109
151
459
171
12
238
231
62
389
100
61
284
467
77
10
138
239
301
456
452
232
234
94
169
470
350
33
746
250
306
68
17
120
401
411
151
57
186
342
203
317
174
265
229
433
27
250
526
272
130
171
125
394
90
153
276
189
38
412
192
162
461
176
252
45
414
245
603
9
537
112
5
348
84
36
144
115
589
280
223
11
53
252
142
9
204
454
307
308
330
456
484
160
89
410
569
411
265
481
90
98
346
20
20
99
97
2
610
231
336
578
18
664
417
413
15
344
319
284
63
451
27
207
117
200
273
138
94
112
277
276
61
479
225
393
239
45
11
108
476
37
484
239
141
287
113
701
90
426
113
89
51
62
188
328
7
121
196
155
345
23
210
24
92
94
46
447
336
260
301
426
318
294
389
271
289
128
370
107
213
131
451
137
229
674
348
28
99
357
319
630
177
291
36
67
104
429
143
301
59
54
64
74
8
66
59
252
32
461
209
403
23
110
49
317
425
358
100
159
59
478
86
8
265
148
114
285
328
479
59
143
69
13
651
99
420
644
329
127
553
313
378
224
557
206
247
20
280
207
515
378
17
268
188
706
529
530
299
109
238
260
141
261
221
67
301
599
196
458
371
206
-1
325
127
22
86
109
233
481
318
237
257
84
99
24
529
107
2
288
91
60
8
442
248
157
340
489
15
224
2
329
292
33
34
530
128
528
477
435
172
590
140
291
91
27
328
308
629
147
306
304
47
214
150
333
486
217
126
551
192
206
768
120
339
96
39
516
558
369
254
253
648
280
132
132
12
14
113
208
261
106
276
4
453
78
318
261
98
285
129
483
223
77
52
302
308
415
153
114
83
249
233
152
138
135
115
88
571
91
67
484
31
438
100
416
115
369
139
79
387
225
580
122
137
341
39
477
249
570
635
578
165
450
574
89
110
210
201
262
468
203
124
74
429
69
88
61
177
184
599
726
145
22
622
595
46
258
553
73
260
396
205
238
273
281
98
61
32
237
102
3
561
113
110
190
395
97
251
348
124
302
146
79
181
141
207
241
354
483
242
5
15
284
223
60
199
66
229
53
132
459
146
247
524
619
197
584
209
405
45
443
238
300
77
188
416
309
264
345
11
587
98
53
129
329
652
235
342
201
260
127
5
495
222
377
239
182
59
267
82
12
308
202
71
122
246
427
55
45
245
200
131
45
393
439
172
133
234
257
169
41
428
102
159
186
245
683
250
370
301
58
442
204
115
376
47
551
197
472
121
49
501
68
206
133
121
501
45
367
488
93
388
202
150
43
175
285
326
200
154
449
183
452
430
2
128
545
198
351
309
392
356
601
400
47
259
192
428
262
672
111
357
346
90
211
540
586
164
88
14
91
487
10
356
454
317
276
138
355
642
181
409
443
214
185
628
40
468
32
72
104
397
66
124
299
604
188
357
203
5
309
14
367
434
521
41
306
194
406
484
197
50
286
608
84
124
510
13
352
485
258
208
308
195
180
276
184
216
113
26
228
127
236
435
526
380
444
240
734
372
149
284
192
276
229
262
65
99
430
111
8
290
71
190
19
107
494
24
238
120
11
121
96
316
597
719
420
588
132
8
375
270
356
60
169
64
280
206
48
174
215
526
404
508
76
104
140
27
204
58
75
623
111
4
231
241
444
132
274
185
251
608
359
54
191
213
83
478
236
313
351
430
575
265
65
40
10
28
45
359
22
233
458
374
157
467
338
202
275
270
584
456
306
72
20
16
401
169
477
156
308
282
134
155
55
11
356
217
549
2
75
95
195
112
11
366
320
153
29
107
228
143
257
69
80
380
453
210
2
249
180
27
425
60
89
218
446
356
560
518
349
9
309
190
169
455
565
57
366
423
74
7
135
247
439
398
3
70
571
240
122
153
67
213
13
171
10
215
163
417
105
354
134
392
349
48
154
221
262
186
251
539
555
374
291
388
235
379
278
397
481
438
326
249
279
81
123
573
104
678
512
27
84
2
114
51
54
199
84
13
257
136
87
409
393
261
196
73
195
3
83
236
75
461
64
121
88
162
220
223
675
334
16
19
288
192
50
344
6
113
116
418
81
320
106
248
382
480
54
243
54
343
212
455
336
464
412
146
85
362
206
358
125
641
719
258
184
301
107
237
669
408
398
337
347
606
325
179
3
73
115
95
412
372
537
29
322
60
9
194
214
12
159
352
182
166
224
445
75
318
25
25
309
403
108
230
182
518
554
272
218
74
325
27
436
159
207
531
326
236
218
261
274
538
96
422
754
58
138
117
35
202
386
293
308
418
375
166
83
14
301
516
460
694
97
64
90
135
561
303
109
684
219
350
94
43
438
35
390
504
245
157
73
21
117
237
211
291
404
361
17
413
97
397
258
305
268
271
549
324
240
30
123
146
147
493
55
175
1
186
81
118
74
97
321
101
173
266
245
63
230
269
77
135
166
323
376
561
482
512
569
308
531
14
269
108
573
85
425
302
110
80
240
131
15
209
133
59
328
361
415
503
454
158
203
484
11
219
535
698
98
135
150
645
82
59
15
105
225
175
137
92
79
587
424
352
188
312
499
587
82
330
111
297
454
223
46
447
249
547
94
359
316
148
258
241
139
382
260
192
774
11
1
186
15
296
311
25
542
77
108
156
223
2
236
56
305
318
44
80
380
290
442
357
252
54
255
270
375
150
85
308
131
105
163
157
88
191
155
558
316
620
402
244
250
37
278
200
685
224
457
44
81
414
6
84
157
23
451
98
104
57
409
12
277
117
126
322
194
149
695
167
509
202
27
285
87
69
118
465
64
307
319
585
270
22
111
244
634
390
425
146
241
111
642
22
78
81
90
329
96
251
317
542
394
88
148
351
418
294
370
118
105
571
432
666
47
35
4
172
396
51
71
80
47
13
466
287
369
523
215
415
41
329
209
7
311
206
86
436
487
562
436
81
14
109
495
11
159
639
275
27
245
285
187
34
508
489
46
238
104
226
46
98
350
426
136
188
566
47
556
176
190
349
33
736
209
183
31
234
8
38
407
138
95
647
197
16
177
191
673
150
143
359
423
730
250
552
3
89
478
7
307
2
104
523
110
500
120
59
170
77
516
108
62
91
272
239
153
132
88
637
48
188
678
394
32
148
44
274
488
538
263
407
267
249
221
318
416
250
253
195
382
85
27
353
75
189
370
390
49
178
25
374
45
242
319
384
82
441
56
364
208
244
336
342
602
92
160
514
92
375
76
262
342
154
81
252
102
417
494
105
34
22
121
507
10
133
403
78
111
40
291
227
17
146
361
427
473
204
398
29
159
27
458
391
191
615
113
399
529
169
82
459
237
538
273
199
51
399
379
71
354
350
306
90
642
478
265
193
38
91
167
319
80
7
186
536
226
149
102
150
107
112
10
162
109
289
254
70
431
446
171
35
45
69
232
287
215
210
407
89
105
365
41
418
342
232
24
62
200
237
22
52
2
70
354
2
423
256
604
80
283
17
192
254
197
536
73
316
563
374
78
73
184
305
723
6
69
85
304
164
68
487
9
149
223
207
164
484
470
318
99
281
653
230
87
46
346
224
356
250
248
424
162
102
70
155
39
231
206
86
19
714
203
384
288
136
25
191
238
73
71
455
186
210
8
245
153
320
123
681
246
387
412
125
293
273
287
193
150
92
447
218
598
247
433
593
122
26
115
35
135
185
676
255
289
279
71
613
480
356
532
139
695
185
215
626
493
358
125
150
172
391
522
8
116
435
560
415
346
65
151
487
445
129
103
540
75
475
92
102
41
361
515
274
3
316
316
427
135
156
226
4
145
300
1
333
243
436
395
93
460
21
383
332
56
304
175
293
16
654
527
272
252
350
44
91
249
170
556
214
287
322
405
32
233
57
20
230
259
69
232
44
572
102
204
407
40
260
102
91
56
360
215
607
370
126
432
221
481
134
365
284
223
255
178
194
213
287
401
183
688
39
3
255
100
125
278
123
24
593
533
36
542
267
60
448
135
491
254
100
69
561
166
228
300
372
190
114
257
120
383
448
415
393
45
333
173
211
124
153
158
204
19
204
447
12
370
430
122
33
45
211
445
43
436
565
112
507
16
142
13
95
340
216
253
97
85
226
146
341
64
516
370
439
557
-1
132
723
32
223
481
395
307
378
221
85
601
139
206
156
70
131
265
473
226
691
461
454
76
505
499
284
410
111
13
57
154
90
336
283
163
28
21
187
199
275
468
355
164
511
154
79
118
271
89
60
127
57
155
182
318
450
153
159
25
282
42
211
74
508
156
387
188
486
295
195
421
209
101
512
130
457
74
120
89
307
6
434
29
273
167
422
293
550
496
314
186
110
417
235
351
148
161
37
193
677
413
543
76
338
70
322
163
368
377
158
108
542
278
64
633
497
223
403
580
560
296
81
266
81
62
205
263
347
332
18
290
157
647
60
245
84
115
326
142
646
85
132
302
35
31
331
153
335
137
40
232
354
