10000
1042 922
406 3014
831 2007
1081 724
1674 2482
1537 4439
1249 781
4975 4694
2080 2901
4112 1019
4519 3807
1646 3480
3701 311
4094 2639
2033 492
59 4600
4869 500
921 4501
2250 4970
79 2121
582 2783
4106 659
2065 2222
730 491
3996 887
523 4741
4019 4971
734 1906
1107 779
4552 2950
4124 3596
3164 4007
3083 1005
3866 20
1096 1196
4907 4116
4491 219
2052 2350
486 177
3070 2088
4246 481
2356 1788
1248 1996
868 600
3583 2412
4319 541
3318 613
2376 4307
2463 4384
1551 2218
4673 1626
3381 2104
1199 3247
2445 2675
3974 3191
4786 3853
4011 2830
1883 3468
3944 3319
2226 2897
4071 163
2255 679
1707 1293
507 4936
2703 1219
3907 990
20 4013
2256 4849
2322 1211
4021 4954
2715 588
3134 3219
2279 4272
879 4160
1175 1095
985 33
243 4675
79 3697
1728 3877
2844 1872
3216 945
2192 4240
4582 4008
1758 69
388 4066
3221 1427
934 4555
11 3541
2050 4257
4984 3807
4582 4781
3503 4125
3108 1487
2157 3560
1106 4350
4931 2261
1009 3050
781 2796
3200 1008
1017 2024
251 4982
4044 4787
1091 4847
4262 3352
3518 2337
3493 3351
2389 4971
372 2733
1177 606
1354 2890
3825 4360
1770 880
542 431
1811 3165
2454 4708
4081 3215
1802 843
1456 994
663 3899
4501 794
2854 3809
3164 1979
3980 1792
665 2103
1334 2264
3716 1468
1614 4963
988 1025
1583 3298
2874 1263
1482 4684
2411 1689
320 3693
4684 3853
1646 4109
3819 4362
3144 1487
1956 3031
4562 679
2985 553
1903 235
4750 4227
3005 4964
2806 3514
4886 668
2699 3885
2767 4719
4547 3541
3395 879
185 247
2567 651
2961 440
1651 1852
1953 2170
2855 3766
2952 105
669 536
4080 1937
1823 1876
844 3685
3248 3781
4827 4168
1219 63
1597 4846
407 1101
3836 3455
508 914
2184 4203
477 3917
2633 497
4780 3621
1755 4084
3220 3385
4387 2833
3662 4081
2913 1448
3284 2815
3375 1405
123 772
3982 3237
1484 2925
1218 246
1726 460
2294 3546
2912 2586
1298 3488
4227 2795
240 1034
3413 4984
3926 110
1617 730
3735 24
4758 269
1246 1109
1643 1574
4281 1725
1257 636
2012 885
1315 797
3052 2783
1480 4259
2934 2243
956 4445
744 1236
367 2087
1442 1852
540 4465
2356 2129
2318 141
1634 2081
3272 1876
2745 1611
545 3838
4759 705
4900 2260
2006 3519
407 859
4347 2429
1748 4832
3579 3158
991 3636
4233 2022
1051 2344
1012 403
552 193
1405 1049
3803 1194
777 4524
4350 3982
902 781
2657 1745
1518 1071
4936 1534
250 1435
2207 1988
1245 448
2273 757
4527 4163
4275 2997
403 726
3889 3198
3011 4164
3224 2748
1667 9
2641 366
1029 54
3309 750
4531 1813
2126 4932
173 778
1188 3653
1623 1352
1641 4966
4073 1095
3757 1952
2712 229
3416 2190
2676 1697
4015 3587
2285 3659
250 4242
3605 4017
402 835
594 3150
4258 746
4575 2496
1385 4719
2629 4861
4704 540
3809 3960
1215 2045
3440 1350
2415 2302
4522 4611
2169 1853
450 3668
1056 3640
123 443
4994 2910
2251 3752
1822 4705
1353 530
1259 1966
205 4180
4122 574
3643 1227
971 3669
4028 3059
662 29
3694 3999
4974 852
4091 1627
1297 3638
2359 3941
1413 4568
287 2157
4066 1123
4148 3856
2829 4770
2265 1004
3578 2654
2599 2035
1368 1655
4684 4318
964 1070
4849 4548
608 980
1124 471
2131 162
3106 618
290 1545
3243 1732
310 1888
576 3532
3284 1496
94 2886
2128 404
950 3460
4957 1150
1856 206
2605 2808
4620 1423
506 606
927 4358
4352 4405
2755 65
454 492
485 2947
124 1012
4814 1190
2754 3140
4775 238
169 1715
3151 318
2185 2324
2854 3412
4734 1168
2108 955
3736 4889
2822 2853
3087 925
4088 3168
3879 4966
2163 2808
1431 1926
3483 2603
3745 1761
2563 6
3949 1446
801 234
2309 373
1283 2584
286 2170
663 3174
4034 3182
702 2247
1543 4139
3095 13
3787 586
4080 3445
2094 3476
712 3134
2989 3837
46 1880
1886 4481
276 3402
1706 2866
4466 3317
1186 3319
1305 2123
3444 4592
2867 1999
1949 1800
3196 2346
667 3321
412 4234
2463 4641
3564 2833
3261 2685
4830 1555
1687 3905
643 3565
2284 3241
71 221
4116 3792
3646 2213
2543 2008
3467 3569
278 1126
4301 2056
128 2364
4908 3364
3377 289
3085 4039
728 3418
1938 3715
2907 1166
2265 369
953 1772
4352 2146
4152 3748
3844 435
2871 595
4525 288
3671 1221
1831 233
1905 2108
1312 1306
4387 4856
1012 777
940 2541
2438 1938
1387 1459
2981 3352
4726 2383
2237 1449
1089 4524
1331 2577
2662 3229
4520 675
1262 4880
239 1115
3820 2954
1927 1652
855 3318
3358 1164
2330 2381
2495 1826
4659 927
2191 2088
3687 2717
4758 1393
4909 2766
2488 628
3495 2067
1817 2835
3098 1067
4356 4126
716 4029
1813 3085
657 1166
1105 3845
1504 1589
552 1787
1154 4544
3431 2791
947 182
1889 4433
4259 3237
4922 1610
867 1809
4374 4693
3296 1897
1496 4712
2471 4294
1767 2449
4514 836
1213 942
448 1052
3911 4115
3727 797
4220 1458
3605 2666
2235 1352
4428 691
2688 2584
2818 635
4876 2448
235 3882
3639 901
1772 4914
2151 495
4600 4961
1288 2727
2317 1084
3360 4141
3764 3440
2128 4526
1356 4450
2687 3567
1158 1927
435 2606
198 624
941 1810
846 2921
748 2945
1682 679
3909 4369
3738 286
1248 1567
4193 3359
4314 2831
1824 848
1033 2919
1020 4625
3175 498
1077 1861
3905 4796
4918 1908
824 4681
1370 2304
3116 4476
4704 2770
1205 4831
1548 1628
3241 3935
799 4485
4701 3485
234 4248
3183 1358
410 2602
3316 2086
2831 1174
4955 110
745 1061
3049 3212
2880 1085
2007 158
2238 101
4203 3347
1144 1436
3679 3695
966 4877
837 1899
637 448
3591 687
3419 3738
2739 1279
454 2088
4791 3213
3691 4968
4938 3857
1040 2219
3283 2940
1946 837
3300 3005
650 2303
4725 2679
1591 3414
1210 2947
3637 4656
3683 419
4341 2174
4010 2777
4549 4947
4147 3737
4289 1444
179 1906
3267 397
4449 3954
1973 3109
4986 2482
2704 1886
4377 2939
4430 337
1324 4539
2526 2475
348 1569
3403 2397
3594 777
1105 2810
1369 1200
1394 3466
1021 1072
1101 3154
946 587
4844 4638
2714 2355
3452 4280
394 3649
719 4064
1601 1503
4004 185
3510 2049
4303 2141
3395 990
1377 3446
2198 4177
3887 4335
3440 380
4740 982
4488 2691
2126 91
1253 1887
4105 3845
1064 3885
2578 1106
3223 1116
4807 2497
236 1417
2208 246
1245 3827
1831 1413
4990 2519
3429 4643
2437 4227
3362 4766
4011 1847
178 4495
2552 1041
3824 4109
1323 702
327 3619
4662 3603
4784 2015
371 4079
2326 3791
1860 1947
4566 1349
1590 4893
3709 2864
3892 4714
1664 2870
226 4027
4395 4637
1565 228
4866 115
2917 2813
2604 2301
2364 2396
485 3086
1831 4506
3647 1111
3008 1400
1710 2522
3532 3468
965 3066
864 1692
4834 4816
1691 586
4541 4913
2594 2421
1658 3709
1839 2700
3681 298
1392 1657
4849 4360
1301 4626
4777 684
2393 3032
1186 4921
1140 2340
213 4307
1824 4011
3211 3438
980 2150
1480 858
1333 2848
3179 4539
3187 2631
4447 317
3812 3163
4340 3567
4574 630
4560 1128
2352 2668
912 1735
4750 2330
1957 391
937 4199
3372 436
621 477
167 2219
686 1949
4302 2643
1759 2464
2882 143
2196 711
2546 866
1739 1749
1719 3822
4810 4995
2365 4515
2121 3895
798 3659
3656 2658
1575 876
858 459
2892 2651
339 1350
3753 1835
3094 1486
1399 2531
1513 3858
2740 729
962 3520
2453 2149
2640 1970
2496 1459
4477 2523
2616 4603
1184 4155
4669 91
3094 1238
4379 1683
1048 965
3974 1939
327 4265
900 398
1758 4753
730 3203
3715 4612
4438 3883
2554 1920
475 4229
1863 241
2519 3365
2797 3534
2139 1059
3955 3229
882 2767
174 4103
3474 4423
1448 2247
528 2920
775 1135
2522 852
4973 1081
1497 1611
2259 3359
3268 4626
3181 2422
1406 4457
1520 2770
4456 2260
602 2545
2618 1554
712 4072
3830 2507
3801 1364
1631 308
4681 545
923 1253
2407 2938
474 3654
4082 4807
58 1834
2325 3752
4813 3745
1017 3560
4095 1727
2522 3420
4928 857
1780 2158
484 1661
2438 12
2892 2489
420 1231
4803 1754
64 4851
4350 718
1224 3287
1840 718
3000 4037
3512 2291
4863 3751
3235 2151
1152 2890
2709 765
3066 498
900 2944
212 1505
4407 3181
2553 4564
3335 4876
3451 2755
1256 2121
474 4385
3478 4291
829 1293
4240 278
3870 1425
2555 3372
3953 1245
2570 1048
4131 1930
3592 3142
3200 4086
986 2481
4024 3441
3714 154
3597 418
4706 131
4974 3608
862 159
1638 1462
1052 614
3847 2025
147 2790
3917 4032
4937 2706
4899 4603
967 1890
4328 3333
27 383
3618 1710
216 2926
4190 3051
588 2352
3436 772
2054 3651
1481 2960
4904 2211
3287 1083
1465 1010
3759 4388
4009 1917
3241 4195
425 3454
650 2321
2054 2587
2892 1517
3361 551
466 174
2976 4136
2675 1236
4472 214
4219 4147
516 2307
2808 4065
233 3543
216 2529
1576 2822
4288 3175
2853 174
2810 2507
4597 1319
67 1862
4394 190
2328 4474
1547 164
4595 4251
1742 3493
1275 297
421 3285
2365 2001
1703 2786
843 4661
197 1210
2860 1604
3825 4378
4182 2280
1473 3558
1099 132
3700 4076
3939 2600
2457 4811
3767 2056
1278 4754
1064 3497
4783 1197
274 1873
95 4793
2461 3340
3616 349
685 2103
2695 4656
3195 3694
819 32
1543 1439
2104 1953
4641 2472
1917 3449
912 1724
1051 442
4680 3456
263 1958
1051 4232
3342 4535
709 175
617 2906
3343 4784
3376 4886
1102 2761
2525 2391
2418 2513
549 2628
2910 2216
1639 3461
461 1049
202 2114
4469 4897
4529 3385
4819 59
1181 3041
3099 2968
4648 1667
2847 3713
3244 3024
2340 1861
2890 571
469 3396
2625 3798
1972 1421
2778 3217
4735 1065
2002 4009
3955 1437
685 4226
1077 3691
2855 354
1745 3707
1411 3709
869 1325
1975 1098
1247 1259
769 2876
1639 1001
4104 3563
198 2022
4278 608
540 2548
2485 3038
4591 1291
175 1732
2869 2199
3360 4407
1842 431
104 3168
1288 1756
2484 3053
1319 2785
4940 264
4407 227
4188 4004
3259 3429
4854 2930
3151 964
596 3950
814 4135
2544 3324
1255 4445
1054 646
3754 4357
576 1424
2816 4031
3842 2301
3308 3990
3300 1734
299 3247
3256 815
4896 624
951 1080
3599 3414
222 3953
1240 1297
4001 4756
1633 876
4763 1496
3043 1088
894 1048
4607 1845
2258 75
4782 1029
1362 2712
2804 2904
1578 1320
4436 2345
2222 2158
227 946
3934 2179
3265 3563
2835 2089
2982 3773
336 739
3034 1509
3449 2097
2807 4534
3549 1343
4753 2708
3519 283
3773 1318
977 1685
3366 3319
4658 3075
4192 1450
2253 4911
4320 3391
4260 1842
358 4457
4340 4592
3793 4120
1076 4665
457 3848
4014 2550
3923 3645
1768 3174
3613 1320
3022 3450
960 4205
2750 1567
3311 486
2074 897
1992 4237
1396 2192
1933 1958
1991 1264
3048 4606
925 3268
1391 383
1121 4133
1789 1635
2357 4790
2121 357
3344 2267
2775 2729
4903 3828
3221 3281
3457 1669
3481 1870
3919 2854
1016 1901
1494 2703
3014 767
2410 1206
1753 1204
3269 1147
4691 852
2896 4602
2458 2941
166 4647
4227 4314
4074 4082
406 2297
3948 130
2904 3205
3370 1679
4899 3658
4088 3778
3795 72
2537 4004
4919 1878
1281 3176
4281 4315
3888 2063
2538 876
3706 1777
2430 1287
1672 4752
2657 3561
2372 2508
1653 2501
788 1963
2109 1388
4068 444
141 1147
3549 796
636 4630
4824 4877
4039 2452
4740 1130
577 2839
1200 3752
4675 3530
4758 2787
4339 951
2981 4782
1904 4839
3805 4902
1557 3323
1841 1877
2138 1611
2189 1476
1295 605
687 1788
4600 3896
3509 2222
4151 348
4811 2020
1702 2776
341 1710
4604 2737
2403 648
1327 4700
1108 1060
741 3630
3925 3315
3963 2112
4554 627
1460 3083
2933 1990
1670 543
3862 4316
655 4176
1423 828
4875 675
1527 4679
2527 3100
346 2326
3987 776
2479 139
3607 627
824 3484
3666 1214
4890 1163
4553 3737
4800 4703
4995 1205
2382 2624
1051 1073
4457 4131
1311 4248
2594 3410
2460 608
842 4967
2742 3260
4750 193
1339 4614
3125 967
3369 2775
3666 209
3589 1641
2511 415
1165 318
1398 4755
1068 147
2486 975
4295 1794
1899 2558
4331 4399
2389 4872
4095 4753
1482 4134
1101 3182
4867 1041
833 3514
3318 1599
1070 4411
1813 1951
3150 1479
1031 4530
272 1674
1748 2433
157 2902
1495 2993
4395 3675
4835 3415
8 4200
3460 610
2301 3461
4061 2774
4673 584
2063 3124
2028 2755
2046 3092
3141 511
296 3922
1550 3543
4001 3755
670 486
2651 3899
4389 3246
2255 849
1111 1763
1174 2070
2009 1936
3153 3476
1303 4187
4859 413
2583 2930
2488 1573
1031 192
1194 3942
2387 664
1583 1905
4864 4512
2189 2926
1201 914
4993 4213
889 3872
4276 4443
598 1250
2314 2658
1671 640
431 1443
3508 4394
4884 568
1476 131
642 272
2018 975
3736 3764
3149 2924
4463 1109
3656 4032
1059 3608
143 2437
80 3711
1084 2343
3525 2539
2339 4835
4117 2861
1818 4830
1079 1160
1868 371
2878 3464
1305 1531
765 4801
1672 1314
1128 4328
839 2195
1886 4914
4751 4319
3827 2419
3253 641
3829 4362
3077 3916
4927 2053
579 2411
2041 2216
439 1532
430 3904
2446 462
1224 3696
4606 734
1016 2115
1402 4477
4479 1658
1249 2375
4454 3012
4818 2500
2148 3044
1586 2276
508 81
1612 4537
3029 43
2401 2714
141 3612
4776 4947
3552 4097
3185 1565
841 4943
84 2304
2403 1027
1119 805
4429 1574
4904 1171
4929 4728
4453 4062
3148 1532
4666 4957
1414 330
2122 2887
404 2717
1614 3392
3786 4826
2415 954
1916 908
4145 3490
3458 3715
1056 702
2995 1059
3591 3358
3241 3797
790 4536
2455 3795
2873 4778
2135 964
1400 32
944 222
1218 334
1623 3761
3374 2409
371 1310
441 369
166 1377
3047 967
4413 3473
238 2195
4450 2956
995 1677
4176 4034
3090 4945
1417 2667
1818 1264
4491 4544
2927 4039
1656 44
510 3204
324 1014
4001 4845
3197 2270
1110 4655
328 2784
2806 2427
3577 392
2720 3175
1490 4658
3890 316
3414 3899
2477 705
1142 3401
4076 408
3506 3389
3768 137
4532 1370
3853 510
4217 569
504 3108
3457 4331
214 4355
774 1074
4278 2755
3242 2767
2318 2657
2818 970
2264 2397
3016 2487
995 1054
2774 4466
4542 289
3598 2936
3695 4596
4845 3603
3473 758
3702 4768
3469 2483
3294 2218
2076 1488
1319 2090
3313 4135
4794 1402
2249 365
423 4144
908 470
1759 498
1050 4845
1297 4982
849 4896
3975 536
4274 1467
1459 2921
466 4941
2393 4306
3995 2709
3447 689
2974 3370
1959 2317
4230 4241
4908 1167
1410 3570
1741 4687
4321 4474
355 3948
1752 4111
4250 3306
2961 4436
1975 4635
4871 1773
1681 3409
3980 3703
2179 1693
3582 3164
2611 52
2408 1630
4864 2216
3193 806
4527 3102
2500 2977
3974 1489
2371 4500
2995 2145
1660 2057
724 1442
4158 1207
1187 1260
4665 2179
4003 3446
2525 2505
2728 7
938 2645
3115 4220
3501 2648
1199 4353
303 804
4123 1024
3804 1851
343 4950
3072 451
2241 1237
1788 1453
396 2329
1943 789
3322 2712
4268 2394
258 71
601 4307
1922 2997
3095 4259
829 295
2465 849
1959 4248
3293 858
2803 4085
3123 2790
1248 4486
2360 4532
4938 1391
4439 3057
583 3033
2232 839
2878 3856
513 1197
2663 3122
1037 4238
4738 3577
1956 4502
1238 4938
4595 1280
4671 2428
2920 4958
4901 529
2253 2602
4217 248
2021 3877
1108 2953
1530 1012
3107 887
3864 703
2211 4829
417 3790
2607 2553
3673 2938
3913 2822
2424 2632
1827 3935
1923 4666
1377 2483
1626 1128
3503 4847
151 2114
3662 2020
19 4631
427 2238
4701 1832
3908 2433
837 4477
4332 543
496 3717
1425 3218
4307 4517
767 1709
355 3716
511 1437
276 3848
4739 1124
2627 4258
1383 1890
2952 4573
3928 250
3821 4444
2746 1315
676 4367
2719 12
3017 4632
2749 4259
1920 2418
402 4049
2142 972
483 2034
1141 374
4956 3383
4216 3388
168 1244
4780 2528
896 1001
4516 4058
4084 2819
4242 4299
4613 827
1829 4006
3037 2427
2698 3558
2482 3265
1160 1180
2978 4758
4683 3506
3821 1133
3365 3940
3745 1159
3491 2886
1824 1158
417 3837
2484 3945
2097 1538
2600 2587
241 4716
3094 4332
1762 2306
3057 2203
4916 3895
4930 273
3900 2759
3379 1137
4528 3317
369 3711
3937 1180
4324 1282
2769 2043
3726 2158
4849 3577
54 3689
61 2699
2101 4965
189 4819
3015 4581
4224 4494
1715 3015
2258 3091
1133 920
3317 4329
1271 3298
3124 2159
1833 4963
3764 2346
4341 984
3511 4050
1262 2754
2035 2628
432 1852
4480 1954
1453 776
2536 1251
2964 207
4661 2366
2252 1679
2747 4101
3855 4021
2251 3949
3143 1849
4925 4173
1168 4648
3399 3174
2483 4471
4264 3498
170 1112
1365 246
2711 2099
2219 3029
4510 4442
3405 1571
3463 772
2676 4187
1683 438
1078 3689
1961 2017
4053 1299
3993 2568
1653 4742
3133 3851
1694 242
95 2868
1615 39
3290 4677
4751 3641
3048 3111
535 1856
4800 1171
3428 2
4409 58
395 3651
728 2393
1431 2988
4420 2028
572 383
1744 680
3448 371
3328 1685
3329 1999
170 4556
2643 816
304 2749
4325 3543
2219 1458
2678 4080
2090 4356
2686 1618
2900 1547
1864 2451
371 3860
4959 785
73 4941
1358 3731
3090 738
819 381
1244 29
2153 3152
4815 3142
3853 3470
3479 1920
3078 1114
3719 4594
892 4989
4767 2356
2852 3422
3876 1786
1661 277
4460 1801
4917 2982
1417 317
389 1147
3540 679
1904 3498
3234 4604
1301 3528
3138 2570
4703 4252
60 2291
2857 4589
2763 922
3230 2503
2653 4317
2441 485
597 1224
4706 410
2628 1509
3435 2804
2374 1499
2265 513
1585 4898
4151 577
680 859
568 3976
1630 1746
3119 21
3968 4652
3194 405
2458 2727
2814 1610
1447 2784
955 1043
2847 2413
2698 825
1360 2283
1128 303
208 3928
1889 170
1930 473
3908 1505
4385 3652
2341 607
903 928
3332 3038
4121 724
2002 2357
197 2940
2360 3819
2382 4433
4041 1368
3744 4794
1970 234
3808 1209
4928 4704
1642 2618
750 200
2602 1288
3455 1139
971 3157
4238 3673
1820 3967
1644 3926
3003 3390
3115 416
3769 4242
4790 3339
2872 803
1823 4812
234 4397
3824 2210
1478 426
1715 4882
1557 2743
4598 958
700 4624
3937 2198
1117 563
4738 3187
1165 686
1344 2419
3047 3636
3693 4600
2219 390
3694 2749
2098 2367
2941 4547
4493 4469
2722 3040
3562 117
3565 3217
4653 2425
2276 2041
1594 3349
3557 204
254 3617
2204 3491
1783 4113
2331 2102
1782 4825
3191 1398
3087 3574
1364 2845
1046 3412
3370 1300
3740 4949
4653 1991
3502 3016
4004 3474
3735 3405
474 2933
2185 4568
63 2017
2982 2877
3561 2358
3880 3017
918 4184
3587 808
1659 2041
3607 3476
4421 4281
3557 1399
4571 3106
2921 2115
2659 705
4332 567
16 4085
2426 604
3728 666
493 1597
4054 2294
2831 4629
2421 3717
3942 3995
115 458
2518 2274
969 769
195 1292
751 1099
4711 1894
4987 4778
1279 3217
1561 2453
4039 1125
3902 1073
3241 1973
2938 459
2111 1761
1364 3673
3051 4299
2411 277
2154 4544
3537 3425
4552 4901
295 1560
2371 4943
2589 3657
1582 3654
4359 4660
1333 4093
4760 413
1625 3700
200 4649
658 1084
987 3042
2253 3109
3516 2766
3889 3737
116 1636
1730 3062
1749 86
1556 3921
2748 550
797 1671
475 74
2625 4254
1128 4638
2604 3057
1233 1304
2933 2832
3321 459
229 4515
1598 3752
3371 3972
748 2576
139 1000
1772 2300
4641 4395
2690 1244
2395 2750
752 313
1803 1338
4562 3097
697 2627
2138 4487
3007 659
4954 2423
1586 1357
2910 419
547 3471
1113 3261
3078 4910
3122 1466
2537 4544
3924 1196
2090 2958
1237 639
1288 1325
1198 3613
3909 4392
386 128
1681 4527
576 781
3718 3050
3351 1036
2980 4058
3238 4086
2834 2895
1245 3684
2907 1420
4305 318
4060 569
1001 2836
2425 694
1555 2393
69 4558
578 4165
3436 431
3550 4113
1650 2098
427 1716
4631 1670
1665 3244
1913 3405
1473 402
3789 3887
2343 3843
1381 4039
3364 3010
3944 375
3523 3886
742 3890
2362 4082
296 2996
1246 4522
584 2818
3017 1849
1368 1828
1818 4541
1831 2784
4110 3792
1720 929
3724 1126
632 4400
3441 2396
3555 3106
4075 3167
3728 196
194 636
451 4086
4316 1771
1357 1522
4838 467
122 4373
4018 1730
648 264
3919 2371
4007 3663
2509 1780
3121 3017
1989 2321
4553 3198
408 1690
3445 1225
144 43
3701 147
804 4742
3590 2629
3961 2102
63 663
4029 1633
2498 985
3391 209
951 3953
1355 2091
3585 1804
3676 1594
2394 4609
4082 2427
703 594
3693 4177
3331 3161
759 2590
4044 4307
1542 4409
2462 481
261 4754
2698 228
2411 2770
1481 3573
2145 3863
3686 3171
1251 1989
1441 3204
3147 976
4265 1350
902 4493
2282 1443
2733 4895
1420 3397
112 4820
2218 4645
3277 2306
2979 4466
2578 4743
4049 4319
3043 2201
4013 349
4610 3281
3587 1078
3361 4053
4863 4781
3648 1396
1760 1468
29 3583
484 2977
540 4787
3555 1772
4364 2845
367 4871
2533 2600
4172 1665
4672 4357
2119 3399
2727 166
464 2224
2335 4663
3064 2990
3039 349
4675 2701
2588 439
2070 2973
4413 1573
174 1162
1733 4847
3581 2997
3626 2149
2430 1011
610 3321
2569 2733
2500 4406
4526 785
469 2055
2259 759
727 4849
3055 721
1641 88
3206 4283
4775 2161
245 2241
4452 1828
962 3570
2609 2321
2371 1810
4862 616
413 567
2093 285
569 1564
939 3331
2483 912
2647 4789
3072 4691
4488 3765
835 2001
3389 1414
1429 1710
3363 2518
582 2191
4022 1284
2667 3479
3614 1473
865 4415
1645 1266
4486 1724
4883 3887
4532 4982
2086 4613
1137 1336
4659 1245
1841 890
4488 3174
4323 200
1746 1217
4150 3554
3924 1717
882 3699
3055 1289
1257 1214
2657 1936
3038 3632
1452 2910
4012 622
2398 1336
2956 421
4462 4154
948 2114
3836 1537
2966 3935
3910 4007
3870 3176
4826 117
2897 796
3824 3969
2086 104
358 1534
4177 3276
3333 1904
2939 1327
2500 3571
2204 1535
452 48
3719 517
3542 4046
342 1768
362 1378
2967 3578
1085 3987
4868 3821
3763 4197
2050 3321
3806 101
3960 1549
556 119
3249 2140
4272 2121
3752 1738
847 898
3974 4975
4797 4777
4710 166
4006 2664
982 425
12 3770
1929 100
4891 2764
229 1204
4030 3640
289 4966
3570 4313
617 440
4266 1305
2073 2886
2343 3455
1854 885
3673 956
3121 2366
1646 2865
3644 204
4775 3343
554 4832
157 2392
1827 326
720 3211
2662 3745
3499 2618
1928 1049
1053 4546
1950 2345
3983 292
3943 482
304 2212
891 1253
4943 832
1499 432
2556 126
1396 4802
3913 2988
2518 4396
1694 418
1249 3844
393 2511
1696 4050
424 855
4788 4794
3339 2523
318 1279
1444 1766
898 697
2061 2048
504 4467
4655 3669
2821 4686
459 1248
4857 2391
3591 826
981 4782
821 957
3584 4522
3922 3995
2043 2793
990 911
2176 1774
732 2324
2102 3006
1902 1047
982 3521
76 352
3845 4335
291 1895
4374 1101
4698 1204
4876 3100
2341 4645
1014 2613
4554 4173
333 2152
2442 1495
2397 1913
4258 4107
3390 1511
4004 750
1253 4067
418 2105
1812 2104
3121 4844
1365 1119
3359 813
1105 3436
726 4405
2262 4185
3614 209
3797 1603
3919 3302
931 4369
3250 3124
570 2290
4104 3719
3802 1367
3398 3557
3157 1933
3295 197
3201 2814
1928 27
474 1037
458 4981
3234 915
2268 2473
1861 3502
3764 1997
2573 4097
385 1904
4884 1366
1324 3325
3029 86
4166 4498
4849 1292
4670 1214
2374 146
3314 3420
4273 1770
411 3978
1325 2786
3907 4052
3714 1330
1988 1742
3371 127
147 1854
2174 3620
4145 3526
4845 3638
3076 1656
2637 1989
1394 2206
1189 1624
2468 3174
224 771
4854 3453
937 2117
4095 2100
4697 2783
1618 2387
3803 1616
2580 2093
4796 3079
1384 1142
3300 3955
2065 2543
3195 1102
1983 163
3243 4109
580 4462
3443 893
4121 2567
1340 3428
3217 2044
1984 3174
862 4673
1769 4966
437 3960
285 4675
2829 3912
1965 1310
794 2372
1133 3228
3541 566
4715 736
111 3275
632 1250
4777 4224
2804 580
113 722
4956 4432
539 2009
4914 288
4449 2929
1477 214
1012 4823
989 4893
4239 4539
3526 2234
4675 2869
4037 4487
3226 4262
1759 4529
364 4559
1808 4083
342 4961
4763 4504
1100 120
2438 4475
3049 1262
1529 1841
382 2853
1716 2999
4814 2634
4356 3729
2557 4919
572 4968
672 4856
4462 1314
3010 1646
1191 184
435 3595
3562 2472
3042 3889
3039 4553
2881 3180
4125 398
2857 2756
3077 149
3666 4812
3460 288
152 2104
1721 4458
1183 4854
4760 3426
4196 1311
4997 2342
4902 358
585 475
3171 912
1430 4193
2077 4938
3179 4351
4578 4230
831 4088
3674 3818
3289 4114
3662 1473
2964 1100
1803 1479
2835 3579
1888 4228
3089 3077
348 4682
4280 4662
2205 1774
1464 2140
3156 2600
2705 4012
2815 3516
331 2979
1905 4765
2950 1485
3440 4516
2615 1220
4102 2530
4264 3540
55 3190
3903 4815
4611 3714
3065 2892
3180 4876
1363 2051
4855 26
2672 2965
505 1931
4396 1801
3119 3502
3631 4325
146 3667
3467 661
1925 2322
4427 1659
1850 2130
2936 458
3137 83
1211 1345
3281 4082
2082 2251
832 3635
4926 628
1312 4595
3504 369
4940 1854
2709 1356
1957 2485
3151 1745
668 3786
2650 1075
2981 3677
694 3927
3689 236
2753 3559
34 2942
4060 118
3267 1861
2607 1215
737 721
3954 1785
1336 17
2880 4285
1942 3035
2127 138
2074 545
3490 1190
298 750
3956 1285
78 3756
3620 4071
1568 3271
1191 1786
1163 1051
4037 2244
1765 4153
3316 1350
2470 666
923 2884
1418 4541
270 1382
3828 3641
2706 4349
237 4942
230 2733
4481 1714
2661 1205
2907 3049
378 2885
2462 3064
1916 336
4008 1461
1349 1800
1251 1645
4425 2189
156 3382
4461 4221
3239 132
798 3221
4006 654
1100 4888
244 1991
3388 4275
2489 481
2301 2364
1851 1673
4965 4611
357 815
740 2004
690 4117
2161 3130
1015 4624
4791 3806
2581 4155
3575 1304
4659 4834
457 4738
3082 4221
2527 1909
4416 257
1325 2528
2158 3296
3512 2513
3970 4355
3974 2137
2654 4366
628 490
1741 946
2477 4482
3395 2397
4988 3727
1717 1405
4455 1792
4503 4516
573 3467
1729 2105
1319 4482
1369 3793
16 1217
4306 2342
2684 2759
1850 711
4707 3162
1621 4572
2124 3485
1818 2586
3547 485
3851 1105
1053 2458
1027 4445
2418 4624
4018 2602
2795 1946
2876 4635
1153 2656
188 1956
2521 21
1929 2787
4532 1750
719 476
2675 1434
1390 2318
225 689
537 4233
4354 3699
1426 1560
2926 860
4834 3016
3638 4310
1661 4005
547 4978
2734 1875
2234 3331
3587 2344
93 4832
1881 2288
511 4677
3955 422
1985 4422
682 1882
238 4307
4224 533
695 4016
2817 3644
1637 1361
2470 759
3876 3953
77 626
4140 1502
1243 1923
1164 3475
458 1059
3531 1721
1028 2349
2167 2433
2740 3860
1250 309
2325 2713
1833 3514
1475 1166
4465 4909
4484 2705
3322 973
3492 1961
4848 3540
2499 3887
2835 4649
4777 63
288 164
1177 4198
3917 2735
3395 4282
2783 290
2478 3793
3293 4867
4539 1762
2054 1234
1946 4619
3914 1439
2465 3413
131 4858
2856 3565
342 2629
1563 3596
3614 3473
799 1503
3891 2871
3513 1135
4893 3783
4800 603
1342 4554
1683 2568
4162 2667
859 684
2430 670
1276 3902
2725 4662
2098 683
3535 2123
3196 2947
618 885
1955 3047
3371 344
3879 2995
1357 26
1013 1867
793 4885
2965 2291
1359 2804
2406 590
3543 1671
4861 2650
1849 3705
527 1239
2202 4592
1037 3905
4904 2705
683 1150
1754 1749
33 3551
3913 914
848 2905
702 479
3162 1113
2309 653
4743 1674
2885 3117
3161 2079
683 663
1931 4379
2944 4066
3895 3996
183 4510
1982 433
4354 4181
4402 512
2934 2983
5 2747
2225 1003
281 3494
1571 1594
546 2488
1865 2166
1441 347
112 446
3869 454
3107 4797
2751 2839
1325 2398
3082 1427
1895 2689
1211 2396
2131 4031
3624 1216
3364 3038
258 3411
3499 1547
4942 3314
1774 2669
506 1266
328 4326
1844 92
3372 3894
4366 4536
11 2368
2270 4813
3976 1900
1981 595
2157 807
2543 6
656 491
1167 1971
4057 1737
559 464
809 2276
4033 2062
1321 4752
3314 1225
1255 4243
1687 3997
4858 4171
1548 3323
3384 4976
2372 1969
4571 2345
4949 1681
4567 4936
1784 3122
1802 3242
3181 3481
4349 3830
2030 3402
1934 3782
2540 3116
4513 1379
1872 1842
370 2402
1358 4038
2162 2406
2906 401
1251 3877
449 4729
3484 948
4216 3621
3616 1712
2085 3521
381 73
1643 1096
391 2346
445 4740
4021 3878
291 4607
2254 996
1689 2236
3535 3822
4058 4317
1003 3347
3220 2373
4854 4995
173 3144
1312 1134
4327 2980
2359 136
2698 3388
1715 1335
2691 4086
3018 2350
3557 3492
4751 2601
3285 3715
2296 722
765 2306
795 2545
3858 460
1046 2945
2529 296
2877 4119
896 2145
3658 3926
4720 4278
1573 4621
3852 2484
3896 3576
4358 3507
254 1863
2397 4024
3737 3082
4130 2737
4695 1515
2586 2288
1649 2662
1937 1019
4258 2934
4876 2478
2880 4246
4914 322
2792 3310
3214 4512
4628 2913
3443 2305
3499 354
1844 3155
4837 3348
4995 4449
4364 4311
1286 128
2011 4735
4141 2075
3507 2588
3771 1065
3280 3560
3278 900
4357 890
3559 3125
2463 338
1122 345
4083 2212
4812 2891
2928 2401
112 2443
3008 577
3540 2294
2313 2901
4135 473
1956 2982
3423 3963
2521 1050
2227 2749
3860 3332
3337 4813
152 3108
3793 3509
3910 4512
2196 1078
3452 1058
1084 2712
879 1512
4702 2189
4581 443
3541 113
166 1742
4101 362
2449 4788
455 1164
3709 131
2857 979
2360 2222
2729 1127
2861 3178
3444 2383
3461 3388
4320 4802
2653 784
4853 2987
396 1186
3590 2537
488 4755
186 1692
85 85
3952 3168
2535 1627
2605 86
4257 2206
224 2982
3066 2486
405 4604
4826 1138
3730 865
3787 4615
995 3409
859 278
2708 1505
624 3626
1021 3187
1906 3586
2087 2001
1588 4996
4288 1077
3021 2040
1385 2433
4541 3212
4726 2560
47 3105
1391 4661
2191 4755
1312 319
2505 977
725 3784
915 4446
4966 4394
2916 3960
232 746
52 62
435 1464
1269 2553
642 3149
1315 914
3020 1236
136 4018
1193 3421
3184 3457
824 87
3333 1910
3053 4831
4892 2551
3954 1658
2475 2066
3759 1332
3396 419
363 4676
3199 833
1953 2008
2009 2837
4247 4710
4522 3192
35 1912
2680 1476
2311 756
3163 258
2329 2393
1818 3053
4601 4854
3090 458
616 1897
1856 1587
3113 4340
3595 3725
3979 3669
1208 1111
3972 1136
344 4091
1323 4792
783 1006
207 4064
1104 1153
3980 4303
2191 1802
524 2641
2575 1268
2786 1505
1095 3551
1082 1974
1756 1644
3962 2148
3761 1044
4491 955
1588 1580
3673 2305
3899 4248
1789 3096
717 3676
792 4632
4652 3140
284 2481
2372 456
1145 1580
50 3273
2145 2610
4992 1780
4228 3467
2754 3097
815 3099
4451 2642
2146 351
2968 1584
3278 4219
4262 4312
428 1088
3985 2611
2495 129
3991 4878
3035 2914
842 722
3855 4891
3751 670
419 4936
377 1633
2500 446
1989 4743
2696 4400
4835 980
2721 104
2715 193
3992 3619
2706 671
3619 3370
715 3433
4599 3148
3000 524
761 50
567 3780
159 4325
1875 2231
2532 1863
4391 1782
4722 1362
3610 3389
3387 3042
3834 2331
3445 1072
2750 1003
353 3840
1223 4080
3894 2220
4672 220
3763 885
1307 3726
799 1272
1142 1478
1876 2102
3574 3980
1344 2390
338 4481
1378 3439
4034 3355
2193 4212
2327 3632
2374 4289
4908 4492
131 2835
2113 4384
3500 2334
1226 2431
4738 1016
204 2242
1851 4011
447 962
1083 637
1327 228
1068 4145
4834 61
3453 3177
2229 130
1603 2215
1130 1253
244 112
4322 2452
4402 1342
4714 2826
2137 4608
3507 1015
3606 4545
4470 1268
3530 1322
4026 4159
2348 4723
2970 1553
3513 4946
1023 4795
923 4383
1067 4367
2702 2395
3773 761
1224 1806
920 1531
1020 4928
1434 4640
1169 4569
4007 534
2286 1594
1363 4944
2141 2855
4633 2869
1072 589
2726 1389
426 2886
563 4493
910 571
3021 1477
4886 783
4111 1199
1118 1891
2761 3756
789 1939
4996 2007
2189 4229
1794 1162
907 1083
2931 408
513 4823
2071 1149
3305 506
912 254
4270 4964
179 4980
3164 2628
1642 4753
554 3999
454 1072
4709 1403
2060 99
4241 2160
4064 82
1130 2570
16 26
4248 3973
1770 1962
1236 1333
2712 4550
993 4826
2670 1565
4201 414
1437 4785
4896 3841
4645 3469
537 2374
3334 1937
4563 3481
3381 1788
192 3963
716 4314
3430 3235
3525 2959
2812 896
4483 4053
1494 1195
3959 3473
397 2854
3769 2586
1221 325
3714 1019
1617 2703
4950 3672
1918 4737
256 2182
4508 2705
4844 817
3954 248
3718 2800
1460 4
1573 1785
3176 3675
2008 785
4015 2500
2418 638
2968 870
3079 3401
4723 4892
3294 4357
2358 2125
749 3721
4785 4747
992 4175
1897 115
1298 2782
4342 4034
919 1808
1926 3492
3997 4298
1576 302
4292 625
1764 3626
2626 4375
176 4070
2832 4992
2482 4356
2237 4494
3362 4101
4758 4656
2003 1553
2903 1578
3077 4422
3781 4626
3089 4578
3281 4688
4322 4976
4236 3111
1747 2151
3702 2896
2059 3476
765 3109
4725 3665
353 3977
4173 1552
1126 3673
3586 4403
4132 2393
511 1391
1608 2809
2763 2570
332 2978
2346 3301
2203 4698
1303 2918
3078 5
1223 3752
3362 639
2198 3216
2374 4894
4277 3602
1706 2642
368 235
95 2245
1158 2572
946 2714
3548 3127
3564 1149
4529 149
4596 4162
1789 284
1373 865
4794 4942
330 3515
4594 2627
3729 969
2015 1301
2489 2046
814 1036
288 4073
2303 3825
447 4797
4118 1315
3358 3541
4166 1314
2127 2853
1725 1715
3141 4370
1662 3027
3784 2965
2488 3207
1810 2255
1232 1792
3942 626
2097 145
2655 954
1357 407
3250 1806
4520 3259
2407 1233
1791 3607
2306 1625
835 219
4765 4339
3567 3105
1524 1378
3742 3221
724 2221
1843 859
42 1240
4430 3132
4930 2088
3066 746
3315 977
3585 2274
4721 963
4958 1299
4975 3785
4501 2136
1182 252
3190 3138
1018 4474
3603 2419
4289 72
73 1154
4060 4536
4946 2405
4950 3904
1254 302
1753 76
4319 1856
1687 3124
2166 3686
719 4068
21 3640
3089 1017
399 1268
3826 2697
2931 735
1669 2830
2948 3638
4715 2489
2542 3226
4970 2350
4186 3761
4375 63
222 3577
2247 1248
619 23
4658 269
3651 43
4665 1996
4667 297
982 3417
273 3803
1462 786
1315 2260
149 3993
178 1327
2126 2549
974 4591
2204 2957
3700 4492
2654 3993
1285 4670
3158 4714
4769 130
1969 2769
1982 3872
1383 3306
2628 565
684 2045
1665 3504
4751 3113
1822 3599
4804 1376
1521 3699
3099 1264
3175 2938
3939 3814
2502 4516
3027 933
3271 1569
4375 106
517 446
3265 869
3983 2651
2499 2012
3325 1477
4683 3581
3998 2016
666 4025
4346 637
3193 3725
2707 2489
2844 3728
3022 164
3790 3541
282 4288
3102 508
2942 569
3051 49
700 265
3753 4958
1664 4255
2167 4651
4286 1106
2525 99
1403 12
246 409
2362 1083
4900 2725
1104 4304
727 1974
1978 145
1685 1108
1709 2508
1485 993
3487 4814
336 3272
2136 2595
45 463
4990 2003
4930 4057
60 150
403 2459
1812 3492
1272 2742
92 1645
2135 269
4156 2950
2784 615
4689 1027
1509 4921
589 1180
2663 4947
3149 1752
1681 4534
1430 1467
294 367
2398 1664
161 2500
1873 4375
3200 496
3023 3103
336 1144
2181 1621
4313 1330
2902 1989
74 4514
4974 2336
3428 2424
2025 3313
4712 4738
803 3959
4760 3670
3190 4720
2829 800
610 4992
362 1181
3008 3912
33 793
1560 4307
399 543
549 4692
3605 705
898 3335
3081 2095
3679 4528
2200 1525
1614 3523
4900 1682
2922 2812
1128 3431
4250 4916
3161 2062
1994 3339
1030 597
4508 3147
3315 935
3340 2784
4907 2619
1879 1421
4548 3223
1345 4085
1747 2710
2123 3419
3195 2371
806 4773
4372 3313
4296 3009
4423 1652
3705 4822
1239 1639
3158 1127
4708 3833
4827 3694
4977 2600
3919 752
1804 4309
2486 4293
2286 3523
2759 4187
206 2741
966 2847
185 2404
980 4327
2923 2690
1844 2770
1007 1151
2316 2736
341 3809
9 1587
4590 1955
1971 4924
3336 2943
1984 2526
538 3541
2893 2983
3941 3499
3972 1092
4611 2301
38 1958
1398 4587
1770 1956
987 4035
3959 4758
1017 3010
4812 2885
995 3090
3327 1549
2257 1977
4779 3777
96 225
3483 2783
707 1190
633 4136
3058 1781
3672 2841
4703 2385
3372 3722
3010 981
3374 3297
1631 3898
3026 1809
4592 2419
4844 4278
816 4929
4758 1854
1790 1173
2196 1977
1848 4155
2088 1176
1436 190
307 2943
3438 2760
885 464
3968 760
908 4688
411 3517
231 1696
3879 1579
4013 1564
1182 3670
3724 4339
3376 4989
1006 3489
2259 4389
4438 1048
2594 4424
3600 1806
650 2358
195 1365
1409 3700
2520 4085
2687 161
1823 3113
2993 3384
4142 3491
1613 4579
3075 2746
4040 1026
3166 4079
3996 2621
656 4058
1876 1720
1512 4281
2163 4322
1286 3767
3274 4025
4110 4033
884 3636
296 1348
242 4039
2138 1833
1457 4240
1357 3150
3009 4451
2330 4766
2744 2025
3765 1043
1033 1944
51 1465
32 3455
393 3487
4985 19
3157 3824
790 4965
1711 1401
3729 4804
2990 1525
4601 4529
1075 857
3362 4987
1945 1422
20 1231
3627 117
2962 3001
3418 4067
4095 3416
4157 3904
703 4511
3057 1579
96 3575
867 205
1681 735
1706 2610
3927 1621
210 691
634 3181
3445 939
1309 1674
4991 4202
1137 48
4905 2557
3284 2639
198 3306
3700 1262
2703 4743
3659 4701
1125 1214
3065 3473
3899 3216
3752 2601
1565 4108
1327 4763
3517 1764
693 4447
107 3371
1562 1682
1612 2810
4728 4536
410 3596
1943 1344
4052 2566
918 148
971 677
2862 2089
3385 282
2027 2673
4137 403
360 97
1796 1664
4748 3895
4633 4936
4097 1064
2970 3878
1991 4553
3365 446
1929 203
4658 2050
3186 2825
3810 964
902 120
2077 888
688 2138
4377 3297
1999 2372
4376 3583
4187 2607
3379 594
3480 130
4305 544
3627 3374
2810 3922
3558 2103
4150 168
3875 3592
4356 3889
4115 868
322 2670
348 815
1899 2342
3842 903
2886 1757
3228 1193
492 875
1502 1588
681 3750
4523 793
2554 1605
98 2608
360 2356
2697 2258
1624 4588
1932 4816
2494 711
2640 3948
731 3444
4326 465
4415 4932
637 3934
2226 3358
1198 3952
1659 335
1839 2181
3215 3646
293 4340
4965 2029
1936 3476
1976 2334
80 2880
4652 2036
2507 686
3576 3623
264 2450
4928 703
2005 1172
4922 3363
4910 720
3652 4258
3980 3508
993 869
964 3426
127 4741
1735 1457
3720 4466
3691 4161
448 4809
4448 484
4458 1224
4308 532
2948 4243
1918 965
938 2632
1788 4480
4628 196
1579 4004
2333 783
2106 65
888 842
3682 1172
4464 1167
368 1256
556 2767
438 2799
3199 14
2862 2740
3801 3259
3969 3475
2333 3389
2281 1822
393 1135
211 3127
1240 3871
4801 700
4904 724
2313 1052
4090 4326
2702 4376
3774 4948
2606 3579
397 1396
4284 1624
1207 1043
3460 1855
1333 1493
143 4966
1740 1841
1464 3290
3288 2370
4901 2434
1284 562
4878 2484
1267 1737
4188 2300
1146 1636
3741 118
1413 2195
1377 4634
2553 256
3490 1524
2515 3316
524 3859
3720 2473
4031 2194
275 2241
4465 4409
182 3903
3772 3042
4037 3772
3413 431
4309 2802
1881 214
3560 4816
3375 1317
3959 3931
2787 4069
835 3986
4214 2851
1167 4534
792 2796
3004 409
1180 4542
2316 595
1810 1525
4531 2912
3244 13
3931 4143
226 987
2340 488
2712 1634
3053 4862
3847 964
4080 3595
4360 4872
4281 4983
4227 2996
1390 3410
1403 4838
3230 1509
3079 3933
4524 773
2015 2539
4229 4196
4533 3222
4979 4314
4394 636
389 1223
816 1252
546 206
1249 1800
128 2353
3181 1141
1108 4031
827 2747
602 2697
2309 4227
2440 758
1680 3148
728 2320
4923 4029
840 1186
2276 341
3512 614
2929 1603
39 4077
1592 3691
2632 2578
1196 1804
1827 1090
2551 4909
3680 4401
3877 1407
3300 1407
3785 4226
2961 3464
2309 3136
3115 2457
3877 335
4763 3790
2012 1379
4434 1360
1213 119
2219 4157
2067 45
3458 3205
3678 3543
105 3880
595 3068
601 4084
1028 1834
74 4033
1250 1986
2020 2484
974 1629
2449 2363
4114 3695
213 881
3253 980
1552 3827
701 1892
1819 248
1094 1069
562 1926
1398 3200
3909 4861
435 2303
3627 4423
3650 4505
819 1990
3625 1967
4157 1562
1613 2078
4431 34
786 4751
1446 59
3793 3741
3089 3870
2591 1373
1703 2476
3885 959
712 2627
502 1348
843 4444
25 1422
944 447
2946 2040
1513 3471
3712 2057
574 2566
3037 4300
195 3491
3699 2732
602 2272
2607 2145
385 1319
2453 836
4064 2366
3235 499
1039 2054
759 3232
4547 3764
4577 4311
4723 3459
4440 2230
146 1737
1878 4331
2410 1860
1782 1882
3292 1507
2121 4450
4897 4946
2379 2698
1308 3795
3173 1581
2978 2914
1669 2938
2257 4034
251 4277
3191 1093
619 4816
483 571
3039 4769
599 816
1223 3830
1330 2653
3923 1189
3554 3312
4427 3036
2350 2673
3368 4595
2762 2521
2677 1567
1829 3853
2719 4092
2631 53
3083 3701
465 4480
185 793
4140 1989
3627 2616
1469 3348
574 4020
2382 577
4745 1447
1202 4793
4552 4946
2581 3586
3630 2026
949 4987
4099 3039
622 2863
642 3069
4879 3151
141 2444
3213 4759
4468 878
893 3493
4544 2973
3089 4063
4760 4419
1466 2958
102 4661
902 4945
4338 1524
2609 3417
2598 3022
467 1917
612 875
4733 4029
2482 1442
2345 2437
1160 4416
509 880
1441 81
4433 3380
470 3694
3612 1941
2863 2125
3286 1970
3193 286
1251 4718
1579 3347
2968 4954
4738 1449
2764 4782
86 4607
3135 640
4206 2189
622 2410
2325 2259
2527 527
4578 339
3257 67
4625 1048
2124 391
2030 2814
2954 4586
2604 4893
1644 3290
2839 4061
63 2269
4643 4338
1178 972
1299 1711
3119 2212
850 1466
2203 4254
298 1202
805 4188
3297 2800
3569 3593
4603 1289
4745 4040
3144 1387
1133 4634
3945 4450
3376 4797
3959 2641
3961 3952
3827 279
140 4502
4315 1637
287 4111
4402 1956
2988 4850
1724 3942
3001 527
2368 1738
2838 597
4356 3487
3865 1229
801 321
1265 2213
4147 2021
4294 3013
2727 1172
1 3290
2669 3381
1031 3406
4048 3119
3591 4361
2219 3532
983 3884
4936 1064
1554 1859
3512 4375
42 1734
4017 348
2778 4969
4460 3783
2613 1670
4360 341
903 4423
3685 758
2021 2126
1531 3745
1354 1478
1478 1756
3978 302
3464 3543
4199 448
2949 2192
850 3369
716 528
4129 2707
3755 4729
83 1277
4948 2575
520 1421
1712 3855
2705 1728
4244 2328
4643 621
241 971
1214 818
2206 193
3055 4717
2205 387
3349 4982
1106 2804
2992 447
2928 1198
2033 4281
2938 3626
709 2397
1667 3201
1059 1827
1232 4633
4670 4304
800 2666
4564 1494
13 1400
561 419
4346 4651
447 3245
341 1242
729 4763
1518 328
3561 2211
1770 3738
4073 4527
2118 1703
1789 119
4476 4579
105 1338
3868 4693
2762 4063
4743 3706
1736 1753
3134 237
4529 3626
3183 2277
3672 642
1335 1851
2311 3926
2821 681
763 695
2393 3368
899 4059
292 2931
3276 2777
863 70
3446 2788
1449 2701
2082 1036
2990 299
4064 2647
3047 3498
1646 2644
2475 3547
2877 4670
182 2852
3568 890
762 4642
3648 4018
3057 1023
4628 4774
507 1567
3054 3568
659 471
4165 2444
1137 3453
2955 4122
4857 3717
2137 1349
4149 4108
4880 3126
4177 4220
4765 4023
3515 222
4553 2539
985 3055
1653 4024
2137 2823
1917 3598
2026 281
1580 4732
3907 4976
3965 2961
4309 2916
373 2310
113 330
1538 333
541 3921
2178 4033
3662 2192
2924 3772
4553 1638
2905 4296
1412 382
1619 4843
2656 2107
4037 131
2296 4221
363 1182
2113 3883
940 1460
4563 1025
2107 914
1352 1218
2594 3059
4300 314
184 4064
4007 789
3965 1225
3254 2126
161 2984
1985 1029
4213 1486
2919 4700
2029 3095
3508 3111
2943 1310
343 4096
4517 4692
2786 391
1242 3135
678 2699
4428 2080
2019 124
1645 398
1102 863
1382 4031
3240 1612
2045 1906
564 55
3747 4924
4188 3971
414 157
3709 2459
1588 885
532 4977
1178 2964
1981 2178
652 142
1905 4184
1584 4912
1123 266
398 1560
4343 2808
3869 4334
948 3796
3554 585
2594 4714
188 333
1779 719
4535 1483
3502 291
1611 325
4577 3585
2985 233
1340 4103
4125 1480
3007 3179
306 2456
789 4085
2570 1428
3763 2887
1037 3102
3922 733
4326 481
1974 1592
3073 2305
75 2244
1917 1139
2310 3742
3191 3058
1739 4589
4122 2286
913 85
2920 3588
1243 4539
2921 2896
3911 4707
273 1277
4671 1146
1888 2229
3176 3436
2938 2341
77 2541
507 975
3865 1978
3512 2677
958 1175
4388 3971
1172 3192
3292 951
1120 2612
1057 4406
4126 4975
203 3235
559 3780
925 3587
2299 2810
4604 186
1776 4014
587 2546
3833 360
4443 1003
1762 4007
4037 312
2543 1260
224 4939
1384 2481
3940 4306
4400 3388
4242 4258
685 3161
3617 813
3424 803
994 3938
3580 67
4294 4729
3397 3067
2555 4278
3323 1440
3744 497
2678 3635
1645 994
1417 2767
3818 3562
3734 1253
3579 232
1284 414
1886 224
2718 2825
3807 108
3297 1340
299 3779
4178 2922
4739 1907
4059 2344
3216 747
2774 3957
2814 3489
2772 1182
3324 4201
2024 2071
2676 3899
3487 3729
2455 3646
4998 3061
448 768
3172 4330
4306 2004
4908 4586
2976 4419
312 1853
4993 87
2674 3290
3269 180
2114 1224
1033 3562
2394 2165
614 1921
860 4921
1066 3702
3890 2816
471 3385
3676 236
1398 3852
3903 4903
2807 1842
3247 4965
1964 1935
3688 2172
1498 681
3745 269
3601 894
3013 3580
3333 3883
1018 523
1100 1358
4848 2126
3942 1334
3964 3226
937 2271
1567 1576
464 271
4884 4354
1208 3335
613 2859
4664 3734
2477 2388
4901 1369
1164 2836
3152 4759
1511 901
2300 4281
3372 2748
3402 3852
1926 2600
643 3807
3969 3074
1743 376
4775 4028
369 1719
4534 3666
542 1096
2928 1687
1379 3584
2970 508
3527 3994
3449 1078
1852 2775
93 441
4071 782
4402 4848
2138 2783
344 534
1056 2823
4854 3068
2364 2227
922 4960
909 2756
1978 1488
2061 4771
4328 1856
4761 4649
4160 579
1500 4394
2075 345
4394 556
725 3824
4375 3766
1863 4943
4472 443
273 2779
432 4626
60 3396
358 4891
2803 4489
3971 4695
1708 2716
590 3456
982 1892
3339 2302
877 3436
1516 946
4543 1364
2268 968
4449 2768
4865 3550
609 350
3710 2090
4281 841
3842 3698
3842 2061
1884 1828
3264 2171
2909 1878
116 1827
4804 711
4490 3416
2910 1916
964 1470
1997 397
4287 4512
4443 2728
707 4451
2754 1381
4941 3585
312 3227
1829 3010
4118 1167
1678 492
3147 1551
625 2474
1934 4639
9 3843
2207 879
4399 2144
212 3205
4750 2671
3518 136
834 4134
4576 1857
4653 3340
3629 2697
3985 3866
4624 2072
1556 3277
565 2114
692 2772
2912 3940
3294 4402
315 3339
4741 1469
2899 4415
3771 4816
3482 4155
209 3006
2994 3865
4849 1639
3892 227
2698 4673
3637 2375
1186 2215
4324 2575
3785 2985
1664 166
4784 3064
3045 3325
3123 1949
2432 720
1639 530
4328 2395
3932 1739
4550 3575
4050 1982
3138 1929
3479 681
4923 4453
3006 3707
2544 1450
2664 3476
4247 1159
4738 574
2259 4083
1310 3315
2208 3476
4616 951
4673 1128
314 1920
3035 1425
3095 2096
2341 966
374 146
964 3166
2843 1714
103 205
1340 1886
1060 3656
605 2712
3465 966
4852 4333
3360 3391
2280 2889
1368 1348
2701 2525
641 1520
4031 2484
2787 492
817 202
4792 4392
3231 1604
677 1575
1734 3506
3029 167
4735 28
2973 353
2093 4916
782 4307
740 605
4502 165
825 3179
2503 901
2891 1604
2524 1228
3599 955
164 1895
1517 1089
4876 3363
543 1615
4558 4221
2899 4610
4690 50
681 4363
2441 2072
3161 4621
3131 575
148 965
2462 1582
3150 3012
2576 2861
414 3184
4079 267
1701 994
1653 2545
1877 1391
3274 963
1432 145
3339 878
3614 4451
1050 4156
4800 992
3799 146
3352 2193
4792 2874
2630 824
4992 4324
1672 321
382 1295
869 4284
2456 3480
4287 1282
2366 3232
2344 1556
3388 1203
2824 3425
1826 3243
3519 2117
4807 547
2173 780
657 358
140 3149
4934 4734
1319 2462
4520 975
4471 1954
1297 3178
345 399
312 4146
1235 2108
4154 873
2375 3502
2633 952
589 2462
786 676
3414 3623
2247 2314
1638 3265
4253 3691
1564 1041
1657 4916
3232 2105
3388 4481
130 1456
700 4295
4181 3144
1402 4038
1074 3713
3653 750
10 4954
4929 4950
2755 1510
4768 3800
798 103
799 4435
999 2109
4114 2774
1019 3789
33 4260
4029 41
3918 2341
475 4740
4275 82
369 343
3433 1735
3295 46
367 4428
1039 3496
4152 516
2344 3729
788 2903
1761 3395
3717 2571
698 130
406 624
1121 3945
4960 1682
4634 1082
4053 2181
2268 755
2313 2172
2685 3884
4444 4974
2063 253
1645 1684
2088 2470
3005 468
782 3402
1432 1346
2090 2057
3501 4948
385 3865
3089 3090
1317 4970
454 4366
3957 2008
4762 2542
1048 1431
3003 1839
1363 3375
720 2780
1498 2210
2278 27
993 4758
2611 3411
3326 2828
286 4531
678 3110
3039 3400
3578 1199
4579 558
236 4129
472 2420
1477 1715
2250 4919
4300 2973
3445 4140
947 1713
2459 4936
1574 2720
4149 4596
342 4673
9 1719
4163 462
883 4956
957 3870
2204 3500
4195 1552
2485 1503
1933 1192
2460 1972
1845 4349
4140 1008
439 1616
381 1041
4033 2272
608 3354
26 629
3951 3857
2901 790
1026 696
3181 4566
2792 915
1967 4112
475 4763
2724 2116
2565 2450
3593 3501
467 831
3164 3757
704 1551
2753 529
308 595
1112 1941
4117 3716
4263 1491
2885 1310
4220 1552
4825 4028
3176 4757
1828 1076
1663 724
512 1858
1219 2559
565 796
4047 4042
30 1469
2186 4951
1023 4214
1549 2153
147 2682
3848 1933
4332 917
1471 1331
926 311
4244 2639
4922 3009
2981 3711
4079 3237
4705 1140
2148 4355
2027 4122
1613 4296
1337 3288
1437 2545
2020 2592
268 3207
3245 2372
4011 1785
1867 18
2979 3651
4254 4368
90 2694
2940 485
1696 1794
1319 3570
2728 2110
4564 4305
4258 2960
948 2734
4193 2620
3075 3358
995 2421
1228 1530
214 1174
3904 4948
4438 870
3719 3722
1909 3981
2283 3053
4877 4798
1792 350
1136 1208
1650 2723
1602 844
3700 2075
520 1535
140 4069
2871 1427
1400 2675
2177 894
1951 1817
374 4433
57 3495
431 3302
3459 3401
905 4580
4877 3945
244 3690
4150 2604
4241 3727
2365 53
4205 161
4636 2984
704 4355
3506 1237
2447 553
1987 3496
804 2334
3605 2865
1165 690
2719 1056
851 956
1521 2369
2347 3560
2050 4034
2672 2989
1744 1327
4087 210
3786 1848
1982 3295
1886 1198
4366 4318
3033 3170
1497 528
1124 3672
893 658
2825 1145
4931 2086
3808 1427
2361 2976
2672 122
1904 1132
4116 1281
3414 3655
79 3469
450 2598
1409 2456
1032 1171
946 3471
1485 3767
2594 1355
1524 762
893 1657
2888 3524
4855 2628
376 2805
4568 3714
567 4016
4216 3129
1420 4396
3669 3829
1907 4591
2881 174
788 1542
938 2912
925 3430
1530 801
3859 2376
3299 31
2558 4578
1041 2007
4905 169
4388 976
4920 3538
4675 2456
2371 1119
4130 1721
3355 2707
656 3020
151 2398
2978 2033
671 3257
4320 2601
1047 4187
4305 2950
1661 1409
1070 909
4196 496
477 2911
2624 2110
2409 3239
3600 1474
4561 4709
1118 3047
2146 3248
1347 3221
1592 1688
334 4764
420 4999
4985 1173
3287 1542
4217 2659
3158 4865
1906 4916
2861 4224
1634 1558
1823 2387
3639 648
1429 4819
4773 3814
4291 3298
4923 1688
3738 1124
2767 2374
2878 3381
1857 84
2346 627
3736 2889
411 4011
2998 4091
457 4105
1218 1601
870 3526
3565 3305
4820 2568
2240 2497
3838 469
2591 4238
1685 1466
701 4583
2404 3239
976 296
3362 1134
2546 4381
2377 3507
4519 3624
821 378
3788 2092
4863 1952
4133 4446
4231 3559
895 3527
3400 1958
130 2497
1324 2679
4770 2079
1579 40
2054 1494
320 1605
4959 3261
2620 4002
2053 3497
3763 1964
1307 4715
2333 3136
1739 3651
938 2484
2972 3042
4961 4459
1901 858
1768 4442
4554 775
2019 2314
2627 2013
4934 1799
3169 883
2729 1838
2233 3680
2365 2149
247 1271
1201 2776
877 4071
3703 3844
3583 119
1530 22
632 2445
1423 4614
2954 4773
2297 3561
1269 3132
2904 784
3451 4581
3414 2876
4777 1913
1541 1068
2349 2320
1598 3996
4820 3194
1816 3848
108 4877
2384 2539
2893 1292
56 1163
1637 4510
1425 4845
1807 2331
596 2619
322 3974
2631 4057
2769 1793
2122 4882
4165 41
2185 2025
2838 3159
4292 3495
4873 2258
2127 4904
4596 3437
280 3006
2431 4425
2731 1109
3987 2606
1420 1812
1140 2635
4772 3313
3264 660
1252 309
695 3995
4607 4344
193 1966
580 2054
2675 1470
2713 334
527 1267
4138 2421
1039 4918
15 598
4718 2309
4072 4739
2483 2468
827 3746
1665 88
4349 2359
2027 4674
452 4447
1118 3506
371 388
4218 4612
570 580
1686 1676
2009 1328
3 155
3363 820
2603 3457
301 1950
772 4550
2035 4314
2273 2800
4723 1967
4554 1263
458 2596
2164 1553
1978 1484
1458 1113
298 2425
4171 2603
131 1592
3254 495
2552 2730
469 239
1507 2466
3148 4634
714 516
3859 4825
2114 2592
4415 4224
2445 4906
1766 4150
3079 4109
1435 1044
4502 2665
3151 4488
3910 1321
470 839
2733 1980
2403 4402
2549 964
3823 1189
2695 1844
2661 3523
1512 4219
3013 1536
3006 4015
1795 1360
2253 374
439 3907
4994 3633
747 4771
4112 4027
3924 2685
3345 4331
2415 4560
3509 481
3182 505
1941 4444
3946 2069
1852 1884
2710 3236
1044 4565
414 3706
3491 3709
384 3396
4888 192
3632 2205
4921 2061
635 4926
709 3393
4380 1548
1955 4560
2874 1483
3863 4642
3737 3054
4930 1595
4179 952
3699 1493
2311 2201
3847 2749
2690 813
4106 663
3280 2080
3608 800
4062 3344
508 3844
509 1939
4168 908
2268 2769
3905 856
1930 2213
2073 3372
2073 1625
3293 3091
3483 3987
302 1802
181 1113
1255 976
3785 2289
1067 2237
51 1999
3309 2717
836 2778
662 3742
3160 2578
270 757
4918 3378
2430 1192
1945 1834
328 2012
4849 971
4357 1713
4530 1711
3344 1797
1122 1671
2536 2694
965 2852
1451 1208
2977 3927
4399 1220
571 4039
4978 4742
2159 2816
4409 4625
4246 301
4540 2644
1269 4178
884 2653
676 1819
150 1601
4111 367
1117 3898
1502 3621
2729 1354
2919 4991
3241 4572
3673 1572
2724 4061
2025 3494
3176 4200
952 3139
4641 2723
3189 3197
4280 1479
2448 4477
1416 468
3282 813
2327 568
3767 3328
200 2005
2767 3213
4243 3257
4991 176
3276 1207
199 3202
1706 2048
1017 1515
110 3914
1827 4825
3310 4815
2945 1483
1539 1123
278 4205
4647 2114
178 2585
1558 1269
2590 3372
333 1690
1758 1348
3337 1662
1411 4634
4447 2748
3114 3461
2 2863
4357 1855
4702 3747
3871 245
3789 1697
3224 1830
4338 4085
123 3803
1307 4923
1990 4066
1685 4344
1310 4940
3916 4788
1998 4906
2554 3487
1720 4017
1385 603
2811 283
3421 907
991 3451
1506 1112
3931 1248
2938 1796
4018 1008
440 197
705 2678
305 3601
1256 4970
510 4343
71 4161
761 3739
2133 2923
3687 4901
3439 926
1666 1026
2217 2785
737 4459
2691 2702
1847 4668
4480 3032
1975 1509
344 157
4681 2175
4174 3072
3472 2264
999 755
1017 2339
3753 1784
530 3406
1692 2560
2768 3007
1485 1312
3021 4479
827 1206
1875 824
3545 230
606 3032
3457 680
4281 4796
519 4388
4605 283
58 2836
3021 370
1317 2629
1497 2027
4327 4014
4972 4507
4221 527
2305 3779
61 3518
117 3197
4877 2116
1301 1873
1824 180
4551 4426
1145 4468
1601 2336
442 2934
2331 441
3942 2117
4300 4465
4541 990
4236 1083
2914 1439
1840 4163
2750 795
4053 1485
1276 1676
1890 3432
2740 4982
4646 796
3526 1056
1248 4008
3870 2760
766 2698
3180 3257
632 94
1641 4235
2027 4511
1042 4970
4878 4426
1814 1936
1089 3999
3627 3092
1812 3958
441 2398
621 2180
4704 3337
1127 4188
4252 365
3179 153
785 618
3426 367
3271 2210
3011 2949
3364 4590
4474 2548
2810 345
2052 2102
1134 3444
4092 4668
1905 4921
1474 4850
557 2305
3267 4179
1041 656
1773 2710
3313 700
1916 782
1464 1070
1425 1821
3389 4344
2866 1460
793 217
506 1281
2124 4541
2921 3601
3132 2352
4630 1268
3409 3117
364 1992
3672 3381
4822 2586
1222 3533
3941 3636
4947 1971
293 2846
4874 3345
1810 1831
3015 965
2801 3181
3999 4855
366 3005
2637 4810
3514 3737
2970 2727
3918 4761
3522 1311
63 3079
2760 2468
2790 2453
4199 1519
3281 4836
3792 1846
3671 4129
3011 1197
2216 2258
3780 4888
2433 1759
3342 3429
3566 2823
3198 2105
2231 3411
3133 4982
1739 329
1680 4618
1380 658
2872 4244
817 628
2067 2668
747 888
1159 626
3646 2170
4603 2571
2865 3244
1837 4790
3308 221
3150 3303
1646 3055
3324 4770
2362 4771
4676 1423
898 3740
4625 2086
3345 1050
2984 1835
4537 2664
1249 3417
2261 2250
3775 2518
601 4757
382 3978
326 4420
3166 3559
3068 2174
2951 928
2819 2708
1281 1646
2597 186
3353 1688
272 4667
2013 2444
3929 2069
2812 842
2298 616
614 196
4335 2116
4703 3542
16 2252
4584 4906
2098 1991
4473 2056
779 4003
3784 4489
2392 2997
4925 3835
2097 1098
1730 2663
3471 4463
3038 1178
3447 2753
2182 2238
2322 91
951 578
3290 2011
3998 1732
1252 610
630 2996
4456 995
4361 3736
1103 2647
622 813
4209 3194
2208 2814
229 3828
4834 2837
4108 3324
3515 25
49 607
3997 2745
618 1000
1901 398
1507 163
2736 4731
3543 162
1269 2291
88 1563
311 3408
4956 2181
1896 2196
2624 804
2841 58
2971 4244
4946 2365
2177 4561
2355 4120
3340 3891
4489 4212
3390 2852
2191 1291
2479 1652
656 4353
4963 542
1152 2426
4610 4852
111 548
3765 170
1416 544
4758 2393
1866 1348
1153 1823
3805 3015
1057 1483
2122 4673
4355 4336
1844 242
4641 823
4061 4379
1108 3782
427 3336
4603 4239
3611 4230
1852 1869
1563 3426
4212 4888
269 3360
4700 3767
3851 3817
4274 4943
4775 4831
788 864
1727 2220
3625 2744
3303 3551
945 3671
3928 2214
1191 2311
848 4029
2997 2889
1069 4440
3653 2692
316 4591
1148 1462
2140 3223
533 4510
757 4921
3609 2524
1650 2176
1339 1275
3552 2946
3572 3645
4105 4274
608 3944
2505 2926
465 1644
1709 2578
4208 2194
156 960
1989 4828
3614 1632
4971 1968
2344 4172
1105 345
4767 2694
3527 2568
1192 1571
4653 4460
3652 2391
3904 1241
1139 532
875 1356
1956 2650
1370 490
4639 2672
3275 3535
4882 610
3525 3846
3199 3266
2370 3110
1239 4472
897 2067
4479 2359
4385 711
2905 3259
4748 2900
628 3681
2735 1174
1231 1846
3715 2658
2059 1164
47 564
4032 1647
4959 1508
569 1135
3596 4045
3018 3999
4272 4793
696 1217
2744 3272
1330 2326
4667 2896
2697 1989
3846 3790
2991 1088
3122 1323
1471 1881
1529 1165
891 3979
4257 2563
468 651
4997 4575
4721 4203
1023 4760
2878 1691
2223 994
2228 1193
3591 3852
3994 3283
4193 4783
54 4024
1762 1522
2947 50
3119 223
697 866
3051 1044
300 3337
2387 4271
1868 1633
734 1097
4639 4349
2975 2919
3147 2871
4950 1029
1885 3794
532 2507
3933 4658
284 931
1219 3232
3293 4055
4699 322
4807 3931
2817 3188
1654 2664
720 3523
4690 3368
792 314
593 2704
3517 1028
4900 1430
3090 3919
2696 2614
4044 1110
3648 4290
675 3353
400 137
3268 913
4297 474
2456 1358
4390 1059
1035 1535
4292 2407
4962 379
4938 1614
313 1865
1369 4419
3748 4960
1166 281
862 4060
3606 4730
1899 4874
2165 3140
3700 2030
2235 1747
2846 3917
1567 355
3656 1853
4365 2894
3024 1128
1685 1404
2878 670
1602 3174
4727 2171
2070 2039
2301 460
359 841
1455 4890
4122 3934
1605 3562
3046 4744
1027 2421
4027 1741
1917 3941
3216 1984
2322 652
2107 4436
3995 3314
4193 500
2697 2888
374 3090
4972 1120
452 4095
4816 2536
3439 2433
826 1526
4521 1434
962 4801
1162 1479
3784 615
3911 2337
2809 1366
4903 4809
758 4524
3249 3753
1166 574
4275 3445
996 3051
2609 166
4060 982
4425 179
1807 1062
2701 2696
1804 3544
3784 2731
1133 4347
198 4688
1451 2932
725 3795
1898 4609
3502 2076
4144 544
4396 617
1649 1494
1329 4764
4112 2507
1570 3205
1624 3771
441 1432
703 2097
1993 2215
204 4603
3241 3118
576 2825
150 4201
3626 1098
2051 1449
937 1348
1290 3524
2360 1084
5000 3212
269 3259
1121 371
1223 4895
1009 3938
3749 4730
2572 2789
4407 3455
4 4323
1802 4935
2814 4218
1059 1200
798 5
1796 444
3440 4659
1694 3130
3090 475
2012 487
4608 1699
2797 4652
4785 3237
3639 3258
3425 2851
4397 2233
2364 3940
4771 4721
518 2583
98 1406
3108 3351
347 3561
749 3049
3847 4448
2625 3094
1721 1413
2637 2515
836 418
3285 2949
3692 113
3513 555
4049 3503
1604 4349
71 2480
4198 2404
179 4871
170 3941
4540 4228
264 3024
2447 2777
955 1452
821 2955
4341 3595
835 732
351 860
960 4432
3068 3750
4547 3116
3782 3370
2424 4018
2599 1551
432 1044
1979 3291
3538 3383
3821 3224
965 2903
2653 1731
1770 635
1334 4259
4355 2422
2657 39
1406 4890
4464 726
1972 661
3376 2810
2013 2572
3310 3966
3756 2277
3198 4997
3075 4468
629 2868
3034 1849
3152 550
855 2339
93 1409
290 3065
162 2597
2016 3484
2068 2591
2628 4218
1927 1944
4078 2731
4102 1641
3571 3019
1972 2857
1858 795
4096 3511
1870 2022
3091 3214
1998 4071
3908 791
1741 3014
3759 3393
4966 3516
3597 2215
600 1466
3794 4553
3309 1547
4379 1979
2058 3185
2903 3552
3063 2848
1806 1175
600 4206
2638 1111
4915 150
2125 2248
3201 2586
2199 1663
4374 4541
548 842
2462 1931
2698 4871
1895 3618
283 2374
724 2052
3836 2140
1919 4606
629 1746
4348 2730
4434 4597
4492 1365
2190 2081
3526 4656
1105 4294
1360 2973
454 90
1677 230
3696 1346
3779 2146
3504 4549
4473 3189
911 1588
4628 1211
2571 2246
4527 2403
3878 1135
2635 1720
4337 3589
3928 3343
3303 1011
1209 1190
208 1483
3594 4056
3857 3862
4882 3423
1560 3014
2143 195
4655 1111
1661 3862
4224 3603
1046 1474
1485 4293
707 1037
3974 2549
1309 1774
3714 2612
2780 4924
4260 3405
765 724
3388 257
3154 1809
4158 2920
2094 2134
329 4949
562 4165
2711 2729
3220 2853
1909 4472
2833 3693
1797 4966
2078 1461
1912 2082
832 2374
4695 4227
4836 2437
1026 661
1197 2246
3285 1220
4315 1259
2228 1296
3041 3436
3618 3464
4328 71
3814 4670
3348 986
2695 1728
3565 3079
2116 2847
864 723
2779 3436
4439 4690
4780 4485
400 317
4917 3482
4834 3310
2709 1353
2740 2357
1825 2613
4087 3060
270 2473
772 4087
4318 1047
2690 1069
4141 686
3684 2736
4582 916
4829 3687
3910 2603
3387 1328
1169 1762
685 4008
3856 640
1335 3777
2959 2620
3461 3814
592 4280
898 3914
3575 4104
2983 3685
1063 4439
2628 1644
1573 2242
3726 822
3274 3298
2545 3361
2918 3158
4459 4178
4170 4425
3378 485
4268 2780
799 494
2737 4414
107 2383
251 867
3270 2852
1526 3402
4514 2344
1845 1495
4956 2542
1142 4688
2679 483
1545 2238
3974 2128
4200 1293
593 2729
1830 3977
2405 1278
1979 4817
335 4383
1571 2523
1986 4760
730 1404
614 2748
4277 4322
2558 3274
2405 764
1448 2076
2214 4101
3243 200
496 66
4859 1442
399 683
4595 1325
4851 161
1127 1316
1901 4669
2309 3727
305 2345
190 2229
2612 3221
1309 2743
752 4419
875 2884
475 1385
4884 2711
2566 1630
3151 3392
1842 2479
2700 3368
616 3386
3207 3903
2516 2201
2097 2311
2970 313
1667 2693
3358 1088
4652 1841
1830 659
971 2664
3297 1277
3813 2240
3446 3421
1110 4857
1055 3964
3859 2403
4867 337
41 2183
2749 3948
4102 4237
229 1781
1366 1461
1450 3947
3043 2352
2397 1664
3423 2836
1766 4622
1772 1953
3860 2979
188 1696
4966 1940
4800 978
1948 4517
3856 4807
1551 1744
4045 695
975 160
3834 180
1067 4063
2902 2156
4861 2969
2700 3827
2046 4324
594 138
2596 839
4568 1902
4555 3151
3940 1749
801 531
4824 618
2834 2687
3148 2783
2482 1163
1308 46
1223 424
2722 3346
365 1207
363 3685
3249 4388
2065 4724
4219 545
2979 3142
1213 4733
1664 1685
3844 2192
4599 4142
4528 754
2404 3691
2535 2523
1839 320
3142 789
3771 2595
972 1422
4797 4955
1597 4051
1649 94
3909 3211
3944 3351
2439 2357
4918 2525
1003 3252
3291 48
1691 3594
2727 157
3174 3476
2043 1648
4443 4451
31 4152
1281 1740
121 950
1270 4218
1977 2251
2707 3030
3279 4514
161 3302
4471 1256
4572 978
4915 1902
448 149
919 2669
3917 2848
2336 373
1105 2774
535 2034
1031 2278
4820 4727
1104 204
1268 45
2330 75
1505 3795
643 4899
4658 3400
2659 3234
4853 2575
4559 953
979 3759
3444 2582
3519 829
3157 3901
1172 1299
1678 2740
377 4235
1432 1503
750 182
598 2960
3138 4762
2357 1080
501 1701
4140 1965
2332 3372
527 4446
3961 2754
86 943
4695 833
3202 4692
528 3784
4146 2157
2916 1040
3996 1831
1908 4811
1982 1351
4402 2026
2405 2606
699 4712
3893 1526
1305 2292
3643 4059
1919 1911
3978 3716
153 1329
3271 3262
1852 3349
4168 952
4173 745
112 2628
4512 1905
596 1062
418 1987
1391 4695
2529 3229
4255 4926
2977 3389
3428 3919
2145 4976
4129 1440
1882 4554
2075 4087
4193 179
1563 2883
3327 1002
377 1858
1457 1870
2830 1324
4799 1785
1724 3199
2414 4829
850 2968
3438 2453
1899 2547
1278 1694
656 1253
1845 474
2110 4925
18 2994
627 4916
93 1043
4141 1748
371 3055
834 377
1868 1426
2266 1028
3425 3616
4058 2892
3227 655
3646 2105
4096 3179
3150 2373
3537 4518
144 276
2830 3519
4043 1499
461 3798
2854 3386
662 2074
4064 2421
3190 3098
3524 4206
216 2910
4640 3151
1036 1623
3173 1971
4948 2423
613 1123
3589 2430
1012 4038
155 419
1612 2379
1741 282
582 3846
4381 1476
3158 247
4270 38
1610 4966
2320 1611
3326 899
1722 3538
3083 1137
271 886
3907 2321
382 4047
3284 3342
794 3815
746 4904
1791 1909
135 2444
545 2566
3316 3399
4703 2114
938 3644
4048 2801
3302 2184
4075 4844
4220 4097
1870 714
3674 485
3011 239
1583 2800
1369 2485
4335 1575
813 161
3077 35
4256 764
1965 3982
2928 1222
1455 489
4509 4740
458 4881
4594 2103
4031 2061
1660 3701
2761 3584
2262 4195
2293 2849
3480 651
4285 1594
2604 1201
361 4756
3767 2730
949 840
2853 1974
267 3503
2812 4878
3748 1494
905 3573
4266 1171
3923 867
1042 2383
704 3454
1372 3719
881 2536
4775 4471
447 1560
3460 889
3200 4843
3846 4497
1214 2862
3510 593
3340 2375
1539 2741
4829 4246
2145 4647
1108 2557
4343 190
3361 1125
1360 1116
3519 1712
767 5
4175 2204
2812 2680
1227 4467
69 4123
292 1184
4208 1989
898 3777
4376 505
1396 3663
4042 2992
2637 1329
3679 384
1550 3945
1389 4353
1472 83
4051 4629
2812 2346
3544 2614
969 2209
1103 4302
2068 3610
2384 2787
3197 3698
1804 908
932 2580
2387 2887
2658 3831
2753 3174
3142 3899
4109 4748
777 4150
1332 154
4226 3551
4681 758
2239 2451
3276 999
4036 2073
160 2955
2244 3835
2271 3432
3804 4119
509 2574
4073 477
1336 4254
4098 3620
4699 3025
135 1697
4104 3154
3578 1233
497 4365
2798 1868
312 4819
1708 3197
2499 4636
4978 189
754 54
4335 3989
1229 4286
1164 1074
1969 767
2070 3147
450 1180
4 4744
4549 2591
3428 124
949 4364
2390 2858
1692 2756
4585 848
2697 2629
1321 2808
2924 4076
3853 3616
2034 601
54 670
2098 52
366 2421
3922 979
726 46
2706 1637
456 4759
292 2327
2604 2617
1264 1063
170 1041
3231 682
1896 338
3843 571
715 1536
2458 4809
1966 1241
2077 2429
1121 1453
4321 463
1443 4751
1063 446
2089 4543
4168 165
657 4685
633 3838
3329 1459
478 3960
862 1427
1537 4242
1054 3692
539 4266
1272 886
4299 1983
2554 2707
912 464
3941 4279
3844 3727
3685 2579
1312 1720
783 1736
1653 2810
4016 3127
233 1631
61 243
1419 1084
1949 4467
1786 312
2870 382
877 4565
4140 2699
4467 4980
2883 1404
2238 4130
2348 2439
187 2350
3865 4445
2278 375
1581 792
385 1767
1887 544
1267 1439
1555 1495
3652 1837
4536 2659
4233 1252
342 1857
1821 2265
4122 3382
1424 4115
4518 1088
940 291
3744 4062
1797 3559
859 3219
2830 2716
3137 3596
651 4265
2102 1572
3228 3773
2719 1599
583 3237
4696 3754
3420 1006
3678 219
437 279
2627 4267
1877 4590
924 1937
1221 4504
3990 964
3061 4205
1642 4109
146 1594
371 559
1240 1432
3321 65
551 2156
487 3875
2609 38
1675 2876
4122 4759
4629 2640
1067 1753
1265 743
1643 4778
2089 1343
914 976
4829 3679
292 2447
1910 3231
4612 4542
4467 514
2297 2047
3782 4743
2125 788
851 1990
487 2249
4821 4236
2423 2443
3024 3236
3607 2750
2004 752
2198 2070
802 2356
2696 874
1906 2839
2824 2236
1792 3274
4043 1700
2203 1777
3601 3999
3611 3688
803 1047
156 4098
667 991
3503 375
611 3074
4587 391
4456 2051
776 2323
4243 3692
46 1561
4765 3988
599 2055
2682 1280
2964 3064
1947 2803
799 2196
4677 2251
31 4459
2607 635
568 3559
3381 3881
3777 2810
3536 3335
540 3342
1833 2600
3250 2230
3513 1782
4986 4673
4605 3337
4588 3200
3884 2255
1391 4153
153 3220
50 4796
4687 4774
1719 1072
917 376
3397 2860
586 2019
2144 212
3785 2120
4948 2062
2043 695
3989 2310
2445 4018
3877 2432
2750 3603
107 4860
2047 3954
1779 3398
3358 4986
563 1105
1160 1501
1292 192
3997 487
161 2476
1318 4474
4825 555
3578 2455
2476 4710
1095 3547
1350 1668
2761 4154
2463 3436
1633 2547
1943 1172
4045 3920
2547 112
386 204
463 3868
3061 3147
653 3060
976 2003
2434 3930
3442 4436
1131 4575
113 1663
3739 2469
3827 4434
3610 2611
3938 4685
350 1302
2917 1285
4461 4423
2927 3551
1353 1733
1239 2298
4653 2815
2483 517
2979 757
4533 4143
721 4288
3477 3921
4679 101
1549 4370
603 4716
739 2164
2451 3087
131 1828
4044 1625
484 1405
2952 4584
2765 4886
1415 4495
1133 4869
641 1074
2210 1369
4585 1642
3981 2980
4985 870
4328 362
2656 1999
3885 2842
1341 1311
3175 2638
1657 3926
1654 3540
202 761
4340 2467
3832 2252
2220 440
4226 850
2922 4213
3612 3251
1976 2443
3528 150
443 2483
2733 1939
4171 361
3827 2035
2552 1868
701 2488
4111 691
2397 3691
725 3823
1835 3440
3484 498
1306 2351
1350 3314
3167 3874
3938 1392
1435 2111
3129 3860
1926 2043
2765 3782
1818 1550
4556 1242
884 3699
4066 3718
2650 4742
4776 377
4749 1922
4884 3356
4245 4889
3436 4741
3350 559
2163 220
604 1437
2777 2181
4804 1216
1903 2725
4695 4452
3926 1077
2395 4118
2345 947
2194 1077
2197 4888
487 4662
4860 1380
515 1361
1910 4925
576 1244
4890 593
1406 1120
2688 4179
2867 973
1860 4253
4152 4748
2698 4056
4418 803
1916 1819
931 630
2206 4949
1258 4658
78 522
3989 4638
4188 344
3386 3973
4490 2015
588 2751
3827 3350
2562 4997
3537 4501
1223 725
1637 4188
4222 2110
1299 2630
863 4284
980 4679
3139 1582
2180 878
4239 3897
2751 937
2660 2521
2340 1590
2193 4504
3996 3138
2785 3720
2725 204
2804 2291
4021 3595
2281 4613
607 4455
83 306
3101 3635
210 2997
859 2942
2719 1712
4512 228
1765 816
2915 4469
432 3921
1395 3365
4616 4202
460 1198
320 1266
2554 1985
3429 2598
3333 3
2249 1402
3228 1817
493 2775
296 2633
4998 4331
1155 1618
3068 1109
838 1258
1500 1671
3019 1421
4782 1969
2695 3174
712 4734
4334 2113
1094 2118
4065 750
4671 932
769 268
4023 2785
1581 2898
4559 3462
3312 1333
1935 2230
2922 1765
4316 640
3666 3114
1366 3763
718 4585
3795 1303
3848 3064
271 2650
3832 3523
4771 1907
1593 4218
2174 1904
2068 4793
3945 3024
107 3251
3438 920
2081 2379
3515 2609
2517 2297
867 2459
1245 1714
3475 3464
3902 2151
4412 4751
3421 4833
421 4281
2510 2311
2588 2369
471 552
3057 1681
4100 701
1460 1778
2438 866
1671 3837
1873 2229
1409 261
3685 4915
3781 3812
2033 205
2029 123
1779 4035
4588 4288
4214 1186
3804 4373
3003 2400
3202 1521
3449 805
2209 3195
3337 3824
2792 1014
1230 239
3949 2299
268 4664
1125 2864
521 3811
2582 1034
3838 2939
1482 860
827 3
2866 669
112 4327
4860 3738
1182 4752
2 288
698 4475
789 1912
374 368
747 4765
1216 1936
4363 3647
2613 295
3056 3978
2532 3063
2269 4557
4617 928
4094 3055
367 3626
4523 3736
3601 415
1210 1907
30 3773
2420 3889
3830 2739
2150 707
455 1628
422 4069
1486 3529
154 4328
4406 1230
1072 1680
1427 3163
3910 3508
2280 340
3764 3103
2021 1916
3808 2532
36 1697
2361 2765
192 72
2749 293
236 4966
4892 3850
587 1096
304 4779
1771 313
4107 551
4306 1773
1958 2775
2460 626
3128 4144
4472 862
3631 2261
4029 3458
1584 2553
3969 381
3390 4365
1235 2186
1874 2921
3283 4200
442 1128
1543 4653
3461 592
4368 163
3905 3674
3554 4292
2162 856
4883 3059
3468 2072
506 1257
39 3618
1986 3249
689 2878
1530 2269
3988 649
2235 2594
4109 579
1786 1829
870 4178
3532 522
976 2150
4626 1615
1069 1160
4884 259
203 4
3302 4962
3099 3893
2048 1002
2060 946
3214 4393
3959 236
991 2228
281 4507
4906 2776
2319 3859
3932 1247
656 808
264 635
2794 2674
2776 4447
1678 1862
3318 1890
4183 2105
723 422
86 505
545 1372
2249 2996
559 1517
4519 2819
4531 4261
4350 2393
1607 1919
2946 1676
2269 1924
4491 691
1986 1078
224 4691
175 2119
4446 159
738 4345
1835 563
289 233
4147 1380
1086 3516
3859 3491
3701 3450
1911 567
2585 2879
1455 3760
1353 1326
953 1737
3071 305
4802 1859
4042 2950
3332 4211
2402 1419
1392 3709
3839 965
3873 3956
4750 3692
2126 4878
462 2406
4821 1711
226 4916
1131 4767
4344 2545
4937 1155
4762 2039
4927 75
1932 3302
242 2217
1395 4314
1136 824
4710 4938
3439 3563
3791 1142
1939 1328
1023 3238
25 1285
4988 3674
313 2879
4671 1270
2909 2460
1164 1597
1913 385
1653 826
3460 4429
1265 4059
4066 3126
2910 2713
51 2896
1169 2295
4482 2282
193 3959
1915 287
3340 3245
1899 2721
2705 596
1750 1596
2812 4430
343 2427
982 1980
3108 2301
521 711
2626 883
2482 268
1111 2462
2922 2154
271 4279
1393 1406
3484 1705
2460 991
237 3282
2667 1661
2972 4854
2648 4116
673 2191
3981 1423
3166 4118
4974 895
1184 2507
567 875
65 777
572 2692
4472 2322
2140 1654
2225 1466
3692 1644
2487 3168
1013 3756
1204 3503
4333 3718
4176 2194
1291 1124
3022 1884
125 2004
1823 3079
4573 1821
4387 2724
3124 383
2627 3373
1731 4671
1608 3989
2901 2699
3663 3266
3219 1258
814 370
1010 712
1082 1337
2881 325
3727 1896
4505 1384
2128 34
3570 4982
3289 185
994 384
1878 1278
1796 4143
3998 1273
1878 3189
249 4241
1820 3147
2060 4288
4618 298
3228 4912
1928 4643
622 4189
2516 3874
4027 1111
2147 1653
3373 4259
479 4409
1427 1246
1985 1774
3792 770
1964 974
2852 2845
2894 4858
2874 2710
3116 3337
472 3444
4436 3905
1751 4367
29 3603
3560 4582
764 4967
1452 1436
4340 3913
1048 758
2362 1887
4409 754
4340 231
4464 4433
485 2474
4203 179
929 1165
918 273
1253 3032
2849 358
3271 3816
1197 2010
4951 2867
3968 3403
3125 315
1674 252
105 2271
523 931
428 3995
693 1010
3978 1582
2938 4858
2485 2546
2681 4644
875 1886
964 4475
1054 3209
2306 3825
4912 4477
451 239
1109 41
3927 1428
1971 2290
962 563
4182 358
2379 465
4133 1457
1281 7
2858 2059
473 3663
1682 444
1094 2870
3965 1098
1011 4486
3583 2623
2706 54
848 1383
3464 830
960 3765
1517 3571
1731 3315
3684 3191
2804 115
1318 1521
4471 2250
3587 4229
4624 2767
3994 2821
1468 459
2771 955
4919 4494
1285 1704
1976 3579
2645 1085
1525 4579
2213 4306
3420 3474
432 1455
4767 2048
231 831
1514 4948
348 2846
3142 374
1794 3368
765 4576
2648 3639
1794 610
2069 1144
1663 106
3643 2828
3436 3703
1903 1262
1474 4479
2584 1901
1479 4996
526 4076
2138 268
2435 2889
2535 4419
3477 1998
3297 4727
1163 1544
1620 1465
4170 4328
4012 2383
3255 3213
3898 1601
3257 1557
2091 4505
3678 1585
351 4386
4506 2207
4473 4846
601 418
1774 85
4053 2973
1170 2230
3159 1839
473 4720
1110 3515
1580 3314
2331 360
4287 3192
3556 4316
2390 537
1848 1247
3318 598
3271 4685
3482 3866
4182 1800
2956 2618
4610 4399
4052 3843
4121 4416
1965 3111
3166 4847
4131 312
18 1350
4450 625
3382 3745
1262 1081
2093 3200
2503 4904
2093 2824
1181 2435
1912 919
3770 2735
2887 3927
3065 1275
1389 1775
4639 3359
1569 4047
1657 2506
4720 4160
279 598
3559 3699
2781 3543
1854 4719
1085 2736
4773 3287
4322 366
1421 3122
3893 1622
760 4311
4415 2665
1560 4363
1962 1261
2213 4933
1514 1042
3008 4534
4444 1142
1588 3626
4561 1190
1301 4193
620 4697
4134 323
2668 2904
207 2839
3687 1421
3981 3322
3865 694
1847 4386
3985 4055
3876 4765
842 4601
1186 3093
2268 3924
3097 3057
1816 2426
2673 3143
3326 1761
3958 3601
3560 1727
4641 1078
4233 2046
3483 4286
1222 3557
2564 316
3600 4863
2382 4810
3283 284
1883 1780
671 3907
1811 3721
2128 3927
2107 144
3631 3192
1113 2057
465 4214
4138 1595
2631 2994
4514 1455
3307 1004
3502 1850
626 4290
715 3301
3848 3964
1555 1816
4758 606
4111 721
3496 3783
4485 493
901 1823
3944 820
2215 976
633 4728
4208 4648
1561 1563
1923 4295
4536 3976
4307 729
2477 1320
2352 4929
4048 3099
266 3330
1696 2884
1948 3260
3838 1776
3988 2573
716 2113
4238 4597
623 2562
2352 2273
1025 4486
974 68
3357 3400
3378 3702
2642 2329
343 2307
362 2431
2117 2558
1981 3631
4705 988
2077 2314
74 1661
3121 4174
3063 3852
3983 2267
4086 2950
309 2673
3844 117
393 1244
264 673
897 4961
4871 338
2632 67
2509 3171
3967 859
4084 2007
3991 4597
4664 1267
775 4219
4869 4915
30 2135
1553 774
3210 4644
3917 2119
2131 3507
2866 1428
1223 645
2842 3314
133 808
2231 1957
2223 1343
4100 775
3047 1096
3442 4360
3000 2001
3316 4883
2611 2114
416 51
30 51
4632 1583
185 1690
1278 2249
4998 2680
904 3569
2634 2508
3309 1602
536 4209
1386 1093
4680 4137
2468 3818
1677 3113
885 4905
2423 2327
3253 3957
3313 3998
535 2319
3785 3198
1597 290
4008 4942
458 4615
2276 4769
3287 2988
4117 575
1101 3711
3883 1694
115 4460
1373 1323
1651 515
2340 2161
3827 4309
2929 2623
1542 3520
2375 2801
3479 4775
3884 3946
3962 375
3702 808
4746 3548
3440 1883
3393 4528
4022 3731
2930 1082
1068 4696
1767 4461
4905 1843
2908 773
1607 4680
2240 3928
3456 723
1400 4029
177 3944
2636 2069
3632 3750
2945 831
1209 1979
3654 2191
4857 334
2232 4591
919 3910
2884 2819
4603 3113
2840 2873
2452 4933
2091 2624
1978 3291
4728 3276
3336 564
3149 4665
964 1277
3827 4616
4355 1317
1725 1232
287 238
3702 4051
3120 1275
757 3708
546 1110
3104 51
75 674
2241 1299
4098 1281
2479 629
4822 1008
2947 923
2556 4786
2192 430
4190 4774
1110 3038
1142 4391
2351 2355
712 4103
281 3625
4631 3646
3734 2765
420 4685
3523 3443
85 3120
298 3710
3160 3302
2995 3222
2614 4831
830 1081
38 4491
1985 544
4077 1152
1469 3161
150 4959
4948 3326
898 1674
2122 1110
362 1796
3632 1431
954 1684
4293 793
4271 2108
1867 2016
4599 555
3152 3221
3980 3670
4617 1698
767 538
3944 1414
370 4292
1145 1795
4674 285
2092 2556
2129 582
4508 1163
826 954
4406 3908
4002 2273
1985 2470
82 430
3451 424
806 3736
2897 3864
4086 1209
592 26
3748 2604
3578 3533
2187 886
1865 4433
3813 3419
4318 4555
2723 2646
2735 767
2787 631
337 1184
2559 2493
3874 3043
411 4497
4193 1221
3502 3802
4421 1259
3700 1765
724 438
4231 2989
2242 3364
2391 642
4536 392
2160 599
4346 824
1880 4508
2303 572
1434 389
1819 4030
4263 796
1727 4695
231 2628
2699 1416
3383 612
528 3456
214 2489
2489 3464
1245 1910
1938 3270
82 691
612 3278
311 1194
2585 2163
2719 1288
2281 1744
2043 1373
2375 3571
4708 494
2716 2664
3054 1955
3274 4982
846 418
3690 4227
2221 2026
1078 2099
667 675
1578 657
3854 2737
4899 3442
4660 3569
208 1276
516 3644
1707 903
3556 1125
874 933
1769 104
4905 295
571 3600
3209 882
2623 1223
4753 1198
2400 3939
3864 3960
1708 2297
4992 3882
2138 3983
3384 1711
4132 989
57 3629
955 78
83 2277
1850 189
4873 819
4756 4917
3940 1349
1657 1366
3418 3375
1294 2549
4658 1670
4685 4848
4816 1298
2383 2266
906 2995
1866 2564
2421 897
2334 4646
3268 1624
1649 3469
4354 2485
1041 1571
2156 2132
406 557
4060 4353
3828 1812
2407 1324
4453 4188
1351 3212
2438 500
4912 1984
1326 2245
3645 276
3175 4141
2293 2681
2352 4808
61 1746
4424 1789
1612 1669
4558 1219
1943 593
2116 3823
3155 474
3778 3718
1735 858
3477 4848
1143 2543
2856 1116
285 110
2970 1302
45 2661
2364 2889
4564 2902
640 4737
3066 2890
3834 3643
1392 661
4 3088
3454 4757
1434 1399
2141 4012
4590 1256
4907 4472
2837 3146
36 4980
499 3568
1472 4865
3986 1436
2736 2715
1640 682
4932 256
3215 1136
4779 2749
4155 150
104 3485
383 761
669 889
4810 2680
3370 3479
4687 757
4196 4135
924 4746
2487 2298
481 2518
4768 3703
1031 2271
3360 4943
597 3060
867 2928
2810 4463
2950 1234
241 2817
2818 3809
749 2813
706 334
1848 4294
4950 4363
2238 2444
3279 862
4420 1855
4460 3575
3418 851
1521 1211
1145 456
225 3293
2613 4520
2544 4535
3585 3771
2559 4339
2056 1577
872 855
1348 4982
2426 1962
4639 1247
4112 1477
86 595
878 876
983 2271
798 4513
3876 4410
3763 4556
2528 2069
3239 4887
3598 1889
2640 1899
126 2099
60 3959
1662 2657
444 924
3308 3230
823 4026
4206 335
676 18
4700 4488
4094 4495
3620 1707
4610 2847
179 3544
3134 3775
1136 2366
4973 585
3821 3049
4445 2768
1206 2165
1619 630
4039 3176
287 4351
1899 984
217 3146
2884 2418
4880 2952
4060 1115
1676 1174
368 496
2204 4285
4454 648
4599 3354
296 4852
2979 19
974 2410
478 1658
2641 4303
2244 3589
4754 1282
4385 987
4217 506
2901 17
2192 4670
1380 3750
231 3301
222 232
1054 78
2825 3722
339 3029
2519 3734
3456 1387
3865 3511
1636 1595
1218 3603
540 1109
2698 1819
4585 4712
1984 3218
4553 1401
4570 1386
3629 2804
2664 2317
372 85
3198 3756
1600 4004
2270 2185
3187 3022
1183 1283
1578 4882
4564 29
971 721
4485 186
743 1319
2061 4640
3781 1143
2451 3791
4604 2890
4823 1291
2394 2813
4884 866
2467 4512
794 393
1566 901
2907 975
1010 2190
1231 4893
422 1432
342 4670
4933 679
3623 1001
1385 4334
3718 237
849 700
34 2128
2506 4285
803 2749
1133 3601
3197 1117
2054 2479
4765 3571
1470 748
2210 2057
88 1158
2691 262
3550 1620
2365 3355
1896 2744
2273 2708
1303 4148
3253 4152
1025 1144
656 1238
216 2918
243 4593
1903 4273
2897 1453
1104 2618
1630 3141
4546 1847
3308 891
1613 3712
4547 683
2956 3752
2244 3572
4571 1437
4653 370
4743 1842
3352 1664
4144 1643
462 2238
3381 3040
4922 2734
431 4548
3304 1773
4247 3279
2104 4526
4786 1896
3195 2760
255 476
3007 2053
4335 1812
345 3341
3346 2900
2216 1326
92 3628
2534 466
4771 2517
4508 4521
1165 4020
4704 4718
4211 2508
4735 1456
733 1425
4953 2607
2452 1730
2922 1023
3206 4406
3766 1836
2794 3507
4487 4532
938 2996
4370 1018
2826 350
1184 4107
56 3931
3100 1763
4945 3025
3530 4740
764 1341
2608 272
4368 3836
3303 527
3172 97
2017 3633
3419 2028
3640 4179
1326 2999
1689 4603
2308 2841
4842 4634
1266 2565
4775 861
3948 93
1602 3333
3529 1631
844 2302
1037 4541
909 774
818 4894
3351 1251
3784 522
4157 4285
4050 2287
4132 3193
4509 3902
2606 885
4616 4662
4747 3726
1288 590
1819 2404
277 4530
586 2227
4158 3570
368 3549
1864 4659
1608 554
3370 4130
1135 550
4119 2457
846 2276
4571 4393
811 1734
1590 4046
1170 4890
3719 276
4137 4704
1673 170
2561 1410
629 4612
4189 3562
4586 1348
666 1997
1094 4587
2951 430
1815 2867
2542 1222
4779 3807
1444 4240
449 2160
3507 1539
2021 807
853 2910
1498 4604
654 3769
3218 2533
3149 2024
2421 294
3916 1540
2494 3326
3292 4411
3118 95
3041 1719
347 4981
1156 2809
3802 4298
3865 2201
4015 2168
1451 160
4017 3565
578 2654
4801 4943
3164 3841
4507 1511
4275 38
3717 200
720 3439
954 4439
3656 3672
4430 302
2123 691
3231 17
2828 4579
1278 1784
2702 3981
2010 697
2118 1830
3616 4490
213 2126
65 768
1092 3340
1221 1739
1475 2902
517 4301
1436 817
4031 3676
3231 2669
433 140
1566 3666
2421 931
800 1581
1588 4034
613 1187
2189 2080
3338 469
4008 2085
1800 2007
4573 2139
745 366
2980 2538
4838 4592
3097 3526
2153 2843
4010 3324
2731 4043
2157 3497
557 4893
1971 4823
1974 101
619 3615
2297 4330
876 4071
1669 265
1735 3819
67 2090
2580 1845
917 1700
752 2466
2665 4718
2285 3557
166 886
551 235
803 611
4488 2960
4322 1961
404 615
1612 4508
888 405
3126 1149
3435 4448
528 3896
1262 2620
4929 857
1008 4185
4612 703
2442 4131
2616 4006
3702 900
2127 4852
2433 4917
783 4517
3935 756
1571 4363
181 4563
3137 3095
780 699
1632 43
187 4630
3071 4042
112 3736
4993 684
3545 1615
4057 4647
2784 1761
2227 172
3494 2472
1875 2623
3470 4599
1914 244
560 2549
2691 3694
1910 3137
896 941
2761 3336
4193 3567
4603 2323
547 3797
3848 1676
945 254
1032 49
4007 356
1792 1598
3716 490
1353 25
408 2077
4349 697
426 2976
1301 4863
726 355
2051 3400
3722 3480
4088 4606
1335 572
3701 97
4082 1235
1400 1185
4317 2380
1394 4008
319 2273
3702 4400
3862 855
3803 1170
145 911
2762 639
3747 1803
2698 1924
1910 2403
1541 3274
2746 1549
342 1469
1111 3799
4663 4117
2908 1302
3010 2533
2190 324
686 3062
4720 2882
1822 2734
2684 4919
3489 4885
373 1093
4066 3190
1783 3469
2452 4411
3756 3981
322 1146
1504 3131
2805 133
1820 388
2977 2885
526 1860
2536 3125
1650 121
3755 1491
1718 4531
4785 2697
881 2306
1451 4471
2941 1578
3237 696
255 3761
1947 1546
382 2257
2363 1215
4137 1858
1727 2091
3164 64
3678 3525
3159 1584
3563 1926
1644 2613
3020 1147
4923 4175
2102 4646
3138 665
756 2478
2990 592
2371 4056
448 997
4663 1749
1796 4894
1893 2573
280 850
3148 2990
1410 487
4461 206
402 3730
1217 1913
2145 2247
3036 4132
4926 3694
4895 4116
3622 1854
4870 563
1347 3578
1089 566
4913 2805
2437 1955
1919 501
4964 2051
760 1802
2898 3424
481 2761
4071 3540
1615 1172
503 1860
4697 1398
3989 2540
357 4861
2764 2960
3020 1710
4137 3926
4606 374
4262 746
3142 3435
4696 4627
1623 1549
1186 3100
4401 1662
2304 1387
4944 192
3520 1703
2197 1276
108 1450
1841 1156
1780 2643
4532 1498
4789 4689
4756 442
1751 39
3822 2470
1595 2779
2990 4200
3184 465
4059 1131
2810 3374
2339 3660
2030 129
2571 3860
1796 3559
4291 2491
501 3593
2689 334
2023 473
557 140
2088 4718
1858 4234
2337 245
188 4706
3151 1382
1064 4646
271 1665
4058 2381
3614 1865
22 2474
1537 2496
189 1641
255 561
4819 2913
1976 1420
856 2877
1123 830
344 164
4012 4384
1980 161
1504 3110
2456 3102
2586 1743
1914 3233
2667 1566
2456 2404
4464 2949
1723 725
911 3526
4952 12
4918 1059
3449 2967
2421 2257
1430 1464
3589 3577
4596 2590
679 174
1029 4444
2009 3282
1569 4991
2446 4546
3649 4540
292 4268
3252 300
4633 293
1407 4665
4379 1382
3315 1503
2018 2290
3829 3691
4895 838
717 1029
259 4376
1038 3570
246 4888
2534 4198
2025 1581
1525 4748
4292 2041
4849 4853
3890 1392
4551 4412
294 1685
496 2828
2818 3618
2795 1028
3666 2663
4134 3358
4771 2982
1219 476
492 3613
170 3435
1942 2077
1304 2208
1254 3715
4371 3659
2788 2032
2052 2532
4744 1062
3941 2264
1266 3159
1060 4796
118 3254
3300 3532
4560 2297
902 321
2145 2606
3671 2358
3191 4388
4090 4536
3818 3345
3441 1191
2994 3807
2131 1474
1662 4881
4783 1823
3319 4206
1509 3551
4033 1725
3614 1887
2377 1674
3160 1679
819 1015
151 4213
1306 1611
559 439
989 2547
1633 3028
4348 2919
1345 4157
2729 2848
2463 3651
3306 1044
4532 3619
3213 2746
628 1346
1067 2688
3823 4021
2455 4401
2861 1233
4247 3664
3094 4354
2000 3956
2205 2002
4970 2455
2861 294
547 4067
2301 4665
831 2512
2275 3112
2365 1526
4475 784
3365 1906
3640 2679
2489 855
4918 618
4624 1172
1223 1326
4929 2883
884 1300
2133 3652
4854 547
176 3633
148 4699
3334 788
2622 3134
193 4897
4658 4602
1355 803
503 2893
4417 816
1230 4168
1722 4987
3494 1620
2663 4976
975 3255
1183 1106
4777 520
3638 3343
3849 2024
1382 3960
3964 974
4744 978
4247 3388
4614 3493
1000 2791
3666 2743
3698 1821
2596 3969
2986 4897
4488 3294
465 3227
455 1151
2251 290
3489 4889
4380 4403
4666 1801
1218 4160
4961 585
3983 489
3820 865
3096 164
468 1415
119 627
2502 549
1162 3288
206 4147
4446 4625
1348 1895
681 3984
3024 4031
2028 235
3030 313
2258 3629
2286 3730
4685 495
2938 2091
2071 89
4239 2784
4453 2982
810 188
3372 3994
2829 4223
2080 4299
3788 3136
4477 83
790 1863
557 2500
4369 2974
73 3140
279 1597
1038 2191
3464 3490
2115 2026
1095 19
1490 3737
1446 2270
1914 3997
2277 3380
2708 4671
1168 3320
913 1370
4533 394
3950 4047
3116 2772
4577 3742
4040 481
979 1504
730 535
4462 2010
639 3479
490 3294
209 3258
710 1075
251 630
3834 3501
419 4548
267 1801
4977 1693
3103 3475
4823 2686
461 1347
1521 2660
4774 3001
1465 693
3333 699
2280 4228
3650 1219
1728 1691
1810 2718
4176 2294
3800 3442
3968 3731
1642 2968
3960 3771
3466 3335
115 4507
1814 3352
374 4105
4196 3255
363 3621
2778 3667
2763 4664
1427 3408
1641 4800
1540 465
380 4009
584 2225
4835 613
451 3141
1297 3839
2125 3945
383 3827
4061 1296
1577 247
2180 555
2516 377
1301 4469
1842 3542
4716 285
4352 3807
3738 4888
931 4498
3914 2141
1379 3920
2215 3422
3134 612
2518 2704
4155 4951
2364 1069
2887 4797
4845 4558
856 255
3721 1127
1630 112
823 2073
3057 3498
3269 3702
3790 1130
241 360
4275 1017
542 2336
559 4754
101 558
2878 3411
2682 1252
2049 4676
1448 1117
786 3166
2050 4656
295 3970
3350 2085
2741 3693
1423 3330
6 1758
3972 3603
588 1686
2782 4547
2680 2079
2524 4788
4899 3499
1144 2489
1127 980
102 3078
2442 1912
982 3272
1731 42
3120 704
3247 3519
4761 4458
2435 3639
72 170
682 3663
4772 1315
1514 3938
1706 723
3984 1188
1147 1484
3568 4092
421 1747
2202 4175
3774 2944
660 1570
4024 2130
1511 2979
2458 3080
1366 4979
3774 1870
1257 2989
2765 4835
3406 1277
3019 2637
604 2387
1505 4536
4203 2018
2608 4467
2360 1341
2872 4281
4368 1145
2478 4660
3483 2350
870 255
2572 3485
55 2192
4252 2618
2938 1845
433 1944
4787 2417
816 1016
4727 781
4010 4771
825 2749
2610 1369
2252 1365
384 3198
4042 2177
4574 367
204 4633
1416 1808
4924 4130
4267 3030
2182 538
2821 4629
4536 1569
4833 3531
3510 2482
3216 3819
4894 2001
2640 155
2859 3080
54 1906
2892 1760
2428 3793
2353 4757
2836 1130
257 2308
3371 3067
1534 3061
4463 3343
443 3526
1567 4486
636 2416
2112 732
4549 4582
728 3559
2577 1857
1376 2092
1158 4314
4347 3779
1321 4725
3691 3325
4938 235
3697 305
3565 3421
2232 168
4749 4112
3829 3462
2542 2196
156 302
2402 1661
4843 860
1680 4592
4310 2514
2219 745
293 1529
4981 4510
2048 4017
2925 2894
2358 3144
1561 3066
2373 4301
4300 3087
3757 3729
2400 4585
2241 957
4285 1815
1782 1837
1757 3998
765 3499
2971 2299
307 1420
4472 4216
527 4235
3068 3693
3068 4980
1022 2484
608 3415
3021 2404
3646 1030
3375 2193
529 3607
4824 3252
4075 922
4102 311
4239 1011
883 3315
994 1382
1418 4242
678 2621
3994 4905
2659 124
4286 3723
4976 4291
1208 2788
3567 3586
3484 3261
2353 4370
2906 1536
1967 1488
1700 4306
3462 2564
1036 1375
2605 1972
933 4252
3696 4656
2835 4360
4887 4342
4459 1756
4935 1106
3962 3213
1793 362
3592 3025
2576 1185
2998 1701
4579 2280
2329 2274
1706 4628
1193 2568
630 3647
2453 2315
2067 1790
49 2430
1972 4841
2663 4039
3775 3550
2824 2700
2647 2562
606 2056
1282 2785
1404 4540
1849 259
835 1514
687 2025
348 584
4317 2499
4411 4259
1216 1193
2945 3653
2472 3509
3761 941
558 3586
3589 3354
2714 3251
1001 1308
4732 4899
3813 4112
2930 424
370 3438
933 2080
3620 4417
4558 1424
4754 224
1179 1941
3972 2136
818 3489
442 2685
1823 1090
827 663
3891 4514
274 1363
3240 207
3712 3167
4109 3030
2063 2325
2460 3707
4190 4899
3419 2003
665 1431
2895 549
2476 4583
4241 2680
3724 3335
787 1278
2445 1905
1301 3065
1080 4593
3104 3566
3782 3442
4404 1260
4255 3885
4756 2619
3700 477
3963 4474
4518 1677
892 769
2543 2867
4271 3212
1969 3060
3687 3164
2012 867
430 498
1237 4538
788 70
4821 2790
3561 2158
2478 2737
4271 2152
2728 156
909 1564
86 4205
4935 1392
3709 108
128 1163
1731 164
2198 3327
2977 4037
1151 4141
4639 2598
2952 4570
4036 265
1106 3876
902 2084
492 3765
3481 4758
2667 3936
3523 722
4708 856
4885 1391
3928 1709
1605 2300
1975 876
1969 357
1995 3060
4245 50
2430 2688
1864 716
590 3324
580 4600
71 1405
1611 4319
2023 4344
4171 3537
1004 3492
3379 2576
1699 2823
1779 4460
1265 3047
2142 4212
801 2814
4939 3815
121 2021
2944 4307
1286 1062
1982 1726
704 154
2961 3762
408 2554
870 4881
4955 2614
112 517
681 460
1995 168
699 1992
907 260
2635 1072
3502 1368
3162 717
222 4718
726 952
4307 3820
259 2433
2074 2320
4655 4261
976 3427
2145 1636
4406 3098
1531 1816
1824 4007
664 1779
4422 2064
998 793
2008 2017
3367 4109
685 2348
2310 2064
4596 3510
1749 3153
3785 4704
3933 4040
1886 872
3522 1147
27 279
4922 4680
3177 560
4438 2968
316 372
147 1686
2743 2138
4724 656
1285 4289
1515 404
2428 2299
2217 3285
4526 2897
4195 4141
66 287
3381 154
4077 386
4898 2738
2358 3400
475 4430
2499 4554
19 1638
3628 1034
4186 177
2575 39
2241 1993
243 881
3189 489
4829 4770
374 3583
1219 878
4994 1074
1193 2276
1123 165
2351 4507
3087 4429
548 4852
401 1309
3583 4968
1469 4703
3648 1483
3400 127
14 4793
368 3476
1371 3666
2299 3643
4684 2371
2126 3580
3788 2538
2768 3623
4185 2353
567 3199
4850 4678
4072 2977
1349 3271
2398 570
2211 3531
341 3635
3592 2076
2512 927
2897 3061
3119 4612
3136 2206
4558 2342
53 4619
1406 3786
213 2283
4838 4670
3815 444
1836 1238
2359 4049
3446 3420
2156 109
1091 727
2768 3115
2667 3199
2590 1727
4684 1259
1759 860
1790 1395
4690 4941
3555 2100
100 2684
2743 1240
1413 3763
1837 4076
4931 4321
2686 2404
1093 1387
3977 3476
4975 1752
1706 417
3199 3014
977 2984
2673 1136
2703 4104
2404 469
3242 1674
275 2157
2707 485
3269 528
3203 1060
4714 652
1089 1564
2690 3806
2779 735
1435 353
3103 440
4111 4390
126 798
2316 494
211 873
3261 4400
885 2232
3915 4905
4027 1272
2 4960
2160 2966
4265 4173
3132 1745
465 3196
1134 4260
2876 4873
4194 4859
4957 2450
3548 3772
3275 2030
4533 3623
7 4973
4439 497
1404 4168
3299 2662
2448 1328
3244 3125
878 4616
2537 4668
2478 1773
156 508
1098 3338
724 2924
3107 3532
1524 4380
760 3021
4858 341
3763 1927
4780 2554
403 3081
2138 2410
421 409
3294 3860
4258 3195
1362 872
4569 1952
2824 4954
1677 3032
2426 2357
1149 2585
2554 3823
1138 2477
780 2929
3043 1895
4853 3382
812 4739
2197 4522
1684 1648
3057 4122
1477 3339
2822 2129
4491 4437
772 3395
69 1902
660 4709
328 2350
132 2659
3421 2033
2307 1538
97 1656
2094 576
1772 3740
4323 2536
405 1060
3585 3211
3106 3923
1252 3919
2747 2933
3413 537
4308 4213
4345 112
3508 2392
2326 573
2144 4945
4649 488
2374 4528
1504 2416
3127 516
801 4019
2719 4621
4696 730
3488 1314
1082 2368
4460 3304
3519 2640
2028 4244
473 4835
320 2693
3837 3177
2242 4621
839 2760
4089 2357
539 2219
4848 1172
2950 1685
2363 3163
4128 2578
1856 1606
2458 3567
1949 1835
4341 2475
3950 3347
4903 26
41 770
1856 3967
1445 1696
2561 1488
4972 2719
2063 2884
1400 3909
3215 3182
988 851
13 336
1769 3497
3431 3056
393 3354
1517 4313
1133 1505
1921 447
935 4628
2485 3755
4324 4595
3893 4606
1370 2395
3222 1876
4205 4475
1789 3583
3873 4590
2156 4095
3483 1805
4728 3523
3220 3791
4832 2827
3361 552
1566 120
1261 3547
1730 552
1703 4973
271 3717
1285 143
2714 819
261 2391
3003 2463
2974 569
3519 1149
3267 4248
3980 3738
4132 530
2544 3842
3235 3127
4754 2288
737 2349
4105 2229
2181 4999
227 1426
4377 1992
4713 137
4655 840
4049 605
4420 2387
4674 4917
2539 1598
2853 2705
1567 3835
3767 2686
1126 3671
2620 643
3840 3941
4948 4841
4851 2769
2159 540
1308 362
1298 4629
3982 3956
2848 2359
3357 4859
4446 3457
2833 1274
3416 450
1115 2964
2816 3243
2634 615
1507 1524
1306 1538
1802 3225
4133 2155
2849 664
235 2779
3230 1087
701 3733
418 3934
4760 3761
653 2742
394 3783
4832 880
823 2376
4374 2327
869 4123
4052 2459
4273 3689
4074 4961
3295 4698
2285 3093
2574 1962
375 684
2348 1536
4441 3137
60 4871
3416 1602
769 3383
2225 1863
4083 4211
4989 4504
4456 3885
3697 688
775 478
984 427
1588 2180
296 198
3881 435
4504 1313
1035 1292
3755 4446
1623 3230
4803 770
2944 3058
1979 2362
2470 1122
1021 3678
4088 4683
3944 4117
4730 648
3105 4398
3876 1119
2135 4239
840 3906
4781 1321
1731 3951
4396 1665
126 75
879 2810
2258 2638
3395 3221
1008 448
1587 4394
1732 3457
4703 1483
1921 3317
3959 4006
3657 460
3092 154
1916 1845
4167 1279
4064 3068
3350 2620
2983 124
786 702
3885 2555
2796 191
4294 2950
1787 494
3370 629
1743 1494
2439 4513
2988 456
517 4694
2125 4571
2240 2481
4608 4181
2312 4082
1797 2688
931 2591
158 4028
4256 3418
4720 1373
3941 1383
1124 4345
4384 1034
239 4214
653 445
816 1410
2394 2502
880 2062
3489 4135
3737 2222
950 276
2750 3964
2745 1793
290 674
2998 10
3580 3641
3534 4349
985 2578
1086 2750
2556 3304
2977 2435
2161 2470
4049 394
3629 903
1065 573
627 4916
4814 4564
883 3539
2775 4364
3876 380
2904 4013
4995 3679
1678 4379
2335 956
2053 3511
1521 2759
3521 155
4936 3659
796 3564
190 2279
3115 846
2221 1849
4144 2201
1916 2066
4716 3
4538 3489
935 2285
3183 3237
1853 1567
4615 168
4961 4255
2194 3409
188 748
3360 4362
206 4224
4828 3954
4465 4363
3545 1371
1964 3847
291 2367
1729 3991
4442 2611
4354 3599
177 4891
2291 4276
4451 2429
3018 1839
1547 617
257 1699
805 4604
818 86
1909 4063
3931 4672
2941 4282
1250 4371
3214 136
4795 1124
2028 4225
1755 3006
1267 429
4946 2280
2296 2177
3530 816
38 2818
4436 1238
2063 2424
1710 1329
3324 148
134 4819
2019 1120
3402 1043
4007 4299
243 1098
2456 482
2290 1252
2241 1394
4114 2264
2957 1425
3921 1814
3719 524
1096 1540
1315 4954
1502 2177
2142 3970
2270 2515
1417 536
4322 4701
2807 994
582 2091
1823 1716
3469 2603
4541 2280
3517 2017
1859 3783
194 3806
4581 433
3431 1641
375 2061
3340 3238
435 485
1939 716
4195 3664
4501 4743
4990 708
2931 4815
3901 534
1062 1287
4131 690
2608 1284
765 884
436 4384
4982 4430
413 353
3436 2801
2990 3912
3170 2898
3511 4520
851 1912
409 1962
2536 2709
1527 3244
1198 1587
1034 1953
2538 3909
22 430
2587 4474
4471 4504
2151 4202
58 569
3909 2928
2506 762
4551 3062
3545 4527
3296 3545
3612 498
1703 4599
1166 3070
3344 2214
1216 4282
1772 3125
235 1103
157 2534
4209 4265
4861 4978
4107 2867
2133 4205
2175 2170
3672 877
104 1139
708 2240
2761 1752
4197 3631
226 3365
1775 390
676 967
3899 3513
4096 4571
322 972
4461 3435
2935 1605
1896 2314
2569 4652
4124 2162
783 1444
3890 1324
1593 1896
1237 2120
2743 4433
1281 1380
4757 3768
433 4296
1947 983
2164 1126
3181 2581
2970 3153
2382 1033
2554 1010
3548 4421
2837 1955
3190 2061
4784 3866
242 3097
1971 4026
536 2137
230 1217
1070 2965
4338 2167
3966 1704
1049 843
1569 4127
4113 2030
3449 3972
451 2603
2781 4918
3834 2019
3879 1527
275 4917
691 1520
3010 1469
407 2402
3359 4755
849 2896
1565 4194
315 2692
386 3593
4274 1459
988 2333
3526 906
1554 4909
4545 136
670 4340
1317 1679
1544 4135
4472 701
3520 4530
2768 2407
2950 4040
2554 1707
1816 4071
1077 4486
3639 2442
3183 1770
4114 1557
1162 1854
1106 3656
2555 2283
1300 2393
3363 3918
4745 2514
3150 1837
4568 2131
59 3738
3451 2105
2107 475
971 2165
4097 4890
3476 2124
4908 3812
2144 3289
2137 1399
87 4117
1924 823
1764 402
179 4803
2998 2547
427 3198
1545 2905
2978 1996
4396 877
4430 3427
3100 3829
3178 4737
1430 972
4264 4591
640 2788
562 3800
1411 1421
4324 2426
503 1859
2251 3874
4401 790
3776 175
315 3271
362 3817
1159 1536
844 1402
192 1731
1780 1020
4754 1018
2716 1026
4679 1233
4418 358
2070 2775
1927 1042
4269 2048
3531 1123
1463 607
3384 317
9 797
1980 3703
2525 3256
3720 3732
1386 3523
120 2102
4933 2650
2783 526
2301 1792
4704 2846
3203 4180
3006 4887
3663 446
315 4539
2379 1240
3268 4877
1552 1076
4457 585
1262 2151
4250 2483
3115 3495
1091 638
4888 2359
3110 3224
2763 2901
1535 1851
3804 4968
4003 1062
487 3478
4206 342
732 2692
182 3721
697 1519
2298 2011
1873 651
2431 1923
2890 1535
449 2904
3395 347
1671 3850
2274 3153
4546 4715
2170 4570
1253 3323
1438 2798
1982 2267
4071 4743
3988 1317
2853 1649
2320 634
3185 3817
1755 4507
3618 4921
2551 3742
2235 3812
2874 4401
878 3523
3978 3034
3421 612
37 4307
1745 45
1786 4382
463 825
2021 3170
3376 1010
2205 4681
3722 4353
830 1306
2277 1063
1251 1479
4192 1542
1214 2296
349 4783
745 42
3383 3985
2743 1631
3635 1073
4635 738
3365 3700
4832 2279
3356 10
162 1077
2776 1030
1230 3248
1220 4174
1688 1305
3270 2562
3558 4095
3463 3507
3031 4411
4684 4345
2447 4788
391 2246
1785 3803
633 767
49 1272
828 2452
1439 4429
4991 658
2563 4103
2397 492
4207 1004
787 3659
2632 4668
2471 3860
2345 4910
3831 4082
2608 1667
1821 4551
1845 324
2499 2074
3884 4038
2102 1808
602 2757
4641 3902
2111 2925
3666 1655
2437 2990
2730 2135
788 1058
1165 3532
133 3177
3077 4358
3013 1533
2477 2128
1042 2426
3179 2433
4067 3483
2868 2218
830 1719
1644 3974
2395 766
3645 3709
3417 484
2036 2046
940 840
3402 2356
4847 4605
745 2836
4683 3802
695 920
4217 1623
4393 3864
1467 2655
476 2650
2899 4065
479 1622
2432 3589
2082 392
2635 1862
4332 2710
2198 355
2933 1949
1078 2461
2146 4740
3517 2319
766 4124
258 3950
2574 2197
2206 1181
1908 4514
2467 2396
3190 3016
1034 1194
1266 3775
2955 3264
1945 4635
4013 135
2222 3471
478 2988
800 1731
4512 3078
18 770
2 3516
3574 4138
3301 2260
577 2151
2198 744
322 4288
2903 2444
488 2274
1094 3770
3992 3040
3995 192
2206 4634
1502 4383
3174 3031
3382 936
303 3917
2261 1346
3054 2948
3167 898
2787 2816
3359 3025
942 3215
162 91
4824 581
2929 1363
632 3794
2588 304
1233 2963
4210 1255
4399 2360
2894 1325
1388 2415
2467 2298
2066 471
1620 3079
4509 3950
3066 300
521 2807
4150 2061
3140 537
1875 612
723 3749
1688 675
437 4960
2456 4884
3577 1399
4283 149
152 4042
4596 177
2089 4304
3738 1615
723 4473
1322 3722
34 859
3870 1968
955 2363
4735 2938
4740 3516
100 467
880 2064
186 2657
1158 694
1445 3667
778 635
65 3505
3912 4290
4192 4105
2901 4969
4199 1837
667 3949
4827 4209
3111 403
2663 2240
3680 4162
4096 4481
1159 4682
4723 4303
44 3454
3663 110
3277 2077
2314 838
1719 685
3460 1370
4831 827
3554 4511
847 2399
4639 632
742 2023
1239 4573
728 112
286 1608
3895 1336
2669 4162
2766 4104
1662 4155
3184 2616
3857 218
4823 4036
345 2606
3737 1518
1231 2342
1187 171
3166 1218
850 1747
1357 2242
771 4671
1770 4248
3458 3516
1941 596
378 2941
2559 2244
2996 3612
586 899
2855 3761
426 512
1242 1416
359 1043
1172 2346
4081 4536
4370 1467
4276 4495
1761 2697
249 203
2880 1220
1485 4492
3556 4196
2098 2679
855 2200
1091 1294
4911 567
1401 2035
408 3357
1362 1755
2818 1389
8 1595
3614 2191
3746 711
2722 4644
3381 915
4128 2118
4487 661
1326 2874
1228 3870
3259 1564
2137 322
1446 853
1419 3363
4623 638
1340 1527
2635 2803
3089 592
281 3803
2157 2427
4041 199
4304 1614
964 3123
3961 1071
2949 4024
2129 8
2133 4696
2158 846
72 1746
4712 1906
2842 3900
3028 4852
4764 60
4694 827
4398 3086
3176 3222
628 3692
3950 2200
2596 3467
4485 4505
4474 748
81 2212
2471 2191
3232 1430
219 1098
3395 1358
815 3836
2538 680
3463 3747
2950 4979
2113 4817
2949 1463
397 4744
678 1376
1369 2768
4841 4310
3145 2352
1293 4562
1393 921
1458 1764
2156 4300
3430 2844
2249 4346
829 1465
2689 3019
2981 1642
2741 867
3330 3738
4905 2144
164 4009
888 2842
28 3430
2862 4049
802 1101
2661 1579
1369 4932
1514 3845
4899 4289
2995 3862
3580 3839
1133 3395
1782 1616
1447 701
3155 3549
228 476
1719 2187
621 2598
46 2838
3882 430
549 4089
2147 1989
3083 4207
4005 387
2983 367
2403 3015
212 3693
2974 663
4750 2258
241 3510
2789 4407
565 3337
2495 3923
176 136
228 4932
4936 2470
1465 3603
371 2065
4850 3893
3041 2245
4114 2579
3303 769
1469 2453
1522 4116
2151 1557
246 2249
3190 3928
110 3365
1547 3795
900 2505
3120 2337
1566 771
1648 4176
3077 3013
1051 3163
732 2981
2274 4214
1093 2790
517 4190
1537 3816
1968 3939
864 2081
2870 1628
362 4820
2116 1389
3823 2859
1255 888
638 1592
2249 1873
1167 1383
2062 2461
1578 3803
1307 745
2588 3291
4932 1764
786 979
540 1871
3829 4230
4026 3492
2725 3207
1325 344
3676 1922
4689 1030
4919 4003
3967 3031
1220 1839
4417 2773
375 4339
585 1859
3076 3006
3742 1225
1559 690
3829 1474
4108 2082
3796 2285
368 547
494 4602
624 2551
1206 4498
2863 1648
1844 4734
216 3045
591 4740
4839 2294
3664 4473
2373 3323
2102 3363
188 3505
4118 43
4641 2528
3924 600
3321 1908
2978 330
981 2740
3805 2434
1823 3036
34 3843
3851 3566
3192 4572
941 1957
1467 129
148 1591
2125 3822
1050 1616
43 405
4941 862
4619 1844
1609 1218
2913 2091
3789 1890
3815 3765
1541 4054
501 4329
2366 610
1616 4858
856 3126
100 407
4230 4080
3984 3029
3074 3244
4658 1249
1631 620
3843 3888
3971 1490
4344 371
4074 1910
2230 1274
776 856
2807 4910
2559 139
90 4751
401 1726
1355 4880
1194 1312
4930 3814
2618 4181
4293 2319
4111 2319
1444 1078
4827 4478
3773 4956
4696 2065
75 3858
432 1638
3513 3551
4295 1580
728 1485
899 2283
1604 4788
671 3282
4503 3062
1925 1588
2617 2791
3934 526
259 4904
1358 791
1816 3846
2766 2408
1263 4887
1929 2339
4351 2821
1506 3920
3103 4418
1474 2034
902 4508
1802 3135
1875 3187
3704 1035
2022 1986
2800 784
2622 4113
1510 2862
1414 2577
901 217
4170 2457
3054 4989
820 2492
2651 2106
350 4206
795 3648
2464 2630
1933 4988
650 899
4536 469
3644 390
4139 453
3439 3796
4239 591
4657 2454
2698 2306
517 1436
2067 3672
852 1605
4750 3761
3728 2019
2466 542
3582 3507
3757 3067
2507 2133
2534 2030
1388 4307
4685 144
284 1564
4290 1999
3039 3275
407 2093
1495 2608
3966 4912
1826 1137
1896 2765
904 4889
3714 4865
1634 223
2101 1732
3645 695
3274 4423
2134 2710
1904 1021
2342 1371
1735 603
2371 1197
2732 371
4075 1376
2815 4556
3357 2487
