10000
714 4263
1126 2135
2890 4529
1820 947
2530 1821
2379 952
3455 1376
824 413
1274 2177
1075 4032
2023 4610
4373 4742
112 2708
2728 4565
4033 3520
2818 3018
1456 4876
1180 3004
4830 3605
2762 1384
2706 742
3088 2138
2669 1462
1477 1492
2031 2103
594 1257
2767 2344
4049 627
2019 3761
1205 4363
3652 3186
565 3984
3924 2602
2032 2894
3313 1803
2318 365
735 786
915 1357
3824 1278
2984 790
2406 3967
2519 215
1087 4867
2346 1835
4719 163
3599 166
20 1118
3862 2466
4358 1837
701 762
1948 3499
3563 241
43 4428
1183 4898
2486 2970
1782 4321
299 2976
3485 1547
447 3127
2372 758
553 454
3947 3191
3425 4076
3690 1991
3156 3224
1248 2611
4824 1005
1081 4370
4796 4548
2673 3256
1186 652
3254 3839
2816 3891
117 2114
1705 1693
3831 2022
3444 2931
1500 249
3738 4369
4709 3241
884 2785
564 3158
3861 3063
1431 1127
3733 4060
4737 1311
3034 4527
3103 2076
2391 3710
3058 2577
3418 4117
3458 161
719 3418
3108 614
4285 3908
3258 2359
3188 886
1430 3202
2320 3436
2251 900
584 215
1901 4363
3394 4613
1983 3532
1622 2245
658 2194
2372 4917
4183 4007
3515 4445
4503 652
4915 749
3400 4116
1733 2482
422 4762
754 321
1343 3928
1650 4555
2893 3259
1852 3356
1237 2872
3966 409
1954 4044
4709 3707
514 809
4366 410
3964 2156
1297 2948
4907 1602
1193 4555
382 3114
4531 877
4480 4273
1617 1055
4706 4271
4905 833
882 2798
2893 4003
3885 3730
4196 896
4834 2566
36 1653
4129 1723
3239 829
3851 575
631 3609
1983 1744
4742 2510
1939 2461
461 1895
1687 3664
2394 2661
4364 3615
1557 329
4077 2351
2912 1470
3596 3401
1900 2298
1277 598
1766 3443
1581 4499
2597 3367
2565 2017
2935 4113
894 3652
366 2166
3505 3371
3158 3788
3472 4559
749 4854
1113 870
4477 826
3041 3658
538 2139
1793 4481
4692 3161
1768 1642
4758 317
958 4603
2670 2676
1520 1645
4862 3554
1029 4321
3425 4823
371 1877
1280 2419
1186 3658
1431 1384
1641 4643
1513 188
414 3811
2814 645
2158 1739
1523 1560
816 1932
2390 4149
1079 1461
3605 1492
1912 2120
4852 64
4665 2034
3660 1434
4926 26
2468 2657
4606 283
66 4662
640 4228
343 1476
4108 3674
4646 4901
2889 4003
4335 512
2179 3159
728 1489
1491 1509
2658 2577
2784 667
3748 47
800 3739
1600 2501
4414 4194
4263 106
2529 4709
1979 3932
4290 662
4989 1611
4657 4086
4255 4416
1284 1397
383 3502
3234 152
3442 3543
4773 927
4310 4179
4108 988
4962 1015
4371 541
2322 279
2345 822
2870 4867
3500 2825
4899 4972
403 680
2962 2466
4295 4978
3302 2458
589 211
3163 2792
3410 2628
369 4478
2379 2170
665 1215
3799 2508
1088 3353
2650 4598
2737 786
3325 1821
1229 1166
3140 630
1864 523
2791 2288
2692 1291
1132 2168
3455 2655
2302 2468
1390 2819
511 2669
897 2336
1611 1448
2656 2872
4360 3788
1894 2678
163 42
4446 1570
1590 2199
897 54
735 4356
1703 2044
961 2079
2866 1024
4400 1689
3856 704
312 3394
4489 96
4195 1046
1993 3022
1604 2572
3011 1380
3115 3561
806 4026
4901 1139
464 4780
345 704
2416 1245
3767 4158
381 1396
2594 599
3809 4153
917 2045
4231 4338
4414 571
1039 3166
702 3395
2492 2928
778 4923
2267 1176
2994 240
4203 1990
3673 3803
1155 4910
1382 4748
4828 2999
4788 1355
3930 3313
1456 776
2843 3960
800 4514
3390 1610
3684 3973
2047 1965
3765 4893
2625 903
2953 988
4972 1508
4316 1560
1836 1720
3826 2812
3765 1393
1864 2056
3218 493
1890 4291
1569 3244
4082 2660
881 2791
1436 3582
3238 2385
4069 3429
2260 1633
2354 88
2692 2769
2614 3691
2374 4606
959 4796
1254 3620
1351 4818
1951 4424
4717 1110
4471 2071
337 952
2921 3180
4545 880
1832 4049
42 396
1798 2517
1530 3727
2478 3577
2175 1774
1642 2465
4689 2271
1360 4030
406 3696
3580 3810
638 3658
4544 1315
1538 1189
3690 381
112 3176
86 368
162 357
729 3597
2237 3201
250 1310
1172 3904
4763 4038
1367 1936
2878 2417
522 1362
1546 2847
4356 4470
364 4888
4741 2744
4273 2765
3350 927
2124 878
2681 2254
161 1341
330 234
4983 2403
2819 1595
467 1672
4470 3685
4072 3982
4463 3103
880 2441
4464 1108
292 4501
4242 1180
3819 4308
4069 1140
4540 1212
3096 4216
1145 4355
2758 3710
2463 2299
1451 2740
1619 2619
3211 4192
2591 4676
1909 1175
558 2245
3125 4530
350 1090
1959 2391
2277 2873
74 1314
2777 2757
4974 2758
1347 4345
3772 1921
3736 3983
4130 3921
1280 208
2206 295
3571 3594
3430 1027
4892 2314
1922 245
1997 1738
900 3906
4141 569
1580 141
1481 3962
32 4810
1674 2706
4224 2553
3188 2830
2705 3706
1888 1792
4009 690
970 1529
311 2224
1630 4063
4333 543
3330 1683
2170 4528
1959 1192
249 3819
2728 3873
3898 1188
4676 1934
649 4441
3993 2841
287 1275
3712 3149
948 4403
3578 4506
1043 3552
634 1348
240 1083
1533 323
678 2835
2653 4433
2851 4003
4973 4301
4274 4336
2326 1776
3882 3101
3605 4171
3955 3161
1346 10
4727 3483
367 2092
1566 3485
718 2347
4445 549
4435 4364
4723 4714
828 3786
2072 3362
4514 3065
2847 2790
2680 4776
3753 2221
3147 1138
1616 2486
3593 3600
927 1126
3820 3364
2651 2388
3496 4506
67 3525
285 665
1296 1589
1994 3005
2861 1162
1914 4818
1618 1673
1143 4461
3320 4285
2637 1538
4555 2621
1799 3088
4307 4012
4175 1438
3536 4895
643 4824
1697 2643
1410 2579
2037 2348
4790 3895
1305 526
687 1264
3952 4558
4278 4413
488 3322
1223 2209
221 188
3573 2128
4911 4206
4464 4171
3790 3516
2815 4700
2313 2153
587 4664
2444 4147
459 257
1052 3730
2947 4423
4789 2290
2892 1981
3311 4840
3428 1354
1876 2261
324 1077
2234 3332
2523 917
4434 2573
294 3059
14 3737
1107 1178
1622 1707
3592 2233
166 4821
209 2221
730 4713
234 4531
390 2497
877 1341
2008 3000
4874 970
1838 4157
4601 4527
3468 3688
3483 4721
1109 727
2122 121
3227 4083
3715 4301
1669 3246
1845 6
3339 769
2772 4400
4438 1764
4883 3312
4836 1919
1999 2875
3646 1607
4774 2034
417 4225
4790 1109
2291 877
1812 709
952 4509
325 4754
1417 3627
2353 914
3516 20
1786 4988
714 4177
641 4972
4045 2841
4140 3305
2370 3600
4771 3028
1633 4585
4708 2435
282 2848
4067 3598
4983 4643
827 2319
4048 2744
535 4950
3166 2365
3257 57
4208 4858
4827 1939
1645 63
4662 2104
504 2280
449 3257
4960 4256
2853 47
3985 4574
4398 4001
3973 3132
190 3886
1516 3329
58 4365
1301 1934
4676 778
4759 3457
4155 3917
1700 1309
4675 448
906 825
1248 990
1707 3865
650 211
3130 776
170 1563
2129 243
3183 2666
239 2070
1344 3029
4584 1350
23 4525
4154 1245
631 3951
4681 2102
4802 647
4477 2972
1465 4969
2095 3231
1460 4089
4974 2469
2173 4945
1303 4937
4894 4626
1043 2801
3467 2919
448 3515
1147 3589
1414 1247
1939 4351
3138 1697
2762 995
2628 2543
2998 201
2412 3640
393 2339
115 630
4827 1026
989 4030
588 2819
3081 854
4081 4942
572 4856
2686 1076
3781 2331
4617 842
2739 4101
624 3649
895 2364
1523 2892
2309 1955
1669 4326
142 4114
3336 2581
2446 1781
1750 1882
2714 2268
777 4709
39 649
1195 1486
3914 2921
3278 4922
3066 2409
4029 4331
3475 1429
491 2629
3500 4995
560 4974
1199 2697
2551 271
2200 4783
52 4705
1342 2094
932 4728
3202 3953
4097 680
1966 1587
136 2121
1018 3462
1983 360
846 3208
3184 3794
3706 2094
623 392
1402 990
578 3310
3672 2548
4959 2302
1446 985
4013 3087
252 4022
357 3795
4888 4956
4632 3996
3648 3884
2302 2881
4480 682
3312 3004
4560 2582
2121 3157
2219 1075
141 3432
1730 4996
2423 661
4860 1568
714 4527
4451 3172
4029 157
4776 3215
848 3500
4113 4021
1970 311
2057 4627
3636 578
467 665
4501 3994
1321 2902
2435 4279
2073 3193
774 1609
2351 3588
3939 569
604 4401
2368 1626
4784 469
1740 562
4485 1816
1999 4535
739 4514
3759 2141
523 405
3172 1603
4254 4329
4573 2366
2567 1370
2234 3398
4684 4103
2539 4707
675 1790
1460 4666
386 2362
4758 2992
1780 626
1276 4916
4376 3161
196 4552
742 4057
2229 441
655 424
4457 1701
3509 851
3836 4083
4713 2983
4317 2799
3107 4640
3632 4600
932 4099
1712 211
2603 4942
687 1460
2485 1791
2221 2230
2937 2007
3399 3197
2428 3923
3999 1108
4925 2280
2259 691
3781 2083
737 522
1197 248
3384 4857
4528 2034
3291 812
1806 3943
1022 2767
2196 4654
887 324
2833 855
1302 285
3745 3005
943 3638
153 725
2647 1973
282 3460
470 2671
4636 2447
93 1071
4919 2882
2702 2075
556 1424
2135 2145
4921 3198
2619 4339
4402 2918
1244 2642
2079 1592
451 2651
1864 420
3090 1998
4965 226
3600 1657
4627 3419
1515 102
2314 1432
606 2507
4099 4846
3343 4054
3819 1112
1587 2602
1969 1594
68 776
3467 380
1422 4419
2955 63
2480 3818
1475 3346
2668 4905
4894 2545
366 4034
4141 3833
356 3793
2886 2822
351 6
2425 3347
4639 3083
1677 4386
317 3552
4189 2971
1576 3803
4603 3368
4605 4870
4719 4130
4121 4792
662 4315
3085 1427
995 3286
4735 2655
1135 3187
4101 2546
4609 1739
4734 1077
1886 4207
2459 63
3625 1119
4141 1288
3416 3270
4547 824
994 331
782 2206
1428 247
2764 472
2164 3164
2414 4095
1174 1447
3055 2147
2462 709
1353 814
852 2072
110 707
2327 958
3529 274
626 1661
1943 4897
9 1191
577 2517
4311 459
4133 3136
1593 3327
4277 4654
4894 4037
288 2373
3417 3448
686 1811
2791 2495
445 507
3671 2600
700 624
3066 2834
334 3358
792 658
4923 408
2080 3394
3938 2018
2438 4032
259 1792
2890 4330
1093 2326
1393 1538
1478 3138
3597 4495
2047 496
3881 2452
3054 972
2762 3767
3465 1782
556 2721
1385 2052
4600 624
2808 3982
1412 4136
2829 3212
1446 774
3168 249
4403 1817
2824 4992
516 3122
4641 1057
4935 3454
3826 1268
2229 2736
155 1235
2916 3663
660 939
2231 1776
481 3856
4639 31
741 793
1835 442
3932 3789
4364 4087
2401 3513
2473 2723
1874 313
393 1190
4995 4523
812 4652
1886 3742
3531 1682
1077 1072
1349 1971
988 3143
4609 995
239 2840
4564 272
4134 1276
3030 4541
2688 2264
326 3847
2924 1277
3849 1268
741 553
4428 196
876 1124
1989 3199
4805 848
3436 3536
3346 3189
773 4807
2361 3851
2636 1471
3983 4039
466 1228
14 1922
3405 4491
29 259
648 2379
83 3256
4668 4864
24 1318
3570 666
4769 1572
2640 3176
2470 4018
3055 4132
2797 1550
4648 2480
3189 2413
4025 4811
1892 4572
1732 2627
947 333
1635 4538
2068 2518
1409 2049
609 3455
4337 2360
836 3687
3018 3914
3314 1748
357 2295
2696 3215
2821 4327
3217 4612
3409 1660
2519 4266
1353 3641
3938 4271
4761 4019
3571 990
621 1857
1751 1978
1787 699
3763 3535
1911 3194
547 415
2386 1150
4120 1321
1115 3106
3392 3560
4540 4162
2301 700
3577 1658
857 1408
3038 2031
1687 1495
792 1900
1390 1156
318 775
4617 2233
164 1882
4237 3835
3854 2240
2585 1013
119 2108
1391 47
1351 509
571 4772
1870 1406
77 4953
2533 3936
3876 4437
4842 3006
4499 3709
1457 2760
1064 77
418 1650
4671 2332
261 2367
1804 718
4366 2432
3784 2057
177 2390
2000 767
2267 2779
3338 62
4795 2728
1819 415
2690 4688
1221 273
2327 745
4668 4529
1615 3777
3688 3633
3412 1727
397 4820
2923 4034
3132 2400
1257 645
720 1084
2103 2177
1039 4395
800 4979
490 2932
2556 3057
3408 1546
69 4120
4501 4069
1815 1433
4820 3509
1875 756
3744 3612
73 724
948 4820
1268 2168
1610 2628
3910 2106
3350 4399
4743 518
1339 3647
2786 3173
514 44
1162 2475
3507 3773
532 2822
388 3867
506 1119
740 3472
2072 1770
241 2199
4975 2761
891 3985
4133 3910
4039 1921
2450 406
4944 107
1810 2896
54 4475
210 4734
1602 1506
18 1045
1221 3295
2225 461
1707 142
2033 2775
4259 3871
4030 3395
2422 2083
1444 1967
2549 1530
2717 1608
1910 3729
4427 4726
3385 469
1992 104
3584 1664
117 4399
587 685
923 4588
1880 3173
1268 2733
4542 3469
1141 4055
2828 3424
4668 4124
2983 3778
2940 4745
459 1849
1105 3027
2589 1006
1016 4196
656 4353
4917 283
654 1901
3886 2118
481 3233
1621 4354
910 2057
2150 1536
2995 1934
4220 1175
489 1372
2600 1248
2669 3511
3186 162
848 2282
602 1326
2317 2219
91 4522
4001 41
1389 221
2498 2847
2865 3412
2899 2065
4795 3724
2100 3513
884 3029
3733 3230
1575 4458
2172 2879
1607 1671
3993 3658
4549 3683
1668 2970
1938 1969
3595 3036
751 652
4695 1921
3640 2022
3050 92
189 2271
3844 2991
1607 3520
4694 3571
4576 2818
4591 1043
1812 1341
2885 1093
3245 3362
1309 905
1986 3290
1501 3851
69 4938
3500 1940
1620 4340
3144 1063
1764 649
544 4431
1047 2862
147 2182
3065 2919
4420 2552
2909 2894
619 4428
2358 1298
29 4134
162 4424
4826 3103
3169 367
4830 25
534 77
429 2647
3750 4619
2964 4567
2974 1441
901 1179
1466 3062
742 3690
1640 3213
3545 856
4561 1177
2615 2556
3764 4306
4853 2757
4385 113
4375 4181
2128 1016
4473 3489
406 3069
4975 4279
1786 4209
3971 3213
4506 1660
243 1718
3876 3287
1140 4236
1368 1413
866 437
190 863
3483 1797
2576 101
3477 2803
596 4115
1670 496
1417 4363
4395 1644
524 2812
4975 2306
1799 635
3049 2119
2670 2147
1111 1604
3970 2457
877 4700
1285 2211
2395 4248
4447 2112
3985 4375
563 3146
2257 4994
3898 699
726 4815
3618 3407
4285 1539
2300 569
3145 4553
401 2136
4964 2110
4506 455
4150 4956
2568 4092
3325 1970
3056 1108
3989 4378
1715 3041
2324 4951
4794 1614
2787 1122
610 4342
2067 4675
781 947
971 3723
3682 917
4583 3938
4986 1928
1987 3604
612 2988
4744 410
4414 4978
1075 440
4865 4307
4543 4438
870 3985
1488 304
4497 4769
3292 2536
3522 806
4984 1725
1150 1621
2853 4559
2705 4268
2600 4943
1463 3168
1287 3692
4536 4546
2666 3542
466 528
2357 3295
2322 4027
4403 1808
1443 9
1757 4200
2427 54
2290 3799
2477 4055
4837 4537
2791 2468
1966 2346
3571 2770
3393 3587
4665 2417
4981 1421
1080 3808
4065 4937
4699 3100
1709 3168
1972 3286
2508 1196
4450 2092
573 1833
560 3055
878 4919
604 2755
1036 2248
1987 1778
1885 3968
4143 1169
2623 2144
483 4652
3134 678
4093 2718
1841 3431
3686 3453
75 2158
3929 1914
4275 3113
4470 3236
3177 773
1489 4909
3721 1774
780 4943
3295 936
4110 3191
1997 2618
4630 3017
4534 1260
2750 2286
3431 1586
663 1941
1163 3400
1861 1242
4825 3896
2328 1816
3670 2618
1725 145
3953 4101
1782 4265
941 1702
984 4755
4429 865
3442 4532
456 4406
1769 1927
2514 3107
4819 1222
2850 1189
1794 250
2289 4496
4146 2787
405 563
859 4879
71 2493
4338 3901
4585 4037
2555 4028
3620 1552
2228 4541
4473 4938
420 4156
2708 3397
2828 3436
1703 3847
3747 2653
952 3063
3475 2084
2887 883
4775 1964
2974 1060
4625 4162
2699 2426
443 329
4440 115
853 1594
3244 1049
1856 3599
473 1129
2592 4449
420 1863
1529 4695
2571 4663
1694 3711
98 580
1036 2420
3041 2496
3309 42
1696 3117
3081 573
3653 19
1134 1462
4581 1834
2189 2249
831 4656
4002 2790
2546 437
1789 3764
4484 314
424 3965
867 3982
381 2968
3620 3298
319 4879
1444 1832
1940 1558
4675 408
3712 799
891 2413
3715 283
427 827
346 3027
1361 4203
3052 4208
2622 3566
1486 294
1724 2523
3984 4421
898 3305
1177 4102
3961 1227
2807 3416
401 3995
3918 635
562 1378
2353 2258
2947 362
4097 1646
4934 1359
1312 4377
311 2790
1631 3818
2605 297
2415 1939
4455 1156
3649 1030
3046 3168
1518 2878
4777 2417
1393 474
4574 4369
505 1377
2534 1710
2986 50
4819 4200
757 294
3227 811
2764 4696
1408 608
1613 159
1201 184
946 996
4853 3158
4951 1562
429 3962
4772 584
3983 916
8 1642
946 4241
2790 4542
4442 1585
4387 3933
4213 2327
3782 4181
555 2781
483 75
4967 3286
382 2316
4900 2966
4260 4528
3892 4873
2618 3904
2352 859
741 2691
3284 1650
3518 1005
4196 2297
1242 3307
1107 1106
1120 716
2938 4032
4705 4438
3835 1334
3022 2355
4293 4821
4549 2029
2656 536
3801 4488
3514 3721
4745 404
2269 2297
2709 401
1602 3630
1175 1773
4912 61
726 1782
1722 4877
1308 389
1903 281
2437 1018
40 376
733 2615
4143 1669
4410 3287
1255 484
3868 2351
901 3954
3155 2516
1936 379
3857 311
1306 1332
1238 1637
4551 3031
1829 3360
2297 1588
1654 491
4059 858
3322 1743
4304 2535
232 2908
942 1555
2766 2458
1166 1507
4765 3976
2863 2861
101 2206
4292 3447
1585 3659
316 1818
228 3610
1316 2610
341 706
217 1076
1557 2437
1002 110
241 442
3650 4921
2536 4288
841 4194
3033 1690
3421 1711
4196 2595
1705 2894
3683 1259
3811 529
2003 4199
1219 3717
482 3943
664 248
1622 2147
4300 3259
3423 4788
3928 2626
2615 3070
4267 633
3299 330
4730 1032
3877 1788
2785 740
4195 3704
102 548
4091 2212
3981 3689
4970 4932
1815 4044
3990 778
1040 2388
1618 3247
4588 3778
910 3839
107 4470
2404 3211
3135 4843
1015 169
729 619
2927 2311
1069 989
2446 2344
1581 2862
4867 3355
1897 431
4471 1269
1063 4558
2665 2148
2875 4122
4577 1623
2818 4838
2324 1826
854 681
3326 3289
4292 3778
4595 2938
2526 4115
3914 26
1746 1733
2727 3370
1847 336
1699 1926
43 58
3589 4675
3506 4330
2238 3703
4511 173
4034 853
4502 3980
1828 3852
2109 2888
4736 3187
1910 1244
2130 4976
1983 4973
1836 2950
3304 4490
56 2593
1018 4636
3203 743
3970 219
1637 2759
4436 4782
2321 539
4868 1532
2609 313
860 4252
1505 2052
2300 84
550 3383
2545 2286
3937 3266
1097 4324
505 1695
649 928
3515 846
2851 1406
1076 147
840 264
4459 2195
2700 4444
1586 4294
3294 3931
273 3876
2222 4603
3661 990
4002 4150
704 3648
1441 2778
3358 1014
4936 4436
1324 3508
562 1995
2049 4088
3005 3950
2326 452
3365 2036
3753 4870
4029 4869
2423 2043
1867 970
701 4692
2428 3318
3262 814
3666 999
2303 1174
2275 1172
1808 3526
2666 134
1131 4464
2138 4027
450 4317
1203 4907
766 2703
2422 3997
2616 2286
4262 2545
254 2566
796 2289
1131 3916
930 1923
2257 3408
228 2368
1323 4985
571 3621
2724 2979
116 2201
1074 4415
521 4563
4960 3092
1579 1150
861 3146
1040 4128
1884 1998
2709 4747
4200 1101
3668 887
4165 3418
4662 1398
3370 3944
4366 1064
2307 2038
3858 3539
2955 3661
1166 4130
3992 3332
4293 3646
222 1425
4041 1925
3678 2915
1104 3091
4990 2770
3812 2883
2021 2833
1033 2466
585 592
965 2175
2606 1004
2612 873
3538 361
3119 3853
1582 3628
135 1695
4381 111
3646 72
3353 1544
1389 1698
1456 971
1358 3475
4559 1178
959 1221
1323 355
4966 2093
1575 3001
1516 1580
1637 1415
3894 329
868 2017
1761 120
1291 4400
811 4951
3583 4295
76 1772
1794 722
581 1121
4954 357
4806 611
653 3510
2183 4714
3902 4627
1356 1986
4724 1440
4538 4088
2230 1509
4957 533
423 4896
4919 2109
1208 2555
4990 783
4082 119
2300 2355
3986 2637
4547 2578
1552 2045
3834 4302
1191 1841
3488 4516
543 1768
3398 2603
1364 3644
3809 1691
1749 3588
1495 1596
1008 3477
4695 28
736 4136
1068 124
679 2817
3580 1777
1848 412
1597 4696
652 4354
3490 432
3688 2193
142 1783
872 2916
3117 4463
1785 37
344 3865
1329 1661
4580 656
4141 1747
4534 3103
629 2761
3669 1929
4861 2825
3112 4351
4540 4009
4661 3465
1193 4571
1981 2450
150 3929
3123 3179
2691 3636
3403 1827
569 3900
3326 2976
764 2837
3863 48
3921 4969
4566 4708
4745 1692
3628 3865
174 3160
4286 4099
4871 1936
874 3875
3496 4425
36 4254
3937 1617
4270 1009
4610 3892
3938 4555
1573 4704
3407 2025
653 2311
4270 2521
4699 4392
2454 4739
2794 2157
3967 4275
1978 1170
2307 4582
934 213
4189 69
218 4424
3095 4711
629 2768
948 1223
4362 1869
672 4827
4986 4044
4652 3256
4607 4751
1506 1166
3843 1942
1856 3457
2296 3131
2204 2912
4134 4910
2346 2535
3184 2418
2087 3921
4720 4125
727 4349
4586 278
668 2810
4832 671
2695 1152
2752 1289
2010 4348
4697 3728
4022 1707
4171 292
2871 1494
26 2887
2867 71
4633 2508
864 811
1141 1967
2961 245
1595 412
63 4719
3824 3037
882 2608
3601 3415
2146 2385
823 785
2134 4025
2130 3278
680 375
4678 785
2487 606
1710 3757
4877 930
1239 2971
1105 674
3769 228
3140 189
39 616
642 821
4331 2724
4743 4369
4251 4098
2518 3232
1781 397
3668 1564
4640 3292
3612 18
1437 983
865 4482
3942 2295
2158 4357
4865 2966
3239 468
1731 1341
4455 3643
1249 798
4466 2958
987 4294
4858 2897
1319 4610
1229 4640
4048 1813
1708 4513
2318 1007
3729 3430
704 855
1075 690
3446 848
4591 33
3765 443
977 4160
2347 2463
4795 427
3588 3129
322 28
1972 1280
2554 2450
467 4524
3549 1936
2469 2959
436 3992
3520 2996
425 1044
3651 3249
191 2957
2798 1133
2303 630
1556 1772
1029 2864
4595 3044
3210 545
2806 2704
4683 233
320 2071
735 1541
2215 1863
4474 768
3347 1476
3763 3608
565 153
1818 4629
2167 4056
3445 1019
1307 1371
2919 504
2488 3429
4567 508
28 3689
3116 896
2612 3892
4075 3849
3690 3118
4963 3564
2846 735
2951 4632
1530 611
876 146
2180 511
3222 853
3891 3489
1873 3476
4747 1103
350 71
740 1754
3861 1430
87 4746
84 1400
250 3342
1636 2838
3156 3132
665 4308
2161 3299
4906 2013
2917 4884
3236 1266
2745 1074
4310 3307
3258 685
2701 804
346 1711
266 4933
916 2212
1953 1207
306 4354
417 1504
352 125
1955 1668
2838 284
1285 739
2068 1964
4185 978
2801 4286
220 1512
928 1970
3767 4380
1659 353
3598 44
3501 4519
4214 2555
3590 3872
1447 4800
529 859
7 2904
1289 2451
8 1450
4404 2140
1838 2503
4833 4443
4041 2926
2417 2199
2043 4686
2678 2859
1063 852
674 1957
3970 4425
1482 2985
1427 29
1109 2027
198 2112
4716 4310
3579 3428
1616 3355
4193 1307
321 3877
189 4010
3218 2853
4510 2751
424 654
139 3402
2031 4337
1347 3200
2973 2014
4781 3351
3771 3692
1091 3377
1512 3077
162 3627
3267 1652
582 4542
1140 4413
2219 2976
2663 2231
3982 3704
795 4037
513 4013
1654 1081
3223 4246
4523 2256
3697 2596
2903 4962
2022 3866
2435 1074
3320 1505
281 3115
1223 4591
2287 878
3340 3282
1082 4306
3429 1150
3542 2520
2939 4026
126 2046
2766 7
2059 2014
1855 1590
3668 3207
344 2889
237 360
1737 3461
2980 291
4076 2388
1897 1681
760 2154
1379 2541
4306 657
4281 4397
539 2737
4481 4267
3870 268
4244 4475
2047 3284
4139 4309
94 1209
4334 3161
1185 4565
1620 3822
1950 952
547 3296
2201 4901
3636 3547
2525 1890
334 2666
3464 4430
2295 4418
2149 2828
4182 1598
4747 2719
2093 592
4608 3130
3454 2134
3232 1273
2149 420
964 122
4044 1649
4749 4133
4889 1704
1636 3585
11 956
2402 1095
2656 4215
4244 4235
2844 3546
1022 3154
2892 4618
4205 1324
3175 1326
1035 1730
1221 3041
2062 1430
889 2711
1596 3239
184 4477
665 740
2694 4522
2518 4464
4125 1616
4657 4169
4687 1579
4200 2769
961 2979
3661 4258
363 3344
1966 2070
846 2077
384 923
4394 64
4584 1845
4900 155
2170 1555
1851 3319
2987 1920
3013 2717
2961 1753
2368 4435
206 3546
3813 3665
947 618
2940 1272
1255 999
4693 1118
3375 4600
743 1648
2280 2419
1578 372
2004 3398
4347 1291
458 133
201 4513
602 2662
2928 558
2107 1358
4230 2765
990 209
185 925
2300 1786
1576 2794
1875 2443
2913 1212
3672 1599
1626 2761
3892 3110
1088 3375
1301 4593
647 3151
3087 3159
3570 1668
3435 2600
2087 2473
969 3882
3720 4124
1025 1217
260 1389
3706 969
3489 4175
4450 2452
687 1447
4359 502
2160 1984
968 1310
2932 3700
4916 1931
1600 19
2038 3163
4013 987
1622 3628
1665 3204
3720 3851
2877 1932
270 795
491 1662
1518 2232
2597 1671
1455 2650
3869 565
1630 1692
261 3313
1285 3416
2864 1817
628 4387
3854 3407
3192 2039
3422 2905
3577 3497
719 1126
851 4975
1232 9
833 470
3461 3363
1040 4929
3115 113
4660 2572
2843 364
908 82
253 4830
682 3319
2075 1012
4580 3004
170 4735
1776 4607
1955 1570
4403 4601
1486 74
3304 1055
4628 3757
4529 4673
3797 3463
2368 588
4167 1082
1673 243
353 2160
2696 2727
4805 3886
731 4552
95 238
2634 673
1047 44
905 3004
899 2914
2261 2342
219 4321
3609 1871
693 1768
603 2509
4985 4130
4109 2212
4014 1085
233 3003
4254 1576
1330 1324
1982 4133
2313 4839
4368 4805
124 1677
253 3181
569 2454
4644 4693
4151 1519
3580 4327
2772 789
2307 1924
1208 4871
2653 223
2535 3008
3395 94
162 710
2503 1837
2348 724
370 1320
2321 2867
4473 738
3119 4776
2943 658
4203 744
1247 3834
770 4902
544 4859
4738 4436
198 196
4211 2424
2660 4263
1469 900
3180 1573
1654 1329
1513 4753
1134 4718
1569 2791
393 2940
4533 4819
4114 1527
14 2300
665 4727
3176 4497
3942 3499
3251 1489
4590 638
265 2059
2443 4495
3924 507
1937 4425
408 2650
699 1837
2328 3899
1073 2009
4357 2850
804 1511
1576 3110
1206 4209
3032 4076
2295 1334
4016 4424
2971 35
4173 2462
132 2401
2048 2053
1026 2743
3685 2618
4142 3373
2197 2130
4618 2994
3406 92
4950 343
1447 3210
4894 809
1656 3740
3732 804
89 624
2701 3682
2606 3039
279 607
1287 3503
407 2616
1703 3167
2541 2159
698 3477
4810 4685
489 2625
867 4958
4527 2734
603 3111
4521 4433
3909 3599
1397 1688
351 542
2266 4324
2085 1224
4443 4788
2763 2281
2141 355
253 4599
4675 2017
3893 2258
3163 3489
2143 4125
2253 2371
2995 1896
3261 2770
4330 2249
3177 1987
3785 1993
2001 490
415 2142
2084 1488
2909 1017
1514 3483
280 4418
2174 462
4600 2459
4379 1542
329 3271
2076 774
2074 716
1617 1399
4634 3138
2264 1880
4618 1589
4391 2337
4491 1707
3841 3614
4418 2660
4299 2126
1145 4599
3387 1089
1390 605
898 2141
2276 2367
2264 2248
976 1311
4307 4203
3033 3070
1467 2555
1253 4820
2964 2166
2608 2992
4297 3328
3995 2193
2476 3186
1644 1735
475 2644
2602 2587
1956 3005
3258 4128
3978 1410
3011 3722
3264 1907
43 4220
2291 4701
3279 4830
251 2893
546 437
2348 4358
4049 1606
2902 3550
352 2087
1312 1645
3977 3927
687 2920
2129 1506
4209 1988
4929 123
130 357
3640 3673
1358 3994
4884 1269
3781 4831
3556 3465
192 4987
4994 1355
254 272
3489 1863
3678 2718
631 4413
1842 741
525 3240
630 1790
2922 76
4429 566
4026 488
1208 2471
1967 580
3956 160
3833 4346
28 4586
2035 4606
4541 3778
2833 3229
1174 3376
4245 666
1147 1331
924 1075
1492 4961
4135 865
4326 4788
92 3220
4511 1927
3920 157
4403 1012
254 2473
4910 3256
2596 81
3458 3455
680 4474
2036 683
544 3839
3582 4977
1199 3687
2795 462
2844 4201
4636 767
1221 1221
15 609
2224 2900
956 1437
245 3214
419 1524
1562 982
115 208
2909 3856
4526 1930
2041 3556
1353 1910
2178 3047
1356 2622
1665 1281
1603 3984
3507 4462
1479 699
1405 561
3754 2630
2253 4187
469 2569
2567 2030
2141 2645
1863 235
753 3815
147 4693
1976 2602
1890 2187
391 1049
3998 3132
429 1512
2068 2614
3685 276
1390 741
2523 4676
3590 1347
2624 3815
258 246
986 4347
2967 4027
3224 3357
4640 4813
4490 2408
3820 539
4439 2431
3882 3065
4674 2845
1180 2225
4181 4068
3533 1554
1256 4136
4937 307
4305 3113
4620 4852
10 4382
2491 908
4763 2698
1071 2290
2191 2296
2008 2040
3690 2018
4106 2515
2850 4792
4104 2400
3186 1877
2560 3496
2902 48
279 4891
3672 4287
2791 1633
4094 1419
3072 1673
797 2829
4762 4839
2656 1059
2640 3756
3164 132
3562 4221
731 629
2581 776
4390 1510
1802 2960
216 1855
2423 4020
2654 577
2621 4345
3252 4619
730 4887
515 157
4010 48
2547 3406
102 3258
87 1669
3194 2677
989 2309
2226 829
3714 1673
2309 808
4379 1672
3478 251
3373 16
3602 1663
3238 3832
4037 3522
3069 2265
237 972
4128 4048
2999 87
2169 1548
4603 3034
1936 4019
3745 2636
4495 2309
500 1065
4621 1109
2474 3378
3284 4557
712 3851
3334 1454
1634 2709
1289 3049
1508 1081
4876 2895
3528 3521
2220 3890
403 4108
4815 3825
2578 2135
1064 3608
2798 245
677 1783
2547 4327
3351 3600
1486 437
744 117
1396 1788
3664 652
867 1868
834 4125
3600 5000
4158 3660
1852 4523
2460 4789
473 375
4222 4270
4662 4632
2351 4495
4136 2036
3700 3549
1884 3137
745 2322
3927 1097
3436 735
2478 235
3586 2218
901 685
4394 1943
1435 2936
4355 4925
991 2204
207 1074
2505 3165
922 3360
2957 1055
1129 1883
2429 269
423 1891
4165 3642
2899 3857
425 2897
4892 2330
4771 4135
649 4706
106 3684
4984 4994
2318 2471
3187 3272
3358 3466
2505 4034
1645 4876
3255 4124
2447 3828
3917 2114
598 4953
2665 4225
761 4566
1423 3018
4007 1243
441 2685
571 3895
3876 4818
1290 4544
1334 2048
2537 2523
3443 971
2688 571
3745 877
417 3890
1938 602
4932 1820
2940 745
1611 2826
2278 2384
3792 4757
514 3830
1936 2680
2856 2693
4333 3832
1284 2810
789 2873
4781 4502
1140 2603
4283 3247
4535 4125
2300 2163
1245 2715
4501 828
4135 2171
366 4596
3065 1855
393 1540
4292 1840
1108 639
2272 3438
3115 4415
574 1920
3128 1443
1351 951
3495 929
44 2367
213 2019
1388 189
1126 3072
1561 2542
4270 1164
4522 923
1833 182
1313 778
94 1687
1612 3046
3091 4101
1181 1178
4701 560
2597 4749
4803 284
4296 4547
2000 4116
1192 2992
1157 1797
4408 1192
3197 3978
3940 1553
2765 4558
3021 65
3387 3397
1404 1330
2336 2209
2493 4180
2452 4441
1704 486
2248 3142
3048 78
420 535
1413 1022
3019 778
2213 56
1039 892
2707 2780
1699 980
4599 3736
4525 4913
2532 2177
2346 2346
3779 1402
602 2294
4096 85
2204 676
2754 3606
174 3623
917 2482
1283 2363
4075 4230
1109 2952
971 4169
4541 1917
4952 2380
2765 683
187 3614
3958 2637
1824 4615
1294 1101
4560 489
126 4199
2944 2551
3205 496
1325 2130
4136 894
1498 867
4010 4089
1113 1674
670 3730
116 3797
2141 1366
3211 188
2774 2549
3662 4942
2560 471
1209 1384
3369 2006
724 3995
4982 4841
1155 3316
3771 20
2227 2964
3152 1482
1037 2576
1103 3720
2187 2563
2450 727
672 4230
790 1194
3866 1754
4225 599
1986 809
4893 4803
2947 556
1603 3629
3449 2121
4034 2688
4471 3906
2452 2074
1575 2353
642 4763
4635 2303
2928 1943
4504 670
2530 2582
3595 2307
1757 652
3007 802
1984 4602
2101 1735
1230 3175
2635 1889
2241 2009
2351 2154
4203 3464
4739 250
333 4131
4641 1305
2945 3761
120 769
2980 2906
2574 155
1422 3256
2876 2103
2741 2953
3221 3805
871 3247
3319 3869
2606 1120
1339 2595
1507 2112
621 1144
2803 1724
308 3799
1544 2918
2390 246
1613 2715
1731 3826
2392 253
547 1579
2095 4053
1608 1203
4318 1011
2307 3548
3146 2162
3437 1024
3745 2200
526 2840
4076 546
1180 2078
4248 2292
4264 3273
3229 1277
181 1007
3870 378
572 2570
2888 3378
3901 4685
464 1564
1367 1930
2897 4849
1858 1289
3298 2291
3253 4987
3700 816
1910 2317
4923 4776
4424 786
3010 753
2999 2391
1843 1687
4107 311
1602 1324
88 1411
1912 3758
3601 1835
1813 944
2122 2385
1724 363
4768 2893
1091 1651
128 3572
1250 789
4721 242
2652 165
302 829
1961 870
1671 3595
1920 2866
3736 1225
574 1496
3211 4894
2570 99
933 4425
2715 2094
1736 1086
711 1181
102 4798
962 4854
3217 1343
4173 4787
4428 1215
605 441
2532 462
1298 1572
4349 2884
927 2419
3149 4802
4699 403
3479 158
4645 2344
3436 2857
4466 414
962 1316
847 1402
2953 4001
1675 263
1581 810
1122 4346
169 3651
1562 3336
2879 1376
2710 4187
1455 2157
3972 2596
2460 741
4807 2292
4744 173
984 1936
99 3600
1132 1088
3703 1077
4184 1174
4705 2959
1402 237
4139 2573
142 1653
1214 3086
3076 1654
2402 3837
2258 4631
55 3616
1229 2771
632 2600
3273 1597
145 4152
2450 473
1922 819
2663 2383
3602 1916
686 4435
2397 3333
2362 2276
663 1016
1706 2635
4238 3569
3745 824
4576 1647
3461 4696
314 1683
611 311
4438 4833
4481 3000
2123 301
463 1892
3380 802
3971 876
2829 4696
2128 4727
274 4370
681 3504
2650 4011
4147 3817
403 1166
399 4852
1441 3156
2194 3737
4356 1008
2435 703
1632 1506
2643 4442
3559 1995
1201 396
4396 922
3837 4344
3801 638
4304 3310
4625 3604
4313 172
3175 4556
1242 427
1240 1603
3411 1400
4055 4763
4406 4780
4689 4753
781 281
387 1896
3877 2849
955 2362
2990 3647
919 3688
676 550
2808 469
3649 2461
1408 2506
1722 2825
3929 2536
2378 2208
2275 3427
4800 1644
2997 3872
2250 2163
2691 3898
4237 332
1399 1869
3947 1289
1401 4839
4715 1542
4933 3909
3018 2255
3322 3360
4813 2669
2594 3261
1552 4349
4691 1571
2105 3636
2831 1361
1863 657
417 2824
2542 779
3518 820
3361 1829
2355 405
1579 2781
259 1058
4959 4845
3374 3985
2719 2371
2823 326
2010 4338
4842 2184
2376 3753
4366 4207
4321 1510
4830 4383
463 2779
2453 2681
4968 2518
1919 2682
4177 502
3651 2800
3633 3474
3351 169
3368 39
3250 399
253 4823
4284 666
925 3633
220 3791
3678 1471
1875 1672
4225 4959
4150 2701
4627 4675
647 381
620 4761
2128 1352
3324 2107
1539 2935
4937 2669
2808 31
2824 4021
422 2729
775 871
2629 1646
1867 2107
531 220
1754 1932
1937 341
3694 1749
4569 1665
1030 1892
2649 2529
391 2757
3238 4339
2691 811
658 4602
1857 4700
3275 4489
3632 4909
2313 1304
3671 4850
2651 657
4006 2612
4109 1140
1887 4335
2600 2795
2577 3022
1646 3678
844 1500
2910 4014
1997 2070
4229 3473
562 980
1206 3039
1267 992
4078 3785
2173 2099
1399 4895
449 3468
1755 3699
3493 1806
2306 1195
1961 955
698 4755
3789 4035
279 3036
1963 4334
2160 1387
2749 1881
2791 1760
1506 4635
1115 180
659 1004
4 3601
4621 2730
870 4666
3881 3570
457 2027
2874 1336
892 1150
4922 1139
2234 1571
1334 4281
2682 3333
2831 4857
1687 2326
3518 4520
3402 1996
952 4024
1908 1494
2414 1058
4573 3230
2627 3743
3279 204
1657 3736
2139 519
4457 628
437 2095
565 3962
1514 2143
4001 2199
3131 892
4541 3095
1434 1175
1555 3579
251 3167
3234 4047
1564 1141
1092 1780
2931 1959
1572 3642
1313 4267
2549 1508
3954 3377
3888 1022
2990 1468
1381 2271
1577 2449
2959 3631
1048 4757
4271 3343
397 518
3796 230
1239 472
4206 4898
2886 2618
3257 396
3011 3042
4085 1858
69 3138
916 1498
3845 2496
3661 4773
1418 1131
146 3408
933 722
1136 2362
658 3037
3764 573
1041 3953
4939 191
2264 892
411 3992
367 2026
4901 3077
2289 2777
480 1630
623 391
3797 449
1887 4612
1833 4049
962 4327
831 1938
2982 3003
4397 489
1665 789
4500 2522
223 3800
1185 3129
512 1382
222 3908
2178 1979
4365 1041
1600 1817
2347 3301
656 89
1356 2924
2683 1060
2106 386
3040 381
4309 4006
2339 3422
4359 2117
97 316
3572 1700
4642 3794
1876 4589
2155 2057
716 132
2289 4378
380 2526
2472 1759
4303 3632
4377 1040
1474 1124
685 1996
4836 4839
2267 1134
4332 1960
2813 3739
3246 4603
2269 939
4479 2393
1317 3469
812 372
2801 2086
3994 4570
4065 1945
2187 590
1470 1079
1711 4244
2044 4385
2617 2428
1351 3617
3431 1765
4118 3524
2485 2240
167 3499
3661 129
4769 3511
620 2644
1775 1769
949 4473
4213 3444
2642 2579
2381 2306
4426 421
2085 978
336 1140
2136 2990
1379 4779
172 919
2995 4833
2257 4109
3427 3205
4991 1768
2454 3643
1617 4618
2012 3751
3855 1133
1786 4330
343 3738
922 3477
2758 4060
3394 1990
655 2373
2078 3835
40 3899
4611 4429
4523 2941
4959 3340
2503 1111
2616 1088
356 395
2938 2597
2133 3820
4620 2377
4697 1754
3616 1968
2759 827
3181 559
4654 3574
2115 3160
2059 1493
272 4137
3130 119
271 159
1571 2904
2088 4451
2612 169
3527 2395
4799 4247
4465 1115
1457 1926
1040 2954
690 1810
2514 3918
4833 3835
115 1138
151 4088
2515 2373
4814 3578
4318 1898
777 1689
4102 4494
469 1063
4882 2431
4751 563
4608 4306
2724 1634
2683 898
3402 4886
56 268
3743 3525
1484 4662
423 289
4908 4139
3262 2929
2858 563
1163 681
2058 3340
52 3481
699 2037
245 4660
542 941
2465 942
4343 2180
4377 70
2208 1159
189 4244
3458 314
3320 1392
2670 4740
2380 1018
2749 3218
1707 2605
2983 3623
1432 614
3705 2188
4105 3076
742 428
1767 3012
4279 4413
3251 188
3098 3441
1728 3166
304 4491
3974 4245
424 2468
758 751
4688 699
1827 1100
3090 4223
3890 4108
4908 1802
4280 1875
4048 2991
2684 3593
4081 1663
4358 934
2509 2446
1924 3025
4959 539
767 3546
3372 4110
2398 4483
3312 3518
2226 3212
4653 998
947 468
1027 622
1033 2278
40 4329
3673 1504
3773 331
807 930
1210 2937
4020 4915
4240 2315
3199 2894
4092 378
2524 1484
3285 1454
2910 1305
3585 597
132 4452
2565 2078
1521 4273
4642 3145
507 4440
4523 3516
2220 264
1709 1735
569 1051
607 2755
3817 4895
459 4108
4543 3617
1677 729
3203 4625
153 1737
3046 477
4856 1431
4116 3289
254 1670
4833 60
2875 683
226 244
1305 2806
4619 4818
674 3396
1384 2762
99 2011
4343 1943
952 4651
4092 1589
4437 290
4307 2395
3712 3833
238 4521
4691 3892
3090 889
4998 326
1371 457
1912 2392
4308 2398
2276 2560
4766 4824
484 2273
480 639
1215 1748
4748 197
2237 2707
1878 3928
2465 951
2925 3733
4092 2193
1258 2527
4622 3606
3648 3761
642 4301
4182 2711
2043 62
4123 2663
1830 1172
261 2201
1281 2134
4193 2162
167 3913
1763 1834
2870 2066
1843 4185
1909 465
2903 3167
4984 4349
1189 2938
1436 1995
1279 1248
1230 901
3980 973
61 4571
4552 4375
3638 2549
508 2831
4895 623
4493 4479
4496 3267
2664 3779
1495 4430
4120 1020
3216 2275
3959 3175
4661 4634
2036 744
4060 4451
2297 1108
84 1819
600 4003
4713 3146
3804 1758
1212 3528
4032 3758
2540 751
3200 2649
1658 3746
3451 1029
852 3487
2233 1454
3310 2156
4095 4934
4066 4141
1309 3387
1064 88
3980 1456
1403 631
2075 967
1403 4494
2051 3077
2913 3074
3119 3149
4373 3506
4600 1975
4322 281
4891 675
3890 336
3883 3152
3005 1979
3557 576
4981 1346
4908 1056
1193 3956
1938 1321
2954 4321
4250 1208
4736 1022
881 3620
4877 4393
1483 3576
2682 2786
2327 3289
1836 871
2644 3751
445 2078
710 70
2957 3638
3372 663
2164 4327
865 2572
4462 1632
4903 2500
2425 591
1598 976
4666 3005
42 4159
3903 3993
4131 1553
2549 4319
4763 602
2687 4581
1641 1694
328 2987
2957 2200
4882 252
1939 588
3674 843
521 187
1919 1809
1087 879
760 3541
1052 2288
4568 541
3178 4630
2720 4185
4762 1915
4656 2896
4702 4381
4541 2642
1635 784
1025 3175
2496 3308
3720 4616
318 4582
3022 3451
75 3842
750 84
262 3825
1439 2881
3454 4985
4308 4362
2076 2957
2297 2347
2543 3938
114 1062
1540 3726
2162 459
1150 3587
4924 1274
895 106
2460 1975
2713 4720
1416 3741
4359 2437
4111 1743
1953 2317
1021 85
3065 4956
3543 972
527 3705
4368 220
2077 1119
1049 2604
2217 1546
2589 1467
1045 2169
465 2169
1160 2896
2132 189
1840 1796
2846 1982
264 3918
491 2354
3254 3789
2156 301
2875 979
2292 4855
2507 2661
1822 3629
2960 1489
1802 2450
665 2452
1033 2197
2041 2292
2134 2770
4856 410
874 3986
1942 637
1999 3904
1938 3247
1216 1596
1755 3380
3669 3381
3920 2911
1763 4014
224 4678
3486 428
3932 959
2033 2383
752 846
3139 2991
4697 2771
1047 2445
3967 2872
2191 4409
1953 2212
2358 3867
1735 2053
4442 1136
1040 4253
143 4117
902 690
3929 2454
3881 4307
3346 3683
586 3387
1662 2196
1781 3003
3361 1100
2720 4546
3107 4808
2651 4109
1227 3799
3334 1190
172 2228
590 1495
2721 2166
3495 4957
4943 636
3237 729
1902 362
661 2763
1837 62
1850 1878
4727 929
3752 834
1946 568
2308 3361
4758 4821
3002 4691
3997 2432
3889 3578
1516 4238
474 3405
3813 1492
2965 4340
4235 2230
4590 2318
3342 320
2464 1210
1924 1473
1384 2134
1876 3378
1195 2782
1812 4121
1535 4719
3085 3264
404 2461
181 121
998 3110
3520 4056
4246 3211
3244 2316
2354 3550
203 4047
1481 988
2394 2232
3371 2010
859 1056
1813 947
779 3630
3268 2766
3975 2963
445 4695
3504 112
2870 4207
4300 3672
3062 1852
1159 3808
2038 3738
2832 1504
2293 3115
2542 4975
2179 4015
4228 3545
3465 4322
855 1285
184 1746
489 647
2504 735
1367 998
1706 3179
4038 548
655 4200
4969 4971
3812 2729
4207 4478
218 3871
3653 855
4191 1504
4497 90
317 4708
4036 2191
2199 3539
940 660
3984 1707
3501 4258
657 1452
2207 167
1120 976
2824 1844
3392 1446
603 238
1759 2605
2913 4990
4428 4410
4155 3865
236 1747
199 3336
2948 133
4328 2939
3996 1718
3086 2545
18 3395
623 1173
1173 335
953 2510
2040 3026
303 211
3141 439
198 2816
602 1601
4553 131
3890 2958
4630 4108
2575 2470
4210 2516
4153 605
346 3272
1491 2857
4017 1492
1055 791
2799 3502
4866 4157
3467 4805
3152 3995
3436 3051
2478 2598
1504 4831
330 143
1132 1730
2783 2883
3638 2263
2411 607
4184 313
3131 4662
467 144
1790 1259
2008 4926
4047 1239
3852 1406
4453 3019
3083 4010
2376 4801
3236 1853
57 2161
1939 3396
4692 4371
4202 1616
1128 2155
2055 998
3841 4901
166 3060
862 2691
255 3427
4100 1104
1429 1620
897 4267
433 2690
2751 835
633 4966
1905 2412
1751 4929
3131 2686
825 97
4859 913
285 4219
100 103
1017 667
3714 920
184 1014
1187 3569
614 694
4818 3119
1278 2772
963 4271
3781 4472
4001 1605
128 4289
88 1213
4036 289
1194 4052
339 3918
3352 4881
3268 961
4512 3769
1477 1777
4362 796
2184 1415
1901 2922
4569 3182
1970 4135
1571 899
3508 847
3814 813
524 3899
1072 1241
3626 1205
3387 2437
3116 3718
645 4838
1660 1368
1297 105
3994 101
4350 2688
3082 1687
3382 1509
841 891
1370 678
3100 1981
87 4609
4181 1762
2030 1070
102 4570
3612 4573
1482 3041
2800 1815
1114 1558
4966 4947
508 3013
350 1479
3030 1360
4477 3924
3048 4021
4684 3705
1727 474
1014 4333
4322 38
3632 3429
2349 3870
207 1412
586 3201
4591 4336
70 556
20 412
2885 1651
861 4762
291 17
2025 431
3987 2040
2838 916
1695 2642
4274 449
861 3326
433 1072
1711 1243
4895 4084
4202 4380
2117 1042
3067 1312
4237 4732
678 3288
220 4133
3884 4991
1374 2036
1487 1258
2433 2841
2746 2785
2267 730
1009 1342
4743 2500
2660 2446
1972 4581
4283 624
676 89
3784 884
3604 4103
3563 4792
4905 4321
3465 684
202 776
1350 633
3131 508
76 3150
2857 3697
4679 4140
832 3977
3355 4174
4576 984
3699 2262
3884 3895
3820 825
4143 4315
369 4802
68 697
1532 2398
463 3265
2559 1965
1931 1832
3476 875
3704 1664
3369 3261
3972 4813
4432 1276
3901 1439
2599 2787
79 1484
380 811
2263 3900
4037 2440
4404 2674
21 1406
3132 114
1112 705
4619 409
3369 2303
454 111
4972 4827
102 1141
2640 970
2691 16
3803 1785
1691 78
2211 2704
1925 2004
3421 2473
680 3835
2353 4058
3352 2801
3785 1310
3238 2973
3321 2064
1694 2126
457 4073
786 2213
2138 3400
1145 1785
3372 4625
4446 908
3469 295
663 3384
1203 1921
4899 2980
3758 4895
2076 582
2229 3329
4281 494
2537 3947
3552 1126
2632 3963
830 2949
537 2906
1781 717
1444 1214
1347 3177
3976 4400
610 1010
1295 4187
3403 335
862 2197
3844 1764
1934 3525
2885 1066
2820 2815
796 204
1501 1744
4993 676
3359 1007
2085 461
1602 806
4088 3926
3553 959
2571 3938
2909 595
4227 2345
3073 2694
2212 4142
4383 1420
2793 1362
2161 1211
3961 1370
4887 4225
21 2467
89 4207
2838 3282
3404 10
4070 4580
2865 376
1519 3492
4840 451
1055 1076
3504 1259
163 2526
4689 3469
2955 2161
3169 2109
3289 1984
3359 4052
1844 4419
2859 1816
3588 642
2943 458
4670 1156
2735 1560
1813 2673
4900 1635
4666 3262
831 2333
1241 1227
3823 4074
2102 2152
4034 4306
791 396
1690 841
4308 4280
3835 3858
2228 3711
3045 3221
2105 3123
60 375
2199 3044
2270 3382
3818 3836
1836 1262
979 2947
4122 2236
2968 4225
4651 262
2280 4474
4976 1072
1665 1123
8 3597
2846 3236
1429 1838
802 2434
1327 162
4560 2265
3456 4297
3541 364
1752 4623
206 921
1217 1029
1060 721
1411 466
4843 2441
2382 1708
4905 3457
3781 4693
708 2749
1371 4770
152 3223
2801 1415
3235 808
4958 2439
3130 4124
435 593
3634 3131
2445 2632
1717 4535
4663 4300
2227 2965
1112 3515
2252 941
2567 3077
2774 274
4763 546
4342 1450
1751 2866
3536 2103
2232 1402
4901 1683
3579 1159
219 3885
4078 4039
3874 4341
3746 2043
169 4972
2011 4543
1424 1135
2163 3765
3281 623
141 4910
4637 629
1984 4101
4539 2735
277 3721
4787 742
4558 3390
3467 1969
2186 4135
3820 4594
1937 3189
797 3292
4184 2652
266 2938
2707 4170
2101 818
2273 3516
1043 789
259 2718
228 4118
4968 2585
4527 3249
785 3000
2100 2167
472 2536
723 239
4572 1041
3619 840
873 2998
2660 2723
149 3705
4599 1422
9 814
2721 99
2693 2352
1183 4455
3840 686
2097 4365
4243 4683
1644 2291
2677 2504
4611 526
1003 2091
3681 2392
4026 3601
4208 4748
1437 3114
2160 2607
3964 88
1483 1760
945 1169
1946 3404
4946 1542
3464 2981
4600 4874
2859 4590
3333 1281
3503 3119
2550 1814
3971 3030
4378 3201
665 1369
3960 4870
2104 1908
4177 2119
4496 2638
2110 2374
3625 3968
2838 2952
597 3835
1694 1442
3983 1589
572 677
1926 1143
1802 1392
879 2733
406 4114
3653 2226
2533 1449
1759 4969
3481 372
270 1054
4539 3038
535 4145
1280 771
1455 3538
2727 2478
3486 1378
769 2746
3347 4551
117 2373
3050 4086
332 839
3065 4087
687 2792
4052 4073
1021 473
2453 4409
3083 4928
1366 4664
3812 738
1010 1647
1549 2256
4910 1964
3386 824
1510 2611
1813 2787
2520 604
3532 1528
1287 1927
2677 187
4365 1134
3504 865
3077 623
3084 3858
2709 4261
372 3744
1131 1498
431 4136
14 759
4390 2530
3346 4212
3220 18
3611 1235
4099 2871
3373 3944
2993 4639
4212 1074
2931 4929
4153 494
2987 1247
1822 2927
27 1721
2391 682
32 177
3582 1527
4851 2866
1385 1340
1130 1668
4236 4122
1738 4378
2555 1336
2853 4184
3776 3885
1052 168
2320 1914
2548 477
223 807
933 4753
2541 1129
1240 3819
1368 2114
314 4319
1076 3990
1766 4185
981 3131
3064 4473
1762 2528
3437 3188
3279 2028
836 611
3718 2471
1816 4323
4759 1812
874 3817
4348 1183
2237 852
4522 3730
902 3760
3145 1384
116 811
3118 1691
514 2939
1943 1744
2470 2400
2724 594
1888 3356
1585 4071
1340 1315
1821 4276
4001 3451
2441 3010
1795 1136
3257 2754
2712 2202
4665 390
726 3828
3545 3320
2121 1913
116 1293
1875 2055
2603 4191
4555 471
117 1601
3979 1615
4556 4386
3617 2222
4879 324
4422 2227
584 4371
3404 3379
230 4503
2443 1465
4620 3656
4262 3279
3984 271
1606 3225
2979 1794
4964 117
4917 4536
1670 4403
2719 4042
2594 2951
4254 2928
3160 3183
1830 1023
1803 4088
2373 3123
3518 705
2426 2329
1667 2087
3077 3617
4797 1502
812 4565
2021 2898
1495 452
1176 863
3114 2007
3966 1104
3522 1744
33 2832
1415 3541
3774 448
3333 2110
2933 4409
4866 1248
2211 4103
1840 4102
3680 4349
524 2598
1731 999
4583 2944
2477 1676
1828 902
2651 1783
4966 2916
2285 3061
917 849
3211 2879
727 4281
3530 3818
634 759
4154 4973
3775 2521
4059 891
3870 2400
1141 1634
1800 3328
4746 4481
1241 2373
3953 1154
2730 4597
3226 4162
4512 3845
1263 792
233 4624
183 4818
2700 855
3478 1824
595 768
211 4494
2568 2696
1431 909
1761 3440
687 4304
995 1534
3143 4584
3607 48
887 3852
2967 4002
244 1185
473 3591
3414 2701
859 4382
1210 795
3246 4389
610 3309
3943 2871
1692 579
1967 1655
3103 3031
4162 503
4980 4689
2102 2000
2586 2072
664 3028
2789 77
82 3583
3066 4583
3804 3171
3090 2497
1951 4334
3101 2134
1020 2940
1190 730
3196 4581
2272 2345
358 689
730 3839
1200 31
3894 4528
1777 1593
21 850
246 4051
3847 96
180 1923
525 4797
3920 678
274 3462
4642 540
364 2559
977 3493
2503 406
1179 84
2003 452
4926 3022
2983 407
4271 3824
3877 1887
4375 1124
1500 577
3484 4919
1333 1845
208 4358
2960 1193
347 1585
1142 1053
3153 3422
4563 4978
251 3186
4669 272
1624 306
849 1459
4553 687
4347 2321
3838 876
793 4959
1794 4949
4789 1090
3792 323
2416 671
3933 2541
2619 4609
1614 4395
4618 612
1612 2452
1676 4558
3840 818
4104 2417
771 2161
3036 4934
4141 3168
22 1799
3082 4753
899 4034
2637 4165
2102 3424
3144 1536
4084 3785
2021 1838
476 159
2517 949
2724 3608
2508 349
1421 2049
814 4227
4770 635
2145 697
4362 1502
2891 357
268 3909
921 4451
3506 2303
2388 366
1974 4375
1641 1226
3989 3833
4802 2477
1361 2993
3486 1658
21 3738
4461 2760
2876 3004
260 1680
880 4982
1092 780
2018 2817
3182 985
1824 687
1822 3408
1912 218
3226 4970
820 3889
3123 3207
4679 563
613 282
3395 4426
2377 209
1392 1613
213 2088
974 4159
3494 254
4970 777
948 968
3073 4638
126 988
2520 1090
64 1506
95 3230
2640 3812
3942 480
1072 4203
4252 3848
698 2169
636 2418
292 4761
1075 1125
1822 4267
345 1175
4224 1287
1522 3327
4953 580
3387 3694
354 4495
3210 1722
3015 3456
975 1038
1373 1790
3617 2629
970 4182
297 1322
1912 2064
959 2721
1874 3828
2187 4449
1503 3370
3023 756
4333 3237
1915 2198
3581 1792
1074 3899
3993 4836
4649 413
489 367
1323 106
1649 3605
2386 3406
2027 943
2303 814
2076 450
2885 2705
4045 3226
2876 3382
3198 2010
902 305
754 2984
3669 219
127 4631
4149 3719
2018 2296
3504 275
168 2806
3645 429
2585 1460
3195 2663
3613 223
445 4868
543 2062
1391 4367
3643 2928
4540 3106
701 719
905 2459
4028 384
204 899
1649 2559
3578 1686
2613 4406
3817 4554
2744 2763
158 2974
891 3652
4537 3074
4594 1080
401 3707
4945 2014
509 3358
3079 2278
789 4778
3961 4401
4999 4505
838 4893
3587 49
3174 1404
3947 3848
3480 1711
2786 4130
4601 3013
3583 1955
758 3666
3446 3813
1266 3815
3334 27
4219 860
793 1989
1160 2210
2406 3611
1830 2999
1538 1870
2126 2289
4603 4844
2595 659
886 888
3852 3190
327 815
569 405
3341 4123
18 4874
2776 2760
807 2341
1526 3803
3455 2390
2277 4678
976 852
420 2562
3751 1158
3190 1240
315 4379
4381 2559
4033 3267
4978 3315
4156 1274
1328 2377
1335 2260
3712 4364
2146 3341
3894 2654
4620 351
2854 3107
3460 2000
10 3289
2112 4023
3515 761
578 4957
4891 2808
897 937
4356 537
3928 906
2593 248
1093 1986
873 2054
4855 4378
1592 2715
2359 3542
3436 1740
2639 4090
2383 318
2230 503
4254 3669
2973 4996
1503 3761
798 254
4134 555
990 269
864 2669
2301 3958
1291 1805
1756 1856
147 855
2130 92
3936 4735
4290 4428
1003 684
2496 2644
1092 2446
2485 4206
1758 264
4865 2010
3427 40
2533 3665
1244 347
2318 3270
1294 2364
3373 1102
1396 4691
2004 4917
4134 1758
31 1643
4704 3822
2232 2396
4131 2449
3183 827
4783 697
4059 4647
379 326
1873 1300
269 2695
4445 2562
1274 3412
2347 4471
171 1385
3656 3482
3318 962
3440 187
3843 443
701 4079
1538 1542
778 3894
4344 4229
1124 1754
3901 4669
3523 4635
2472 3852
4652 4732
3347 2814
3742 3141
28 1901
3079 193
4845 3244
4245 3504
4734 268
507 3285
451 3335
1092 870
3187 1188
702 3407
3000 757
2142 2905
2751 1222
4465 140
1574 2703
1849 4339
1994 4444
305 2499
273 2509
3414 864
1798 2580
791 4264
3794 271
4234 3731
3584 4672
1291 975
4129 1501
3635 2338
2340 3465
1037 2984
421 4530
1298 1800
3248 2878
3202 4264
3546 3735
1191 2272
976 1673
228 2392
4783 435
2012 1595
3804 887
3297 1987
4424 898
3007 4043
4642 4803
4278 2443
1380 2757
4711 592
459 240
2236 628
3752 2038
4801 2821
737 2406
651 3629
3741 2552
1899 99
399 557
2585 1567
2947 679
4584 1363
126 3699
2297 317
17 537
1028 263
523 4112
2118 1703
1402 4731
2612 756
4461 1254
223 862
3661 1384
3427 3921
1763 2130
2523 3755
474 1519
535 4497
701 2440
4277 4113
3673 4698
4602 2131
4955 237
473 4975
3377 3547
1041 3969
3084 3175
859 2384
1543 1856
4650 1340
3179 273
1270 1369
2882 1542
3427 2001
2133 1648
2370 4775
2168 1042
765 1836
118 2417
4968 1937
2261 1195
2394 1992
2506 3483
1266 3943
266 3546
2592 1768
807 239
3072 2750
3996 3591
3415 1789
3238 2465
2653 425
3949 3367
3368 500
4505 3833
4976 2965
4642 1425
4673 3250
226 413
1941 2426
1382 4334
4174 1440
4950 4811
4079 319
251 1865
2144 701
1703 2344
770 3070
4320 111
1697 2800
1670 2634
4958 1960
2563 3897
1574 1361
756 2905
4837 1851
3195 387
4434 597
857 4216
3759 1761
363 2677
4213 4859
2710 1530
3654 3762
1544 2048
2991 4632
1994 1690
3305 396
1415 577
1246 2244
605 695
389 1089
3603 172
4140 438
3594 626
612 357
4911 4764
3103 3035
990 241
3473 3781
4824 4404
4236 4829
1184 3737
418 1462
1018 4183
2414 3873
256 1175
2399 1023
1411 783
2903 3964
1164 987
1457 2197
171 11
1099 486
1560 719
1046 1096
516 2564
3357 4962
4454 138
3978 1528
4058 668
4174 2023
1476 1419
96 838
2290 985
1992 3514
2879 200
1713 2313
170 2697
1616 561
1911 4110
1616 2456
2227 486
1099 2185
2966 32
1685 39
3088 2003
2109 3830
4260 3918
595 1606
4881 61
3048 840
4382 3304
4313 3165
4607 1440
3960 2239
2522 4676
641 2237
3163 1997
1146 1253
1312 2436
1587 2818
2704 3618
2426 1955
3462 656
2908 1678
2502 2986
2941 1543
72 814
1719 4771
243 3531
3765 4358
3609 433
19 4685
767 2285
3537 1202
3065 4857
4826 4315
524 951
3764 3284
2807 3734
2945 964
1241 3400
4780 2615
4508 2055
2349 164
4463 108
1246 2846
3958 751
4730 4616
3760 2718
2440 1570
4821 4370
4112 2501
2746 3802
1951 2732
1345 460
3529 4343
1431 327
38 2868
2808 3470
25 2114
1486 2043
3571 2541
3481 4729
4748 1451
4659 2991
2764 4075
827 1108
2249 1330
2148 4924
2669 793
3496 4326
1279 2321
2713 4602
3572 1069
125 2770
3255 1111
2619 3083
4262 1137
1874 2385
2665 4779
4443 4645
2660 469
4682 2236
2415 4925
3044 4274
412 2105
4191 1792
275 4753
2166 3531
2054 1616
2928 3483
1684 572
915 4716
3155 3739
2397 3140
1494 1163
549 4600
1609 60
580 2382
3004 3805
1597 4713
3904 922
3005 533
2615 3533
3621 3838
551 799
1639 4258
1073 23
1262 3576
987 3444
890 4527
4009 4675
879 1980
4702 1380
4327 4138
2443 3995
2422 3130
4714 3494
2616 1951
298 2739
2650 784
3225 2452
2587 3989
3415 4648
4851 2095
687 1516
974 4891
4306 830
815 4409
2813 1346
483 2110
4069 4286
347 1228
3553 528
2809 186
813 4736
190 4787
1683 2594
3903 3512
3887 1291
3376 3339
3825 658
1935 2135
1736 2203
3891 2076
4719 4449
1662 4581
340 3051
83 4297
4303 435
665 3907
994 43
3499 329
1007 40
4192 2052
1808 2103
4503 810
2814 3568
836 149
1099 2216
528 3505
509 2609
1844 4440
2747 2775
624 4457
4447 1628
3737 2734
99 1179
2698 4396
450 3000
10 3644
4531 2561
2788 508
1267 4987
3334 1977
4475 1318
1329 3657
184 152
2802 1245
3958 3265
3410 2013
3775 2675
2350 2475
2853 1391
3840 917
4126 934
2145 245
4943 880
4046 3451
3653 3568
4005 1004
3194 4341
1167 2589
4060 4857
1140 3524
1313 4703
50 956
765 2379
3375 2218
3867 856
878 671
2127 3193
3696 2759
377 2311
1145 4398
4336 563
4725 3723
1440 553
606 559
1050 1312
1442 4807
4294 3790
3796 2181
2370 1490
3427 1706
4621 2613
3669 4449
3250 2522
4004 2962
728 2311
3396 2091
1103 593
3639 2734
1979 4685
1573 3529
2379 3901
3608 1450
651 1713
2074 3755
2015 1748
1738 579
4164 3986
2399 2788
993 2717
2252 4390
3283 2745
306 3873
2197 3314
3283 2571
3910 3406
3707 1451
2959 63
2104 2211
4341 1256
1389 3465
1239 1670
3498 3935
2346 2672
3169 351
1246 4193
4271 37
2836 230
338 4743
1293 4053
1486 1361
2785 366
783 1431
3105 4209
2528 241
60 4579
420 3626
4271 3629
1315 3394
4194 3555
4584 3298
946 3178
3451 1484
1617 2270
3424 2756
1214 4320
3494 4055
3628 558
1117 750
2113 2480
4449 2161
4706 3475
816 2977
95 2818
1440 1541
2454 2566
3354 2665
3620 4444
2345 323
3782 1863
3766 4037
696 4186
4044 4525
4275 647
2781 651
3185 3709
2565 4599
268 358
973 628
916 3474
1928 2206
1204 6
3309 2106
2136 4947
1334 227
2005 3736
1399 1226
3620 1788
2778 1092
2693 1908
2023 4505
679 2312
3720 2059
4521 1394
3517 2922
2388 1131
2017 4922
1733 4444
2795 635
1860 487
2084 2473
730 4989
2575 2593
3958 3458
204 4461
4362 2145
1 2559
684 3428
3675 958
600 1213
3276 1996
2453 3284
2826 213
1227 4284
2964 758
3274 2516
4902 1822
2518 603
2267 918
1240 869
1764 2507
3821 779
429 2427
3700 4526
561 2505
322 3110
4563 2021
569 4735
1056 3158
4229 3008
3505 545
2013 3801
979 194
1272 4194
4276 1742
768 4339
3960 155
4188 3860
3984 3512
1288 4457
1443 843
3723 1051
3212 3077
4899 466
1964 3681
791 1305
1164 1653
2697 4006
4655 1466
2170 4120
3198 2287
2769 2020
1934 1271
3633 4860
896 860
635 609
2407 4663
3223 3932
228 324
714 1
1835 1083
4158 1031
2749 4567
3774 157
4741 2965
3439 1696
2698 340
899 4773
495 4175
625 1320
4232 2932
3741 3317
326 3193
3549 3757
3007 2994
4389 2043
3412 195
3460 2833
1490 2561
2726 2055
4848 4929
3373 4997
852 4711
1034 191
4015 2918
2963 2772
1893 4137
4631 3486
2220 3563
4580 2749
4657 1447
1189 907
1142 2881
3252 1349
3439 309
3084 70
3706 4694
4568 103
946 1840
1717 4613
4025 600
3708 2647
1739 3846
4510 3388
3358 2347
3866 2909
3643 2313
4902 346
4815 2197
3049 912
4710 309
557 3318
573 3499
2720 3024
4018 3476
4226 3096
2898 1455
2956 4180
2189 2848
722 2754
3881 4018
2830 4534
2538 4340
753 891
3860 3380
3256 4601
3951 1474
1870 2683
4011 4338
933 3772
4646 938
2471 4616
4693 1329
4345 4352
2356 4646
4774 245
2902 2515
147 909
2799 3394
124 1520
1134 3561
1060 1156
4151 2697
2401 793
2620 3358
2745 480
2055 1734
3631 1587
3995 2502
1549 869
2274 1122
3326 236
1559 1432
1203 2300
3216 1484
2923 3105
76 517
2214 2974
1465 4497
414 1459
1324 296
2083 1599
2138 3168
2009 4114
1137 214
1281 3069
689 677
4694 3799
1117 2321
565 3301
2012 176
1797 1288
3489 4366
3571 1297
1521 4105
4626 2030
2359 1528
3367 2773
3838 495
4181 2861
2904 4041
2879 2381
461 1467
2109 799
1317 1153
3120 953
362 2220
48 1804
3312 2354
4513 4661
1123 3138
2542 4183
2554 2773
4477 2656
2942 278
218 4356
799 1893
2476 1095
954 3289
2131 296
3448 3409
2725 3967
4251 2482
818 686
4274 2119
4626 3313
1780 230
4584 2680
705 3051
3242 4316
3460 2659
560 4227
898 599
3820 1677
1407 2544
1244 4938
3829 2219
3588 4359
2866 3010
1255 4141
2665 3176
3239 2473
691 1878
3126 2872
4678 746
441 1666
1671 2311
1440 3780
449 2258
3005 3166
1794 2496
2752 3744
3098 147
3015 1881
4478 131
2971 310
1946 2949
1155 3826
3755 1628
1432 4199
580 3772
3404 780
3204 4157
1610 4270
2036 4895
3712 771
4792 1098
3729 3964
1323 2107
2773 4830
3151 1563
2829 4585
4142 2037
63 3440
4454 3838
2220 3359
1793 4455
2638 3527
4503 3808
2243 4399
1280 1751
2263 556
4685 1086
4375 2046
521 4105
4378 746
4829 638
4920 2025
2631 4038
1539 3336
3706 63
1262 3132
2784 2855
4518 2221
3579 980
10 3661
4804 1183
953 2906
802 4926
2609 2385
1846 2747
1196 2352
3758 2978
1764 4775
4780 3604
2015 1642
4577 4763
2200 4160
1614 2510
3865 3889
3680 1949
4773 4370
4337 4256
2967 1700
4800 640
1592 33
311 2921
3619 2474
4525 1568
2654 3821
4729 2320
48 1828
3177 4442
4164 1595
2594 3042
1936 2274
3708 1317
1936 2079
3753 54
2835 2783
2733 3446
1113 3056
1631 2423
4582 1762
1176 2504
4555 944
2123 4154
4790 1309
2670 929
65 3250
239 339
2502 3107
4323 4387
135 2928
1193 210
2357 3825
3894 2333
3141 3125
4025 994
4306 1444
4587 3661
3700 3707
1381 4976
2788 2640
4018 1805
3310 71
489 4893
1757 1546
901 1060
3102 1628
2110 2117
559 2865
1637 3885
4059 777
3937 4044
25 3932
3075 2895
1012 2381
2430 4162
3554 1191
4912 2207
4028 4942
4611 2175
844 246
3773 3099
2275 2815
4737 3829
4385 3405
4896 577
4415 1058
3754 4924
2078 4422
2176 84
1097 4245
4897 3954
1081 3392
1780 3032
3034 4826
1277 1051
4999 1820
1717 2714
4598 3629
4548 855
821 728
4505 4422
3981 2715
3568 2340
3532 1611
2031 3116
2901 1338
1099 3001
545 941
1624 396
1984 25
3144 3785
2340 2469
2493 1716
1699 843
3937 1551
534 188
1932 3904
2934 2153
4173 2526
4183 3686
3569 424
1263 4438
3178 3995
3921 4304
184 4584
2321 1208
4769 1195
1671 613
3027 4393
1759 4163
234 1333
2134 3924
4896 1181
3978 3842
2685 4561
2359 3593
3229 1706
1100 456
4070 61
3108 2256
1469 51
3018 4322
2087 3036
4119 2836
656 4333
2243 1584
3399 1146
1813 567
2937 3605
1592 4924
527 3441
4877 1808
3609 675
3528 344
3008 1690
4016 3830
3750 1900
236 204
3982 1095
2335 61
3917 1073
180 1733
4594 1291
2606 4441
4387 2582
3321 1144
643 1868
2286 3943
3146 4269
2377 4917
1120 1948
2180 870
4521 23
3040 2501
2998 1316
417 522
2960 3453
4430 2282
3045 3636
629 4041
4149 1437
3096 3075
3716 3291
4621 2010
3650 1916
3334 4132
894 2617
2498 3230
2580 3644
4833 1200
643 3720
3676 2941
540 3932
4892 4188
1007 4383
4498 176
4613 334
2663 1774
538 3720
858 4733
4215 4567
1092 1807
388 3326
918 1715
170 3491
1725 4553
4066 4771
2755 877
4843 1561
2036 3290
1275 3098
957 1419
2367 392
805 198
1251 834
2882 3840
849 3094
4544 4621
27 3727
4041 2217
2682 1549
2774 2486
2833 3279
3479 3801
2142 4957
3505 3950
4447 45
1419 2167
2279 3808
341 2446
1255 3877
2199 3284
909 3029
624 1854
2514 4281
1466 2894
3325 1555
4794 2776
3344 2578
4480 4729
2585 3577
2106 161
4839 4461
199 1134
3741 4552
3552 4156
3695 4195
620 2982
1260 1395
2159 1198
1487 1050
1388 1266
2548 4671
4469 4047
1376 2351
2896 1162
364 36
4965 1417
2699 211
3678 2989
837 3759
68 4670
2216 2473
511 2792
1935 3544
4177 4445
3888 3672
4750 1359
3877 3415
4010 197
523 3240
3935 4696
2544 3550
3304 1962
4924 1539
3895 3936
1897 2874
4543 3966
4397 2192
2246 431
728 2709
3048 3452
4661 618
2538 2220
3756 44
4858 4967
366 3322
3674 465
454 1763
901 2027
3230 4651
4670 2311
3888 1379
3177 1608
109 807
409 3381
2628 959
983 485
1409 3231
823 4830
1587 2787
4300 60
994 1944
4392 1396
4161 4454
1115 3612
693 3314
4549 2517
1949 4218
4437 753
584 1161
522 4072
771 2489
4685 3488
4882 3943
1796 688
4031 2061
2222 4037
3954 3510
2426 1340
1973 4495
2038 3306
3280 1322
2142 3413
1074 2203
3117 3158
972 1295
2046 3346
3957 3524
2277 2781
3640 1505
4812 1220
3929 3604
4449 989
2951 3907
176 3759
2896 2389
3443 990
1916 246
4126 3935
414 3064
3105 3443
2577 421
1049 2882
2997 4658
4988 4801
2144 4834
119 2498
922 3653
472 1006
193 3344
693 1975
1657 1196
874 254
2684 3265
4573 2311
3992 4698
63 4339
951 2584
3223 2005
470 1146
2567 1406
3742 1460
2005 1705
2388 344
2943 2496
3836 1129
425 2547
490 794
1717 416
1038 3953
2029 3728
3131 179
4399 2859
3854 1985
2784 501
1770 2122
2592 3568
1843 3504
3150 2237
3301 2821
984 327
2867 4365
3203 2285
1377 1234
4362 4949
3762 3091
4847 176
2115 2408
3651 2212
3429 2854
4363 3450
1076 2759
430 4577
1051 3880
2290 3170
3009 2870
1577 1311
4128 3571
2545 855
1685 2690
4663 1345
2084 4729
88 2133
3501 1309
2394 3759
2092 4739
1299 2474
1938 2522
3754 1424
1604 4401
2160 2255
3439 3434
1249 3549
4179 2163
2336 540
4653 2168
4788 767
1433 429
3705 1706
506 3408
1981 1447
3655 2147
1440 4880
1457 1214
3765 3720
2081 3231
904 2651
3489 604
3412 736
1062 1904
2108 3188
3612 2560
4598 1223
3093 507
4182 2154
2187 3557
1113 2326
30 2728
4941 414
4016 1570
1744 4386
4023 4453
3305 2316
2390 4920
650 4950
673 1424
1479 3055
4827 2772
4493 3652
3589 2381
155 257
936 3679
3579 1670
1838 3849
2192 1118
2304 4404
4084 473
1602 569
3601 1922
4650 1099
4837 4087
4417 3655
3226 150
2715 677
777 1085
2365 2997
4343 1647
2864 2717
1433 1693
4329 4549
4075 2096
3178 306
2932 4423
3040 788
4127 2756
1424 1210
2289 1923
1820 956
4318 4237
2832 388
4067 4049
1808 708
287 4712
1419 4861
410 4559
2237 621
1066 4239
397 704
2908 455
3487 4143
4972 4459
3043 4215
2303 3702
506 4020
912 740
2090 806
3517 4244
3719 354
583 2949
1175 963
3963 3553
1187 917
2757 4838
4580 453
592 3649
3461 4093
2947 3605
4746 1490
1833 4440
4132 565
555 2211
1967 1622
3743 4854
2757 2064
831 744
4451 3470
1331 4705
4036 265
3055 772
1765 1351
4461 608
2877 600
630 1937
2609 1352
1033 3400
1226 3718
4726 4312
4797 3520
1511 1211
2228 3041
524 3420
1509 606
782 3174
178 3016
701 3535
891 2468
1852 1002
2867 627
1073 965
2798 3335
2664 1431
750 3011
4568 4856
2314 4016
1525 3242
3185 302
4623 2921
604 3898
3094 2724
3018 2032
2656 2455
4662 1068
904 3384
1456 2602
4267 887
2578 576
4136 4313
120 1018
4370 4295
3903 238
3278 4580
3066 2021
2974 2997
4355 4327
991 4458
4994 748
3428 4323
4346 1178
1413 4025
2176 1050
4649 4465
535 3909
3288 3387
652 874
2850 4072
4787 3510
2262 1577
4055 2926
4603 1621
2975 1664
227 110
4254 4054
4887 4588
1167 2211
1845 3463
1664 4991
3021 2527
4983 514
3264 4644
362 708
3251 3055
2193 4260
4129 1366
4291 659
4141 4454
2664 139
2218 1068
1795 272
4480 4482
2909 4545
4153 3052
4652 4762
171 2731
4431 4406
3560 3755
4056 1622
2002 2376
3060 3507
2733 3428
4064 1338
2800 1731
4689 839
4671 107
302 3517
4191 150
1010 4577
2283 22
4324 847
766 3558
3558 3431
3993 896
1059 3108
1115 1357
337 2627
4810 3534
624 974
109 3175
228 2773
2224 635
2668 582
1917 4175
4338 2322
1481 73
1095 1785
502 4949
3512 1603
3584 1942
465 2706
3063 1186
111 1866
1868 4317
690 2838
879 1138
4211 3436
2417 4925
3033 1430
3831 4321
2293 357
4150 4000
2621 228
4527 634
4467 1103
1130 844
2943 698
1031 1262
4624 213
1788 989
78 2253
4514 4026
3346 1816
2329 1387
3927 1543
837 2629
4159 3468
2911 4064
731 4404
2322 633
3711 3457
3138 5
4401 1877
1596 3007
4235 4254
4536 1568
4138 2445
2245 3211
1089 2994
1474 539
4325 663
4037 2044
3330 3264
2077 4349
589 1142
2381 392
1612 2550
1296 2305
3821 197
799 4968
4066 3840
465 4888
1045 2723
3873 3100
1635 2574
1622 2422
3586 2728
1245 1833
4284 3322
2652 2802
826 4712
3226 2658
38 2621
4846 319
2350 1448
2413 2691
3000 553
3403 3935
587 374
3585 487
3583 2384
4505 1387
976 2190
2901 3927
3827 1159
1649 1330
3575 3198
3335 1197
66 4035
2304 4855
726 2426
1860 1111
3568 2003
3397 4816
2894 1893
4881 720
998 2493
157 2807
1497 1431
735 2997
1935 2783
2782 4493
1974 2504
463 3409
3327 4829
1938 3271
1318 2046
2952 3839
1701 987
2622 2434
1495 4586
3054 3427
646 4149
3236 2320
3279 3434
3523 4344
4164 1115
1228 1862
4638 277
4568 215
4927 1374
4918 3256
3184 4656
3722 4188
4905 498
283 3221
2146 3664
3438 836
1273 1080
407 1270
317 2920
3045 4231
2135 983
4016 16
2897 2393
3289 449
4961 377
245 4278
3699 1495
4346 799
4966 1852
2331 3704
4827 4679
2513 4252
2617 2819
2258 238
4231 2610
3562 2377
1313 2918
4854 4569
4489 1684
1677 1049
4585 2661
2184 521
593 2366
119 4288
2290 1588
3993 3407
3482 4954
4001 2161
1177 2612
532 2512
2598 1459
3599 3915
1850 672
4271 1609
746 3852
595 3647
4008 4802
2144 3692
3285 1981
1294 3184
1802 2044
4291 2113
3324 2389
4542 1275
487 704
1977 4749
3256 2065
4058 2844
1868 199
2563 3170
16 3257
3630 3391
4952 2926
2425 4503
842 3147
4652 1149
3108 1937
528 2230
1217 2978
2404 3727
3585 2664
1699 532
4978 2592
3395 974
155 3415
1603 2525
685 4467
2995 2958
815 2805
3027 1671
1812 1849
3385 1165
2340 4163
2924 3324
2995 635
288 3900
2561 4345
4612 2204
2598 4186
1642 11
4326 3300
2067 4053
1860 3307
362 4443
64 1234
4199 1182
3312 795
1416 1113
3053 2177
4856 4332
2933 2687
2018 269
1439 3337
2766 2940
3052 769
1076 722
3377 1583
1482 2633
2807 3472
3675 4160
375 3092
712 4413
4156 474
2407 4395
1376 3945
4240 1709
2335 1264
3290 3962
4980 2543
4515 1005
1695 948
3805 2101
1462 4606
728 2604
2029 76
4455 534
2587 1903
2277 2914
2595 4202
3487 4670
118 956
4314 4949
1701 1987
4868 314
4655 2586
263 616
1338 2923
545 2718
4591 521
4248 4760
3165 634
1482 3262
95 4526
53 3904
2364 4632
598 3800
966 1702
1928 1038
565 4778
4517 3652
4355 1822
3980 4216
3327 3859
2170 597
2185 3545
3099 4989
3131 3694
1122 832
4759 1921
1338 2585
109 3835
1243 1253
144 2373
1900 2369
3069 1865
1083 1126
2218 4156
4261 804
77 2521
1160 350
44 3091
2325 2185
429 1816
3154 669
2208 2705
2490 445
2893 4767
976 1612
1329 4571
4182 2069
2240 1281
4016 742
1164 948
2553 2064
1937 3084
79 382
3578 3312
2723 1544
378 28
36 2101
339 3539
1886 4851
3590 887
712 1298
1178 16
121 1208
1332 2382
1541 2106
356 1120
4524 2428
2999 4328
982 208
1827 2848
4272 3887
3688 2677
2905 1999
3192 4438
2918 3987
2878 1044
3002 4465
3107 3221
1361 1452
4124 3938
2601 3443
1236 721
1415 2717
2339 4912
845 4649
2081 15
278 3976
158 2264
4671 4191
3805 4751
672 1308
2195 2591
1167 2898
3394 1181
3917 4049
3520 4412
3763 1440
3834 3825
3386 384
3384 1185
749 3522
285 1410
2789 2791
4282 3056
2286 2706
4565 2121
2146 2519
1180 671
861 2192
356 1189
2170 551
4668 753
712 849
3221 2099
2006 4914
2173 1826
3921 152
1745 377
3252 2347
4112 3484
705 4401
2393 53
858 2697
2846 2373
2600 2508
4734 2501
3101 4627
2863 1688
3301 2400
2391 3543
2847 213
3083 3592
4800 1333
1565 3481
2510 1047
1602 3749
3513 1210
3864 4277
2458 3484
4331 1607
2583 1440
3642 1074
2930 44
4450 3191
7 3009
179 2994
1725 158
3428 653
4444 1868
4540 3202
4714 116
1858 1846
2623 3247
695 4831
2169 3109
672 4873
4680 2065
2759 4162
938 1552
3768 1394
1909 33
1132 1300
636 1352
3234 2688
1053 1265
4465 2332
1125 4261
1037 2591
1791 2986
4421 4996
1213 4702
854 4681
3560 2790
2349 2071
1035 4317
3012 3587
4124 1905
2712 1861
1355 4191
2901 4812
910 4152
4915 2073
2106 159
1882 4244
2218 1399
2136 3899
1865 4475
647 2189
2436 1299
2139 1574
1817 1820
4929 1316
727 1649
3636 4153
4610 675
4006 3832
2025 64
2481 3379
4813 4346
3323 2514
26 3446
2439 3855
3930 2233
631 864
611 1237
3319 2144
944 3064
4050 728
2626 2122
3045 140
4707 3199
3840 322
2231 1703
2833 2079
1465 3530
3204 2559
4811 3157
608 16
259 3994
4809 278
76 3427
1545 582
184 403
3678 3053
3456 299
4012 1641
2897 4940
140 537
3040 2824
196 1004
3226 2248
4899 3711
963 421
748 3904
944 42
3537 798
2843 2955
1585 1267
1285 14
2690 3736
2856 2103
4495 4614
2474 2196
3982 4091
3245 316
4068 4710
4490 2056
2884 3552
2262 4785
3817 4824
4081 1340
3902 4170
2213 3552
434 4808
223 907
151 2000
2940 2209
3646 4473
676 4655
878 4697
3200 1279
3201 725
580 3471
4296 4514
4815 2900
3942 2216
3603 479
668 423
1975 363
2874 1916
2512 197
366 4271
783 2088
382 639
4790 2668
1966 6
451 2822
4756 982
3473 4373
2105 422
1431 2609
4653 3578
4335 1927
1156 2392
1946 3385
4316 2068
2903 4616
255 4699
4223 3501
3119 3041
4789 1543
4920 4081
3841 4940
4437 3049
4202 370
3698 4942
3542 3527
3751 3999
4975 3046
3841 2967
475 2868
545 4935
4967 1075
2457 4380
2041 873
2757 568
3117 2031
4297 2791
53 1975
2691 373
4989 1731
1134 2859
1418 4748
2275 1328
3002 3856
2326 2062
2449 871
495 144
804 1698
2993 694
1173 1181
2089 2912
637 1396
4319 2265
1468 1910
2416 1178
1315 2319
2171 4183
2625 1174
536 4375
1231 4324
2040 2077
4218 2885
1468 79
2257 1134
1368 106
3757 4581
3576 255
3016 515
4177 2309
3016 1424
4321 4569
2866 4264
3947 4788
1951 898
2484 2492
2626 4
864 712
2042 2708
459 91
1855 1760
2469 843
381 285
1672 226
3203 2178
1815 253
2722 1557
4854 4277
4112 2758
4180 3622
3618 4121
4493 1470
2358 3245
413 907
4328 1966
221 1518
2159 4274
510 3421
3085 4890
3752 1626
264 3578
1363 4975
1298 4510
513 1038
1287 3280
2543 4428
4850 3737
42 1361
1269 4544
2398 2783
1234 2644
2095 3111
4637 4540
3648 2545
3081 4800
466 477
2170 119
1725 1511
4401 3999
4790 3067
1305 3340
1779 2488
22 1802
1347 3952
4028 4670
2443 2670
3545 2748
1761 420
4210 2417
3269 3818
3033 2633
103 4182
147 1689
3341 4946
4025 249
4652 2870
400 473
3028 4994
4354 560
3984 4958
4379 3415
1954 2472
1437 3036
1191 4668
2594 472
1501 4933
154 4952
283 415
3681 333
3116 3269
4796 2335
791 3374
3940 597
2634 3237
1021 2539
3860 472
4422 4392
54 632
2374 2000
1639 2896
3289 1506
1418 4388
2420 1771
140 3498
2179 766
3973 1435
3766 4976
2287 922
1707 2585
4094 3214
3820 4363
2780 1220
2980 1301
2589 2750
220 4548
623 2913
1047 4877
3636 824
4925 4411
1913 1188
1392 2411
1298 261
3179 1260
2339 4436
1409 608
2022 765
3186 3214
670 4713
2761 3183
178 93
4015 4779
1615 169
2584 2263
2089 4564
4868 4976
3444 3158
4993 4808
1186 3685
1738 214
765 1280
3320 2707
3643 2421
1633 3828
4791 727
84 1102
754 4119
4660 2460
706 2105
18 8
1677 3130
3729 228
4171 4945
1291 4550
1510 848
85 1251
1083 356
1709 1518
1138 1007
802 4575
2325 3069
2043 3330
4012 2997
2005 2502
4476 2030
3455 3712
452 1401
2494 4923
1995 3369
3234 724
836 648
1739 3942
137 4508
928 3749
1035 3701
4319 2316
942 4657
558 4845
3659 3955
801 101
2718 4799
4521 86
536 192
4999 2385
4877 2113
108 3079
1205 2590
972 4631
2221 1676
1688 406
4622 3589
1308 3593
4549 786
4225 2092
4142 1542
4230 4250
511 4564
4407 2092
1685 4912
1833 1808
1419 459
197 4384
2663 3846
1498 2207
1052 4874
1441 3998
3323 2998
2635 3434
3363 2239
3246 4315
2764 432
3115 4292
520 1034
4933 1651
2937 4316
3201 597
870 3298
4533 1126
2112 2964
3853 3771
2159 633
1603 977
3691 2844
1642 3794
232 122
3186 4678
35 897
2068 3739
4367 1185
2683 1795
15 4661
2019 408
402 3890
2334 1271
2644 3192
2769 4675
4260 928
2740 1573
4955 3111
4154 526
3102 20
1616 1151
837 2851
1537 1639
1629 1991
1479 3438
2178 2101
4101 3985
433 3030
347 2176
1215 128
4606 2352
3623 1496
2403 2301
804 3859
2239 2168
2278 830
935 327
2771 2140
4161 4131
328 2359
2066 3800
3088 3705
2944 665
1178 3006
1255 1448
1241 966
4315 1367
3597 4905
3096 2697
2528 1031
3485 2145
1291 527
1637 3758
514 2611
3220 604
3917 3430
210 471
538 2842
236 2942
527 342
1066 4348
146 1439
3675 2588
4471 1253
224 1035
760 2262
2762 669
4785 3806
495 1100
62 4111
4378 266
2020 2280
2602 4199
2698 3122
2467 711
1036 4261
2908 1024
672 2515
4096 4950
1917 2433
996 4610
3419 3871
4612 860
3041 4690
3178 1152
1156 3056
4855 1689
2625 1719
2990 1071
3313 1104
3825 4188
2469 28
2297 467
2941 4289
1767 623
4760 834
2937 1982
875 4682
3417 4709
3202 4131
3993 1903
3852 1932
3838 2111
3457 4316
858 271
3349 1161
975 4335
3260 2540
4618 3083
2624 4960
3038 2889
3754 2450
4075 744
4960 2457
3419 3764
4738 3401
2162 1209
2361 389
1303 2652
3381 1585
2386 4862
3788 2731
2183 42
4863 4063
2819 3016
294 1630
2566 1635
4411 3660
2905 834
4670 4799
3035 639
788 3994
11 4354
1408 381
853 256
3904 800
2296 3641
2983 2368
606 3452
2801 3398
3405 1821
3177 1207
3208 4572
3126 3325
963 143
3170 2572
3371 1298
4548 765
3771 2499
2929 143
2201 3973
567 1053
3529 4886
4954 550
1116 1632
4768 492
2190 3276
4654 2312
3113 3763
2676 4945
4774 2683
4593 1763
4787 3916
4949 2431
4439 2533
528 830
4487 696
1211 1025
4807 149
2471 1052
3504 3982
1668 3699
4537 2392
1674 3786
1570 3695
1139 2830
2346 3554
2737 3669
2415 1879
4593 699
4462 2812
1267 3832
154 4391
387 3231
2177 3208
1545 2854
1075 3006
846 1270
4665 2860
2803 2775
1213 902
3536 1575
3184 3330
4704 1297
1478 1501
441 629
4626 1602
2663 554
4765 4359
473 3373
3219 1334
173 2902
1253 4977
3916 1807
1878 3593
1987 2309
656 1275
2975 3000
1760 4642
2941 4173
3290 3350
3415 1038
473 4021
3391 2563
3649 3884
4278 2586
3302 1117
2969 2189
3874 2321
1102 437
3159 3845
1054 4845
84 1061
2939 3265
3440 1163
4880 1993
1125 467
2745 4983
4503 2740
4420 4847
2820 1375
282 1342
4661 715
3409 3232
4573 4913
654 1921
1033 3007
2292 2110
2312 4396
1299 2213
4301 1914
4896 1225
4956 1712
3306 2929
3839 2403
2382 4937
2896 4641
2258 4845
4103 751
1777 1637
269 4101
2814 3451
2347 3003
121 3122
3871 2407
2131 1852
265 4996
3817 4335
3347 451
4664 1436
1744 1153
4181 3562
3049 4269
2046 3492
4822 4346
641 3873
621 214
4316 2435
2310 2537
1283 4331
3678 408
2195 4264
4928 4740
4874 1609
4729 4833
726 4409
2891 342
1488 2743
997 2396
681 2393
4447 1797
1210 1692
3039 4752
3028 3404
4733 2191
1797 2337
530 576
4942 1925
2837 1598
2701 3202
4120 2687
2405 4891
1313 2173
1297 1735
4901 4375
4472 2558
63 2671
1238 2278
2938 4666
1298 688
3991 1644
3477 3981
1384 1383
2414 3719
1679 171
4373 45
1571 1755
4122 760
766 2044
858 1358
558 2885
1087 2756
4447 4250
848 356
4164 877
374 1027
1756 77
3503 4027
4853 2510
3164 1206
1087 4114
2161 1433
1827 2820
1751 4120
812 2163
1757 3835
4511 3778
41 282
3401 4003
3491 45
1728 787
4978 4766
3467 693
4215 4841
3619 2442
3012 4311
4084 905
91 1569
4034 961
2393 4293
3159 3518
170 1526
4964 1775
3138 1734
4698 1105
3833 3842
1366 3538
4072 3021
1978 302
1972 910
1716 2354
1618 1242
1119 1881
1456 730
4639 63
4394 1100
3062 472
376 4211
4933 2155
2197 1528
1139 584
1415 3774
3266 3405
2105 1624
518 2199
3159 1190
2208 2496
2816 1909
4533 3339
4173 93
3790 2284
18 168
2682 4226
2553 3516
3543 3215
1152 720
173 1739
3734 3495
1471 4203
1818 4202
4669 597
4313 4356
270 4535
1209 2633
1384 3349
2504 4846
3214 2866
3907 997
3327 518
4732 3055
4666 4537
1345 2062
4967 3916
526 956
1885 2498
327 2391
4499 196
3465 2160
207 1888
4719 880
2431 2527
4556 2216
2045 910
917 183
1524 4518
899 414
1290 176
3473 3838
3084 1286
3936 4457
4217 2037
1048 38
2730 3298
1068 3102
4388 4887
2842 766
4711 1669
3821 1969
4026 2094
3673 106
2410 367
3062 1757
4712 3865
2321 1435
4245 2124
1302 2125
3078 1664
1664 1091
1273 1904
1595 3439
1189 3271
4170 3600
364 1737
1509 4034
4533 3316
3792 2155
4453 2051
4151 466
2298 1591
3524 4051
1421 2106
4161 2256
1893 898
3704 4358
762 3750
1903 2608
298 1313
2671 2585
1554 1942
3872 2442
3004 2069
2314 322
2600 2165
391 2456
982 817
59 1453
271 1440
3713 299
3057 45
255 1297
309 4597
2564 4566
4125 2459
1648 2572
50 3768
1867 884
3564 1015
3004 1072
3735 951
734 339
4025 4071
3668 1077
4083 2483
3787 2579
4904 4609
916 78
4521 4236
4860 3587
1061 564
244 1274
4455 4190
1311 3748
2162 626
407 2411
4740 1068
4394 2661
1234 232
4988 1272
3822 3887
2410 2195
4234 3352
1269 4079
2754 4555
1532 1836
3208 583
1645 3700
1166 2410
3192 2764
2573 152
3108 3479
3759 269
251 1791
3907 3373
4326 735
3492 3574
1076 4504
2110 288
2047 665
4098 1660
3982 4568
4981 2230
1868 1416
2257 961
4515 1269
122 1643
2424 875
996 943
3395 2054
606 1146
1633 936
1992 200
931 4174
4448 2001
525 1040
4714 1396
3458 2145
4208 4790
1084 3794
3991 2931
3037 1985
3834 4229
1346 2124
3288 2932
3777 224
1409 1079
4593 2570
1087 3668
2029 4838
1211 1097
2557 4064
3045 2449
2363 233
1512 3979
4756 3269
2686 167
1512 4487
754 1422
4386 253
4533 3383
3937 2669
2996 1982
1375 3821
919 4330
1398 897
3211 3179
2524 1025
4039 3731
2467 2162
1277 2585
1228 3629
1218 556
2530 2353
4180 1406
3757 2304
2729 1490
2523 4285
1436 1286
147 4530
3129 4976
2861 2950
4681 2710
4337 2438
1663 2486
1050 1806
3090 1976
4583 3971
601 71
1208 1861
4464 1157
1928 4410
4354 4172
2450 70
900 4985
2377 923
2348 1129
2341 3030
3312 1169
4784 564
4946 3470
1231 1483
1913 1857
3155 1596
4594 1402
1082 4066
3838 4712
4285 262
830 2645
2768 1431
4148 1294
4071 2275
23 1653
257 431
2100 617
2678 662
289 3061
3794 4012
4721 4135
1539 4977
4498 2901
235 3212
2784 4096
4638 4897
2905 2380
1576 4649
532 4086
3485 1498
317 1934
264 4618
3553 425
1405 1967
755 1202
1831 655
2994 876
1205 3051
4525 784
3012 479
2253 340
1864 306
2238 3523
2405 3201
2212 3191
450 3760
26 245
2445 798
760 1953
3524 4948
2349 1840
4284 541
175 275
611 891
2407 2380
999 2779
812 4503
3307 3179
893 2459
3611 1800
1752 78
4638 2395
4213 574
1084 2520
3666 1416
4840 4868
678 131
1005 934
4288 2910
4646 3270
4293 443
4074 554
3186 2440
3733 108
4841 2232
1303 1644
1407 4071
1695 2843
904 2520
3279 54
3840 477
215 4806
4044 3927
3880 184
1696 4306
4337 4303
1334 4474
903 4930
1781 2158
884 1367
1297 3297
3938 1023
763 4610
1136 2596
1519 3086
333 2593
2859 222
4742 640
4644 2433
3712 4102
430 1060
2116 794
4130 122
1313 894
4736 1737
4088 3872
2030 94
1849 1042
4760 1942
2303 1263
4630 2958
2037 413
3969 3881
1216 4799
4064 4850
1304 4733
2487 4768
1164 2520
2290 4623
3074 3026
666 3610
291 3687
679 1114
3655 1263
4059 4129
478 1285
2368 584
4031 764
4423 3072
3048 145
2323 3923
4082 816
4545 4880
4872 4152
4307 2409
766 1326
4983 4858
547 4821
3114 3335
1285 3920
4464 1890
3200 1252
230 4562
2936 928
598 876
3692 2126
2226 4237
1337 2841
4905 3372
82 3388
3871 1058
4450 3754
3578 4102
3465 971
4470 1713
989 3263
1270 1656
3629 4426
2182 1749
1251 19
2796 4188
3149 1918
2181 3412
2307 940
3207 1614
2002 2186
4048 2653
4211 654
144 3821
419 3698
1476 2180
1823 1468
428 1450
4580 1087
640 750
1627 1119
2435 2041
2972 4901
1509 4151
4537 4272
949 2078
2714 3018
2277 141
522 1765
2658 200
2318 4436
1162 1505
3767 1470
3127 3477
2462 2032
361 4452
112 4799
591 327
3813 820
594 3518
4700 2380
3677 279
4977 1160
1481 2642
2224 4065
754 4285
1763 1843
3262 3020
4372 1632
2423 3214
1976 630
4661 3860
4999 3335
3878 3054
2943 2172
1892 3652
3868 1646
996 3654
2064 3650
548 610
2784 2308
162 2020
4966 2704
180 1310
769 304
923 1032
1330 3490
3535 180
4031 3763
3304 1716
314 1254
3861 528
4633 2657
3457 74
2099 4528
1927 1755
808 2674
4724 953
3524 4749
328 3260
3612 1754
1245 4879
660 3430
2443 3542
2929 4555
594 1229
803 3843
2561 4435
2809 3156
4481 4629
1168 43
478 4808
4389 4340
1597 2002
456 4378
352 4947
3095 14
3133 817
1386 3901
1446 4543
3553 4439
437 1761
4130 855
4546 1833
4686 3033
2460 3341
1357 3171
3017 339
2565 1625
2292 2743
4213 1226
1998 392
4150 1729
2521 4813
2983 4024
1418 1791
2075 2170
1293 444
4390 1802
4855 409
222 4547
2120 646
3786 920
2676 4167
1788 109
816 2477
2658 2026
1381 1965
4418 3147
2015 2037
4586 6
2393 2882
3610 4491
1622 1023
1023 4119
4076 2853
4332 886
2173 3145
3052 1787
2222 3956
2287 4292
212 4201
799 1188
4644 3723
2351 196
4355 4519
3624 2015
4702 2644
541 4642
4230 359
1081 3627
1864 4589
3528 161
4249 2160
2272 4911
986 2313
3250 4226
4834 3148
784 2510
2683 2608
1337 2559
2804 2230
1267 4585
1135 2718
916 4106
273 4021
4343 3364
2410 4248
4038 4774
14 1260
3556 4410
4027 2319
4034 598
2634 4672
3972 2203
1909 252
278 4249
2129 242
660 4582
2756 4531
4951 4374
653 4794
715 2545
2556 374
2972 4097
3595 3241
1612 4823
1653 2875
895 3351
2748 98
1209 3807
2740 2274
4235 1489
2131 4664
2092 4077
4264 4618
1290 3434
1402 908
3680 220
2120 2564
2617 717
1601 969
4355 3596
821 3520
4018 3905
1462 2854
4559 3902
3296 1606
82 4567
26 663
1690 1380
3391 4940
3427 1891
3830 1458
1288 1071
1635 2747
3063 4576
1301 578
2628 831
3032 4739
4857 142
1129 2281
1233 1643
3238 3356
3817 4354
4335 2923
2161 1364
2350 3618
2025 2181
2150 4739
330 1416
916 1826
3317 3967
1655 4318
4241 1689
2562 546
2190 2707
1683 2153
4181 1256
1147 1804
4182 2875
2275 397
71 478
202 2102
4354 860
2657 4280
3326 323
715 4144
4220 1042
360 1757
4200 884
4698 2862
905 3990
2286 1396
2048 3630
4027 4672
1533 1376
1538 1487
4686 1197
3911 3698
4610 3072
4404 877
93 377
4263 4004
10 150
3953 277
1694 4211
845 4443
3002 2979
1674 3962
4368 2628
3725 4313
3635 1845
3015 230
1217 1176
813 1994
3850 3456
3826 4243
3432 2278
3869 379
2107 4129
812 1885
1174 3885
4509 1579
7 3838
3564 2815
2907 3778
3887 2138
2519 1905
279 3745
4312 1045
4471 2625
4773 4049
3636 592
4865 2897
1852 3667
869 324
1278 1631
558 4892
1101 1885
655 2062
1715 2545
1573 3123
3439 1505
3592 364
4815 3000
414 3129
1641 48
15 3971
2182 2161
184 4034
4844 677
166 833
1854 4111
3329 1675
718 4697
885 3742
356 4172
936 1580
2148 457
2678 2149
4107 2221
855 3471
1104 3342
1172 4370
978 1991
1329 917
2686 3665
2833 3907
2170 1110
2328 1038
4806 2793
4144 4127
1454 3070
166 712
59 4610
4842 937
409 3346
249 1360
4804 1776
1348 1257
1535 2989
2720 2228
4424 2006
4058 4789
1 286
4227 2122
2658 19
967 2256
2510 3916
2819 3776
3913 4307
306 2110
3902 2094
166 296
572 2888
742 1719
4630 3615
2349 2887
925 661
1707 2962
213 14
439 4117
1244 1546
458 3338
2481 2419
4138 2591
1998 4753
1971 4084
1178 1250
4696 2079
2558 3358
4431 1853
1058 3700
404 2393
3886 2854
4265 4486
2948 4836
12 2939
1356 1059
2538 1910
3003 314
910 811
4709 2729
2851 1069
718 2287
3544 2753
2478 599
3285 3759
3429 1570
773 1672
2958 2931
1284 4678
2876 2927
1866 2233
4709 1705
3178 3680
56 700
592 962
4619 4091
1841 2386
1190 5
130 593
4328 3065
1239 645
116 307
919 4536
4613 3249
4647 883
1095 2355
2019 1836
3086 3732
3787 1287
3721 1423
615 1963
2332 2579
333 3174
3572 4429
1306 238
1168 4474
3219 959
2846 3911
2945 4525
3945 3586
3225 1370
2269 3672
2913 820
4336 2028
2406 4426
1721 312
2174 938
1120 710
838 3923
2393 1910
3809 2486
2918 228
2166 3958
1354 2951
3831 2195
79 244
4177 3335
1369 2393
3929 3173
415 224
737 2437
14 1962
686 3343
1268 4459
1187 2539
24 542
14 3208
3174 1476
636 4147
766 3438
153 726
830 4670
2894 3390
2929 3282
435 3907
2415 2784
4691 2760
1301 4364
3723 941
2823 1225
506 4740
4146 4349
1846 4390
2021 568
3439 399
890 389
2265 1097
3858 673
56 2555
2894 4076
656 3208
4277 847
126 3987
1736 4206
3142 3623
3494 2385
2495 184
4908 4829
1999 907
4418 4650
2263 2837
4365 2822
4298 2662
4498 4638
2740 2886
2349 422
2393 2340
55 1503
2595 4430
595 1186
4316 2887
4623 4692
1093 2944
827 4999
3588 2031
383 514
975 3608
4454 2473
27 1523
4060 4294
133 2857
1692 1621
1114 419
4403 2487
3214 1057
1083 4054
581 1154
4408 3025
4252 2025
2718 4497
3090 4816
1039 3154
3802 3659
1037 785
4883 3022
1737 431
2657 3532
1761 4419
4206 3256
535 23
269 2885
854 4505
2953 3216
2226 1130
1665 1750
924 4031
239 2458
3659 1185
2370 800
562 417
3711 4663
2214 3336
3212 1981
1098 2175
1716 4259
1503 4169
1431 45
2121 2241
2142 1130
709 457
3724 2114
2970 4105
3070 2493
1666 3271
1774 3631
246 3146
4938 4483
707 2300
1461 207
4938 108
2326 2544
4623 1199
2398 4868
3160 2769
4357 1373
1374 2757
543 4518
2551 2956
3480 2444
2924 4085
4037 3294
2629 3824
3549 3920
1378 2198
1976 2102
2925 3713
934 2635
1151 2953
4048 1268
4921 1249
2837 1624
1003 950
453 3714
4456 4144
4716 1215
615 3778
4643 3550
1353 3734
4010 1469
3897 3382
2693 3555
2304 1344
761 1353
2646 2525
1364 2142
329 1650
3108 4861
3613 4512
184 4752
3933 1613
3018 2063
3783 225
2731 2641
2958 3437
812 4179
2863 1857
602 4348
657 2831
4629 263
2936 4043
510 2124
1092 4510
2618 4189
2711 1916
2067 2355
3924 3589
4032 1412
4834 4620
4303 2860
337 4849
2113 529
4209 4459
4172 3025
4625 2879
337 4567
4360 1069
1438 1546
1543 3534
3464 2844
4523 2729
3630 4712
1856 1203
3122 1664
790 1636
3117 341
3566 3368
1199 4376
2238 1525
4455 2404
1149 1592
3500 2265
3386 164
2207 4272
4362 209
3256 32
3553 4095
3701 1808
2580 1789
4969 2721
780 3276
2857 2916
1298 3530
4777 2073
4763 554
1640 647
2018 1940
3362 4076
1801 1619
3141 1103
1444 2166
2851 432
1484 2941
4023 4015
1926 685
3012 2167
3367 3180
2349 3399
4176 4308
3785 2043
1215 1047
4745 1738
4069 354
3562 4853
3582 2161
2958 427
350 2682
3031 978
2502 39
4101 4055
277 1965
1973 1729
2342 2607
4397 1818
2381 1786
4342 3090
585 537
1166 4273
1546 381
1193 4347
4515 1784
4061 1126
2426 3863
2919 4313
2988 1536
2529 2670
2383 391
1277 4466
4045 4868
2467 371
2196 3870
1485 4063
2857 3097
3876 3775
1420 812
4481 163
3071 3984
1153 3486
1229 4348
3105 2123
1665 1899
1558 3298
3917 2406
83 3144
3575 2686
4663 2742
3023 498
3473 107
4459 1894
4637 3846
4440 1419
3333 2871
2392 3509
4766 2186
3332 2340
1269 1733
3162 4001
4287 1899
3772 3040
4536 2698
1341 3589
4534 4874
4714 2778
2692 4
632 3127
1148 1970
4596 4821
2238 285
186 4227
2206 4361
4795 772
1581 2983
3234 4439
3508 228
2557 1306
4951 3667
1067 3590
3257 1960
1925 759
2154 3881
668 4550
3570 3767
1175 2923
2868 2296
2144 1675
4428 4132
2586 1771
3731 4239
668 3054
455 4654
3981 2691
3384 1377
1869 2090
3460 2937
3015 4179
250 1924
4911 798
3888 1080
1323 3032
1202 2316
1410 983
1315 3940
3837 1991
2576 211
4412 1584
40 4524
1429 257
203 4811
4309 1708
2138 351
1063 318
4929 1003
4505 1235
2307 449
3806 3870
1229 2726
3719 2768
447 8
388 3832
381 2372
4516 1563
4109 1927
985 3782
655 1541
1362 504
1316 1657
4190 27
425 3467
4116 2034
4299 1429
1281 2766
4631 455
2901 4764
2156 4444
3879 4102
192 2866
4890 1650
3731 2566
4270 3361
980 1610
4783 1460
3386 3978
991 3228
4823 4147
3851 3429
3889 1761
2082 2856
2010 669
2095 4461
4695 2756
1097 164
1026 1363
4784 3866
3975 3618
1075 3896
2801 3571
2737 4690
148 1931
3126 1891
2394 4933
1546 3325
3644 844
4196 3539
1622 3405
301 122
4554 602
881 2143
2225 3535
3138 4620
4394 1508
4167 4729
2822 3703
3394 4175
1567 4144
4247 412
18 2441
4954 4561
4158 3486
3406 3218
3547 98
1866 153
2559 4274
4595 2687
960 4569
4553 3612
3079 426
3454 1899
1020 4804
3543 1018
1656 35
3211 4091
3475 3961
4751 4065
888 1128
1568 4819
3302 3291
446 2836
2474 399
1790 3829
4701 3638
1250 2189
2807 3826
3096 2230
2575 4696
4307 493
3821 2950
3908 3359
1989 4580
2876 4528
3001 3667
2874 3963
154 2920
4674 4990
4929 2283
4317 3788
388 1078
3176 848
2518 2169
2916 3617
2073 1136
4351 2587
587 2742
22 2441
2291 61
4590 2614
4289 4504
299 4894
3298 4948
1590 146
4543 1335
4134 3537
2425 517
3587 3966
4026 3922
4603 1855
1106 1069
2973 1411
4616 4018
4772 723
2996 1219
3747 2879
2372 21
67 910
15 4214
1104 1885
3180 3341
4324 3473
1273 4265
2891 3317
4215 762
3982 2390
3296 304
1117 2226
1096 1029
2529 695
2038 3391
1874 3657
3209 3036
664 1632
787 1839
4963 2106
3984 2315
1975 651
742 4310
1728 1469
2230 2977
3178 1496
3752 791
4479 3897
4499 4575
1980 3175
2350 2483
1416 1552
1476 304
3523 2263
4913 1802
257 1351
647 4828
4494 100
3456 50
3085 1903
2761 1433
3482 438
506 4563
1720 4358
4752 3044
1045 3189
2032 3739
4917 4514
4997 4514
2870 2104
59 4719
1561 219
3942 1150
2748 2392
1278 3560
4308 4710
1255 443
58 1172
4520 993
4064 4303
3905 3603
3479 3689
4740 2512
2866 541
2620 1508
4410 4069
4106 195
1093 3304
2790 1231
4913 2703
2481 1036
407 3843
1997 4605
1718 1256
3346 3396
3772 1381
371 2386
813 4932
2903 4659
3907 4947
538 3053
3215 1391
4706 74
3598 1474
2367 2997
1196 4123
3256 1598
2624 4818
1551 4984
4361 4775
829 3147
4830 3321
496 3903
1029 277
1582 674
2771 293
3027 3758
2716 3051
174 1309
1343 1462
1573 4991
414 137
1920 3022
4212 3676
4671 3423
2174 2183
1306 1264
3530 3196
1697 1788
3835 4718
1258 1609
340 2911
1040 1202
4743 3922
2085 2968
3116 4015
475 2468
139 3068
2270 1390
4603 439
2056 534
3321 695
1792 3469
3230 4972
597 4757
4311 1819
4449 2128
4547 4983
3500 4423
3444 4781
3814 895
554 2533
222 497
4323 2940
1784 1990
4879 854
4217 1187
4530 1951
2296 2451
4686 4739
2190 4799
1142 2718
2125 3307
1021 670
3257 4638
4519 1743
112 3001
4071 3616
2779 952
1738 1494
3730 1871
1885 4798
2414 357
2602 3322
4755 2949
3086 3719
3604 885
4255 4562
3061 4141
590 3777
667 1528
57 1384
1803 3012
2025 4367
201 1393
3649 57
3825 3679
1138 58
68 367
235 2486
163 876
590 2537
713 3637
149 3357
596 1232
760 3931
4880 2663
671 2479
1734 2087
4977 70
2217 1949
535 3602
785 644
4176 2076
3953 4417
3789 861
2754 2890
2277 1522
209 4972
2624 2281
4701 834
3543 1026
2028 528
2904 3140
1897 4250
2110 967
1577 2406
2 1937
913 1235
1645 1764
2812 4770
1984 3556
1038 3346
320 322
4598 3728
3294 3022
2181 2816
414 1508
2483 3672
510 4253
2635 4024
4227 3656
878 1357
2797 3764
2696 3639
2339 1818
1917 1615
2939 1680
515 4708
1377 4709
3486 321
103 3410
611 2379
122 4606
3434 3405
4223 4790
567 3120
1340 2343
3515 373
4527 2214
4411 3378
1575 3016
4207 3006
530 1021
4679 3524
3772 2135
1682 2481
4817 4831
733 822
1917 4081
1849 3831
218 3926
4790 4531
162 3548
3128 2679
384 3379
3900 3
4238 3118
2849 4177
2278 4913
4578 3199
3070 499
1906 38
1991 166
2327 4521
696 1006
4288 3727
4715 2006
4832 2855
838 2661
2947 3825
1645 2194
3134 1881
4959 3357
3000 913
2803 997
519 391
1533 2496
4331 2524
246 4696
107 3150
2226 4584
231 2884
751 215
2905 398
3919 4797
23 4716
1840 1717
2090 3981
1795 1021
843 1808
2496 2195
3960 3769
3295 3723
2698 3940
4982 4098
202 4831
209 167
2078 1547
736 4260
467 1483
664 3180
907 2931
2822 4785
3058 2063
3870 3600
1421 3427
4659 509
1252 1198
631 3299
888 1388
1713 1132
2423 422
4044 2086
4955 92
3088 4807
97 3121
1160 4980
101 4082
1808 1423
3703 4076
3716 2952
1976 4641
1301 4687
3444 872
153 1286
1601 1302
884 3217
4997 1964
62 1087
3838 2363
3708 3443
4246 3284
679 2340
4238 530
4403 3615
2570 601
3301 26
3837 4385
412 4090
2735 3881
4516 1452
1464 551
1765 2288
3452 1955
164 2254
4844 1880
4348 1158
1751 4557
1478 2970
3583 1905
2630 3192
4922 2629
404 3944
551 2515
335 1569
2911 838
1895 3298
3653 2368
1233 4527
2264 2065
1531 2181
1607 2507
4637 2565
3673 4460
284 2118
2016 4649
395 2340
217 1453
2075 608
2107 2498
3334 2875
47 3623
4187 4367
4976 2682
269 3025
2276 3312
1324 4289
4688 1694
4857 3454
2705 1450
1135 4004
3346 356
4628 4867
495 4596
234 709
1658 2404
1847 2037
2851 3111
401 2984
4137 4966
512 2403
4046 3767
804 4208
1721 2972
3447 1459
3273 3522
4235 4458
2510 4400
2388 2169
2665 305
1429 346
2758 190
4967 359
1349 719
3283 1181
2723 1511
4539 3475
766 676
2115 4239
4018 2596
4989 1150
1398 4434
4870 528
429 1668
1447 2732
3518 4469
3410 3799
4487 3425
471 1837
4484 3745
1756 4919
322 895
709 4150
3981 205
3933 2290
762 2508
3080 1498
4332 1958
3402 2812
2030 4983
163 4483
563 2961
3078 295
3506 2051
1850 1672
2043 1127
2523 2369
1684 2051
3927 1770
83 3469
1256 3775
2568 2072
2940 2677
1769 3126
4671 1545
4475 3985
2 2118
1457 1634
2786 1314
4350 338
413 970
2334 4273
31 463
3555 1892
4235 3943
2248 2820
4436 508
4981 269
3643 1103
714 3820
3487 314
4692 4305
175 4219
4793 3495
1428 251
2682 4921
2326 4994
4753 1075
3969 4568
3277 40
64 1652
1116 1968
3529 3337
3681 2999
2000 2825
3408 3995
4756 2310
766 4196
2002 176
1754 3735
4251 4899
3916 1198
4923 900
2692 3570
3247 197
2266 2131
1796 2495
2435 3788
3824 2954
2229 1242
3107 4663
3285 3082
2207 920
488 3772
2195 4511
400 1540
723 2182
2262 4093
3877 507
2365 713
2352 153
4057 1655
2173 878
4455 1082
2117 2840
2946 989
4949 2579
1958 2894
3774 3582
396 2107
3372 3536
3600 4539
4365 2994
393 621
719 2477
3857 586
2610 2999
1460 2325
941 2506
1654 367
1803 3274
2758 3182
927 4827
489 2771
4581 4338
1823 99
729 4782
2615 3138
591 565
1732 4499
1450 2950
1647 1819
2906 1867
4129 610
4246 4497
4882 3846
254 4100
4046 4544
541 3524
4235 2296
3805 1092
476 1237
2255 2230
1183 3840
927 1593
1411 3554
2923 4880
3455 3005
4931 974
4045 580
2210 148
211 3903
1625 3887
723 1601
248 2269
1105 781
4321 2174
4225 1666
1333 2977
96 2640
624 2387
2411 2872
4801 2320
2701 3195
4588 4689
2865 1256
3732 27
1725 1874
2563 694
260 250
2978 74
3545 589
3559 1330
2166 3818
2491 1861
2195 4100
2538 1993
2757 1512
1541 2066
4583 1310
54 3531
1513 1166
2962 118
1430 3818
118 483
2683 4793
1225 1243
2509 1006
1722 1780
2028 3187
3116 4828
785 3486
4689 2924
977 4182
1089 3023
3343 3153
407 900
165 3841
4691 2270
4883 1792
2905 242
1660 4724
1760 2640
4336 3564
1404 1038
1374 850
2562 434
2554 3280
1179 3599
4675 4916
368 1181
2295 2965
398 66
3578 4788
42 1756
435 442
3171 1859
1996 678
31 2703
633 646
1782 1100
3291 3977
3996 71
1912 884
2624 3955
3686 564
2313 512
4292 1205
4915 1464
464 217
2995 4616
1700 392
2353 340
1376 4004
4377 2259
4916 927
3773 3679
4989 2036
161 1061
2167 1600
2351 2719
1758 3455
2308 2010
937 4065
553 4582
740 2924
242 1993
2708 4049
2374 4266
655 2263
1502 2729
362 3631
3037 2247
523 2239
535 3237
1145 3199
4394 1137
4549 3429
2663 4030
3859 4941
3804 955
3589 2731
1151 1724
3466 3703
2045 2013
1218 1831
4342 3879
1506 1689
4104 508
967 2472
465 3506
2845 923
2226 1045
4174 2195
3343 375
3130 1855
2639 4126
2398 1915
3098 2542
1734 2426
320 3129
928 316
4545 2763
478 3680
756 4617
3879 2780
2211 3501
3812 3988
4177 4003
2228 4853
2873 1146
906 1214
1551 1651
1791 3900
525 1811
2205 390
4859 3718
1598 573
4248 350
2757 292
969 3726
403 3745
3764 349
645 1458
2247 2216
1889 1526
3819 1853
906 4999
631 2785
3828 3446
4738 4562
3314 2310
441 4051
3515 1694
952 1493
1737 1326
2549 3229
231 3163
2143 351
2778 3588
2640 4719
130 3348
2229 2499
3380 3342
3627 4820
4713 4417
3287 866
3516 307
1291 238
2111 860
866 1576
2604 1627
703 2448
2066 2913
1065 1277
4145 4561
4875 822
4450 2215
3490 2909
1925 2549
779 3745
1535 60
1225 3911
4587 4433
497 3386
2320 969
3788 2502
4713 4209
2943 1487
2335 3507
4904 4828
345 2431
2884 1907
3093 1218
2839 4591
3184 4666
725 2099
523 677
3350 3948
1738 4827
954 3153
4357 1028
2046 3091
2391 1124
3179 1524
2072 3189
1887 2216
884 660
565 1720
3894 1376
3262 3986
2163 4874
4927 4016
3716 4839
3932 2716
3360 4369
840 4785
1612 1887
3152 1692
64 390
4027 3965
4881 1289
4259 505
4059 3513
1712 1276
2302 267
2912 3504
299 18
1821 3814
1082 3957
3734 2778
2361 3418
2561 194
4680 1638
4894 143
2771 4682
4511 2552
3041 3034
3993 1849
3839 311
1004 2883
424 281
2415 1141
3779 3959
3840 1790
295 392
1029 4338
2453 1800
467 1594
2108 2532
3426 799
2772 3324
397 574
2556 1026
671 2857
2982 1106
2692 1960
4754 253
4906 1004
1968 1170
289 1058
2577 3950
4880 4225
3186 4258
1348 1159
4073 1371
3992 1156
2869 4343
1007 752
1848 1966
4552 1911
586 3689
1591 4977
262 129
2581 4160
2660 806
2856 747
4593 314
2911 2326
4 2980
4689 4511
2236 3279
3028 2729
2787 3628
3749 640
3535 771
38 3343
3496 4580
2603 4934
290 77
412 2547
4892 2514
2318 2111
248 2732
3665 3702
4171 1156
1566 1530
4408 1802
2377 1059
4466 1640
3388 2799
1367 4134
109 4472
3011 1552
329 1834
3836 4044
3480 1582
4006 348
3909 2631
692 2869
2197 1392
935 636
4084 3378
2819 2808
2392 2042
3804 417
870 4435
4206 4275
4060 816
2977 2718
508 1091
1478 1460
1447 526
4898 4731
4570 2372
2765 3063
4430 398
4755 3324
4649 3733
3522 1631
3190 4124
4210 1065
1354 3259
2515 4936
3944 2366
1494 1562
2121 14
4126 4220
1493 2525
2210 2041
1080 2307
293 1154
1887 648
1566 116
4356 3205
1240 4825
2802 1149
2962 4896
755 4409
2372 2371
3931 2716
317 2939
1057 4866
1143 2862
3079 1993
3753 2666
2200 380
2234 2979
2502 547
4320 546
870 4280
1642 4059
4963 4961
3348 1545
605 352
1113 280
4519 3556
3265 2568
4776 3098
2153 2630
3133 4403
4161 5000
4010 989
4893 2257
39 2950
4116 1628
1938 3312
2972 2416
3479 1747
2911 3025
1806 2569
3399 520
1994 2678
73 4357
1364 4571
1820 3350
597 4794
2316 263
1176 759
1168 836
507 1181
2733 1980
4384 2021
4198 1165
3810 642
2335 432
2035 3507
2508 228
730 3687
1390 3358
1219 2708
1820 3285
3717 1116
728 1611
3731 1314
2243 179
2059 434
1121 1360
1964 3977
4436 1989
3083 4130
2531 2572
4909 4371
1693 4725
4024 2439
441 722
2985 4906
410 1983
2240 4657
976 4668
1369 2327
2261 1770
3504 1291
4563 4067
1764 311
3276 2133
3173 3137
1079 3244
4003 4661
1926 3495
1574 1515
2734 3580
747 2826
4588 2149
3047 710
3090 4661
4583 4476
557 4054
2193 1472
3660 1015
1811 4490
4202 877
4374 3580
2176 3943
3774 4178
4490 4327
1237 4886
966 473
4956 3298
3832 4228
2038 4902
1837 124
434 1479
3302 2101
4716 67
4534 2580
4632 1224
3509 204
2176 1682
1135 2470
3031 3250
3191 118
4805 3756
3705 3780
1015 108
139 1762
2262 224
865 4604
4445 890
2701 972
3533 3731
4726 1841
4827 2793
3886 866
3818 1245
4811 2892
4362 3901
2985 2353
2598 1344
397 2268
3672 4118
2640 1282
4976 803
834 4815
3215 405
3707 2057
2775 1567
3392 678
1865 1699
4601 444
453 1381
1471 4445
3118 2760
2555 133
4626 1693
2855 1455
2309 2750
382 3396
4811 893
3431 836
1209 2225
1692 3017
3407 3830
1757 2027
648 4127
3702 1976
4343 2188
4322 4622
3400 1905
3227 3179
3886 4710
2870 1910
3227 1143
2875 218
253 1885
466 4686
4783 1268
714 213
1156 4531
4706 1187
2206 2207
2810 1817
4596 3800
1945 3101
647 3463
330 904
1376 224
3968 890
3933 1668
1088 4136
1159 214
4861 3251
2849 2559
1554 569
4216 655
537 2353
2069 1447
1367 1275
472 3242
4806 46
1499 1462
162 1785
3202 854
1718 906
3846 4284
1150 3564
2309 3695
2486 2864
691 3693
902 3883
3884 2417
2939 2089
1150 447
323 3938
4899 2883
3143 3448
3773 3190
4091 3219
4604 3657
2370 2180
2086 1621
1372 1456
4836 4933
3145 2072
1777 2103
2318 2831
2972 2522
4638 1294
1000 3413
4912 324
1771 1740
4350 2271
1134 797
2617 1708
1380 4366
2676 3198
4125 1287
1714 4451
957 2242
2644 1886
830 1334
4083 3456
4637 940
2763 1473
2371 840
2975 3599
2711 1588
1258 298
1500 3348
2672 1778
3220 126
2540 3298
3300 3346
3947 3970
566 1801
4584 1925
1328 1316
3216 1102
4304 2805
2315 1691
1699 1261
1793 457
4419 4507
153 4612
3703 3139
4990 4323
1000 4831
1100 3228
1900 2542
2763 1474
4363 2976
2912 203
3872 3714
1287 1226
4832 1450
2615 524
2611 2662
2670 2692
3140 1951
2507 874
3614 2255
343 4721
2728 2060
2566 3544
4548 3189
3039 34
2620 4548
4515 2208
4565 321
1036 2756
970 3141
3952 4087
92 3250
575 3118
2055 3614
1903 526
2387 4108
4426 247
3317 4090
835 2806
2250 4382
2706 2921
3611 400
2673 3755
2090 1471
739 2747
1797 4735
3198 2037
2434 3733
3226 954
3499 817
4945 4357
2035 910
2348 3204
256 2270
569 1124
2534 1417
2995 165
89 2975
1873 935
3382 2046
1831 334
1712 1526
3956 4278
2717 3838
1122 1790
2711 462
2906 3843
3540 1351
3486 1748
1014 226
32 452
4335 2890
3159 4927
866 4971
474 4288
1411 1197
217 2450
3596 3395
3200 533
1767 4389
2947 1745
404 833
3237 1616
4082 559
3177 3742
4782 975
4346 4581
55 4171
1066 2700
287 1086
4999 965
4845 3628
178 4192
3537 2362
3253 2853
385 2112
73 1396
4524 272
4648 3353
521 2974
4270 1118
695 4191
2713 814
3648 1384
4013 1969
1359 1757
1653 3950
3278 3935
999 2577
634 360
368 2072
1387 2176
2008 1886
1617 2297
194 2292
3247 547
4830 2355
4408 507
4922 3800
4564 1979
3691 4648
4127 4812
934 1145
3116 666
1499 2287
4309 2746
750 882
3619 2302
1222 4842
338 538
3823 2123
313 859
3826 3547
362 3304
2715 2024
4976 2800
1538 3588
2967 2387
3881 1734
4413 4330
3105 59
3267 232
3247 4123
3905 100
3380 558
4827 2327
443 3189
4037 2957
330 41
3778 4721
2591 4778
1951 2545
3802 4204
871 1025
4235 1407
1141 3435
2469 3671
3541 680
1448 1307
1621 4688
1068 1931
3397 2960
1976 522
2321 3456
4119 2760
1752 2826
2726 4823
139 4712
509 632
3368 4920
4916 1247
4612 346
3808 1115
1123 101
2921 3170
3211 701
816 583
1460 788
120 3360
1298 3759
881 89
2805 4687
2657 2338
2926 4919
2164 3296
2868 761
