240
60
398
456
22
4
76
195
15
119
46
302
88
164
144
123
520
36
133
70
276
200
89
104
130
160
412
266
25
303
160
703
422
267
42
425
54
505
161
338
608
199
397
378
140
95
90
351
121
433
387
377
3
568
148
56
76
127
204
538
356
420
233
497
404
332
73
88
56
268
65
261
365
58
153
141
424
104
145
303
459
328
358
27
143
256
172
189
419
338
251
656
576
172
405
365
138
230
428
485
548
14
98
168
434
173
166
145
163
418
297
137
123
337
377
143
115
178
61
295
332
151
114
22
23
124
268
350
438
101
170
439
177
613
235
44
40
281
271
133
488
119
44
33
74
443
377
433
225
35
175
260
243
5
6
427
124
388
137
415
109
84
514
352
249
371
188
174
477
373
131
155
462
391
305
150
247
308
257
44
353
524
238
117
117
328
74
5
416
46
119
579
116
31
286
258
244
281
532
121
114
66
238
285
277
54
119
91
111
21
426
250
191
113
36
349
304
474
326
592
65
137
256
17
53
717
35
469
448
169
253
167
305
119
499
275
220
634
31
160
388
74
27
428
271
243
401
179
9
621
53
167
95
61
353
155
292
508
427
325
119
171
278
53
385
503
180
408
216
161
262
300
255
36
43
249
138
198
195
282
166
270
135
581
298
373
526
407
353
7
109
73
234
159
344
403
326
146
225
352
67
98
142
600
684
349
317
355
214
407
83
18
612
197
42
78
646
281
205
70
114
266
138
226
64
184
100
535
217
164
105
101
220
406
71
355
4
22
183
60
159
480
382
226
245
339
614
91
179
63
85
170
414
196
109
355
311
405
48
35
32
486
444
23
51
346
391
143
48
242
21
565
332
53
226
154
265
230
123
15
422
26
291
95
514
165
123
220
271
195
168
426
135
82
392
124
206
118
271
21
507
12
118
23
39
163
162
480
346
342
136
518
260
314
138
147
9
23
234
252
129
67
486
303
176
190
290
216
494
38
165
69
131
342
247
649
244
537
552
124
410
52
299
293
524
432
176
584
440
66
417
288
171
516
239
212
2
50
199
337
75
190
125
551
25
82
381
54
68
129
47
78
500
260
267
185
116
45
428
32
151
104
209
115
428
194
448
445
493
225
62
176
327
620
251
321
57
214
151
189
661
68
74
558
28
347
587
435
176
219
281
96
374
453
98
37
244
20
233
103
46
287
258
259
313
224
408
189
594
40
362
176
194
58
496
556
58
642
392
289
175
471
17
581
226
111
56
302
220
58
5
274
31
188
38
224
23
270
40
378
285
102
251
5
471
149
53
501
519
268
42
470
121
247
85
40
284
75
74
597
96
119
204
294
62
258
170
206
360
202
345
121
483
31
523
536
574
265
294
74
55
83
542
291
97
283
13
70
93
37
90
440
86
293
264
635
322
503
78
230
58
304
386
715
50
44
19
524
600
112
508
88
29
57
57
118
306
63
242
309
323
702
412
354
522
385
372
114
62
493
211
177
521
163
656
35
48
677
336
215
6
14
528
149
316
121
253
7
162
336
141
108
111
273
110
30
628
186
141
30
263
160
317
339
147
123
4
98
76
31
150
154
41
53
15
383
154
147
263
455
242
53
304
355
79
410
404
347
630
568
368
47
75
104
309
49
153
104
346
184
528
231
202
7
162
602
135
576
104
130
468
352
84
414
264
166
249
601
399
139
376
214
-1
337
174
479
30
2
524
443
512
105
100
421
277
136
373
386
403
190
332
385
419
258
113
408
25
177
374
142
267
16
123
70
7
185
57
310
280
12
355
287
218
245
9
80
311
305
548
173
21
46
74
69
174
264
565
28
204
75
192
148
356
350
89
4
209
349
322
174
22
81
9
234
10
70
64
444
480
168
149
556
259
10
447
66
81
171
293
222
730
419
374
273
55
72
291
379
489
51
529
177
450
308
102
241
473
564
95
242
367
8
328
57
22
162
229
101
243
521
28
434
135
464
-1
144
160
94
170
548
128
222
103
115
222
410
139
40
363
199
127
29
336
125
455
333
305
20
123
221
246
18
143
203
390
436
576
321
323
605
189
86
515
183
6
253
180
607
171
3
560
325
468
163
242
459
553
480
467
171
403
434
130
466
373
99
603
130
317
91
271
238
315
105
561
126
204
293
438
84
322
95
37
315
346
588
14
114
11
58
435
62
4
398
468
152
2
55
159
154
40
429
162
300
341
140
242
51
333
594
290
302
109
332
68
314
69
135
147
255
249
510
499
543
204
54
47
601
354
426
367
30
379
417
432
234
174
130
518
155
145
255
105
82
168
45
437
129
434
565
504
165
373
260
672
208
140
203
189
2
90
124
545
311
117
24
540
400
709
540
126
379
243
34
105
465
253
590
417
286
35
198
126
665
11
239
345
217
154
173
596
247
451
109
104
77
349
164
602
200
692
252
393
296
508
150
315
186
133
178
11
157
423
41
577
258
208
232
164
580
275
444
420
17
134
76
516
74
15
168
447
345
109
42
532
22
96
76
452
156
8
158
171
273
281
53
149
208
568
476
258
496
201
487
164
481
81
330
301
3
272
140
75
149
56
342
99
450
65
342
54
48
92
10
23
79
602
82
313
381
36
241
525
180
508
357
255
1
130
26
25
679
452
142
121
343
429
148
112
39
218
535
191
275
591
362
678
314
144
155
475
29
96
48
460
31
344
331
72
392
33
148
105
49
598
462
466
486
442
236
324
552
624
211
130
263
493
699
221
391
140
114
246
120
65
411
227
168
232
452
272
44
353
102
410
66
15
19
647
509
357
39
598
580
16
10
91
294
294
132
401
502
276
444
410
25
166
20
464
138
17
258
10
254
188
158
103
458
344
491
102
415
132
53
266
279
553
377
232
347
82
431
10
491
296
100
305
116
184
478
172
461
165
52
243
158
10
617
34
173
97
330
303
128
214
199
236
389
669
541
22
16
252
392
682
146
17
553
220
291
503
174
466
2
519
413
63
139
247
437
63
122
398
17
257
69
10
572
256
94
511
532
488
150
325
277
265
24
244
463
35
255
116
190
123
100
36
100
581
78
23
48
105
153
372
203
169
332
32
93
518
531
101
305
375
407
64
225
171
301
345
337
453
24
202
436
287
309
63
185
133
83
129
64
264
231
238
322
30
181
173
81
447
250
120
40
154
509
10
216
115
40
371
448
255
246
322
167
92
109
422
67
639
19
708
78
333
370
18
188
160
56
1
415
85
141
252
386
736
204
452
239
20
318
92
29
2
112
106
476
118
46
698
265
42
372
485
382
245
72
199
9
377
355
269
368
163
416
153
164
175
120
15
503
245
84
24
365
15
228
14
120
228
7
91
79
8
632
575
135
83
431
320
677
35
163
9
8
325
330
116
30
72
284
39
46
243
255
106
267
391
73
100
80
225
362
440
139
52
126
231
613
108
61
41
16
67
326
78
270
365
355
15
275
375
251
144
149
54
160
100
85
358
248
76
138
25
100
610
172
356
416
386
225
438
29
28
90
59
240
380
17
163
478
226
78
128
133
56
209
163
41
35
388
211
154
331
102
218
290
490
88
407
390
96
287
35
33
64
303
246
433
490
129
300
160
210
738
573
399
248
293
448
544
55
257
22
141
278
118
196
650
24
104
133
163
64
370
92
593
666
520
75
77
154
350
280
83
365
16
340
312
405
557
139
450
31
357
171
211
446
206
164
318
641
346
243
84
226
298
116
182
617
180
83
421
237
117
250
167
93
364
332
131
346
97
78
238
415
595
222
183
26
236
354
441
423
119
629
175
290
111
115
148
21
527
445
596
66
343
264
541
464
31
420
195
81
237
225
107
517
351
202
268
380
269
298
408
641
309
567
103
235
456
278
264
608
523
88
163
345
124
20
243
400
83
231
99
390
389
166
74
318
169
268
238
387
75
335
100
97
397
302
121
296
76
336
130
327
40
318
46
128
3
534
375
56
163
219
7
518
6
285
84
390
356
270
43
26
465
550
7
452
72
408
5
271
4
310
340
262
310
545
44
549
325
654
271
124
629
345
197
320
80
90
200
369
437
305
443
253
15
439
40
337
644
225
114
361
182
328
109
132
160
2
23
126
338
182
187
338
129
499
103
186
141
488
99
354
85
84
551
560
44
295
9
434
372
199
53
51
119
399
83
391
319
166
102
77
62
48
355
685
430
110
43
457
80
98
426
100
307
152
355
142
56
349
585
51
319
438
437
199
52
181
23
68
114
257
277
16
570
130
342
199
11
287
128
349
415
107
299
85
18
352
376
428
641
523
577
12
164
496
39
428
501
77
238
309
163
112
141
183
586
399
307
79
547
424
20
141
153
228
167
300
232
580
-1
55
134
58
119
35
150
49
66
228
121
393
150
88
349
175
135
244
166
125
234
97
93
272
492
160
443
110
481
410
333
129
119
378
37
77
558
105
46
244
408
234
2
522
113
300
266
70
91
410
209
259
435
29
125
606
331
707
363
1
114
238
4
10
89
13
86
163
299
573
77
400
661
307
198
434
239
330
244
316
211
60
234
303
321
105
133
333
153
144
253
193
183
377
121
115
429
302
537
281
223
52
104
15
416
24
53
378
576
542
439
348
247
527
143
384
266
491
45
36
29
62
258
523
350
444
124
465
134
205
13
55
42
156
211
206
204
98
207
371
283
280
295
454
377
390
60
385
-1
279
103
157
43
164
292
436
750
232
80
1
457
210
225
422
424
343
331
141
316
50
262
154
230
434
342
113
261
122
647
239
413
546
294
518
101
169
468
299
77
138
81
111
549
77
493
35
529
62
238
688
454
71
79
360
186
159
458
491
634
108
197
307
397
262
242
82
33
100
252
331
201
262
11
425
252
87
430
172
59
500
540
19
56
575
385
346
67
50
206
358
66
266
126
202
426
230
199
464
22
445
37
482
321
86
336
179
81
24
49
159
357
126
589
22
249
213
42
14
410
371
42
208
218
355
408
577
594
327
87
220
320
139
330
375
518
332
36
453
525
321
51
304
631
207
329
144
147
429
212
20
7
340
355
557
80
573
579
17
34
275
395
117
206
407
519
116
169
352
22
159
320
307
639
378
182
98
603
332
317
46
266
15
349
9
255
193
60
383
163
29
96
194
33
343
188
18
187
509
73
109
57
11
6
99
510
133
34
27
749
303
112
431
38
370
505
18
82
99
348
515
26
150
247
532
115
109
62
55
77
328
6
474
245
233
297
327
438
452
412
307
75
2
302
148
378
325
253
140
215
412
205
54
249
223
315
434
138
92
29
155
400
57
476
82
641
62
266
239
5
488
333
278
193
6
194
84
147
277
20
22
533
250
293
345
80
141
15
389
355
375
406
27
683
541
341
221
437
149
55
26
103
414
457
403
565
151
338
336
245
181
79
504
425
396
105
14
90
214
90
291
249
182
374
454
297
104
238
546
93
331
264
488
177
384
324
571
19
491
232
80
172
24
210
69
279
457
35
216
349
10
20
363
90
341
504
429
79
143
378
207
456
18
109
120
195
3
1
18
272
458
612
275
314
234
436
216
307
95
3
178
249
246
483
18
383
474
7
414
378
63
370
221
21
336
371
435
-1
558
249
378
548
87
346
365
340
106
186
243
461
95
432
152
310
622
185
443
5
114
297
101
57
228
285
292
365
2
36
50
289
173
427
185
462
299
60
223
526
301
104
637
179
24
8
417
208
397
183
521
248
474
12
33
15
407
255
393
271
221
61
215
136
28
574
264
160
232
563
316
265
99
201
94
27
91
11
91
198
22
25
38
57
441
96
523
306
571
179
171
101
14
197
15
33
16
96
161
177
26
122
111
315
442
309
408
297
199
474
209
288
245
51
176
618
164
521
177
45
338
4
256
162
131
116
119
520
328
422
514
195
109
394
293
11
417
176
217
200
163
33
522
202
46
754
571
352
247
79
323
319
176
271
99
637
290
388
137
218
15
621
291
22
142
10
496
78
383
225
532
388
445
320
81
352
235
230
440
134
67
207
190
183
439
27
50
132
406
346
417
184
136
391
154
116
168
120
306
479
77
398
258
298
151
57
384
602
151
103
184
299
4
117
425
354
343
57
254
175
170
512
97
21
187
271
6
330
366
83
7
429
100
387
579
297
208
393
32
332
174
359
214
393
76
611
41
101
348
431
513
190
438
103
444
429
213
124
133
97
54
413
576
179
590
73
137
299
30
276
20
398
462
373
475
418
72
84
183
186
545
425
365
405
262
249
175
99
263
295
323
313
106
24
340
217
185
181
12
95
53
139
21
488
97
435
31
325
46
581
43
442
211
621
180
214
325
70
13
13
511
367
113
554
104
78
21
28
202
24
64
79
217
55
130
276
407
89
125
52
146
212
170
504
212
443
277
220
144
262
116
624
568
363
427
346
471
148
99
115
546
391
515
274
306
104
559
184
143
231
129
31
265
252
32
169
277
135
339
479
144
447
143
200
115
70
312
603
179
120
218
522
520
281
188
293
435
78
20
210
446
447
185
175
345
287
263
265
195
320
306
238
171
345
20
343
491
15
15
285
591
343
213
569
33
306
732
68
519
538
36
102
35
115
243
228
334
258
400
155
110
284
72
451
96
494
34
358
52
244
350
460
214
382
5
559
433
494
276
153
331
172
142
150
648
490
146
10
308
381
240
115
92
315
378
522
172
501
251
83
160
217
163
478
348
476
446
15
512
283
395
207
48
63
87
187
209
98
632
542
36
171
148
491
443
163
171
328
91
186
125
462
342
40
173
28
33
150
134
274
26
171
36
238
279
30
573
313
514
184
321
495
32
8
79
237
223
265
130
265
21
272
58
7
518
631
98
415
328
72
252
309
294
512
415
77
14
27
358
27
78
49
482
27
70
62
208
505
63
165
114
340
180
117
443
576
189
383
95
198
235
448
116
340
183
2
523
55
720
135
13
607
294
71
240
349
112
139
454
298
407
330
322
688
496
340
121
257
23
394
467
76
404
359
131
318
327
357
181
156
107
69
360
24
466
82
58
322
133
200
187
413
258
392
225
258
494
334
154
248
80
681
217
309
31
23
455
405
507
469
346
1
131
249
310
213
475
160
222
424
207
437
95
65
32
556
453
345
42
39
291
14
366
372
241
28
14
189
422
36
328
314
157
302
142
204
178
358
352
184
136
108
359
464
509
113
239
34
76
51
146
343
272
31
472
172
148
321
262
14
223
256
494
107
93
53
42
218
557
153
201
372
308
62
229
94
165
80
173
381
39
65
71
242
80
113
273
480
465
575
356
58
158
238
633
320
260
235
444
232
306
458
10
554
159
252
366
154
548
510
642
524
12
9
358
308
239
171
480
109
651
384
8
2
355
437
54
53
287
19
459
392
202
13
44
614
104
253
369
110
329
565
337
501
92
397
156
196
39
228
168
10
356
506
175
294
245
209
3
189
51
225
308
115
226
165
432
554
24
159
35
188
24
206
209
184
271
130
251
98
358
224
343
35
168
619
105
315
286
29
22
262
187
2
93
455
143
155
86
212
120
88
157
190
113
156
268
622
39
93
102
202
148
127
371
107
374
3
60
172
19
152
5
51
534
27
373
456
147
74
443
89
228
398
15
362
297
220
15
64
103
169
503
171
188
271
89
59
277
121
99
66
10
456
404
297
210
286
511
431
-1
68
241
27
228
468
219
311
47
184
271
413
34
87
118
605
644
197
339
188
420
601
197
8
535
449
608
168
334
684
154
47
15
219
635
65
63
43
169
201
400
225
524
227
6
189
363
224
8
109
559
165
407
571
15
207
425
463
112
308
400
47
209
88
62
327
202
467
452
389
329
44
562
129
210
216
130
84
84
260
557
247
401
217
265
259
321
239
372
617
713
14
189
539
217
227
26
267
137
6
326
152
135
561
595
415
470
96
366
98
29
27
247
261
21
9
385
147
476
306
292
56
44
388
628
339
415
123
353
624
112
367
140
572
81
208
287
669
7
237
436
360
516
330
159
68
57
105
44
581
318
221
364
155
117
38
309
309
82
401
130
287
17
103
312
364
504
25
87
55
292
337
2
606
100
197
225
188
39
251
110
283
167
550
204
131
446
682
262
371
1
243
450
636
346
215
585
256
514
59
288
110
409
513
393
355
275
362
69
47
110
95
59
40
30
204
189
435
158
530
381
137
220
339
276
369
6
178
102
138
343
356
431
254
479
502
420
359
172
405
49
49
42
77
157
229
473
601
125
121
362
620
60
205
295
60
343
308
676
76
229
408
234
132
69
211
344
420
252
49
338
435
344
479
505
418
95
425
254
102
520
349
74
75
270
370
313
399
137
156
57
240
262
171
390
340
645
385
160
510
333
118
81
181
563
539
486
267
337
558
332
10
184
35
297
29
566
111
123
488
35
-1
339
194
303
205
376
424
13
170
74
608
82
111
337
32
490
208
149
272
210
250
628
481
140
236
396
121
179
110
18
81
48
400
124
166
62
377
140
266
194
98
29
361
27
122
220
248
480
332
297
260
58
368
76
385
383
106
123
152
15
134
156
722
65
5
495
614
104
81
107
316
22
20
78
456
156
114
343
449
173
120
231
635
25
205
537
115
348
254
333
701
80
413
331
107
245
113
43
626
233
362
67
160
183
44
102
17
96
410
408
350
199
118
491
644
105
108
595
224
366
236
332
732
393
46
83
393
182
124
49
56
232
353
208
13
536
85
352
263
515
351
345
235
227
153
157
168
360
110
361
135
25
55
296
151
453
539
184
67
332
77
214
127
144
92
583
207
335
173
306
35
415
230
391
478
422
307
44
47
394
196
183
46
212
170
34
135
15
383
108
12
404
161
249
287
282
312
255
229
217
417
126
42
113
291
282
299
1
81
340
210
6
69
497
126
342
582
89
5
586
439
291
84
47
387
169
121
584
37
342
117
65
606
149
105
321
272
262
104
175
65
166
114
411
217
409
26
330
25
374
308
148
14
369
129
522
151
253
489
211
196
242
178
417
495
587
519
529
244
497
145
145
54
432
270
673
32
493
142
198
86
43
272
173
279
230
115
21
250
713
324
172
533
32
80
490
66
432
13
164
438
224
238
113
428
651
146
32
654
520
483
17
522
325
141
447
194
35
184
101
352
440
209
64
145
6
28
82
175
6
35
341
23
214
107
193
526
38
350
203
23
32
375
60
394
3
107
663
160
87
509
432
4
280
232
532
515
178
90
211
223
26
129
292
115
378
13
109
82
188
248
15
41
201
25
332
395
589
90
499
249
31
418
125
4
61
514
145
149
12
221
129
277
447
63
402
8
18
96
67
531
379
203
78
152
367
193
209
447
41
85
479
508
20
358
19
308
373
487
406
22
105
100
102
403
2
153
373
477
430
287
25
263
81
384
66
75
118
160
37
197
710
413
429
133
351
516
638
101
228
61
84
174
211
371
184
544
128
483
395
273
241
111
5
268
156
102
19
115
10
166
19
467
162
520
28
451
199
120
67
197
122
404
4
363
235
-1
283
74
622
323
387
84
24
666
127
281
116
157
612
225
109
433
122
266
164
101
135
155
115
229
514
258
239
603
329
390
203
228
545
139
245
308
55
646
592
522
93
232
205
339
85
497
216
672
49
188
361
456
121
408
183
45
20
22
422
160
454
712
557
35
346
572
67
116
272
217
152
104
15
26
331
116
408
285
526
181
491
355
393
17
263
156
212
109
501
343
240
57
21
131
520
542
105
431
387
277
132
62
235
376
621
208
191
547
722
623
103
452
22
216
367
90
442
70
10
208
205
358
77
213
390
156
387
460
15
304
231
406
32
557
217
198
432
370
381
169
37
187
132
474
286
36
50
25
81
415
494
299
156
235
86
150
525
27
203
279
150
27
261
412
303
650
57
139
393
177
326
116
510
39
142
67
65
268
112
44
144
508
139
2
137
629
596
375
169
346
348
580
581
289
143
235
334
57
263
15
106
109
378
41
497
15
358
320
466
221
359
150
41
140
150
155
215
486
204
14
380
187
143
379
212
230
166
72
400
468
135
63
145
62
84
310
233
388
453
401
92
329
106
364
181
683
23
112
65
125
22
223
545
108
60
477
502
123
8
523
229
429
223
404
4
60
179
367
33
123
547
156
324
2
295
544
124
178
329
117
1
100
30
327
185
330
294
47
466
66
175
289
49
9
64
285
199
113
102
656
388
450
271
377
101
78
325
283
47
366
314
296
160
499
558
332
309
209
5
486
356
90
43
293
114
194
444
185
65
238
82
474
377
367
181
68
629
445
496
279
90
137
46
273
149
275
280
13
31
644
357
50
34
250
72
270
243
233
488
341
215
233
46
481
143
496
454
220
268
297
20
364
560
60
238
172
142
45
236
42
672
156
340
712
96
75
257
445
468
201
11
27
114
424
232
255
187
318
412
145
543
158
688
696
459
125
408
61
419
92
241
382
279
360
105
73
115
280
188
514
1
156
231
453
484
233
336
483
404
335
45
348
475
104
40
216
72
250
41
542
29
5
186
251
249
396
316
298
418
515
323
94
271
21
435
395
413
359
121
466
343
345
193
449
8
263
310
403
567
144
31
218
428
299
191
33
387
179
292
384
113
41
30
21
312
395
238
492
362
307
329
34
208
282
129
507
584
406
305
405
313
97
363
17
360
240
139
270
62
9
105
81
458
430
13
349
444
213
95
277
570
415
282
215
147
382
176
589
12
362
211
609
97
117
386
198
560
501
392
263
33
191
32
223
227
91
257
263
253
43
273
563
249
2
368
88
17
172
58
485
144
194
43
61
214
404
155
365
279
493
60
407
106
285
34
329
275
219
222
327
495
458
10
150
253
335
191
625
55
259
291
340
91
17
453
343
92
248
414
46
244
60
237
596
56
249
128
84
64
346
239
364
176
29
28
381
313
108
151
705
312
94
284
648
124
264
98
131
301
82
195
258
387
434
383
90
8
164
345
474
439
333
194
304
388
123
290
622
260
166
68
90
15
75
165
53
503
312
187
572
81
494
224
27
282
85
44
22
140
91
325
97
162
557
414
203
226
654
319
206
78
53
477
55
357
107
43
30
61
253
263
424
73
174
201
106
413
7
679
115
521
288
154
162
599
429
332
435
467
366
192
42
220
374
472
157
6
204
152
514
174
10
328
181
207
342
21
268
306
230
23
344
10
113
227
271
432
560
78
509
573
123
146
296
548
78
341
78
171
15
48
176
444
495
66
426
195
168
15
121
426
211
40
427
334
145
152
97
128
377
131
412
37
255
159
165
7
236
33
400
49
310
379
443
528
500
275
31
199
429
261
173
216
324
348
347
131
47
71
419
408
260
226
97
472
259
349
456
278
72
255
379
318
219
132
181
14
466
526
562
415
437
301
552
551
756
380
219
392
191
135
5
338
305
467
301
335
472
259
80
203
84
497
394
451
482
97
182
429
239
202
181
7
512
68
424
278
121
7
538
203
19
261
231
387
307
500
337
7
5
329
62
383
29
464
96
457
96
362
414
169
303
185
166
176
333
285
246
66
727
134
298
204
543
119
189
81
212
63
259
575
40
310
185
229
415
75
352
397
167
545
260
352
352
470
190
231
135
488
150
406
329
44
411
213
233
448
328
438
475
176
330
55
266
210
421
279
180
4
27
145
573
616
12
574
44
118
644
21
416
107
414
366
234
419
360
30
50
54
292
172
18
728
55
403
190
269
449
99
451
242
262
331
567
83
16
167
169
89
441
65
35
10
557
38
613
186
540
392
326
286
40
369
24
11
148
547
319
468
188
119
402
387
197
553
119
205
92
267
246
78
303
113
75
261
438
274
325
22
513
240
565
10
238
361
265
48
198
20
44
47
464
8
221
98
229
309
163
95
389
163
14
226
5
187
548
156
216
613
394
185
99
62
228
41
148
484
423
196
45
459
492
260
180
49
15
44
447
315
69
405
75
414
96
236
526
144
6
185
355
221
83
133
5
594
152
316
256
229
116
188
494
502
205
31
115
261
440
57
274
371
239
405
94
18
7
261
402
195
286
383
498
679
16
498
457
137
186
394
124
32
201
43
-1
193
48
174
245
254
151
49
87
94
308
441
326
321
18
51
335
317
120
1
355
515
29
276
383
338
531
162
217
54
156
434
33
173
120
240
503
177
350
417
447
433
125
69
10
74
317
156
187
230
145
145
375
87
202
329
215
161
130
188
95
463
29
142
379
13
468
213
322
388
458
474
28
140
363
96
253
304
35
152
182
95
141
45
360
263
459
343
450
257
689
123
328
587
566
64
183
51
202
281
412
256
231
208
155
191
137
356
80
257
7
239
1
287
20
351
360
237
166
342
19
8
579
380
162
604
273
118
301
8
328
117
133
21
292
325
71
408
17
287
186
21
237
15
60
3
369
302
155
731
282
263
7
136
47
200
155
107
236
299
501
322
14
467
432
400
339
164
487
243
199
425
274
177
168
215
139
194
6
264
10
351
263
224
300
539
69
192
263
709
247
44
68
104
224
133
211
609
212
39
66
353
366
274
324
372
347
707
7
192
66
410
456
611
307
406
115
448
3
281
539
343
199
35
422
61
593
310
491
73
461
95
309
286
5
80
248
311
284
115
345
243
285
119
389
38
304
238
103
201
226
597
179
276
195
188
610
500
88
23
100
500
277
107
310
423
478
255
356
18
277
541
688
251
517
62
288
145
269
412
167
21
15
191
444
158
144
145
344
337
470
78
305
4
38
191
336
252
453
417
240
239
56
221
130
191
21
82
117
21
356
322
269
11
159
175
540
261
46
476
165
597
365
57
62
20
9
36
17
51
260
308
70
37
134
342
335
308
425
604
191
79
450
229
84
243
394
414
392
506
15
175
76
286
69
28
408
606
132
487
342
267
5
515
124
403
568
66
251
479
416
312
285
179
118
151
201
10
189
279
150
231
570
223
500
418
186
262
175
634
16
533
175
85
431
53
106
130
157
37
292
501
373
221
89
282
87
5
246
753
138
668
382
269
337
178
131
501
487
172
327
466
212
107
166
92
309
443
129
672
439
92
214
128
544
118
66
87
193
353
142
426
322
305
251
217
50
509
78
250
518
664
178
180
167
9
532
22
394
177
129
236
34
193
17
158
266
229
405
55
23
205
300
626
324
299
99
57
38
134
65
386
82
329
303
472
415
284
175
145
361
9
435
326
160
366
89
415
27
33
345
464
31
123
144
104
432
69
141
81
18
405
45
468
138
49
364
121
228
198
375
363
297
65
354
217
397
259
194
119
89
49
421
403
227
407
556
21
190
355
43
319
113
348
93
74
58
188
462
75
213
106
410
442
160
469
299
470
607
207
151
138
360
380
252
281
470
33
308
176
393
211
480
111
338
643
632
230
678
258
237
401
297
179
283
411
338
575
261
17
33
280
177
191
25
168
118
121
473
164
50
139
478
696
499
67
145
55
32
31
331
28
382
248
161
22
300
272
136
134
54
12
229
3
479
18
118
67
137
83
66
711
25
597
302
24
411
194
538
374
434
144
122
300
273
390
608
43
152
126
318
141
391
315
139
299
388
236
250
310
464
493
280
309
385
46
219
68
336
87
113
160
93
151
227
299
79
361
396
4
343
227
445
55
455
505
98
234
11
641
212
67
9
38
328
223
149
656
328
290
293
635
58
26
24
90
89
507
173
301
511
85
285
98
135
495
502
32
518
422
158
91
31
340
311
641
124
64
252
433
223
109
159
285
155
187
173
75
23
97
6
45
24
365
100
327
196
385
125
535
152
139
23
494
414
157
101
371
71
78
182
503
53
89
345
425
683
80
293
222
526
447
13
276
170
242
136
447
358
120
30
91
449
263
64
687
357
132
69
275
5
441
66
28
115
207
240
579
288
410
60
357
114
261
394
308
22
66
49
247
195
256
232
322
184
255
486
4
83
615
262
240
393
508
734
186
292
64
96
300
395
495
426
194
161
126
5
3
291
34
195
335
192
288
164
48
132
155
502
140
304
49
12
349
282
403
345
183
366
18
134
148
25
202
112
239
210
211
121
296
103
149
99
84
230
324
453
7
19
497
245
222
224
373
700
614
19
143
434
422
54
651
57
371
19
151
112
39
7
165
85
8
187
75
606
211
57
31
109
34
99
453
69
491
389
461
248
294
170
251
85
406
663
334
12
500
172
662
158
489
231
-1
182
17
56
33
287
56
444
551
542
6
262
56
159
161
524
9
33
34
305
18
202
263
226
30
206
366
575
497
514
19
443
283
416
187
581
312
112
45
108
52
402
523
96
33
191
61
91
476
94
290
634
558
156
11
30
97
272
132
355
33
371
167
114
325
532
194
52
432
414
336
102
233
43
548
146
22
70
438
162
146
82
39
7
587
391
291
368
474
135
399
347
325
310
97
309
229
69
20
69
46
396
200
614
362
8
86
582
472
626
397
266
239
327
585
321
466
15
102
65
5
105
196
434
23
630
38
59
47
42
3
558
350
33
34
190
553
129
581
409
66
86
129
628
40
191
97
241
381
340
178
233
143
70
151
598
387
187
596
296
313
42
367
292
249
402
73
151
230
233
285
62
256
112
91
734
88
106
452
359
173
309
152
5
478
330
8
243
374
80
97
160
268
270
555
79
96
164
162
264
247
52
152
63
186
577
83
161
356
524
67
45
22
496
169
5
139
168
220
230
224
248
21
178
106
415
413
135
233
349
316
21
170
313
57
272
62
507
6
110
567
164
6
122
658
286
100
314
64
583
30
362
345
53
414
1
444
221
510
5
88
329
33
96
586
240
294
372
163
12
329
178
46
528
591
632
247
374
70
573
520
206
29
195
2
17
43
398
421
591
257
169
109
631
433
499
51
90
40
423
383
402
278
322
179
236
142
238
148
506
96
4
483
523
546
182
181
44
323
52
576
68
304
304
309
21
376
302
26
195
25
160
9
236
371
561
72
490
2
340
191
58
634
428
62
140
463
117
160
21
98
303
121
355
31
507
535
38
485
592
616
157
198
395
14
71
198
100
119
393
284
228
86
113
387
455
331
155
180
556
182
21
115
149
333
649
297
141
210
296
293
41
18
7
53
237
474
230
176
58
378
320
209
337
9
315
562
175
423
543
17
310
55
16
120
196
545
548
349
518
340
281
56
87
67
439
222
396
150
27
267
146
395
312
437
431
550
694
379
318
370
195
315
136
110
470
20
16
120
199
138
368
282
398
135
24
392
281
133
495
33
38
104
250
567
12
36
107
97
22
538
404
80
291
21
35
268
117
258
463
183
106
515
262
562
126
470
434
55
93
172
529
231
128
23
176
234
176
427
168
229
118
46
41
274
376
200
457
186
14
134
288
592
44
301
155
385
119
139
162
48
303
93
68
243
204
712
218
252
114
112
141
195
165
130
106
584
231
240
672
297
130
19
18
100
434
178
364
212
356
199
317
18
104
452
32
574
69
10
145
11
171
342
205
1
611
129
68
646
182
45
62
515
602
271
401
364
145
357
332
60
581
428
270
462
242
579
212
222
37
320
146
409
192
182
258
126
144
122
391
191
188
239
102
131
260
169
163
114
420
234
199
284
66
341
19
212
42
52
210
58
238
615
377
343
230
158
457
384
135
179
145
235
65
12
578
448
494
213
348
130
331
362
333
53
46
61
71
116
557
144
616
60
108
17
16
171
628
350
76
315
156
453
179
351
56
138
272
404
42
397
338
348
408
192
405
522
228
2
89
232
102
75
154
148
197
-1
493
75
67
139
134
527
361
380
156
434
197
463
345
415
204
222
304
220
633
403
241
291
329
298
418
476
424
162
79
221
404
295
347
257
67
137
14
362
99
565
320
13
125
135
334
267
569
347
636
14
591
81
465
673
150
58
254
319
299
293
19
261
218
295
346
607
207
44
307
3
114
189
350
144
215
206
252
336
515
38
308
10
473
212
10
314
134
7
127
13
738
315
96
432
366
63
124
675
103
102
169
149
178
123
539
225
326
475
199
207
191
301
74
139
104
152
430
135
414
246
613
319
191
550
450
25
100
168
646
218
65
143
335
246
389
552
192
12
289
634
309
398
222
245
144
559
75
35
340
26
115
198
165
231
102
426
11
530
13
21
232
314
480
201
401
369
111
325
192
99
124
192
320
492
52
636
130
285
227
47
364
546
374
447
103
57
398
513
349
337
504
407
222
468
627
131
76
393
447
13
93
197
62
209
428
9
19
201
135
95
418
220
150
31
192
14
444
100
89
615
448
18
344
356
148
232
362
54
106
224
258
206
6
639
395
530
146
564
496
606
148
52
132
67
143
66
632
48
332
80
358
84
495
75
168
16
42
631
320
186
119
292
182
276
25
58
133
307
89
43
146
193
120
83
442
375
618
528
596
236
17
63
89
105
122
156
145
304
276
670
137
109
506
56
11
14
326
317
493
265
340
459
85
103
81
233
170
130
94
137
244
200
284
89
378
168
137
334
541
516
281
333
212
38
476
32
14
453
146
336
106
110
278
317
170
219
251
78
256
477
248
38
306
59
90
217
317
203
189
171
28
41
309
283
139
496
12
204
183
290
218
99
165
240
244
599
61
140
106
446
98
21
459
22
315
326
171
179
88
325
152
392
387
431
332
562
58
180
27
128
405
122
530
375
626
149
9
444
292
392
419
180
271
508
390
113
127
503
78
101
294
277
86
151
213
146
187
417
252
88
587
415
67
319
48
194
36
145
244
448
136
247
381
286
481
8
484
186
355
141
393
577
63
204
435
419
223
528
224
637
71
210
170
107
68
-1
349
320
105
419
47
115
365
269
150
139
341
402
42
2
485
463
110
118
160
1
204
224
624
175
156
283
72
571
100
373
56
498
315
366
769
109
127
191
513
263
386
142
441
244
397
217
70
81
319
136
424
216
299
309
102
41
318
226
93
131
322
84
571
65
189
83
124
345
299
302
411
16
192
26
254
5
296
136
322
135
304
256
389
625
289
145
174
159
114
92
38
379
133
202
653
410
290
463
287
498
149
125
151
123
250
69
459
12
29
541
85
548
172
399
49
268
519
327
193
15
384
284
68
161
260
442
559
70
231
428
152
210
163
10
253
721
15
19
76
547
666
691
264
119
274
81
154
312
38
215
363
9
368
268
67
80
151
163
693
23
222
488
81
187
349
410
194
424
217
11
392
695
82
147
10
81
250
426
425
359
561
1
224
494
167
460
221
71
540
172
117
135
3
8
10
701
29
150
130
-1
481
227
80
333
254
213
141
269
3
217
360
114
210
19
151
402
315
419
445
226
147
182
88
72
132
39
450
292
199
102
634
493
587
395
60
216
256
178
147
3
533
428
23
173
42
281
390
745
397
112
270
311
31
341
152
144
413
68
21
153
207
346
64
23
38
348
308
212
166
479
139
480
17
304
85
115
522
459
420
326
271
24
231
441
298
307
519
549
187
539
243
456
213
405
92
564
127
75
75
471
256
414
178
143
98
126
80
682
461
9
293
42
422
636
66
266
395
591
61
310
137
29
26
586
167
208
517
152
59
287
136
20
324
404
156
43
81
213
672
337
499
61
268
3
353
26
69
157
45
710
594
207
518
128
127
40
260
411
350
309
402
209
537
456
104
163
180
582
135
392
175
246
78
231
203
93
27
101
76
158
624
423
680
189
510
63
175
196
173
260
180
215
225
620
70
24
161
401
772
87
48
461
191
291
333
39
260
5
309
223
483
351
413
748
16
272
231
53
317
641
194
256
342
429
71
417
253
41
251
82
195
109
17
409
92
115
212
73
29
570
185
355
101
80
274
477
395
367
149
293
188
39
282
188
448
106
138
175
57
283
63
428
567
602
284
614
129
14
248
404
142
479
152
252
102
86
350
445
279
452
121
206
281
103
211
155
164
502
170
38
560
86
552
433
489
199
289
524
150
6
463
153
379
37
349
23
569
54
59
15
583
68
210
193
427
333
123
206
327
31
452
133
131
154
26
638
515
553
279
127
474
92
139
362
67
177
703
336
390
332
42
101
230
292
33
559
88
606
146
297
26
47
355
57
103
85
124
98
398
597
353
461
151
528
580
344
10
506
14
202
161
11
149
47
61
375
316
462
103
277
362
441
156
605
428
478
5
289
203
557
16
549
85
144
21
593
253
449
55
311
89
260
52
93
536
58
88
59
216
490
221
124
166
306
115
145
534
47
4
139
509
103
104
336
37
26
721
90
207
585
38
116
55
64
7
158
287
25
118
148
348
38
253
137
83
444
319
47
361
502
295
321
140
225
338
182
282
197
472
481
305
92
195
77
493
25
426
122
22
69
285
228
333
362
3
402
125
140
161
331
37
333
65
198
267
404
426
189
19
9
39
403
99
587
420
448
264
306
245
292
284
529
233
453
589
91
208
400
42
13
402
245
265
318
290
91
296
350
133
669
342
547
9
210
671
412
84
292
127
15
3
198
123
374
3
300
553
242
133
377
336
58
63
58
139
437
445
554
677
330
397
157
179
265
42
89
28
13
55
106
289
547
52
20
10
197
287
355
340
245
80
111
183
550
32
339
197
24
465
39
197
249
399
609
89
26
205
584
289
349
98
349
245
482
701
637
403
61
161
127
118
312
30
218
314
385
346
276
9
67
54
176
182
65
206
304
254
51
41
247
252
267
46
205
185
315
83
239
549
133
114
301
64
10
377
227
239
533
160
320
28
238
51
482
234
391
184
12
586
193
252
43
177
358
32
359
346
605
71
52
293
122
426
373
44
61
19
331
37
250
40
449
62
279
318
252
50
112
245
597
337
527
582
289
297
47
15
462
262
548
154
146
474
389
140
149
223
38
493
282
315
228
155
536
211
445
94
38
423
29
642
57
227
188
248
333
242
458
6
114
28
209
61
196
290
478
384
427
245
272
255
645
243
70
267
174
520
697
138
93
473
187
206
432
238
433
451
67
303
268
438
159
566
520
125
335
10
69
214
162
282
46
470
9
406
283
216
235
208
190
115
431
216
450
90
374
135
733
68
542
409
585
360
128
109
106
245
378
382
209
355
108
175
351
324
589
316
99
116
417
363
14
42
185
81
257
69
98
87
11
207
326
140
92
324
178
198
482
13
517
228
92
75
106
478
325
319
83
88
115
100
472
142
276
397
373
412
92
400
520
58
67
657
305
37
162
308
52
359
84
134
72
420
94
101
86
571
266
156
378
95
244
32
245
148
52
207
122
383
344
203
320
437
10
546
74
346
156
80
515
59
345
86
320
137
222
21
18
13
121
497
326
397
597
646
108
140
267
60
457
478
409
294
189
279
398
22
577
580
322
184
66
204
8
429
44
78
288
262
71
235
30
233
665
360
342
627
400
239
19
468
287
481
551
512
351
398
481
336
37
323
25
128
41
181
433
273
93
149
427
313
737
225
23
151
555
48
339
210
244
59
39
240
236
26
105
262
95
356
29
558
156
385
371
64
60
219
124
158
455
172
308
230
176
20
75
449
27
339
292
196
216
414
408
140
561
180
303
-1
290
6
218
583
240
229
9
78
358
487
403
382
421
113
540
133
243
373
344
414
233
6
190
125
186
169
18
657
26
93
81
464
218
124
183
181
205
201
64
372
508
119
522
365
157
287
273
406
102
583
85
118
386
340
315
16
13
136
244
87
439
84
212
382
285
411
5
143
72
348
89
65
126
250
5
555
72
300
284
269
580
21
107
103
332
489
563
392
363
172
155
284
579
464
400
20
362
20
506
90
227
208
494
173
212
495
336
428
306
82
415
417
131
150
372
226
106
389
179
139
117
23
12
111
64
141
222
147
18
223
140
235
243
300
82
302
349
32
166
287
185
456
145
58
306
61
21
509
453
110
437
265
35
208
12
192
75
141
560
269
404
171
569
269
15
44
143
428
116
43
296
170
264
192
67
19
468
384
342
285
342
58
94
56
191
90
36
206
457
575
174
61
321
415
97
35
448
442
125
156
323
217
373
107
302
189
83
319
387
633
152
338
385
442
150
28
248
316
590
321
38
272
290
384
354
656
184
86
375
100
407
477
164
137
99
458
449
499
84
508
342
400
170
111
43
32
255
414
441
1
180
23
540
74
640
251
328
373
215
204
177
427
238
95
21
51
96
213
264
210
97
282
488
113
67
711
41
18
50
254
71
100
146
26
664
501
148
168
54
83
199
168
326
473
292
129
60
464
13
163
548
502
165
324
238
75
101
213
42
471
206
16
69
33
484
485
170
35
85
238
68
157
454
95
121
59
619
399
373
101
314
574
526
282
15
306
164
313
365
132
54
53
63
445
32
440
716
155
536
342
248
499
290
322
511
35
564
306
453
8
639
156
82
172
330
21
585
514
323
529
417
104
14
81
132
67
45
388
113
189
156
236
34
147
145
626
296
422
149
368
627
80
300
2
123
285
226
253
278
699
125
156
22
327
275
218
592
202
421
582
623
205
660
221
142
155
435
257
135
400
442
133
320
417
212
41
627
23
174
36
247
18
281
235
63
72
228
533
223
547
387
52
467
243
30
40
249
251
111
471
127
131
467
624
394
711
92
183
8
347
77
201
185
111
658
734
264
412
141
264
2
343
26
574
102
90
276
113
81
108
62
179
103
526
428
362
146
414
151
68
662
664
483
201
339
634
105
179
145
193
471
115
22
215
166
114
251
562
2
421
79
180
340
349
140
422
15
28
43
202
89
365
348
375
178
392
94
380
552
72
470
433
103
388
60
352
485
599
160
562
189
595
288
83
17
392
315
30
340
261
189
608
163
240
44
574
138
231
192
23
9
39
244
109
323
169
155
500
83
84
381
89
130
696
358
344
564
262
154
233
206
198
162
281
170
29
39
416
448
114
563
155
123
491
105
166
245
572
62
258
139
130
406
50
453
433
522
441
200
3
345
111
262
81
224
83
578
227
180
114
568
594
412
0
202
473
443
128
89
310
135
216
216
423
183
91
425
11
400
358
391
342
614
664
-1
385
232
312
435
316
420
208
71
425
179
338
266
577
47
202
114
462
158
113
7
84
500
150
82
248
132
209
88
37
335
141
193
232
305
425
67
60
170
318
9
485
142
464
65
371
479
607
504
263
129
207
280
251
407
654
45
665
33
370
32
82
253
134
167
191
182
407
137
490
125
488
280
356
106
420
560
53
267
143
159
30
401
568
158
147
359
44
139
10
279
62
83
164
82
371
468
229
129
50
511
435
202
82
404
48
221
31
114
499
106
72
376
148
173
212
64
259
89
58
211
680
30
237
72
173
163
240
172
352
13
123
333
29
403
250
189
183
136
53
250
88
435
101
270
472
38
93
218
486
466
212
676
11
468
341
282
127
87
559
331
149
188
516
427
453
377
441
542
185
392
151
103
191
611
290
293
34
130
449
256
393
299
180
74
156
12
178
33
50
137
132
238
35
292
395
285
582
92
40
348
178
14
528
155
123
571
216
312
221
363
122
543
229
280
589
451
361
76
181
179
284
331
344
186
268
55
171
235
25
612
109
128
163
311
249
430
398
177
3
379
70
333
271
351
588
143
100
123
303
87
277
14
74
44
259
338
505
14
124
355
3
398
66
224
239
409
355
59
338
156
77
160
81
466
420
190
141
154
226
38
489
41
131
457
150
8
268
20
215
221
7
12
297
69
272
483
91
503
279
251
55
54
103
144
231
29
220
302
173
169
204
84
375
172
71
110
230
146
384
64
286
12
120
106
68
386
293
15
33
744
134
42
83
198
629
44
653
188
62
48
62
147
346
556
228
101
210
542
520
225
413
435
10
233
49
57
529
701
224
402
179
346
478
217
241
371
96
254
128
247
122
526
326
494
354
6
216
333
380
6
280
16
482
41
83
135
11
79
347
610
132
74
105
263
279
11
246
130
377
661
621
46
105
436
287
384
211
67
398
566
348
252
415
350
63
214
62
54
268
219
226
58
81
68
263
64
276
332
497
137
380
344
377
280
324
513
342
79
606
660
85
26
452
458
333
533
271
623
21
128
227
170
358
71
78
186
161
227
237
112
65
581
155
91
136
519
700
190
15
494
455
153
85
159
604
269
17
177
176
204
142
533
64
644
177
178
672
168
5
145
96
137
191
413
346
359
285
31
426
154
138
14
147
13
561
348
306
230
122
580
45
479
496
14
64
437
71
669
256
103
103
364
345
204
640
303
319
68
1
560
216
527
361
241
294
457
171
56
21
424
42
475
320
182
400
121
173
176
388
386
409
87
87
181
255
178
61
410
475
37
218
382
302
72
15
438
171
349
64
22
301
25
269
561
164
191
148
638
29
85
187
295
553
255
340
308
110
676
492
551
1
195
399
394
177
252
130
70
155
271
104
183
300
341
97
364
250
138
235
238
292
204
414
123
325
283
85
356
92
76
261
218
647
465
673
20
133
614
20
152
455
717
669
166
16
41
422
196
11
486
372
151
432
361
370
441
473
410
224
192
176
580
149
394
377
131
153
264
390
97
121
720
63
24
516
156
158
460
199
370
494
-1
398
387
359
40
101
72
319
138
26
198
232
143
135
56
578
357
604
136
202
226
31
177
585
218
681
137
187
170
451
271
524
9
133
33
366
361
242
396
73
290
374
20
120
38
299
618
105
218
504
102
41
21
559
718
53
130
38
307
12
409
470
15
180
569
116
220
508
351
82
220
32
407
184
209
34
224
285
182
230
118
427
388
123
167
624
556
75
1
198
170
70
689
480
320
236
318
383
457
573
87
204
362
92
315
190
12
685
59
126
213
371
393
82
369
373
