10000
2366 1994
3865 869
2775 2774
292 153
2591 1344
64 1087
3887 81
4843 2284
3849 4740
1351 3737
2042 2407
2858 2692
2322 1771
2745 2899
3915 3940
2800 4242
835 1072
2434 1103
2390 3045
223 2629
3294 4910
2032 3937
3362 4318
1869 232
903 1641
4173 501
4135 413
2861 2643
4186 3248
1191 2663
2701 3982
3514 1563
4338 607
4052 2029
2637 2104
4063 3254
1168 4013
499 3595
587 3451
1527 1600
2886 3264
3470 4264
4280 3728
1054 3311
1935 4750
1397 4927
4909 2145
2326 2098
2388 438
210 1322
3123 1620
4348 1368
4401 716
1947 3143
1111 1698
3876 3823
4946 2340
912 2520
2674 3108
4559 533
1502 4217
4383 4613
258 427
1797 4818
1752 571
2447 1261
3749 713
3109 3115
2443 2286
695 3282
627 4184
4964 2100
1031 4283
1908 2288
2175 2664
3083 3989
34 3414
109 4843
3868 213
1577 3750
2928 4661
143 3401
823 3295
3686 2580
3156 3709
4189 4887
4864 736
1436 1324
4049 3839
1463 4135
3694 1779
3670 1220
284 699
1210 1729
3543 1773
3241 4449
1665 4589
4322 3215
4495 4838
3297 1652
3404 188
629 3777
3104 3799
2342 785
149 1427
1070 538
151 3961
378 2075
40 3962
3738 956
1202 1092
969 741
2556 4873
4447 2193
1769 4702
2094 1770
4828 548
2652 2848
1352 2054
1694 3403
3018 1631
4348 869
798 2315
1569 2304
2090 986
1683 3856
2741 3613
1017 3817
673 4406
61 4595
4424 537
1720 2513
1753 257
558 4195
3575 986
3449 1129
998 3953
2594 1604
4328 2690
3870 2071
2939 796
2522 2884
3430 4409
3278 938
4510 430
3336 2245
4878 157
362 2761
2724 4983
2706 1924
629 2353
4315 4490
3157 85
4596 4825
4453 1307
2599 3007
1675 2860
4833 2128
3065 2651
1214 730
4569 2313
4935 4969
1282 361
1257 1770
3914 3163
1600 3356
1633 789
4647 2043
2357 1639
3785 3845
1239 1815
4070 486
1968 588
1469 3626
470 4438
3286 4419
3679 3834
10 3401
616 2457
1192 4417
4141 689
3568 4327
3710 1034
1540 4794
3191 3907
722 4839
4584 1140
4736 3685
2042 3585
1640 2491
4071 1120
1335 4590
926 449
98 4636
3828 125
567 4242
2386 269
178 2486
2093 1843
498 2085
3444 3898
1311 372
3522 841
1314 1899
3541 2363
3887 4752
917 1047
3658 3390
3926 1520
2684 1132
2162 2681
2653 2622
4304 2274
4405 465
3265 3151
2239 4342
94 1803
870 249
4980 2259
3215 597
1583 4688
2907 2929
2135 4959
3284 1934
3966 3100
793 3304
574 4660
2223 3539
3176 1121
4759 170
4370 4524
4954 618
3424 4663
4932 3985
1127 186
3449 1667
2176 1157
2155 842
908 2687
4981 4695
1994 1337
2909 1752
149 4485
2185 1142
4840 4832
4661 175
778 2557
4718 172
4182 1820
4515 3322
2902 2210
1983 140
4065 4706
1702 3794
2836 539
4294 469
131 1155
4180 312
1728 205
4121 419
3369 3433
3652 2479
4052 3863
2613 1767
4680 4572
2708 812
4730 4474
984 3288
2285 4727
4231 4828
4630 3962
2309 3068
610 1639
2436 2154
3038 3643
4079 1839
3180 2686
2287 503
4843 3358
4063 346
3644 3496
1487 2910
2331 763
4169 2906
3453 2486
2695 4721
4484 1335
253 2108
229 1904
4498 1033
2421 746
1566 496
3234 3432
465 1336
4436 335
1944 4442
4578 4383
1421 921
3609 1507
3575 224
1727 373
648 4410
1030 2867
4321 1409
1139 4843
1061 907
3067 4127
2644 3023
635 520
2285 2284
4641 822
1491 195
3631 3436
3742 3664
4696 2248
1135 167
1320 1211
3160 4737
4602 424
2846 3026
185 3210
3502 4712
2782 1926
2739 1396
3045 1963
3798 791
4206 3244
3970 2769
1928 4753
3529 4748
4634 936
267 1803
1122 285
2156 537
2638 3774
2141 2983
1908 3002
2187 4222
3868 3007
4860 3136
3319 4737
2757 4891
707 3529
1722 673
280 3862
4961 2936
3367 140
4689 897
27 3572
588 2288
3401 1727
4659 3167
1852 4056
3923 323
1610 3230
3358 42
2679 2299
2129 915
4098 3382
2457 4191
4003 4978
4738 4732
912 4844
757 1979
3760 2965
2816 1881
3797 1168
3865 612
559 4220
3618 1501
168 4489
4171 2817
3969 2301
1717 4644
891 4621
3017 2896
2893 645
612 153
4420 4169
4154 2231
3833 4347
2685 1948
4803 3127
2907 4910
999 1144
1464 2934
3519 1453
3321 645
2111 2674
1435 2630
4990 1091
2494 625
4117 342
2392 2877
2325 2596
2665 2549
1924 3997
2434 3899
4108 1293
1745 1825
838 2431
2279 4083
489 2936
4941 2094
3568 3332
479 1290
3138 2930
372 101
517 1008
2657 2260
463 3686
363 3389
296 3703
658 2558
3183 4428
1979 3929
4970 3575
4198 368
510 4013
859 3637
15 2725
4348 3931
813 3127
1378 2339
156 4092
2900 4289
4243 785
538 1792
4478 2888
2792 792
3082 704
259 1532
2326 3061
333 2702
4458 3305
1207 3013
232 2905
4991 3065
2203 1426
856 616
2409 4604
4625 3659
4896 2945
1779 2062
1280 3688
639 216
1418 4325
875 2169
2533 889
660 3421
1521 2288
2843 4679
2460 1687
3903 4564
1005 90
1536 313
4209 3736
892 1613
3665 4753
4881 3768
162 4564
2568 798
3194 3001
2188 474
4576 3914
4555 2994
1401 3986
1190 3130
348 4757
4683 3291
1513 3791
3612 2751
267 781
1115 1729
1353 2715
719 4795
3320 288
4641 3695
2721 364
4519 825
3368 2405
3729 3433
341 3044
2896 2713
2860 2042
3155 1189
2557 251
2749 682
1154 2622
1640 3780
3997 3018
3060 3227
1146 1378
2823 151
3036 4060
3607 3250
3757 2219
2368 4727
914 2153
4569 2523
4921 1404
2332 3932
2038 4740
2984 491
3836 4111
696 360
650 2680
420 4876
2864 712
3251 4125
153 3010
3861 3074
531 3222
469 4443
4596 2260
2187 3801
1463 4050
765 2433
3572 2588
31 1067
1502 2838
1300 4752
1948 2853
162 3579
2986 4216
3550 3038
3838 4746
4767 3900
376 297
1386 2458
1245 2751
1829 912
3104 4960
4714 572
1584 1892
2243 2584
4382 2740
562 2215
4959 4958
1300 1233
727 3491
2286 4407
23 1983
3404 1921
2132 55
2668 3585
1605 2430
3990 4869
2929 1516
4168 1086
1553 4764
3874 25
4980 4502
4760 1000
2743 3837
4358 4664
4033 3971
3873 4966
2730 570
608 3091
4618 1807
2552 1202
590 2082
2019 3590
1366 4223
2410 4506
663 1073
4350 3466
3824 242
3449 1974
1099 422
4259 3541
1602 3177
4691 817
201 1736
4556 783
4108 2657
1018 1708
2310 1770
2496 3980
603 1283
2803 1481
2477 498
3488 4149
3070 2975
284 204
54 290
4486 2229
920 806
3542 2320
4333 546
3522 1456
1450 3408
1506 1845
3057 1010
546 1117
127 4247
3533 3916
2900 2075
1293 2459
1607 878
828 2956
3901 3449
3776 4227
3975 706
3548 4911
3239 2840
4735 4654
59 1822
712 4585
3830 3183
4808 3867
4126 182
3313 209
1623 2
1245 606
2646 2383
3665 4009
3237 217
4788 2720
3450 4263
4610 3846
126 4185
2912 1034
3023 3756
4650 4122
3016 4220
2153 3268
4359 2648
2995 3890
2259 1940
2395 2568
4717 2070
3127 4685
3821 3020
204 2561
3103 3786
601 44
2249 2466
4460 1104
818 3977
2478 194
4835 1709
2599 2821
3302 275
2475 3384
1603 1503
2931 3506
1574 1185
1912 1641
4276 928
1758 3789
1742 752
1392 22
1837 2382
1948 3952
3192 2686
1742 2054
3323 4139
4732 2775
2320 3502
61 4247
2611 1971
1587 2076
3007 3476
2013 3739
3657 1928
1911 2835
864 4992
218 3163
3875 2712
1557 817
584 1121
4556 3688
3305 3356
2470 1860
1246 3291
411 2426
3283 1437
4510 3809
1988 1001
312 765
2203 1654
4034 4224
350 4918
423 157
988 4193
960 4257
2306 4541
430 3809
1931 4547
1180 2360
3979 72
4651 4022
2151 1416
1660 4734
2586 606
4820 95
1569 305
1288 2533
1919 2981
999 4649
4647 887
3093 4536
262 1321
142 1475
718 3121
1670 1415
3915 2936
3055 3040
2815 3219
4304 169
1551 3081
2834 3560
4703 4885
1748 4063
253 4398
1363 3659
4816 2613
2545 1435
2290 3542
3025 2417
3877 873
2122 3933
1964 3593
2588 3541
1691 3052
2007 2141
4937 529
4150 237
2806 4330
3107 90
2623 3688
3734 4715
2572 3580
1079 4834
3807 4289
1885 1965
4025 4714
1904 2281
3030 4057
1076 4057
4591 1267
3371 398
1660 3751
1385 2919
2659 4566
4895 2435
4301 4742
762 3021
3499 2377
4097 2606
448 4811
2698 388
3184 179
1786 2754
1522 4216
4389 2650
1969 467
4085 246
3572 2467
2079 1221
1079 2804
558 122
4350 3858
4806 1511
4015 4392
372 3152
2911 4575
3458 2916
2121 3993
3093 792
2451 3780
3155 2695
2783 838
249 2534
2509 4084
4189 3260
4493 2673
4940 3231
4457 4918
485 327
1443 1584
2963 934
2596 3207
675 729
4810 4957
4002 852
1490 1162
2245 4443
1012 4786
833 3901
1310 2280
1069 4734
3587 1121
4854 3605
4568 4029
834 3291
4407 38
4671 4034
4236 3634
463 4278
3233 2144
4893 3848
4312 3266
3390 4037
1434 1435
3484 2921
887 1257
493 1613
3331 4725
1610 3744
4675 290
2432 3568
411 2445
4842 1046
3165 4421
2305 3013
1517 487
201 2560
3378 2546
4280 3956
4794 3668
3071 3877
746 956
458 4211
1674 3364
2041 399
2938 3841
44 1430
2900 3081
3191 4796
3273 800
4964 586
578 3165
3458 2698
1995 4865
4237 1588
4458 1180
2956 4568
3019 3389
4601 3978
2443 711
1674 4607
410 3008
1822 2096
206 4042
372 656
3218 623
844 2771
946 2885
2670 1640
1538 2060
4148 3793
753 2761
1707 1759
3320 3823
3856 3608
3494 48
2385 115
167 1400
2945 1044
1644 67
728 1304
4055 2358
2900 3557
2741 2572
1770 1063
965 3618
851 2134
4889 4746
3472 1267
1373 2240
88 4383
2317 3550
3142 2431
546 1550
1911 1680
4977 3077
897 3278
4041 3466
1694 4222
992 3006
4270 966
2531 2009
368 4347
960 2972
1943 2656
348 535
4702 219
673 1110
5 1607
1741 216
3252 3970
3990 3760
3814 3633
2471 4889
2551 2458
1161 1177
4467 136
1797 83
1189 1722
3260 817
2236 3725
2061 1325
3726 4627
3978 4398
4667 883
771 259
3999 1746
1877 4487
2434 3529
4416 3709
4894 3369
3157 2048
4950 1343
4654 4694
2114 4998
1548 1555
441 4335
1772 2832
429 2080
574 1534
2409 2360
1749 3794
1143 2133
2204 2991
3231 687
1132 2300
3728 393
2456 1146
288 2971
4246 3411
1553 1641
4743 182
4936 1597
3421 648
1764 1828
4599 2208
4322 2214
1764 4352
3072 1969
4485 4116
3145 3975
1405 22
3588 1906
444 4471
3855 1036
3593 4066
2093 3908
3949 2703
4286 1076
607 2486
1498 4115
418 1876
4259 1466
2104 757
593 458
4938 4571
3699 1972
1954 2086
1682 573
1981 4576
119 3999
2605 3958
206 1200
1704 1784
2724 3361
1277 4030
3456 1148
3798 4910
4396 2743
2697 1726
3716 3834
2837 1501
2753 2064
535 4950
2583 691
3442 2789
337 1770
1831 3806
1789 567
1800 4663
4819 3491
2196 3457
548 935
1452 1934
872 3710
1107 4675
529 345
4298 1428
837 1154
3227 2919
1864 2435
904 4523
3166 58
1331 3096
2311 2372
3664 3994
4980 1561
4015 2709
2535 4347
84 2706
3846 2465
4437 937
29 3912
3653 2214
2544 257
4306 2639
2181 2687
1362 435
90 2362
4433 1041
3441 2972
3725 1138
2267 1237
486 1873
3103 61
533 540
1269 4598
2730 977
949 3379
4968 53
803 1435
1316 763
4110 3945
3274 654
2405 279
4743 2911
2164 3517
2652 2114
531 15
2594 399
2684 2485
1367 2939
3165 4681
128 1496
1261 196
3615 2342
4055 2764
3372 904
2116 3877
2655 4709
3350 290
611 1706
3221 2568
4083 2557
1600 3319
4495 4727
1769 1816
2568 1221
2933 4531
4152 1342
1379 4705
52 3786
3538 1898
3735 3627
2395 4357
3466 2132
3720 4879
3314 4143
1415 809
3011 1014
1146 1453
4471 1903
4102 1949
118 877
1335 4748
4526 1292
4850 2981
3346 4344
647 4594
572 119
687 3485
4623 2127
950 3144
1266 3534
4044 3119
4540 1830
1259 237
2696 4150
280 1955
3364 3068
4215 3546
1514 2879
4002 407
4683 2744
2747 1728
591 2091
2273 3261
4441 4480
217 2247
4130 4257
2763 4731
935 978
1037 2355
1843 4953
3704 398
821 2280
2757 1460
951 4378
2628 4253
1539 12
731 2210
2139 2790
4159 507
3941 3111
2473 346
2641 2504
4643 1385
3710 2181
3127 4094
26 273
4392 1229
3105 2051
4175 644
1304 881
1141 4686
4946 3381
2904 2947
3348 4945
3469 4547
909 2690
3466 760
3163 2135
3037 2509
228 4650
3092 4477
2151 4966
2382 4724
2306 2094
250 3578
3421 1444
769 4817
1923 3191
3490 2894
707 1275
3176 1260
777 564
4852 970
3556 1932
2385 2544
2664 2992
4693 746
3273 2533
2673 4100
2866 649
3638 1559
2964 4079
2562 2478
4289 2805
4340 4862
3657 2601
4936 2297
4525 1403
203 825
2240 4909
1704 4183
506 1342
2863 4854
2594 1798
3490 413
145 1466
4252 4232
482 4090
949 517
309 2053
4166 4266
4857 1730
1065 1519
2501 415
1797 3624
1142 3425
3930 1955
1374 3239
2473 339
1985 4224
1764 862
1487 2421
210 116
3595 76
3958 319
676 4546
4847 2872
1505 623
3476 2883
4707 4770
128 1011
1306 2046
2591 2361
1062 473
4415 4773
3596 2456
884 1702
1187 3240
1479 3746
427 2161
844 3423
3703 301
3347 3551
2707 2285
4366 4819
2440 364
2052 3308
693 2869
333 2687
3354 2317
2639 1151
3314 3526
991 1456
3380 1838
2685 1599
2848 2307
3757 3254
275 3722
1968 1371
1206 2418
4343 608
3482 2152
3142 1752
2959 258
1003 2773
2013 3291
3102 3780
1700 3645
2641 971
3975 503
3986 4941
2700 3946
2404 1016
4100 3536
4328 4663
376 4042
4935 662
1370 3533
2602 381
152 3559
833 3030
4372 1353
152 4320
4465 2201
977 174
1933 2235
1299 3934
4058 1454
772 2843
2617 584
1602 2807
2208 4334
4598 4884
31 3100
3122 3006
679 874
2292 750
4700 4476
4260 2633
783 1025
544 2715
632 3977
3786 3578
2410 2127
2852 4672
4110 4771
1650 4861
2977 4718
122 4473
4233 3863
2425 3703
3158 4904
4738 2722
3904 277
927 887
1292 138
2034 4296
1188 153
2682 3812
2403 1074
4804 3571
4207 1841
2679 3205
3205 3190
3139 3549
1008 3706
3266 2344
3853 2799
4914 4782
1311 1737
1272 3216
3338 4776
1774 3673
3421 3359
2825 4962
4969 3195
647 4683
4597 4377
2890 158
4047 2353
507 2613
3375 400
2850 1143
776 2886
208 4106
234 2242
4784 2235
1833 2584
865 2849
3868 1564
672 323
4288 718
3358 4241
3570 355
589 920
4732 4878
1336 1007
998 2964
2512 3539
1584 3127
2222 3376
3885 650
2019 4718
1258 1349
3650 1629
154 1507
4575 1240
1028 827
2557 4162
3328 2994
2484 2677
170 2226
4323 214
2595 1945
2082 1666
942 191
1839 3765
4012 2649
2742 4036
4094 3320
4876 3894
3599 3266
4604 4542
998 2269
4739 2859
2089 4771
2544 3608
4756 4004
222 3001
122 3451
2379 4556
4735 1701
4195 1832
2025 1297
1563 3398
3762 1079
4867 2753
1418 925
1870 1171
2545 3044
3620 1209
3436 1244
4362 2677
4551 1469
1407 1505
644 3028
4638 2016
4990 2574
2441 4991
3685 2702
3323 4852
2809 2254
3385 1087
1408 732
4620 574
4275 3158
254 902
2600 700
2156 3504
1843 2589
338 2585
2589 1080
3769 2702
1640 2289
2368 4607
4169 716
909 1381
3763 413
540 2362
2783 3948
2759 2199
3438 3355
2068 2901
581 4170
1365 4903
112 359
3500 1081
2060 2841
4707 3158
3712 3044
4284 2049
3763 414
1772 1171
807 753
373 707
2566 925
1911 2879
4214 640
3689 2995
3515 558
4348 403
4023 4611
4408 4606
3664 3207
1550 3990
2292 3622
4589 549
4870 719
955 3576
3328 4692
896 1183
1378 2196
52 981
4041 2650
2562 2720
398 19
2261 1467
439 2073
1386 399
1365 4384
3373 3821
1122 396
2012 3907
4887 2225
272 979
2340 4367
564 88
1521 3000
84 82
4631 4675
3183 204
4047 2557
2890 5
2672 3637
235 4115
3532 3845
2018 4906
3413 3582
3920 1350
3886 4211
1422 4352
608 1796
4605 61
1243 2887
57 4358
4860 2443
2615 1590
4062 610
4163 3513
4748 3843
1664 2737
4958 2067
2386 2900
3965 1996
2554 3786
1325 4659
2919 3927
3273 872
4382 2782
3439 4003
1262 1786
2991 4347
4293 618
4305 2075
613 2133
1509 3059
180 3937
1558 4287
4742 1818
4794 4104
4546 800
2712 771
745 2002
606 3170
3924 265
65 3556
4641 4389
337 2897
4833 888
2366 3253
3244 4475
2928 4481
2681 1411
2609 2897
4541 2842
294 4142
4135 594
4285 4154
3358 2841
4805 4993
1313 3254
4355 470
1015 3308
3324 3134
105 1180
2046 3840
3586 1834
1675 220
4975 537
2299 4411
708 4635
4809 4454
1424 4384
4004 4883
2483 1021
3000 4213
3396 4187
1330 184
3833 1845
1105 3776
1025 4893
4906 2616
943 3798
3486 517
2449 4013
1107 1476
2697 1758
248 2953
1311 593
26 288
3849 2316
4610 167
3601 4388
3542 4961
900 1697
569 426
58 3333
1039 2056
4399 2602
467 3704
496 1620
4486 4033
4439 4617
4884 1026
1136 4596
390 1409
1832 2871
30 1112
3498 2644
4634 1563
1332 3439
2879 4397
2715 3390
1686 769
1547 1355
1395 2119
274 2400
3887 690
2756 1116
2122 3568
190 4019
2160 4723
4214 2655
3697 3772
1050 827
660 2352
2116 525
3628 2974
500 704
3225 198
1548 646
1035 394
4486 627
2760 535
4149 2304
4347 524
3778 4293
2198 902
3579 1690
1553 3298
813 1292
4698 4787
1634 2774
277 3687
2692 1119
1964 1639
2524 3708
1548 1913
836 2168
307 3015
1828 3135
1445 4661
1175 3720
2147 4567
3235 578
1494 973
2693 1004
1119 2457
468 2587
4095 130
306 51
3203 3521
1364 1167
1343 3275
2027 2385
4548 2584
2870 4781
4412 3601
882 557
914 1807
4013 3074
1180 1519
360 2543
2768 3657
4842 3511
2568 4822
841 4132
3794 4613
2439 1947
252 4065
2684 142
3807 2036
1345 3868
2820 63
4382 4898
2203 2852
3326 3609
1267 4972
1899 1017
3512 4186
2045 2968
1848 4088
673 4529
305 1180
4129 847
2108 4757
1309 371
1754 1186
2652 3928
3538 293
1558 2916
4729 1604
1374 767
2645 1590
3483 2151
2272 2508
384 4785
550 4757
3750 3425
1686 3619
3567 3502
3328 1017
3020 855
2195 566
4940 403
1653 1412
3221 3391
1292 3309
3246 4156
733 2150
3145 1388
3604 3857
1316 1825
3359 701
2200 626
2164 5000
4100 4838
270 4324
2825 2516
2493 4578
4568 1560
1769 3204
4578 2684
769 4084
4450 283
1383 2325
4563 3813
2996 493
2333 3928
1030 4598
1759 1381
2421 3732
3808 4253
4898 2316
4467 1711
2758 4165
1371 2606
861 4674
4158 4867
4904 4943
1893 3575
1975 113
1354 3303
2566 3322
3000 2186
158 4488
1456 1829
3075 1303
3892 1410
4675 2099
4694 4402
906 4250
4218 2078
1378 3119
384 1067
3846 4705
2537 1888
264 4558
3708 3
979 2262
4144 3486
2823 971
2844 4424
4165 2301
803 4700
4455 548
4058 2739
3972 871
1147 324
3928 2494
4345 2219
3711 4048
2321 518
3791 4950
2251 4615
2416 756
2567 3756
3485 1946
4931 1479
397 813
1870 1838
1466 2621
2296 4376
4145 2095
3390 1912
66 1183
594 4392
4940 1251
26 94
2489 1037
4815 287
708 3814
1787 1697
2715 1899
808 4025
382 4201
3450 1168
507 379
3011 389
3000 1648
4353 1698
4369 972
81 1011
4674 3918
4928 2893
3238 4684
3104 3265
3208 4283
2289 4233
4158 4438
1023 3542
623 178
4663 4535
1356 2145
1306 351
2197 1356
2796 3571
2590 4494
940 1339
2101 1607
2294 1700
867 731
200 4676
936 533
3571 4445
3346 3805
1845 4348
1019 3535
2154 4469
1621 3783
1016 3797
3740 1796
1647 1542
4124 1007
1973 2967
3957 812
3739 3265
1824 777
1525 3405
2988 4898
3260 2562
4633 147
129 184
2271 4906
438 3695
2634 3329
2424 2901
1274 2387
617 4064
202 2287
781 4822
29 4334
4307 3643
4474 3047
4280 1974
514 2512
4549 3108
1193 2571
2682 3515
1049 28
1722 4365
4273 1330
369 4689
1825 3518
4059 3493
3793 1104
1219 1952
4788 2270
4002 2965
532 4098
3776 4347
467 4923
2980 1392
45 807
4037 4163
877 3455
399 2415
1883 3338
2657 334
1596 3149
2173 1672
2739 2348
2539 2828
305 997
570 2217
308 872
3570 1355
1684 3366
4032 1323
1301 3454
1062 823
4254 4751
3842 130
3683 2767
2165 3304
3640 3118
2163 2238
3077 747
1361 1576
1815 1711
962 4076
4947 1274
4484 3478
2039 2759
4367 3531
475 4987
3035 3036
3090 4007
4952 3549
3171 3924
63 914
4318 2055
1278 2805
595 801
999 2407
4489 1360
1570 1570
3376 4984
1650 2819
1937 4740
999 4925
1733 1283
3054 367
4825 4176
293 4894
3884 1952
4360 1906
326 603
3093 95
4843 4504
387 3458
1254 2341
3440 3016
432 1295
2636 4312
2568 4461
3849 3690
3412 1994
2577 2276
2638 603
95 257
3844 239
2713 38
2966 424
4424 3427
636 1656
4478 3906
4706 439
2590 2940
435 1476
4119 103
2754 2463
2931 1545
1219 423
181 4548
2261 1452
4407 3263
1880 2022
1597 3336
2550 3418
4095 2198
2239 1470
2910 4416
4732 2839
559 3363
4799 2892
816 3430
1053 4818
4890 816
2946 1581
4260 59
3083 1907
4375 4662
400 3770
4608 2336
4685 4477
1185 2565
4327 2039
3150 4864
372 3456
4998 365
2083 3586
4888 1668
1988 994
3898 1582
863 2353
2789 299
3907 4784
3987 4522
4763 338
1705 3667
795 4872
4192 3568
1900 1417
3501 3683
3123 2584
582 4425
3979 4591
3529 1247
807 2254
3236 2306
654 593
3028 1477
3649 1755
1422 2894
2720 34
1170 968
2329 3608
685 4232
4635 14
2583 1725
3900 3855
2805 3938
4371 3161
1626 3685
2867 946
814 2366
3927 3095
854 1609
1604 355
3542 2832
3796 1407
2863 2399
364 2482
3623 4651
722 4757
784 2435
3544 2873
4299 1067
4390 3274
4891 2075
3979 3948
304 4474
3092 3929
3456 298
4809 556
1805 192
217 11
816 2230
4576 1799
755 3130
4928 551
430 760
1317 1060
2503 1734
4075 1780
4974 2639
315 1784
3451 3741
578 3218
838 2601
2209 1614
580 103
766 974
4601 1963
1864 3665
929 3682
2921 1735
4952 4181
99 759
2281 4969
179 3535
4230 452
2837 3299
740 4461
4232 4559
4265 2694
4031 4940
4368 3718
4410 1205
510 3330
2892 2408
586 1164
2128 1167
4630 185
3232 2766
932 40
627 3922
1269 4825
2219 342
2511 199
2441 3588
1776 1019
682 2379
2973 4473
2546 2776
3458 2872
2693 1590
451 2795
4050 1251
1674 3676
4462 3185
4149 4353
2207 3765
529 4426
1138 246
2673 402
4998 3040
4008 4608
2564 4133
61 3880
3485 4074
1431 3085
981 3776
1040 2077
4347 4874
3772 2515
4928 730
414 4168
2764 1120
174 3764
4357 2172
4187 521
456 2071
458 3020
677 513
3129 3893
213 4683
999 1902
4032 3566
3378 1773
863 331
4521 2692
3215 2080
298 2441
3997 1469
381 1723
4797 3674
548 2434
3476 888
2222 1019
4812 2358
2018 2826
1520 2119
868 203
4847 2118
2452 1201
2782 4637
4894 2540
268 4299
3677 1138
2478 3132
1727 830
2746 1518
1764 4778
629 3154
1072 4762
465 4540
2569 3972
4448 2856
3248 3667
826 253
3806 293
1842 1545
2975 82
4458 3431
4281 1871
344 3050
3871 1246
3492 1870
2119 2155
2733 3668
2006 2802
4893 2784
1016 4120
2835 225
907 1600
4331 1153
2693 1625
735 2878
4672 696
2811 4050
4700 2437
4205 4856
4530 3000
4387 76
4307 295
4542 3807
2188 206
4970 4659
2462 3152
1448 3975
3236 2937
4420 3018
1594 4895
2344 2450
2959 2996
1916 1971
1226 4176
161 239
2019 4707
1569 3176
402 4508
3353 465
3116 1600
1712 3608
4499 2911
1692 3946
3295 925
39 3792
3047 1262
2818 3822
206 116
3734 1096
360 137
4339 492
530 4751
4365 2457
4135 3155
851 4492
1147 3249
1367 2142
283 186
2659 528
4361 4320
91 3949
4812 2957
3311 2256
2916 2411
1894 1131
3422 1901
4262 2034
357 3533
3562 3822
1747 3901
1469 1679
2936 4406
1911 142
394 4343
1843 3202
2100 4866
665 3453
1484 2039
2874 147
4956 2102
4621 3648
209 2909
4242 4689
251 1111
2200 537
241 2443
1228 2682
4265 2909
2659 2249
2641 4243
3427 2699
4911 652
1121 3639
1128 4946
3205 4206
3479 3918
352 4206
694 243
3240 2254
485 1984
3345 3374
392 2416
1550 2234
4210 3198
2870 4634
739 3397
1863 3870
1997 2345
152 4898
3709 477
829 489
866 97
1156 4897
3949 2584
3824 619
3240 3372
1718 33
1595 552
4149 952
2560 2709
1432 1198
1940 5000
1276 3991
1218 2006
3304 3367
1973 1140
4384 4896
4694 2598
724 829
4761 1075
1403 3271
1627 1692
1486 183
2068 532
4665 4943
3565 3754
3421 2233
1871 725
1118 3277
4693 373
1132 217
3294 4943
2163 745
268 1699
1547 379
2101 4280
1302 1269
2367 1184
3983 3643
1240 1481
1261 2956
1674 635
2913 2191
2169 1108
181 1182
1453 4861
4706 4101
698 4369
4274 1036
2708 4703
816 3473
3456 3691
821 423
1244 572
2999 4373
3773 1754
4026 1997
2474 3608
3085 936
3447 2518
1795 1115
2986 1047
1711 595
6 927
4477 3106
941 4159
425 1402
731 3263
852 4126
3088 3526
2878 929
3592 669
3663 106
2413 4326
663 2733
2033 4137
4245 4314
4772 1475
1788 3754
640 2284
3297 2460
4115 1022
2571 1202
2410 834
90 2772
4405 1556
3405 2958
2303 1912
280 4232
2524 4483
2584 4864
2536 3855
4041 888
2720 1614
4497 1507
1326 858
778 3466
856 4159
3646 3298
4968 4250
3048 3767
2490 2835
140 2648
293 3222
4484 3368
1874 1306
1192 4280
1558 2282
3787 4456
2275 1349
3672 1682
761 1755
3635 2099
2071 939
524 1371
431 4400
1024 3676
1246 3712
4073 3292
501 3091
468 1296
1281 1878
809 734
2147 3300
890 1890
4960 1235
222 1381
4461 3572
561 2118
1617 1968
1455 2966
4172 2347
542 4019
4265 1895
1116 1099
200 2101
1180 2308
3476 4268
477 3100
48 4674
795 3068
4357 207
458 1503
3283 2566
1555 4782
468 1199
3161 2520
100 347
4268 2796
3034 1339
3688 2041
4847 353
1329 1008
2226 2475
4930 2397
116 1089
3655 4211
2918 1183
2251 885
887 213
3259 4634
2899 4932
3718 3054
925 686
4356 335
2757 4798
526 3542
1836 4031
2500 1223
1404 636
497 256
4039 4593
1601 3278
3205 4959
815 2649
4404 3210
6 1007
2956 3272
4557 3388
3033 3614
1494 1153
846 4382
30 1638
2962 1760
1049 1955
899 1957
2806 4201
4660 3799
1966 3640
4616 1256
705 4068
2838 4805
4985 2899
2878 917
3361 1964
889 3425
3905 765
4189 1054
1153 1170
3659 2547
3170 1108
645 1511
1922 2789
3357 1148
4348 1889
4988 4788
2988 987
299 3451
2775 88
2024 3497
1935 3773
2134 870
4846 1149
386 1974
1453 414
2540 4881
4423 1999
3757 3559
3633 3091
3227 1427
2115 2905
1517 190
3747 3211
4515 2645
617 3141
4561 1021
676 93
3491 2439
703 3823
273 2237
4761 1117
2969 4874
1171 1437
4552 363
1901 3541
1299 952
4745 4409
347 1444
30 2933
1998 2386
214 4102
537 4521
2655 1780
4048 3169
15 3667
4686 4470
4918 3340
1492 4121
1661 225
1337 1213
4390 3739
3577 2893
3573 4774
4802 1059
2034 1648
3462 4036
1153 840
1999 159
2018 208
2240 846
4611 1438
731 2748
1581 2285
1905 539
2094 2013
4540 4084
2507 289
4395 4534
1257 4608
887 1440
1494 479
4209 1752
881 2134
2039 3902
2881 2167
1650 3549
1373 2974
2553 2028
4925 2281
415 4689
3314 4896
1940 130
3153 1252
3293 37
3178 1808
412 3134
2722 2698
3101 4814
765 3716
2075 4161
645 2549
2968 4758
4512 3123
698 2731
4352 4051
4312 3322
2794 1579
2048 470
3232 4314
2990 2243
4223 1644
3189 495
3129 695
2600 539
1039 3010
169 525
1051 238
1293 1919
1749 2884
3875 3560
906 1757
2311 1791
1539 512
229 3700
3224 3459
3407 2802
2331 1383
3578 164
4364 1904
2633 2827
330 3893
1438 2840
1653 2439
3325 4269
3714 133
2826 2576
2063 4277
1449 3427
224 3049
3372 475
4192 4019
160 316
1803 4781
4371 3934
4428 1034
2866 552
626 4266
944 33
2785 2999
232 3841
1381 634
3566 1496
2011 2002
3715 1664
2186 4902
3732 4674
401 4361
560 1408
905 2250
3911 4997
2715 1770
4055 2291
4229 4410
4633 3052
3249 4595
4192 288
4090 3543
2502 2782
3756 1341
3393 2150
1178 2429
3789 4434
3967 2512
2310 4021
1741 2503
564 2717
1507 1341
4697 1310
2314 770
1177 599
4330 1636
309 3675
3929 3612
2173 1367
4516 3821
3858 1047
1407 2683
3557 4295
4963 4214
2795 2003
1922 2512
4777 1119
3874 2083
2784 360
4584 125
508 2168
3051 1370
1587 3441
3229 943
4808 3543
318 1222
1726 40
2962 36
1285 4994
4200 895
3952 4008
1190 2075
344 661
3651 1813
2811 429
1855 4716
697 1184
4853 624
4715 3745
3703 3251
4871 976
1745 4103
3668 4473
155 2753
184 47
4370 3298
2359 1845
1598 4646
1032 161
2056 3607
526 1599
662 3036
1423 2409
3707 554
289 4533
36 289
2983 2402
2280 1035
4061 3683
3906 967
4877 1456
855 4520
4009 4434
3745 315
4063 4619
1412 4028
136 21
3966 3987
4715 4956
3618 327
4420 163
4103 2691
4999 329
4915 505
1312 1345
101 4084
796 1516
1259 3326
4183 230
3087 754
4958 3701
2484 2706
4267 1062
3091 1025
2056 4883
2680 2958
4173 4616
4452 1104
4424 3890
3406 2249
2510 2125
2787 4050
3779 1012
2445 3689
3467 3945
1354 3378
1495 2669
3626 4785
3462 965
1940 1821
1918 2048
2391 870
4458 2038
3472 2571
1029 4968
3567 441
954 1753
945 4428
979 1801
1028 1234
497 1659
3515 1763
1251 4729
4223 3213
52 1761
424 4839
1714 4311
4290 3984
3511 4796
2592 1648
2704 4300
1208 2121
1605 1313
3961 3076
29 708
4505 4577
3068 1762
601 883
3452 4311
2662 2058
4693 2467
3203 3483
1366 2127
2887 3580
784 436
3687 2752
307 3012
2355 2548
1034 2101
549 22
2747 1143
3656 2400
4255 618
3453 3691
4979 2281
2318 1836
4189 186
4934 802
360 1424
244 595
3909 299
3492 3140
4 870
2829 3748
3732 1799
2056 3943
2730 2592
4267 3624
534 49
387 2512
629 3978
1154 3202
1907 4004
3415 3309
2166 3151
1957 2701
315 1298
3755 721
4296 4267
4728 2692
4483 2267
501 936
4865 2644
638 3923
2399 3469
340 1608
3688 2875
941 3234
279 2500
4194 3782
3981 4877
4241 3780
4310 4708
2008 4088
1139 4143
3546 3401
2000 2912
3957 126
4871 2864
678 4393
3304 2158
2261 3003
3019 2
1431 3360
53 4099
1514 1064
3326 3032
301 2928
598 297
3718 4735
4182 4835
1183 1475
4918 4191
128 3997
2879 300
3108 44
3199 1784
502 1564
2447 429
4412 3913
1937 4918
4679 4945
2228 1294
1333 3629
927 4258
2285 2362
4901 3403
4017 1137
74 172
1694 3867
1584 468
3026 2989
3362 1905
3884 1090
2304 4944
4890 1980
4094 2869
4086 3605
606 3156
2154 1006
2031 2932
1720 2312
359 4341
3592 1185
1832 2985
3392 2215
1599 2112
4527 2119
583 1212
4889 2652
3437 4928
1769 2611
3128 3480
4757 3890
3004 3439
1080 1552
1083 2935
1425 3945
1234 3479
1677 4880
3865 2693
42 1045
4369 2307
1075 680
3988 4931
1071 2688
4400 71
4886 4615
1265 3131
2488 3441
1098 4859
2544 3282
825 3901
417 4823
1217 3700
3897 1498
2004 470
2245 270
4118 3279
3161 419
4035 4408
3902 3789
4404 3500
1508 3034
260 4898
756 888
4814 4600
231 3776
4147 2019
3042 575
3317 4414
3201 602
3082 1453
351 1976
1667 987
2851 4984
1950 4717
1172 2516
2502 3177
4776 714
4317 2257
3822 1416
4501 977
2016 3021
1665 4831
1646 1771
2965 3760
3919 902
2491 3014
3709 1958
1756 4366
3142 2318
1731 4018
544 3187
710 4276
55 2345
4742 546
2051 1783
4562 1934
2703 4852
3091 10
3227 3048
2713 2608
4018 2789
1583 1195
2803 3891
676 1004
1840 4458
993 2712
4768 4265
3926 3886
2759 1435
1251 1078
2718 1350
3134 3938
95 1822
1896 4524
409 151
4103 628
1188 4565
500 3779
4843 1127
4760 3724
3859 176
347 2835
3864 4915
1913 4706
404 4619
2386 798
3060 4245
4393 4241
1477 394
2816 2951
179 976
1608 4442
2764 3959
1379 1209
2510 2851
4615 733
2959 3873
596 153
3762 14
4518 2991
3372 2311
759 4505
26 4441
2481 796
1663 3743
3080 2998
531 512
4839 3264
3517 2273
940 2262
880 1025
1044 1552
1757 552
3712 1085
4031 4048
3252 3764
2494 2357
400 3211
3634 284
2637 4357
780 4233
3788 3802
4942 198
2185 1274
1323 1954
964 2938
4598 2838
1152 750
2057 4450
4417 1051
1838 3708
239 1404
936 491
2818 3849
3365 1235
3232 4054
2411 4901
1724 3083
3995 984
2716 3581
155 1618
1357 4432
2621 3515
2877 988
678 3519
3957 2356
429 2807
4325 1269
3516 3524
2772 4026
2849 3149
1999 4833
2182 1009
899 3187
4298 355
2137 3823
1524 2091
4736 4998
3777 172
3114 4583
1415 2686
3548 2905
751 2919
4730 711
1963 4536
3820 4371
695 1941
3371 3200
2775 4816
695 3287
3171 1613
2623 3527
2581 2912
4677 4468
4605 3959
332 4143
4479 1828
4781 2297
4520 1558
478 2988
2297 506
3123 4442
3234 591
3975 838
547 3392
2760 918
63 4054
2409 2592
607 1384
2916 910
4659 175
4222 4123
2232 766
3214 4279
3972 1084
1497 10
1635 1228
3798 2250
4053 1015
4994 2694
2627 4372
1564 4291
922 1358
194 3602
3394 3049
4275 1624
3587 2247
2626 218
1136 3704
4360 2981
2444 1005
1180 1320
3733 4980
2519 1184
3404 1828
4376 3429
259 2783
2079 1387
3960 2262
4927 2969
1382 1430
1452 4974
1481 837
2023 4685
990 1416
3593 1934
1092 1012
977 1828
4116 4232
2904 1206
1536 1643
3681 527
2081 1346
1557 3065
794 904
733 3111
972 4155
3374 1300
251 4512
1020 572
4275 1658
4023 1541
4223 3735
4514 3840
4395 1026
3974 1797
2668 4788
2397 3326
1420 2452
1916 4075
1691 2790
1348 1785
1094 1230
4077 3280
3575 83
696 2713
4114 2084
2238 3805
4769 514
2430 4609
4818 4665
1916 3663
1524 1450
1477 4433
2187 4886
1679 2003
4342 373
2002 3207
2324 1720
1613 2274
2505 1708
745 3591
3927 2617
1135 3212
4736 624
16 707
1410 1874
746 184
4906 2131
2652 384
1603 2156
1390 1065
2007 3814
716 3693
3512 277
2394 1124
4444 3338
3061 1252
2189 1464
1868 4500
339 3252
61 3782
270 4215
1770 2509
1451 4813
2914 4521
346 1670
1970 1062
727 2196
2262 4185
4748 4011
3156 4839
3965 4540
2042 2131
1486 4611
882 1131
1130 4300
710 1627
1307 4886
688 4948
2421 3056
4269 521
2209 2606
4684 2491
1842 2237
303 441
2097 1279
4796 1449
2066 177
3658 4617
379 4168
308 4078
1869 620
539 4838
3220 3581
2286 884
450 2802
770 4483
4534 4633
3169 1541
2958 736
756 2378
4616 4777
490 1128
452 1029
4149 3238
3596 896
2824 4158
1327 64
1819 338
3541 3403
2225 3003
3269 1491
1483 532
2247 3074
2004 2500
1955 1806
1180 1831
3018 4838
4112 690
4444 1577
1600 556
3949 819
308 4058
2871 1988
2170 1344
695 2683
1803 4855
2196 4288
4175 3620
3502 4089
381 1168
1280 365
4236 944
4028 2644
490 1625
521 2135
1718 3420
2142 4860
200 4106
3166 4581
1747 1921
4156 3732
3644 2381
2948 4319
4323 3548
2742 4992
4604 2252
4249 187
4297 2631
3967 4281
855 1910
3573 2921
3266 3542
1487 4688
193 811
399 104
72 951
1140 4973
3733 2457
4857 1377
4503 3677
4783 4049
522 1800
2237 550
683 2283
476 4708
3625 1687
1565 479
2891 1632
685 4104
4594 304
1702 3900
2445 3734
3785 3099
318 1938
491 1108
3515 516
438 2160
748 4099
2931 2387
2233 416
3124 1184
752 4403
4113 3049
1184 1676
3404 3073
266 609
1880 4215
4268 1184
454 747
1506 4592
2306 3315
4348 2442
1693 3660
4162 3353
4188 795
2477 2745
3277 3623
711 4747
1718 4472
2985 4699
3223 524
148 3634
2676 4450
3802 1257
1317 3074
1079 3300
4348 3495
2543 3060
1983 4571
2754 3618
875 4641
3921 748
2064 2258
3153 2153
2871 4166
4419 1886
3284 3976
4627 2168
4590 3874
3484 2835
2300 347
2245 3173
2992 3783
1358 2703
4002 2375
3816 1859
748 500
216 2546
2234 74
2592 4032
1615 2089
4936 4719
1710 3820
3117 662
1377 4470
4973 984
4089 1555
2053 3470
2831 4764
3122 86
2857 3270
193 904
2887 2291
4362 2194
3984 1908
1930 2481
2240 4739
1454 1421
1085 3059
1368 4684
1133 4781
1307 128
3566 222
1782 435
502 1550
4971 4260
2251 493
3059 2452
3666 4106
4929 3772
4865 2479
1348 2205
2129 1366
2159 4711
4215 3406
4005 1926
1586 2066
1995 874
2317 4568
3460 2786
706 3466
1905 1261
3584 1403
1305 2171
3192 3800
1313 2154
4143 798
2376 3720
2236 4102
2081 3585
3269 4456
964 926
217 605
1753 2753
99 3179
4569 4512
1345 4555
3526 2817
4119 3373
191 2386
4712 4709
2196 3613
4865 339
2732 3002
4012 2505
2871 3104
1723 759
3454 2586
3141 811
1874 174
544 397
3800 4885
2063 2324
1287 2885
2931 1742
2969 3468
4419 4042
4343 2275
3342 471
1620 2995
1718 4557
2265 1175
740 328
2172 3080
1827 4076
2 2541
2515 1697
3628 961
3196 4309
1081 81
2608 2127
2754 1979
185 3843
1120 3134
2774 3391
4194 4622
4868 4175
3742 336
660 3426
948 3167
2607 2692
2526 3722
805 642
3605 4947
2856 3147
3087 3186
925 1360
1868 3252
4956 3487
4395 2780
4856 4581
2499 3196
2666 889
2856 1546
4187 1509
1595 1435
2403 2733
3686 880
1539 741
2159 4439
1334 129
3344 4376
1847 18
2350 1832
2519 4812
424 3755
780 2188
2119 2445
3156 215
4383 4403
1423 1746
3142 1315
105 2757
1049 4542
4027 2933
4309 2224
1879 1674
4 760
811 4141
2589 1292
3275 4046
102 3085
3502 4724
244 2112
1817 4360
4464 3314
4870 1572
1414 2471
3488 4754
1587 1360
4286 1697
1610 1916
3113 4813
3371 1959
4622 1813
1526 1993
380 553
1983 736
2244 4039
4615 2908
3533 1802
4254 2923
1987 85
1030 187
2958 2365
2114 2191
457 1337
368 2630
3290 2656
4666 682
1307 1656
1139 3374
2407 1298
4343 4886
2364 3625
1849 4477
3850 4214
1168 1918
2137 1965
3764 476
91 2599
913 4330
3309 793
244 317
4419 147
665 475
3619 2209
989 3775
242 1184
2791 2211
623 4952
2266 1851
403 909
3311 4010
4910 4469
2999 1413
1521 2665
748 4167
408 3020
3395 3118
2610 4099
1312 3830
4409 747
3263 1265
1157 3080
2612 1757
1780 1762
2553 2253
4621 3254
3014 3061
1101 1269
4585 2526
4905 1342
3933 4027
4952 3297
4633 4999
4844 4545
3209 3983
118 1729
2191 220
582 3488
4431 3508
3343 3692
2958 4613
4821 3292
2074 2230
158 3885
3600 279
245 1965
1970 3219
2371 409
3097 4219
3211 3404
4677 1932
2059 3279
2534 1701
527 4058
1773 3566
1616 4605
4 2131
4882 3646
1979 4682
2360 1092
1648 4998
3043 2612
2340 3213
4611 2336
3476 733
4511 914
2920 1182
4242 2103
4036 621
604 159
3936 2462
1944 4027
1369 2268
1054 3018
156 218
4074 4709
508 4078
4971 250
4959 2978
3266 1687
4096 2664
4029 4508
292 894
4295 2614
3698 3719
4928 4767
3665 1870
4347 4561
4834 2059
3069 4713
1680 705
2221 112
3750 3616
1059 3118
123 3368
1070 4662
3776 443
4962 156
1406 2046
1533 302
307 3947
1492 4821
782 2333
2472 4427
1227 1072
4303 448
3087 4787
4482 1189
77 1512
3132 1546
1486 2197
3157 994
4776 438
2922 2395
2586 4089
3874 1218
4698 2834
2854 2827
4601 4691
1154 1629
591 722
4466 3186
1984 1844
4031 748
3742 3440
4450 4458
1923 2140
2475 2174
465 2881
1671 1861
3385 4546
268 716
1950 1073
3725 1287
355 2243
4666 2045
4527 2839
4785 3857
1881 1311
4853 3569
1891 3325
3769 4422
951 2727
265 2455
4787 1218
3535 2502
3561 4210
4339 2896
3403 2044
583 253
3829 4634
372 1852
2774 3536
3099 1618
2189 571
4077 3451
1809 3496
768 902
3423 3582
4091 1030
4154 2212
517 2229
2918 3302
3718 1420
2312 4896
3041 4659
328 3399
2087 680
2524 4760
4256 4513
2536 3581
4937 1040
3504 3522
3020 991
3928 1982
256 4636
503 1094
3091 240
4467 1321
4838 1855
4645 3338
3643 4177
2977 1592
3686 457
1819 1426
1148 1943
119 4897
3421 4852
2046 4978
1690 4444
2702 1161
4226 1858
3952 3
1058 3250
3000 2727
724 1373
4141 2012
1823 4897
1430 1509
148 4260
2987 1858
3241 4622
3347 524
4142 4126
1414 3831
193 1418
621 3
1998 242
4452 3161
4596 4091
2159 3755
4093 4121
705 2077
4454 3879
3026 1438
3571 4148
2416 2785
3295 3123
4672 2710
573 4391
367 2630
137 3198
3553 427
2119 4898
2161 3255
3188 1612
3560 945
4239 378
2601 4683
319 4258
1042 2122
3471 1147
3633 1224
1888 2525
2261 665
3210 1825
123 2688
56 2176
2646 2427
4076 1089
1173 1369
3124 3366
205 1691
4437 1415
1418 579
3248 4009
3473 316
829 728
2470 2435
2850 2739
2337 4485
4719 3765
2529 3321
2633 4917
2644 256
1451 3921
3906 4400
574 2532
533 289
1093 2985
861 858
2857 4589
2080 4631
214 1391
1449 3635
1896 4445
2367 3886
3201 4829
1981 2724
3984 4904
3748 1705
225 1845
946 4083
3156 2821
443 2759
4926 3677
4460 4736
3369 2739
1386 4356
4678 4205
15 2537
2386 2086
2826 328
2171 1163
59 2297
253 3767
4627 4535
1938 2550
1085 3672
2018 2913
2154 4443
4576 767
2291 4313
4088 761
3828 2829
703 4979
4 324
4406 3508
4956 4573
1016 3615
3445 4245
1810 3751
801 1273
811 1196
2294 2554
4582 2795
398 4987
4221 1418
2178 531
3111 4360
4835 4781
707 57
435 2075
984 3601
2600 4499
4754 3476
565 807
1609 1089
2724 1654
2081 281
1179 1311
1509 1920
1883 394
491 4789
355 3655
2279 3054
4773 3177
1143 2584
836 4468
4102 3854
2095 3755
2623 1938
285 4683
624 1726
2771 866
430 1790
618 1830
2375 2725
1213 4246
2516 493
1173 137
1288 2682
2464 2563
3721 2336
2968 565
3380 4347
582 3223
474 1281
1792 1159
405 1017
2867 1609
1175 3741
4572 3217
2359 2051
511 1105
4991 1819
4317 2151
3360 3982
383 3894
2110 1714
162 328
1427 2452
2825 830
2136 4792
479 465
1816 4127
2978 1201
2398 2039
793 3171
1304 150
1032 660
1404 4541
4393 1670
1062 4416
1207 2310
1895 4344
2627 2686
1783 4233
3021 4078
1226 3617
3897 2975
579 1720
1743 4709
3841 50
510 2570
2536 3448
1721 2353
257 4704
1691 2887
1808 3185
1602 2816
90 4856
469 1485
2688 131
81 3940
1205 3202
2567 3042
2789 1032
3200 300
3913 2053
3304 1131
3262 4043
2787 1805
4600 2685
680 1926
4119 2637
2069 4266
4061 4723
3999 135
1256 744
3122 4728
3001 2635
301 1308
1168 1490
1915 1444
1976 2037
3685 2171
4701 4537
3095 356
1246 1900
4944 700
1868 560
1736 4718
2252 4810
1355 1798
1773 4461
1132 1226
733 1429
4934 3927
4154 2830
4866 3423
2609 3853
363 4426
2572 3073
3731 1472
1754 1582
3984 3692
783 4713
2844 2985
271 2263
2572 1173
219 221
4704 2238
326 3253
2324 1326
54 3536
1055 4846
781 4981
477 1989
2624 1730
4275 2076
4040 2077
2956 4523
848 728
1946 3792
3977 4681
2122 4635
1694 1420
4331 3416
2283 2777
4415 3848
2542 4732
4266 868
97 3252
1448 1972
2716 4239
1652 332
3025 4288
448 4047
4409 2339
1876 2064
62 2112
1088 3330
4223 3859
673 785
4932 2422
2613 414
4815 3957
886 1905
4191 3369
3246 2750
1378 573
289 1201
2589 2925
209 846
290 4878
2961 1500
3806 3042
1219 3190
3103 2139
4774 1532
3669 1657
559 615
2612 4433
1013 3709
2284 4039
3396 4475
4688 1156
2606 1429
1157 1973
2155 205
3185 328
1431 1315
3471 3861
1533 4670
4871 883
4520 2132
1676 2826
4279 4304
2085 1030
3004 3618
1859 1126
840 1264
725 353
2737 4473
3959 1047
4972 1618
4688 4771
2648 4542
2290 367
4754 2169
1223 3290
4120 807
1913 4116
4163 2210
2475 1351
2485 2224
886 4864
3691 3084
1814 2503
4360 4165
2763 4158
431 3014
1522 1207
3091 3479
2136 1240
1796 4691
2975 1342
85 23
626 2288
2065 1510
1746 1264
374 2870
1670 589
1257 19
500 4015
23 4529
3714 3377
4717 3793
3413 1470
4950 105
437 1661
134 2564
1154 1934
2950 1727
3446 3133
583 4093
1565 622
2769 868
1714 186
2754 2848
3308 1982
3601 3086
2457 3096
4567 470
3475 1336
3636 923
809 1744
2588 3829
2065 3657
2469 2640
1303 4972
4421 1535
2656 681
4718 3490
3141 2854
4333 49
1907 3626
3690 2869
3268 3517
2429 1211
1863 785
1910 1172
2538 1684
2075 4540
2442 3372
1410 3568
252 2543
1025 4876
1376 399
955 4441
3365 266
4076 733
740 3916
1704 4964
4751 4446
4714 85
3566 2941
4080 3422
2509 4920
3767 2334
4600 1972
123 2901
90 1266
2386 1531
3585 888
928 3515
4677 3128
4580 3602
2547 1905
479 4230
3007 4576
4151 2431
2337 3027
288 4476
4893 957
2255 1334
4625 2081
3161 4507
651 558
3780 1406
3479 2663
1311 290
1146 1362
834 431
2643 842
4660 206
2704 1224
3508 355
3924 750
1124 3554
4629 99
362 1169
1103 468
4132 1750
415 2505
2891 1349
1422 1190
3465 84
1684 3157
2200 4800
1668 89
4792 3767
1350 4129
3949 4801
3313 3644
4829 4158
2459 1800
4744 4044
470 2209
4781 4745
646 2219
2252 3298
4679 2528
4397 3690
3620 1989
409 3771
1955 43
3720 4357
1118 432
3955 2522
3273 2893
16 2753
4240 3349
4645 1201
661 4991
2558 3726
4423 4059
2173 2514
4175 2383
1810 4300
4374 4125
4100 1730
524 1933
556 2189
3458 1609
215 2680
807 1371
2938 1367
4096 2113
1053 3827
4406 4788
2550 3254
3825 2391
4503 3844
1957 3439
764 3918
2052 1630
4323 3206
3275 4098
627 2562
2980 2843
1279 4559
3588 370
4315 3070
666 4001
327 2580
753 1499
1345 4550
1907 236
486 98
3786 2011
3198 3576
996 4290
3140 3712
531 3751
624 2557
2147 1068
2928 2774
3718 546
3763 574
4938 2411
535 3120
3091 4562
1391 4597
1397 1593
3852 2435
768 800
140 3849
3060 3155
1937 4633
1622 4653
4885 3260
3360 4850
1364 424
2689 2358
3619 1557
4390 1920
639 1269
1078 4635
275 682
2497 2649
2999 3930
1434 862
1300 3331
3641 227
1646 2233
3278 3881
680 1554
2558 199
4186 2926
1180 2583
3323 3486
401 3902
3001 3693
4405 928
528 183
891 3913
4524 1428
4188 4888
1219 1774
2109 4662
3084 4498
1391 953
434 93
3853 2142
793 4669
120 2741
2083 1462
268 4417
3921 374
2767 4296
2513 1542
4072 306
1300 4663
607 4053
557 4318
2094 2667
987 3608
1566 3911
106 2416
2688 329
1528 2134
828 2547
2394 4558
135 4197
4070 1465
1606 2994
3560 1291
3576 160
3227 1643
1374 2776
3351 1676
4900 3964
1767 4707
4725 3004
726 4777
2916 4330
4102 4109
4620 3805
4388 1704
3237 3757
2158 1920
3139 597
1372 2724
1348 2113
3543 348
3101 1795
159 1049
1565 4254
965 2876
3213 4541
4453 4550
4643 2363
2926 1209
2555 3793
966 2374
1357 3955
2375 901
1366 791
3061 390
2219 572
603 937
2280 4793
327 4717
4434 4631
4659 2377
1559 411
4464 2184
1176 1139
2713 3943
1856 963
2392 3902
3143 2025
3054 926
867 2085
2711 3362
1906 2517
2909 2245
3808 262
2997 628
2320 681
3605 755
1486 1644
4268 824
4867 3409
2121 81
4191 3539
2516 1057
2683 3697
1060 2515
3379 1769
3909 1849
365 4056
1720 2814
3074 1663
2707 3481
4129 2399
2640 171
2232 1777
3078 3839
1307 2089
1197 942
4252 4418
3389 2448
741 2313
954 4212
2879 2797
4532 3699
4516 4215
13 4121
2367 4021
4895 1734
4578 1829
1631 4641
3943 2133
3074 1391
666 2122
3188 636
507 3765
1406 3899
3179 577
4245 2579
115 4711
1978 2086
3700 3311
365 2397
4125 4614
3149 1725
3384 3147
4551 679
2940 1689
2146 2861
603 2961
4888 2937
2675 811
4608 4063
2566 2327
3170 3141
1510 3987
4308 4817
4344 2020
639 3679
1090 4042
2452 4890
2623 1792
4705 3064
4252 1393
3074 3018
4942 2799
1239 2198
2362 4324
651 3509
2135 2312
1557 4036
932 2402
4755 3457
2220 3459
4277 2404
3480 3049
59 856
2851 433
2948 4917
3183 1554
1669 3982
356 1967
2227 1330
1384 3577
2941 1522
1789 4195
3612 4766
4813 2355
2311 765
2881 1675
2109 2962
1623 1203
493 2971
2089 1104
2621 3479
470 4038
2819 4550
612 4411
455 2786
1301 354
478 2821
4259 526
4897 3382
2709 4728
636 1231
528 4902
2110 1750
2148 3902
4837 321
4720 3914
4514 2399
551 3768
1440 2290
2954 3540
4604 1554
667 438
4329 3398
2568 795
836 355
314 4778
3821 3143
3251 3396
1978 2460
2070 1709
2416 381
2164 1063
4038 4577
4309 1328
904 4534
1038 353
3793 1893
2329 888
2035 1075
243 370
4964 1107
2620 1145
1529 3716
158 4633
929 2063
4524 2860
3119 1467
3276 915
4214 84
1898 2578
644 4624
2070 2677
4173 3987
1147 3826
1811 3606
3295 1183
224 583
1648 2380
2608 2604
1320 3644
4101 1771
734 2
30 3750
4583 4651
1577 1772
4960 3572
249 3596
1643 663
3877 3491
664 3896
4553 4051
3401 278
3012 4660
355 3515
3238 4920
539 1402
2893 2470
1429 3918
3513 261
1663 3443
3729 3980
4499 3207
3166 2129
2472 1841
2838 3566
3126 2206
2743 1169
58 502
3450 1248
2746 2741
4093 3638
2429 23
2079 4467
1009 2075
2140 1053
3677 4836
4169 1263
4474 836
237 4901
2646 3507
4053 1601
4660 3929
3767 1613
2573 1589
1700 3707
1772 2134
1067 4320
1402 4071
2246 2835
1402 487
3000 4485
4635 1330
3336 3889
4054 4302
3047 4893
4494 3292
1682 3760
1301 3895
3764 978
180 392
3471 2787
1250 3845
1779 2668
4626 4930
1573 4060
1595 820
4720 3792
1152 4911
2899 1293
3192 484
4199 300
3 4024
40 4057
2976 1252
1611 3285
564 4472
2062 958
3400 3859
4453 1772
4632 4672
2413 4120
714 2504
2433 279
4744 4501
911 3298
2705 3678
2022 2553
3707 3627
3360 1784
2689 991
4157 125
230 594
2784 2731
4171 4292
4273 4496
3170 4162
3549 1635
2951 1446
3140 4037
3081 2666
1014 4160
4899 1137
2567 2365
1499 346
3320 3222
284 216
4480 606
3272 2273
3270 44
4627 3112
2421 4069
2248 3881
1729 1117
3126 3974
4970 691
2890 4569
2258 1484
4560 3969
2063 1960
3675 1558
4351 2678
4379 3015
3725 1546
4096 553
236 4671
1810 2169
1001 3406
4914 2472
3864 1448
4143 2255
3328 1709
4950 555
3301 3443
2263 2347
4241 2982
2351 1089
303 3905
179 2451
4566 3962
260 160
4087 4398
1528 4569
4253 514
3796 2156
4900 3442
4541 521
4261 3211
2525 4183
2381 4676
3051 4188
2349 1463
1979 3301
1983 1247
599 1552
4174 4869
3717 4077
2263 847
400 715
1004 3373
1271 966
4192 3593
2871 2326
1299 4331
4380 2437
1010 2354
4956 798
2848 4356
1238 3067
412 1940
1813 518
2009 4896
4761 1688
2176 1792
2075 3097
4874 1927
3812 2136
1309 4689
4456 127
4688 4896
4341 3199
4997 1567
4814 4534
2358 902
4589 1419
4692 2559
3712 4767
2104 928
265 4274
3384 2312
1129 1446
688 1361
4341 182
4098 2353
84 2371
987 1966
2075 2279
4209 1480
4714 3405
3674 2555
1192 3309
3876 1308
344 2138
4848 2412
47 2473
4927 4056
2785 1814
1037 1271
1471 2957
937 3157
4995 2139
2404 1260
610 601
4847 4149
2106 4191
4608 1665
2565 616
875 3906
1217 2109
942 857
1784 3340
2972 14
3782 803
3446 94
103 1017
4120 1457
1956 1039
3007 2129
205 965
1244 1781
4748 2690
1716 3676
4982 3763
2006 1330
242 1572
1624 3050
4725 4488
2155 2527
4685 3987
887 1185
4567 1880
3390 404
4761 2650
2439 508
4584 998
2853 255
4425 1796
19 1573
3133 2614
1025 4977
4451 3256
2320 2748
3298 1103
2513 4561
1297 2332
1507 1304
787 2542
3661 3085
4161 4871
2495 4369
3148 2569
3787 1010
32 774
989 4905
1887 2538
4157 704
1470 215
3577 2241
4079 221
3992 3072
3310 3872
2349 1450
2158 2787
4846 4231
4926 4650
1081 3782
3687 3228
265 925
1253 894
2935 3508
4348 336
2948 4719
2428 1758
2199 361
1960 2509
1433 4830
3805 2008
2798 2348
4036 280
425 3321
322 1955
226 950
3641 4386
3256 3698
264 3192
3613 4686
2534 3478
1211 151
4472 3167
4476 1499
4140 2518
4270 4310
410 2905
822 3373
3169 4945
2900 2749
1192 2968
2547 3082
432 1393
4234 1053
2693 551
1720 116
106 4462
3126 2761
2003 577
4748 4689
4180 1928
18 1826
3604 361
2298 1987
1431 4084
3773 1840
3734 198
2629 616
4034 1051
1259 895
4105 2050
2557 1570
225 3317
788 832
2963 2041
699 4217
2949 615
1957 546
3588 1214
690 586
2924 2083
1156 2277
2584 1876
3618 4811
590 397
4866 927
1355 4833
2962 4356
3440 1863
4612 4625
4149 40
3118 490
1876 3471
4933 2873
996 2284
2594 2350
1333 3591
1315 2203
3280 1413
2142 2925
3321 656
672 1894
1029 3567
4498 876
1999 814
1673 401
2673 4258
1118 505
1204 4565
3251 473
2896 1026
1954 444
3781 936
1617 954
472 751
3274 2319
4915 1669
712 2624
4850 2494
3433 3367
2626 1702
4001 904
3854 1015
2713 4684
4135 4999
113 4123
1899 955
1655 2814
4938 3026
4957 2668
4980 122
1188 830
752 79
1547 3991
4656 4221
1319 1093
2594 660
3149 4085
4362 2972
1669 4888
894 4532
704 4585
3173 2740
4516 186
1559 2697
4630 4039
616 1711
3304 4090
4387 3176
594 1054
4272 1989
1745 3901
3840 3342
4407 3825
3368 1943
4776 3734
584 1915
3485 2150
3396 4690
753 1895
4320 62
1403 4492
2102 2383
500 2276
4550 3691
3581 264
3538 4220
3583 4321
4183 754
4468 190
3987 1753
3277 2280
266 4342
4152 1162
412 1120
4588 849
4615 3999
1501 1259
2525 3516
1706 1211
172 1402
4497 3994
4889 275
4250 186
3945 2973
3580 774
2237 1414
442 637
585 2530
4537 3942
4759 1878
437 3238
4044 2201
3713 2158
4525 725
269 1998
525 4073
3355 2321
4099 2361
3830 3745
1487 1841
1505 4881
4349 179
176 208
2677 1963
2406 1934
2880 4327
2197 296
1231 4382
4652 4899
1041 3957
1420 2760
1738 874
3425 4919
3528 337
3882 3865
1819 896
1746 169
2604 4544
1959 3968
1842 2407
2198 4494
4420 473
3676 3593
4393 3374
1362 4154
4284 3085
2070 1612
3324 1903
2372 4788
2776 148
2522 1003
1711 4677
2481 4195
3577 1464
2496 1515
1056 4776
1474 2036
2402 2203
3922 4312
705 1106
3908 708
4575 2624
3134 3816
4208 4962
1846 190
2232 3135
3482 1239
2352 806
517 444
639 4401
1197 2906
2118 1756
2899 699
1104 1230
2423 2312
4547 723
4459 3685
2953 3804
4624 4010
3402 1252
13 128
2415 3539
174 4627
250 1911
4259 1841
1817 4849
972 2361
3803 4413
3569 3331
1806 1621
4438 2250
3816 3529
59 2448
4081 3223
4622 4329
3427 676
2156 2553
3315 3605
2405 1177
2062 4403
2024 4451
2045 201
4811 4155
529 2598
1884 4612
3898 2920
4629 2490
3014 1327
955 3663
2689 945
2762 895
4748 426
106 4650
1068 4645
687 1349
1157 691
4470 1541
3678 2427
152 4068
1615 2302
4035 3777
578 3052
70 2168
1646 873
4594 1772
2040 2677
3464 2961
4528 3770
194 4218
3761 545
1823 3593
1352 824
4535 4628
3700 3526
881 4663
3829 3731
3322 1651
802 3094
2250 925
4536 1106
2888 3009
4130 898
3250 3559
3735 1743
2907 103
4587 4673
1783 4497
709 1598
4971 1786
3433 773
3617 716
805 2542
4644 3995
781 241
1290 2721
3719 3092
4110 3307
2804 4869
4437 2928
3260 1202
3576 1670
3930 4216
1419 3566
416 4734
1294 4509
3679 1527
2305 4677
2127 2725
2076 3495
4782 4797
4038 4725
3693 1717
2074 4900
1019 1506
695 3694
91 1118
189 1169
1929 2119
4723 4148
2199 436
545 2224
2064 2854
735 388
1429 3953
2860 237
324 3514
2061 4128
3040 1103
4516 4913
858 1802
2515 1985
275 4084
2490 2896
4199 4174
4879 1169
591 1600
271 357
254 4984
1666 3563
2566 2993
191 4525
1275 3240
3932 1117
1641 1003
2585 4662
380 1924
2842 2924
3138 4195
4685 4450
1561 1644
612 331
3320 2243
472 4093
2422 618
110 521
797 2346
2958 3550
913 2367
4206 2399
4625 2972
1701 1602
525 1246
2476 1003
3844 2512
79 3332
1614 2222
3358 2888
1717 2468
1101 4588
1616 124
3823 3869
2981 3477
4355 4954
1151 866
1912 73
4032 2644
4328 4164
976 3876
1697 1488
2549 4912
829 2186
4724 1897
2941 4021
1600 3799
3326 3480
6 4969
2986 663
3986 2324
453 871
256 486
80 1881
2793 2479
1670 253
275 3747
43 1391
533 4896
2090 1537
423 226
1620 3299
2961 4851
4888 1789
2741 3263
615 2185
3722 2784
3962 1636
3985 1246
1188 40
2727 803
4821 249
3531 4287
2031 439
894 4610
4525 923
3203 3911
3442 4256
443 4353
2277 4065
4245 4969
4774 2519
4265 1285
3324 1163
3863 4101
2564 1177
1190 2004
4869 4835
4347 1775
1183 3141
293 44
2541 4155
3165 1450
2744 1142
4481 4934
638 2926
650 3258
2036 4080
3699 843
4407 4679
1389 503
3839 4073
1957 4495
2255 1031
4338 4082
4949 2473
2174 1307
1438 495
4056 1793
4160 1246
4962 1230
3322 3692
4913 2674
3626 171
3985 3987
1760 2113
4771 2765
2239 3625
2818 270
2060 810
2055 1402
1694 4909
2645 2888
3807 2983
705 1591
437 2486
1364 1586
4699 558
841 2196
3727 4561
198 3492
1430 4947
3721 3622
4285 2082
1901 4589
4058 2161
1202 4499
3496 3071
3654 1556
4928 4425
1287 2899
4307 4394
1328 2736
1499 4180
2680 3514
2362 1681
2444 297
634 3196
2191 196
4059 3348
3787 339
849 4288
2072 3979
4314 4593
1239 4085
948 3590
4420 3911
2665 1693
1536 3888
835 1840
3951 2123
201 3811
4340 1774
4683 4862
3544 3884
2345 3642
4200 669
3940 166
4000 2
903 3400
3700 4125
1716 3006
3282 783
896 2452
4626 1288
4416 4916
2549 3400
1339 1758
3151 3188
3868 4667
823 4582
4926 243
3045 1043
3446 2587
3818 505
1629 4383
2533 673
2410 2807
2757 527
1747 4667
323 1169
264 4150
3346 1183
1580 4208
4702 3181
1956 3195
3510 431
1354 51
4001 2364
2171 577
4490 2014
4892 3463
268 4875
2599 870
3779 4071
4763 3649
2030 1333
3277 4282
3970 4829
3760 2128
973 2741
2164 3473
1998 1822
3639 4653
3604 2638
1410 1929
55 22
2359 996
1179 3275
1328 4534
4464 2822
1872 3365
1605 4366
2135 4809
4881 213
3873 4951
3827 1160
1978 449
2336 2342
4244 1781
2989 4918
4764 4932
44 1426
1154 4336
3761 1162
2977 656
602 1299
1865 4418
2766 2304
845 1292
2729 806
4921 4143
3458 118
2029 1009
2158 3833
2295 3177
395 177
1030 3099
3519 1824
2372 4865
3076 4990
74 2846
4913 2898
1039 1777
3610 2292
2305 3816
1186 3989
2520 3879
4526 4405
4429 4631
4665 3770
4739 3263
2530 2540
1777 2427
917 554
2451 429
100 1693
2643 996
933 1697
4466 3411
2718 4147
1559 3276
614 2644
3629 3772
2849 1706
4176 3201
3761 4344
376 3944
3434 4461
1517 411
3247 1435
2890 2302
2596 1802
295 3086
1940 1211
3810 1417
3065 4286
3290 1400
4964 3960
3484 1048
4848 4608
3135 3644
2147 1430
4076 1610
977 1209
4825 1122
2249 4333
414 3379
1580 774
1133 4288
1072 363
3510 2739
1069 4902
4979 4977
940 2599
4559 1559
2694 1335
2040 2589
401 4862
273 392
3110 3706
3896 3818
1578 546
295 1544
855 1135
1877 2437
1086 3578
2547 327
2193 3513
1580 3043
136 599
4394 2857
2270 67
2215 1669
3356 4610
3603 32
1640 2103
2051 317
4273 4870
3172 4473
1604 520
1386 3430
4452 35
3951 3689
1276 4655
4803 1569
4226 2797
176 3884
1954 843
3638 1487
4104 2378
2506 4048
1051 3250
4600 2947
1477 1499
3503 4614
1881 789
564 3570
509 4512
2072 1039
963 4306
2062 3759
1660 3068
292 4643
2222 586
166 3853
2435 4466
4341 987
2909 2107
1690 1165
2945 189
3411 1030
2235 4176
2973 3209
3482 3812
3836 3216
3323 4433
3647 157
3585 2339
849 1641
2417 3498
2905 4542
3514 1698
1958 4758
1824 2806
556 4545
1612 4870
4073 3407
2019 113
2949 2039
2965 3083
3391 2179
4061 2410
4515 1293
3342 681
2826 3940
2951 3333
821 1980
1875 4067
227 1074
909 934
2423 4396
4028 1317
147 4870
4530 2222
3428 3039
2442 1107
1632 45
2315 852
3232 3007
4922 3803
1694 1029
3708 4526
2795 710
4574 4246
1269 425
4558 73
1077 2112
49 4783
14 239
1720 2894
3717 2547
2949 3208
2267 4670
3380 1215
4438 2252
3566 2601
1532 3004
1861 4055
1779 4117
2769 1902
783 3063
3726 1508
1081 4803
4670 395
1105 1102
4960 1470
3965 4250
4321 2813
1597 2506
1387 486
3032 2119
338 3463
562 26
3651 3466
3015 476
1075 1344
4026 2438
1702 4423
879 4289
2789 4913
2233 1845
1647 1533
2680 4530
539 1105
2540 4761
4636 900
268 4046
3305 152
1141 654
1645 1044
3510 1932
2066 795
3769 1562
1291 1474
391 309
4087 3867
1289 2974
2390 3672
2405 4231
3323 89
42 2576
1750 3667
1213 2959
1963 4497
1765 257
42 1898
1254 1416
1547 2185
1334 1831
4460 3669
2865 3259
4960 4542
4836 250
4994 561
2504 95
4533 2624
1046 3512
1889 4975
2361 4809
418 3845
2673 1324
774 2135
1273 390
3126 514
4404 3507
4315 2332
1230 2302
311 565
3218 1511
70 1861
3392 696
4309 1708
3531 4124
4915 1830
2334 2258
172 4679
1042 1735
3779 878
1478 3703
1074 1790
1865 3340
3068 4603
857 727
1046 4492
3266 405
3432 3818
4036 39
2955 820
700 1301
1984 4727
2667 483
2321 31
3434 2534
406 4170
3712 2396
893 3458
2794 4911
1972 644
3762 1693
1813 4709
3712 452
4873 1082
2935 4504
2963 3443
4316 3735
3974 3911
2938 2262
1146 53
2991 2150
2590 2594
2388 2994
1143 2134
3980 4540
542 2302
4364 1825
3934 537
4917 2932
2633 872
2276 3552
9 3391
3799 1948
3619 3851
3461 2236
1741 4732
1623 4007
2023 925
2854 3184
4931 1431
3063 1015
4179 2728
3804 1536
3550 4880
992 1961
4704 4942
1419 3161
4399 3618
1622 4439
4039 4845
4194 4753
4858 2798
744 1635
326 3152
339 4368
2498 1478
2371 287
2452 2495
3542 2149
1702 2756
1019 1213
1224 442
204 2003
952 2852
4939 3444
4226 751
4657 4076
4655 1749
748 3779
3189 4056
4299 1450
1934 3264
3994 4369
3430 1877
385 718
340 1008
3474 4991
3439 489
1556 3673
2154 1055
3180 2276
2425 1469
3460 791
4843 2317
2017 479
84 1143
4243 4046
1028 4473
2943 3336
1645 4380
1971 386
4030 3550
2750 4275
1941 2507
2764 377
3323 3507
1443 2909
4669 4622
4073 3072
3826 1872
1315 1040
1138 3859
3358 4924
3806 952
1406 2539
2227 553
2750 1083
476 2961
2578 2208
917 193
4951 2693
1736 4464
3330 2947
1768 4230
1264 439
1790 1759
1986 445
3676 4312
453 2902
4232 2068
894 3392
1611 2374
17 11
173 803
899 2198
485 4566
1423 494
3524 240
2671 3058
2227 931
1614 4275
842 2898
3506 71
4283 915
2306 429
2997 2137
2634 969
1277 586
557 4490
978 1555
3139 3840
3389 3005
4788 1525
1673 1575
1899 2905
1752 3558
1490 1455
1762 2457
3479 4569
4891 3218
430 3230
4334 3383
4490 3406
2959 3590
4444 2146
3470 2204
2907 2643
2853 687
1729 4115
3161 3887
2615 1138
3591 298
1425 4179
3394 1710
4257 3432
3506 312
820 4071
4902 4111
250 3863
2604 2152
964 4257
3830 4841
1866 1073
4195 4581
1017 4352
1510 4145
4466 3737
4599 4083
1055 4109
2597 1215
3853 2379
2905 4819
1404 3194
4060 1006
2676 783
1997 1381
3929 3849
1544 4453
3726 4171
1653 3432
4710 2612
1514 4358
757 4118
4694 4075
4782 4558
3808 2383
2132 2508
2349 1214
1262 4140
4632 1712
1515 257
2943 3911
1004 4330
4664 577
1694 51
3708 1759
625 3399
1949 4148
4971 486
251 3826
1701 1252
1971 4989
2513 3156
1151 405
2453 1676
2805 3467
1914 906
4900 4566
4162 81
3512 871
3909 4891
4201 4654
2344 2528
1090 3409
1205 3484
1650 68
2910 2040
2501 2839
1359 4562
347 1146
6 4978
3947 3088
4793 4539
3776 2534
4591 3403
1982 537
3570 2767
3509 1133
301 3614
1521 3016
2657 3111
1587 653
477 4523
1400 205
1008 945
4890 3274
1894 1493
3449 3776
998 4133
346 4662
671 4855
4523 2052
309 896
3173 3961
1465 2970
723 4826
975 3365
4212 4898
172 1414
2180 4783
2387 3073
2023 4471
112 237
1018 353
1853 4980
3185 3288
2603 512
1730 1708
2657 2318
1197 3774
4999 4432
2666 1552
1537 3046
2854 2513
107 2475
4718 2278
3573 3688
1603 494
212 4621
2251 4223
4202 3175
191 3913
2425 3201
4558 2781
1600 2400
2771 4348
4193 2840
272 812
2389 3940
571 3474
1022 3041
2417 1913
3631 1301
4066 702
4006 3300
4853 887
1676 2064
2565 4899
2108 3241
512 1330
1066 1794
830 3426
4223 3714
3082 242
1941 3831
4143 2165
4232 2523
1723 2758
253 4179
2536 1062
1851 1865
2910 362
1069 3979
1886 4009
1033 1553
847 4567
4050 2464
4656 3975
573 3666
257 4999
2979 4754
1858 908
356 987
2498 4208
4548 1566
2126 4457
3240 3178
366 2503
1773 2339
2996 2521
3910 4159
205 4498
758 2289
2590 2080
3039 558
605 2949
61 885
1038 1198
3448 477
1815 4845
2873 1905
1488 3194
1859 4418
3114 1122
1409 3423
3776 1625
3855 4230
364 1389
2656 2398
1118 83
191 4437
4825 2676
2942 2304
4476 2038
2769 2784
3953 2647
4895 3403
10 2518
2639 3028
3165 1859
4662 4222
3035 1069
594 2490
4292 403
587 4522
1069 525
1276 3359
775 426
2717 850
3068 1132
4046 4311
774 224
3144 3176
2942 3841
1306 2533
3089 3597
260 1110
1866 1901
775 3057
1813 3621
1786 1857
1994 4509
641 1455
608 4670
3696 2554
3777 2466
266 1377
3047 4089
4062 3554
2669 225
4642 283
1765 4686
2892 2932
776 932
1570 4189
3644 206
3005 192
3487 1433
4699 3722
4797 4324
4263 102
3961 2864
672 4558
1388 1864
2294 438
4240 1011
936 1948
1330 4897
3987 2283
4090 4120
2628 1413
491 721
4113 4706
3081 1730
3023 3926
4586 4713
3572 568
62 1172
2471 3924
3023 284
2562 2787
1356 4492
3385 2895
2679 1231
1716 3091
3518 2505
3550 4414
1238 3153
3369 3716
2407 4030
4217 3834
3460 1790
4640 3108
3914 2370
3554 1610
47 4404
4214 3827
1315 2708
3152 2482
3906 2650
2029 4291
3340 1087
4901 4453
2444 1968
4312 735
435 4653
3409 2347
2413 2885
2755 2611
4962 1078
1203 4956
1963 4533
2152 2031
4314 708
1438 3409
1697 4818
2739 4163
1899 4280
2063 4639
2014 3516
3169 3278
1722 3556
43 1223
2289 4181
659 4698
1677 1574
4511 3498
2349 1712
421 3091
70 212
4838 4377
992 965
3799 2834
3486 3776
2831 4243
911 341
2326 443
2043 2171
2452 810
1058 3519
4116 3372
3804 1126
2130 1691
3066 689
961 964
119 4414
4647 1291
4706 1839
3659 4816
1692 237
2981 3006
848 649
4054 662
4095 4665
1283 866
2298 4626
1338 2362
1303 2839
4584 459
4974 2469
4218 1599
981 2306
1054 2232
3167 3043
1769 1755
3762 43
1729 3283
968 3215
800 4624
1328 2627
3768 1420
800 3244
2059 322
4324 4875
2917 4115
1443 1538
3090 2229
3496 2654
2743 3751
80 2725
4967 1770
4112 1998
2525 1700
3999 4754
1664 3318
3939 141
4355 2844
706 2872
1577 773
3720 3513
1108 902
2056 2581
4528 3028
3637 1001
1712 3949
3248 2244
2969 3947
916 773
2810 2644
2235 440
4710 1182
2304 4591
311 3239
1682 3496
1316 2474
1394 945
2121 2727
1679 3744
1479 2397
2382 1482
1990 1618
1797 2557
1949 1703
1752 1262
3 1472
611 1801
612 774
1219 348
3608 697
330 4081
1676 4430
204 1039
1136 4430
1419 2630
2291 4134
1163 1805
2237 4880
4542 2567
602 4671
2361 3990
4023 2355
1153 4723
2188 589
1827 2683
1847 1900
3035 2827
2848 2234
4825 923
4934 4638
2239 3097
4356 1481
774 1099
495 809
1183 4179
4365 4666
1657 4695
3136 1326
311 2172
3551 3357
283 1161
4645 2998
1979 1871
3584 4988
2484 4155
1642 4783
306 2388
4055 131
3071 1361
982 722
218 148
3183 614
2687 3412
1590 4920
1911 273
2292 2320
1611 2217
993 4713
2394 2900
3875 2130
1399 2581
3874 3525
3233 2269
4217 2631
4421 1289
3090 3041
4209 267
528 566
1158 3042
774 4738
4420 1184
1825 1277
235 2885
2045 966
1459 3854
3439 1939
2372 664
4860 4237
2404 4382
3954 2201
3614 4456
1073 3543
1591 1883
2507 2042
1815 626
1570 2306
2942 984
3974 2156
3396 137
1312 525
2096 628
4961 4517
1277 993
2311 3509
3426 1656
1537 4308
323 433
4017 4175
4441 1798
4563 2607
4396 3358
4025 2289
4409 311
4566 381
3489 3624
850 2214
722 1938
4273 1186
1942 1988
2935 2294
1172 4345
4850 3048
2698 1953
4113 3360
3905 4250
4475 4891
1158 1266
3567 3583
4582 1496
2393 4334
915 674
4757 2846
4638 136
1849 1751
3253 2738
4775 4236
2549 2574
812 3887
3654 3205
3838 3414
4575 1030
3487 2102
4023 2386
3249 4856
1248 7
213 3637
4449 4893
2478 1375
3543 673
3328 1122
4935 1594
3515 1173
1431 2378
1741 4216
1663 2470
2954 2266
435 432
1 1741
4552 1728
1358 624
126 3297
4645 4655
3224 4603
3039 3026
2410 1978
1298 2921
1781 3651
2919 2965
636 2229
4612 1403
1819 2153
4907 1581
1860 1132
536 769
3786 1930
1765 1912
2320 3957
1494 969
2191 3710
843 372
3292 907
1228 4432
2592 880
4765 2260
205 4537
4996 4129
1827 985
3319 1820
414 4320
1345 1485
3009 2687
374 4043
1369 4550
683 2773
2136 3380
2473 3195
4841 2655
3131 2098
1226 1403
3911 3275
2927 1164
3530 3319
1179 460
4715 4220
2982 4205
3923 2914
1046 3
1076 3674
3635 2736
251 1336
461 2524
1125 3171
870 3865
4630 4597
1738 2109
742 3250
504 3032
4501 3620
321 4769
1525 4980
2329 2669
1987 2327
3856 3520
431 2988
3775 3650
4466 3626
2462 2618
4776 998
1487 482
1894 2525
369 2721
2878 1846
4068 4037
4746 4221
1625 84
1139 3007
4656 3803
2978 321
4781 1613
4394 2413
586 828
4531 4395
4465 2131
933 2211
1826 2810
300 2353
3953 138
4625 654
596 349
4994 4517
4849 4602
3905 815
3344 3360
2839 4289
465 3773
2244 2192
2306 2804
305 1353
2311 4340
15 2274
4069 3624
4475 4194
4031 3944
3513 2747
4445 3642
4569 72
1892 3715
1342 77
4368 199
2928 1291
1859 4738
380 1582
4313 3690
2367 4249
4095 3063
4168 3847
896 4685
495 2178
1230 4003
1957 3765
4267 3152
2028 3824
768 1043
1100 1081
76 2785
2243 2306
1362 4888
1440 1862
4395 3096
3969 2628
322 4712
2033 4671
3452 3847
4052 1209
4145 865
2585 4531
1238 3043
1392 2172
462 2362
4065 4936
680 2348
2093 4434
21 1093
3497 3778
4752 2266
1774 988
2349 4626
1070 1534
2830 627
1377 439
924 1877
4442 2289
1256 2664
1572 3376
71 432
4891 4689
460 3253
4659 2560
4867 4385
522 2649
336 3560
193 4756
4554 2950
3339 2735
2560 1523
748 3509
4182 2321
4544 1362
2039 1840
704 2396
936 2140
1146 3912
3558 3835
1811 1600
787 905
1464 2095
4299 844
1306 4742
3405 1994
2906 1854
4640 3190
4058 4615
627 3808
3893 3657
3856 708
1162 2363
4729 3344
970 3878
1692 2715
1975 3505
3043 288
2856 1277
1579 442
2287 2514
3099 4098
996 889
3320 3477
1595 1728
4602 4333
180 2671
208 4479
1612 781
3971 4180
148 2727
747 1340
4013 285
1502 4467
3653 1007
4537 3707
4018 4922
1005 408
4212 1304
1065 4190
1101 1319
2231 3359
2850 703
1567 3325
4342 4184
2232 4395
4344 3654
4039 3619
2230 428
2503 1246
1383 1274
1645 1804
802 1059
3978 4508
3867 180
596 2811
4417 3293
1303 3371
2418 4457
978 577
1552 4513
1606 4489
4095 4309
2282 4529
2761 3017
4825 180
59 1286
2733 923
4257 1290
4866 1124
2772 4293
135 4159
978 289
4054 4041
3605 3027
3597 4807
673 1217
3178 1326
2952 1394
899 2171
4658 237
3895 1265
4491 139
535 3803
2536 3873
1191 730
409 1789
3554 722
2885 388
1627 832
743 4273
1457 776
1562 3673
4269 1126
4074 502
757 3275
4330 409
3873 932
4199 121
2642 1439
1844 910
3018 4277
493 4842
1183 3174
2042 2969
2872 940
3878 1856
2873 2776
1077 4038
1789 1156
2542 4525
676 2923
4031 1800
4205 3177
1051 3772
141 2738
3683 4825
3464 3197
1643 2486
4350 4970
4887 2190
4496 2931
1224 4773
3333 4645
4903 48
3252 600
2198 3279
2109 4710
4824 2566
2004 898
1956 3001
438 350
2040 2804
3811 4820
1891 2115
3533 2614
4545 2548
2665 329
4094 3809
2935 896
2779 2908
3559 2518
1580 3842
3996 3735
1509 4905
911 810
4535 3054
3464 3942
4056 4470
4217 2447
1009 4143
3497 1936
4239 1900
278 3694
3037 2787
48 4965
1747 1995
1100 3020
3013 4442
1262 1610
860 4937
4714 450
950 1330
1060 4424
3895 1843
1694 4443
208 861
3498 2098
4196 4922
1607 2010
4118 4244
4059 1229
3196 3677
1271 1980
1319 44
4905 4218
2273 2749
4490 2854
3912 740
851 1228
1414 2486
1276 4125
1210 1415
3284 1893
3925 3102
3302 1016
3648 1202
819 2636
4505 2371
2227 3945
1743 4307
4750 1450
796 2607
3152 3611
1536 1163
2576 4425
1739 3706
2893 4317
1994 4729
1205 3722
503 569
4048 2774
2108 4044
3572 2032
4205 3861
2517 3886
680 4825
2383 1236
3295 3962
2735 1508
1367 4239
4281 1065
4673 2067
262 643
2040 2550
4075 4755
4895 583
3297 4666
587 1683
2447 3457
1426 2488
1139 167
2111 2702
2423 2392
1882 4256
1253 2527
4722 4572
453 403
242 259
3043 2190
280 1390
3905 2228
2340 1610
2541 1736
2890 4122
4349 4391
4372 1597
4185 2609
788 852
1092 338
798 3664
4030 4818
1417 2532
704 3950
2386 4192
3716 2231
4411 2449
1995 2500
734 1330
4765 3360
721 37
1013 608
2460 2887
196 1758
2331 4809
1599 128
2884 1742
4822 4320
65 3650
3786 4461
3676 1341
1610 595
2095 3342
135 3327
2298 3648
1115 3705
4450 2776
894 369
972 3268
2942 3378
2914 1258
1856 4879
4971 4548
3630 95
3901 4254
1103 4558
4678 2115
965 4538
2349 3005
4291 454
1770 868
3230 821
1367 172
1842 4081
2816 3370
3085 1446
726 3930
1329 1171
1514 2605
1128 2633
1595 1707
2863 1308
2831 3551
802 1057
2843 4820
3465 1430
3603 1334
1487 2912
4699 1036
3085 1073
1735 489
4688 1999
4429 3082
4611 527
641 536
4864 2543
130 2231
521 933
2393 1538
4949 3575
4103 1576
3971 826
3017 110
516 702
1994 1248
4372 3810
3567 843
4513 2572
3356 10
1601 2945
1720 3964
1831 4739
222 2042
2922 4922
890 4962
567 63
2014 960
2522 557
1722 562
4753 2305
2842 32
3758 3989
436 3266
38 1053
4137 2558
3816 618
836 1242
2987 1688
3870 1928
1369 4981
4914 4010
1123 797
632 1306
2824 1942
53 4458
2640 3976
4436 3790
4691 4156
3175 1113
3653 273
3480 167
1123 1727
2505 460
1686 2428
1511 1846
1736 2931
1360 299
1880 1204
983 3073
3750 1514
2004 2569
2191 1204
758 766
3744 2037
3304 1093
1609 818
1628 4954
3732 287
2344 1596
1727 1589
2346 4160
4090 3466
3303 3276
978 43
3336 3332
1797 4789
4588 549
2240 2448
1895 4330
2447 4846
4826 1557
1092 3860
2210 2643
3012 3588
899 2961
2273 675
3281 1447
3020 1302
880 743
1609 2570
922 4691
2956 2336
4849 1679
3909 4763
27 1657
1370 2611
3846 4691
419 2016
785 4594
209 707
4997 3659
1481 2542
139 2849
69 4377
4179 1350
4580 1180
3034 2416
1445 2781
3663 3110
975 1742
2523 1792
3763 2783
4090 2585
3080 308
1991 2708
2014 4700
3906 2524
3247 4638
1494 1488
517 2316
864 594
2525 3877
705 388
4460 2701
4609 3436
4448 3314
1266 836
1532 2064
4309 1898
1963 790
40 618
4214 1924
137 4104
1030 2839
87 445
1357 932
1339 1108
40 3217
1658 2054
3672 1522
2538 3910
1427 782
3515 4227
268 88
3468 4541
265 4827
1067 219
3406 3212
321 1665
3749 673
4635 2114
1770 3472
1597 2499
2418 3580
96 2933
418 3414
1844 285
3460 3729
3604 4293
3908 133
2105 4015
173 4821
2027 3238
4555 2603
3070 518
4527 453
542 2736
4932 4899
457 490
1981 2924
4211 2231
649 1122
3242 763
4572 1590
3385 971
3526 1924
4901 359
3115 3422
2019 2457
3521 82
754 2254
1508 2394
1782 4408
4151 658
4542 3211
127 3567
2312 3924
3758 410
1097 1934
3540 4697
318 470
3328 4229
3711 2092
4086 861
3392 993
2897 1914
4334 2891
2785 3774
3412 3949
3385 1485
4516 2167
615 2912
4515 4987
2311 2638
1257 3197
2469 2933
3825 2569
4886 494
182 1726
3485 1422
1461 3184
939 2077
754 1801
4647 1598
2457 2699
874 4433
4411 3250
479 4179
3854 192
3562 4552
2443 1738
3229 3284
130 2561
56 3514
4782 726
3789 412
834 1584
706 3050
4580 234
4688 879
3111 3883
1315 707
1516 3312
1360 4223
2683 1539
2195 1890
1272 4974
4479 1826
3201 2660
512 1034
3169 295
1284 2843
96 4415
1347 1450
4397 4323
1785 771
4098 2911
4698 1225
4032 620
4967 2903
3921 1901
4958 2587
1027 600
3992 1114
162 4167
1140 622
952 1853
4581 832
2538 3020
1696 2265
4938 1886
4563 877
4625 4765
4484 1117
293 3155
2975 1022
4847 1251
1364 1591
182 1552
1720 1021
2594 4758
706 52
4657 1632
2749 3619
2083 2184
482 3407
2992 4604
3026 4275
2232 14
1335 4631
4195 815
2375 1850
4915 2620
4291 2124
4069 900
4407 4233
3906 4952
656 1933
3277 3410
4015 2743
3353 922
3175 3932
2671 3018
674 3880
140 4509
633 4851
1587 3463
4291 3255
490 1831
414 1727
2490 2326
1030 4749
2605 2692
422 4947
846 2585
3415 3952
4334 4161
4686 3386
4145 3282
3769 1910
4411 1647
107 28
4897 838
3386 3989
654 1652
3304 4304
2316 4342
3149 4377
4174 4913
1969 2928
4041 2640
2540 3537
1552 4730
422 2322
3668 336
3340 3845
3268 351
2869 4817
1899 4018
2989 1696
663 4997
2896 191
4472 1077
330 1190
2911 1649
1694 4392
480 1514
1422 4145
4184 2894
2123 1718
3469 872
2745 4572
706 3276
3583 3319
1975 1354
4018 4247
3560 117
4530 1453
2911 77
2849 478
182 2239
971 752
3066 2593
2543 3689
2410 565
365 1823
3977 1137
1527 2302
789 4904
4712 979
4751 1461
4720 2174
1595 4624
2226 4572
3421 536
2183 4964
1006 548
4408 2888
1899 4803
6 2544
3023 4071
4867 395
1329 1833
794 1823
728 539
2440 3944
2569 4177
4484 4276
3328 3944
1625 2239
4804 808
1730 1587
1354 3817
3927 1307
2340 1701
1929 161
1443 3071
1895 4303
1107 4983
3558 2302
4303 1538
2388 2823
1874 624
1341 4529
4476 2428
4869 3753
1323 4034
2325 2679
2599 2959
535 2656
3145 3009
1754 2629
2597 1185
4653 3627
3047 2468
177 4868
2841 2121
4132 4626
1419 1760
442 1607
1275 3569
932 2832
778 2562
2310 2926
4880 2491
1494 3746
251 700
2236 379
4470 2455
4853 650
843 3382
3101 4114
4766 3069
4806 4078
104 3247
3083 705
2615 652
2827 4834
3509 3043
3207 1703
203 823
1535 4469
4052 2738
1228 4452
3856 1219
4505 2952
572 2013
4078 3663
4923 1089
4842 2486
4369 821
922 191
1364 2041
2816 2344
2707 2080
2666 1682
2752 3519
1578 2368
2658 2411
2965 2442
11 2739
4839 327
1496 543
4291 3866
3842 3563
2514 676
4246 1587
2211 646
3078 1070
1824 2970
3451 3612
1045 3117
2760 2317
4962 4222
38 1849
1145 2695
2389 3068
4307 4412
1299 2202
2799 3316
4984 2942
1621 1596
1684 1475
3932 4788
4373 647
2604 3113
3074 4952
2976 4393
1923 2786
4761 4993
2415 1409
4762 3711
4433 1722
1356 1218
2841 895
870 1211
4943 4698
2254 4376
604 1119
4352 3773
2417 4236
256 1040
4421 2149
1456 3312
1872 1538
213 3251
1787 1200
1689 1973
3448 3373
698 1972
3334 3086
4518 1752
266 4090
2487 793
2496 15
3459 4262
2191 2839
59 2022
3894 2737
3208 1840
1061 1834
512 3176
3810 2714
3895 3085
3735 1402
2713 402
3692 755
3411 3089
697 4620
2322 1004
2970 3999
975 959
4374 3306
723 2810
2789 1587
442 348
2323 815
2685 1732
319 763
4726 4726
3546 3100
4795 2033
4450 93
4892 917
1717 2830
396 2866
3020 4113
1786 2346
1831 774
3765 3350
3481 2383
4449 3906
1248 1195
2799 2727
2859 668
4919 1664
3379 11
2687 4418
3883 2287
1215 2207
501 2694
4832 3878
55 3472
3674 2353
320 1362
1278 3318
4725 975
831 3479
583 1383
131 480
604 945
1259 1727
3019 927
3292 1333
3281 3800
225 4841
1355 241
1572 3790
4160 1333
3117 2202
1340 1439
3797 1657
623 3699
4329 1576
2084 4710
2920 105
3371 3711
2905 3243
2209 2667
2877 1630
1723 1428
2453 545
3010 1716
3805 531
732 1944
4595 4944
981 1367
4243 1971
4676 2306
1604 2545
3266 2606
1981 4039
4939 2586
3748 3331
4131 1211
4759 1503
1175 1529
1697 2881
2246 4628
2316 1179
1784 21
3751 4119
3881 995
2784 1109
1441 569
4233 1379
1721 4100
2793 2077
2163 3184
4735 4310
677 4288
1173 4534
1083 1885
944 3523
2819 747
242 2941
4512 4730
4469 2060
1330 761
2283 3044
4020 1892
2501 3541
3699 1448
4634 4327
3210 3469
2210 4359
2124 3429
3886 3929
3248 4259
1495 2157
1147 2101
786 898
2681 3296
1232 1489
4085 3683
2911 1980
4633 4748
2150 3163
186 3847
2327 3569
4797 2214
819 2280
2192 4712
2602 4482
983 139
4700 3102
4891 2333
3198 183
1703 2226
3272 813
4969 960
2190 52
3918 4678
2347 991
1823 1378
3732 3528
4655 4346
3380 3042
3535 4429
1161 1439
2570 324
4196 3640
3030 3048
801 2437
1495 3607
3403 3894
2865 3567
4859 76
2788 4338
3712 1544
3073 3136
4344 1915
2654 1361
4660 3429
145 133
4571 3314
1661 3664
2985 1826
1264 743
1326 632
4575 43
3481 1631
279 4818
4523 1117
3682 4630
4293 51
4980 2747
3853 1030
1114 686
3366 1801
4024 4951
1839 2449
3434 1875
1869 165
1429 864
3769 421
1189 2622
2943 1729
725 1523
1149 2324
2314 1661
2810 541
1217 2098
2 3760
2249 974
3829 4309
2164 1731
1607 3485
472 4881
2945 4232
4498 2727
3951 2755
3737 4762
408 1050
988 1070
4029 1926
4568 4110
360 1830
3312 2302
2708 318
514 4209
727 2282
2744 1305
4995 3694
2859 3582
2328 1986
2954 2942
568 1501
3329 2250
4984 1270
4218 2544
231 2880
2590 3592
196 1167
2429 628
1473 1803
3442 487
1042 474
4192 3361
1091 4161
2981 2032
3838 4199
3723 2568
969 1072
4442 1535
4315 4122
4334 519
974 3278
1119 1153
4381 503
1211 4920
2937 4253
881 2104
815 501
3179 3840
2584 2838
1630 2895
2686 4997
129 499
2683 2971
4739 423
2423 2501
1720 4224
4724 1609
840 1740
1052 4335
4603 3831
1654 4144
4580 2500
4586 641
629 196
902 2994
2078 4909
869 3353
2171 1091
3691 3954
769 3410
4699 617
1440 3857
1584 713
3571 4824
890 2992
2935 4260
730 2591
2416 2806
4009 1427
402 3424
2451 2329
1772 1341
3465 1526
3084 3921
2765 2202
1206 4322
3998 996
388 1072
3726 4595
3743 4560
3765 4455
4461 4985
289 3444
545 3462
1633 1633
174 3113
2342 3258
2865 2199
1476 3338
540 1912
4013 4167
4238 1938
1340 1352
1218 2146
4489 585
4193 3219
2471 930
3705 1748
1667 2604
3742 3129
3676 4122
303 4856
151 873
2395 4987
3219 592
839 4747
4067 4003
3895 1724
1865 1392
4400 1097
4116 1652
4251 4690
22 1061
507 943
2850 3973
2720 2354
3296 2327
776 2944
3729 3750
4174 4279
2579 3721
3640 3640
4638 3200
411 1099
3990 3730
4031 2975
3590 1812
4585 4089
1206 426
1887 4508
308 1062
208 1844
2229 208
3089 310
3572 4486
4434 2015
1446 3677
2179 3106
900 2798
2648 4127
577 305
1569 634
3158 4534
2773 1277
729 2111
4692 3831
390 4996
4588 4265
3165 3282
2352 3170
1540 2755
3621 4553
988 2865
1141 2461
3190 2071
294 4511
4298 237
1855 472
4821 828
4347 464
1472 1342
4524 1366
2705 4687
3877 4960
1406 3370
243 675
1096 4144
263 1986
1805 1681
2075 4038
4485 3219
3346 2437
2979 4828
1335 1208
2569 1716
1707 3206
536 3055
2536 4316
379 1205
2131 1632
3257 2944
4319 605
3297 3858
2739 1630
2331 2193
2424 2873
771 2022
3856 2842
2939 414
3843 1662
1029 4309
3016 4777
3802 4784
1885 3488
2858 4465
3030 3377
1242 1443
926 4605
1907 3399
8 4094
4525 387
890 2866
705 1986
4331 1017
2496 4832
3383 2960
2290 1408
64 3744
1475 2424
4386 3623
4222 1705
2530 4777
1384 4033
1114 2826
2407 1663
3434 1785
2659 4563
1661 3484
2055 2482
4007 3602
894 3773
687 765
4424 863
3311 4098
4057 1008
1978 4304
2566 3457
629 2004
1266 2388
2987 2051
3658 4480
4471 2057
1306 1813
4918 2561
875 2827
2672 3002
1201 1692
3736 2433
3125 158
337 4541
2215 446
3704 221
1966 3672
3306 280
3167 3247
2342 2490
2319 1297
1601 2725
2159 2837
2683 3573
2040 1439
1801 2452
381 1421
2613 359
2329 3470
4829 1154
3068 2450
591 345
516 3835
1755 3649
214 1727
3676 1911
1430 132
3131 3333
3280 2903
540 2600
3889 1153
3158 1302
3745 1306
751 843
362 452
1588 4470
4937 3439
2736 4388
1427 1481
2022 2974
2648 54
4792 3169
3716 3942
3749 3226
3914 3771
743 624
3146 373
1669 3338
3004 4597
3614 2811
15 2287
710 2069
4210 1556
3245 1852
1258 4374
872 4936
2590 670
1743 2338
3702 811
4198 1678
4962 605
227 2859
1592 2607
4991 4933
3017 3448
1400 1394
2862 291
236 2819
4498 3057
4826 138
1256 2077
3255 1897
1312 3106
2613 1939
538 2846
3762 3020
2291 2672
2747 1028
3746 860
2602 979
3863 3517
789 4500
2880 153
3330 2209
1460 1656
279 2516
2721 1348
1728 2121
5 2388
426 1898
4391 1681
4136 1128
4441 890
4910 3267
2167 2490
506 2817
3382 3743
1381 4510
3614 2135
772 2535
3782 4584
3735 3564
3864 4662
4268 4525
1861 1792
2211 1590
2356 1689
573 1098
1038 1704
4311 2177
511 4776
284 1833
596 2460
360 4506
2766 1942
2335 4896
3207 4278
1216 4820
3611 2819
3644 1277
2797 3174
673 3125
509 2552
4315 160
3026 1532
4298 1925
949 1903
2847 917
2693 3456
3654 4609
2147 810
248 704
37 4579
341 3001
4650 2919
4720 3922
2749 1514
1907 4936
3069 2956
4087 3674
4140 2960
2268 2264
1086 2486
456 1435
4831 493
1757 597
3019 2398
3259 50
3766 1572
4966 10
4296 382
3793 3208
3647 1671
2428 3489
2160 1817
3268 1995
2826 673
3903 837
3419 1808
3052 2924
2184 3084
575 1597
265 2640
2840 4402
4967 2523
3980 644
3320 1169
3559 2559
1566 3252
1953 2548
171 2493
2291 3865
4738 1186
4554 4317
2246 2458
3220 2665
1170 3275
4911 228
2076 77
3822 1259
2725 1612
3318 4145
2661 2028
131 3180
4870 1431
4580 2674
3415 3002
4989 3467
1829 3456
768 3049
4312 841
1517 4145
2144 4234
4412 4418
3864 2798
1823 622
2833 3108
2981 2556
2171 3219
3828 4566
4331 716
1014 1217
4669 879
286 1599
3308 2577
3829 4127
1536 1689
3433 4809
2044 632
3584 2115
2607 4165
731 4245
953 2720
3861 3427
4151 2233
4100 2321
3675 2836
4641 3562
4392 4508
901 4184
573 1265
3096 3808
2878 3544
4164 4823
2831 2666
193 3440
1038 1327
4461 3628
2891 4766
716 319
2940 4636
3562 1028
2007 3839
1732 2126
491 972
1450 3158
4416 2131
3654 2674
2868 1862
2308 1699
2613 2814
3252 809
3673 3723
2906 111
646 4723
4801 2516
1804 4237
3229 3692
3177 2656
704 1756
4205 2351
4867 3340
4262 948
2593 3310
3397 3417
2798 826
2416 3703
1709 2870
966 4389
3366 1332
2345 4123
1798 2431
3545 115
2854 3231
4000 1518
1436 2728
2269 2596
2778 3413
4671 2234
4713 4991
4079 1701
38 4871
3773 3315
2164 4460
1321 4764
4210 4720
1323 1522
599 2288
280 3537
4388 3338
4213 669
4826 3126
1848 3404
2607 1559
4503 2786
2360 498
1366 1241
278 3254
3016 3679
801 2180
2146 1194
736 1063
4118 4651
2434 4951
657 926
294 2370
3326 963
724 316
4913 3632
2584 4070
3227 329
2928 1185
1993 4479
3716 2495
4201 82
4550 4231
3946 788
3629 1034
1073 4853
3377 1643
3884 3937
3005 869
1285 743
335 3294
448 4998
3618 312
3165 4634
4142 2453
4114 2801
2058 2851
1959 378
4389 3220
3681 3542
1239 2867
3515 4567
1890 3499
824 3298
2191 3025
2967 2515
3177 481
2487 1900
3199 2917
1270 12
2804 2475
1320 1418
2808 2011
1934 3716
2922 2852
242 3783
75 499
2339 2169
1670 2544
2217 2932
1821 2186
113 705
46 1896
892 4716
2064 2646
3594 2456
939 3762
664 4202
2354 1384
510 1380
3425 908
4203 895
4784 4743
1062 1300
1107 4802
2013 4245
3379 3053
930 3177
4058 568
1573 2084
1191 1464
3951 993
2907 2153
3940 4708
1444 1207
4175 4779
2398 1449
1005 195
2790 1673
2828 71
1424 4158
1605 4035
3969 4378
4169 2285
3046 454
2419 1454
2231 26
3270 2746
809 1115
1714 4482
1188 2452
4739 4772
4005 3138
1306 4912
4160 2959
4685 2859
2147 21
2578 1312
3546 3806
1191 4087
1573 3229
4754 2691
3392 2386
4502 3348
3894 1712
1627 4680
2983 2008
2069 1839
2264 4088
1681 1875
1024 2369
4514 3141
4893 269
1225 1608
1324 2757
883 2749
2079 2393
3724 3930
3659 1357
1290 4662
2048 4843
1882 360
2591 2347
3952 166
392 388
200 3099
2336 4839
941 1206
422 2464
3970 4027
1163 4498
57 2614
3236 4926
3974 3041
3401 1736
451 4090
4448 2433
2439 2995
2953 2046
3473 2358
1881 4696
2267 1702
4351 3584
756 1195
2159 442
3993 136
1123 2097
2087 1416
217 3551
2963 2948
1192 2348
2574 1307
3656 2402
1654 2902
422 3664
3760 2770
2819 1645
2329 2325
3240 1538
2686 1494
2887 3252
4405 3421
485 4903
2535 708
3850 3694
4102 1058
4886 1831
15 349
1529 3757
4834 524
352 1545
162 2207
3028 2764
32 3880
749 1267
563 3412
2419 1067
1253 385
2840 4184
458 605
552 28
352 565
3819 516
3476 3169
1760 871
4042 497
844 4700
37 2298
2166 4643
1177 1747
1571 4405
1614 419
1022 4073
3973 3785
349 768
4768 1081
2978 3559
2882 4051
4442 3761
4028 678
2347 2208
2228 826
4661 796
1466 159
2076 1023
508 292
2012 3573
4946 400
4738 656
4168 3157
2823 412
2024 2366
747 4099
4645 4848
699 2392
1664 4151
4978 2329
531 3620
3234 4773
3297 4724
4061 3813
4960 705
1687 3854
168 98
2982 4693
2525 379
1609 1253
2792 2156
3892 3935
4567 2871
4966 3475
2181 4629
2418 1909
3271 2356
2033 2111
4786 4212
411 300
3733 1719
3884 1203
4367 2043
1347 486
3770 144
2376 1085
568 1719
2084 2615
4937 3969
3382 4859
1389 4839
80 128
3015 1393
1495 1527
978 3101
210 2574
3163 4714
2330 3681
4887 3624
4288 2442
2487 24
1226 1977
2737 288
225 4213
2194 3851
2765 4666
1195 1945
1062 4020
3631 494
2222 4917
2738 1389
2273 861
4776 1824
3564 1194
3290 3497
2718 1913
4225 1415
3831 2126
4157 264
3257 4006
2769 3886
1905 4202
4501 2952
3539 204
3075 1866
3576 1424
3586 2504
3863 341
4837 1279
3939 771
4944 3971
386 2232
673 4335
581 4917
543 2255
4773 4413
297 1415
2686 4090
527 193
1519 4086
2959 808
4970 4274
4015 2665
3698 1264
1303 492
2116 3837
4740 3050
3375 4284
1698 342
4133 2520
1700 1186
2439 4774
1400 3847
2194 4512
1489 998
379 1016
1733 355
3444 2655
3958 331
637 2421
1137 1362
2734 183
278 1583
3983 4928
295 3360
613 2362
3969 1621
235 966
1714 328
2727 631
1754 2906
4572 4450
4619 3960
4095 3766
309 2148
4223 4958
1159 1259
667 836
4449 3363
3306 91
1093 3740
1765 4891
3255 705
4172 1242
2229 1519
2455 2270
1468 2663
4844 4423
2873 4521
4552 4376
132 2508
1213 276
3892 826
2515 3693
3291 3077
4441 2497
4179 3607
2267 87
3018 4140
3439 3257
769 2479
2320 1865
2059 2387
2018 1370
891 3368
2503 616
3044 2198
4288 2558
4312 3602
1519 614
3408 2926
4079 3233
1862 2786
2711 1712
4919 352
4103 216
4309 1515
4063 4840
2098 3394
4680 3733
534 3341
808 3508
85 2824
1523 1412
801 4378
285 395
4326 4465
1626 291
3947 2038
2501 3715
4947 4451
4153 3057
427 1856
3096 4450
1988 3236
2204 4929
2289 4356
317 394
4105 2942
1694 4824
284 3043
1881 4583
3149 3083
446 1823
2501 4583
409 1179
3900 3934
3443 2241
2012 2153
1831 4572
2689 433
2144 2326
3428 4753
3398 2659
4419 2975
55 3687
3091 13
2614 674
777 303
2238 1779
4687 2423
4452 2457
4648 1028
2301 275
2875 1070
4547 2442
4701 4935
1239 968
3208 3593
3487 3592
3710 2921
2414 3364
437 1641
4127 1707
3847 695
3667 322
1805 859
4033 1403
4193 1683
3933 498
3129 2052
3990 1842
4166 4982
102 1626
1897 594
4551 1406
3175 2445
805 4720
4864 3928
1737 409
230 3524
2776 60
4372 294
4852 1369
440 2226
2694 2426
326 595
209 2074
967 2004
4936 2419
3867 612
4820 4114
505 829
3917 952
46 2673
1521 4737
2083 2057
3527 2912
82 3197
4546 3657
157 2390
3040 4303
4378 3262
3032 2297
4425 4445
3921 98
1187 4686
1551 1983
2722 2969
1870 3113
2274 899
377 4069
4049 3267
2168 82
1546 2633
1053 4415
77 2897
2498 4636
1225 406
4605 2788
3700 1395
13 2305
226 2745
635 3940
2040 103
716 1879
178 4367
521 1429
3326 3532
2029 1157
1634 3567
903 197
3080 1379
1451 1184
3017 2414
3538 4144
2832 657
4576 863
4043 2732
2114 2404
3117 3590
4803 833
66 4772
938 1100
4222 3622
4340 4240
2583 1955
900 1630
936 3708
4876 2050
344 4922
585 182
119 4636
3185 1068
2493 3272
2502 1842
1960 3755
2056 3400
2955 3429
856 1610
1220 2930
1498 3722
4037 2831
1850 1414
4113 4190
189 809
790 1247
3773 1000
4157 3475
4973 1971
1456 941
4328 1982
925 3617
1829 1798
2296 2257
499 2356
3689 3891
3722 1217
3825 1316
3396 3996
2041 2073
1149 3928
1289 689
1378 3958
3360 197
2451 3755
4913 917
112 1526
2249 309
4314 1942
3032 3595
2932 3440
125 1945
349 662
944 4395
4264 1868
2470 1304
961 1181
918 1559
3687 1753
3004 1772
3241 636
1706 490
2299 838
3937 1099
4999 197
2216 1917
148 4165
498 4788
4008 1715
2847 149
92 2584
373 1432
972 4386
1128 2248
2888 859
4441 4335
3327 3394
577 4412
157 275
1610 2977
2744 4393
918 62
315 362
4924 2803
4205 2836
1494 1347
4718 4764
1769 206
3568 2142
4511 2141
2914 2710
275 4473
4919 3994
2582 3716
455 420
525 533
1435 4820
2362 511
1975 4553
4192 3030
1630 405
4726 3776
675 1575
4376 2253
3583 2939
2337 97
3785 4882
1251 2880
3525 4681
1603 3641
4140 4162
4324 3912
3514 1348
4299 3655
4565 1434
4653 4566
1412 1383
375 1048
3209 3160
1361 4139
1411 698
801 746
886 4898
2575 1728
3377 729
1670 1724
2780 2307
4472 4590
527 716
3663 1440
4938 556
2771 932
903 1244
1075 1802
259 1290
374 626
4132 335
3741 3069
3069 1520
3338 4870
3850 1780
2614 4192
1438 4206
4271 654
4524 2383
702 2791
3016 3582
3257 3335
4226 3000
3191 2500
955 842
3991 4905
1816 836
3768 1084
4203 2591
4466 699
50 3340
1600 3407
3012 2872
889 4438
4763 2763
214 160
651 3809
3349 1805
2055 3042
3217 252
1827 5000
3903 3493
3303 1585
2268 4583
2750 135
4342 297
1768 1785
2233 3343
3993 1757
3719 3555
1784 1416
340 877
709 1942
4871 2241
3031 3754
876 1833
744 3056
263 3056
1449 1895
1676 1158
1779 3290
4554 2560
4583 4236
1189 451
483 2229
3783 269
4082 313
624 258
4572 576
4840 676
4986 3742
3142 2256
605 129
1426 3695
4018 40
1278 45
185 2899
2693 4965
149 3361
4179 3938
1369 702
1065 2404
2848 2964
3918 3625
1616 127
4988 1187
2675 3240
4852 3185
4885 4262
2915 214
3344 4564
3484 1066
4330 2942
2483 3156
313 105
3099 4775
617 133
2129 4310
1730 1654
734 3939
4093 1511
53 2664
871 780
1397 1616
1093 4163
2959 3883
2016 4049
2716 3102
4529 4508
3807 2169
4015 3869
3547 1931
62 1717
565 1239
312 4258
68 3513
1871 2244
4969 19
3316 4564
4780 2431
770 2895
235 4940
2179 1148
2536 3319
1493 4002
38 315
4566 3491
853 4174
3949 2442
3694 3266
3074 1865
2438 3000
4042 4557
1074 920
241 3912
2500 4699
1760 4673
4552 234
1680 495
1573 968
3746 1231
438 4339
3370 11
1886 4281
3510 1885
1586 1281
92 2129
3423 802
390 1457
3267 2531
1223 2025
1909 2536
1648 4845
3112 3812
2985 3979
2100 3312
3213 4621
3974 3913
2367 986
4786 1632
4491 1757
78 466
3867 1831
2210 818
4941 1219
1835 4853
2009 1204
483 1210
689 2450
2653 4819
3450 4136
1887 1305
4404 2276
3587 262
551 2654
1160 3157
4615 3831
1583 4912
4752 1213
1744 800
552 3120
2489 4398
582 1938
3887 2060
2090 4852
2592 1052
835 3133
3878 4947
3097 1041
1730 2517
913 3897
2268 1888
3824 1607
2166 4378
4034 3082
1243 3963
2348 801
2116 2830
3796 649
2633 1513
1574 3159
601 2370
695 2265
64 2240
3291 2669
1965 206
1088 981
3325 3509
2722 525
1710 4385
656 93
3882 1518
2456 1937
2197 2123
1769 2436
3876 4905
950 1491
961 1019
761 956
1654 873
3661 3968
1645 2181
1942 1432
952 26
1554 4940
4740 3648
2863 2017
4917 1410
1955 4367
481 2388
4492 4153
1856 3739
2938 377
839 3088
4573 4648
4122 2596
2863 184
4920 2591
2755 3217
4595 3203
682 1733
1723 716
3827 3046
1737 827
2998 2695
150 3453
3164 933
739 2973
3491 1657
701 4503
4074 3876
716 1135
47 2399
2622 382
2881 3697
4464 4674
1438 1114
2432 4355
659 374
3063 2028
1156 2672
4587 270
2695 2496
1128 2275
585 2146
3908 3046
4917 3773
2081 2811
1232 2746
974 3142
527 3853
2855 3756
101 2387
1046 2304
1954 269
3078 977
2287 3998
1265 1019
30 1709
640 343
4368 3235
2500 316
2712 10
3378 2511
3562 1564
4548 878
3835 2562
282 3180
4161 109
3363 4692
1456 2299
288 4469
4909 2565
916 1269
3327 2155
1192 4668
2786 3423
3617 739
4082 2691
4493 3233
4379 2777
2750 3888
4486 3600
1021 904
1277 1604
1647 4754
1045 1036
1591 102
2541 4011
3852 4072
711 4911
1307 4149
1338 2420
1891 186
1802 4792
3307 2778
233 3238
3229 1764
4741 1417
3423 4724
177 2102
2879 1014
4564 2706
3408 4062
415 995
3072 3624
2507 538
3558 3005
4540 2752
2784 2927
4368 1280
3154 3429
1069 4149
1163 4027
3923 1987
4096 4431
3372 92
716 3079
880 3661
4403 3207
4819 1257
4695 3999
300 3259
4091 3602
2399 3794
1547 3916
3444 4727
516 294
4913 1004
4764 3308
4405 561
443 1796
296 3891
1054 977
550 2990
2248 2980
353 3729
4073 176
4851 1274
4494 1645
2136 4471
2191 1085
3698 3548
3950 233
1336 793
4527 4931
4767 1999
1461 4953
4355 252
3318 501
494 3542
4520 2788
1355 2075
2771 2614
3965 4733
4548 2987
4629 1179
706 3544
4026 2221
1724 1250
4927 3571
1706 1162
4985 3095
4461 2640
1464 3171
3439 2992
16 4864
4227 4250
366 4584
2666 2547
1860 869
1394 524
51 3011
2782 2964
279 3852
1538 207
697 2889
1323 18
1375 4083
2173 3022
3464 3485
2402 2309
815 4179
3216 2391
3112 2949
368 1438
184 3697
3766 4243
3872 2827
1322 4992
3935 2097
728 3971
1166 2550
3552 3319
4462 246
457 3355
4386 4533
4307 705
3132 3328
3753 4255
1702 3758
1267 3713
2070 1829
365 507
1387 1504
3067 4098
2461 170
2163 1259
4333 3480
1007 3777
4218 1376
3825 4885
1770 2128
2501 4933
1928 3188
2738 4998
247 1690
3669 1527
128 3884
1752 2638
4589 2150
4137 1593
147 957
393 4975
3618 770
2807 4250
2773 3731
4121 2051
1577 3731
4543 1678
2964 4995
317 4068
380 575
3075 2162
1903 1707
3673 2312
1669 3650
3073 178
2744 2581
3996 3009
3911 1823
4271 595
696 747
3338 2122
4901 1889
3650 3393
1206 3792
3774 2109
579 992
3824 4519
786 2650
1478 2433
1029 276
4312 4947
2512 3152
2185 659
420 859
2505 1489
2748 698
3804 271
3911 3320
753 3348
2569 3209
3984 4590
527 1644
3867 1766
1336 1328
2465 548
2196 3749
1514 4387
1074 1249
4833 2791
1796 2790
1164 1179
4207 4014
1422 3549
4024 2176
3695 483
3541 2417
1166 3549
1585 4184
4942 614
4915 2949
2037 4617
2102 4915
3956 1375
611 4831
2934 3624
4259 452
1929 96
4780 4758
4993 2214
2758 1454
1422 1931
2792 4195
3481 2709
4277 663
3208 4181
266 3412
195 4739
248 460
2953 2562
3870 2977
4595 4140
1197 3783
2247 1370
591 1212
815 2480
1805 4342
2140 3984
983 223
2199 512
4521 1367
3091 4118
1322 197
1191 2871
2588 640
449 646
1178 3915
1368 3544
641 2928
272 1253
204 1050
982 3456
1843 2365
3323 1454
3013 2729
848 3082
3539 335
3678 2903
613 2447
4985 347
846 3275
3294 3082
1459 2580
3588 1035
43 1946
4967 2221
4974 3893
3090 3900
2092 1979
2942 818
1768 2562
362 311
2165 1904
1665 3670
2256 590
904 1100
101 576
4764 2654
1202 3084
714 773
4090 4234
4717 4944
4433 4397
4643 1867
284 1639
3699 2129
2566 3671
456 968
1242 1948
4512 4719
3294 4302
4940 4600
2398 3511
4298 2008
1031 4098
1004 2473
3780 4546
1206 2105
1969 1856
4958 3041
3015 147
1247 4026
2530 2574
873 345
2119 3267
2626 4547
4253 298
992 593
3929 2413
2009 716
2953 3901
3654 299
803 1117
471 4961
346 3546
774 528
4356 4073
216 2992
2063 3044
3032 2952
3490 3583
4543 3762
3597 2176
2426 3407
1542 3101
740 121
523 147
3424 1195
4312 2092
2205 2718
3853 4042
4559 2042
114 3409
3923 3072
4918 4487
3509 2655
4850 1589
2462 4900
139 2326
809 4929
652 3482
2885 1957
3704 945
1704 3163
1158 1276
722 1826
4939 2330
2202 4508
3516 4973
1012 3130
1982 2367
1344 3490
4 2611
1366 2610
3023 3233
113 2886
2602 975
4863 4104
4166 3275
3668 4787
2901 2624
74 366
4370 3380
4727 1923
812 4517
3182 3279
4163 2576
1066 841
2201 3607
2029 999
3390 4858
1647 366
2330 1908
1092 986
2951 4445
360 3697
2352 1761
4324 1594
4439 4858
4889 1956
2171 817
990 4107
3232 3591
4173 51
3818 4397
4359 4552
1008 1876
4348 8
556 1240
1545 2001
3729 3384
1226 3419
3755 3525
173 2721
4425 4844
879 96
2933 665
21 3283
915 1944
4314 4074
1156 1243
4524 4330
1119 4429
3749 4118
1360 1321
710 2242
2906 2901
2408 3769
4466 1225
90 2937
1689 1948
2622 224
1389 565
3895 3784
849 1521
4305 4375
693 2903
4096 526
4411 2251
4289 3705
2298 3516
4765 2391
4059 1451
2534 2297
248 97
3814 204
3152 4164
1507 1535
44 3431
2128 4006
1730 1468
3781 4050
547 3911
2886 348
1974 811
342 4871
4125 891
2808 2931
829 3931
318 4352
3547 3982
3907 892
891 3457
2029 537
3027 4006
4730 4707
1386 1400
1767 1637
306 1409
456 863
4227 2621
3133 2859
3878 2688
576 666
3909 1432
4792 4103
798 9
587 3793
684 3032
1876 3040
2128 1033
4310 510
1632 3945
4373 4199
625 1177
3474 3578
2493 2647
3251 1026
968 3512
1733 3669
2391 4129
14 2645
3198 1459
450 4275
3659 1848
3014 3830
1236 3925
976 1418
2631 463
732 1599
1975 4395
616 3494
1672 1519
2590 1045
4072 588
2460 4797
575 1400
3959 2463
963 3464
4327 4236
1475 936
391 2281
737 4862
2106 1364
138 3276
505 4152
2917 1171
3705 4674
3985 4922
1728 4931
2559 2134
3543 4560
1118 3029
364 3100
1588 4039
2222 3531
1349 512
4230 1328
3331 1285
798 2239
1835 919
3110 1472
1507 3975
4081 2999
1214 4727
2247 1430
1900 4380
3074 4449
1021 4030
44 3723
2408 2670
510 306
2971 2207
407 4897
1226 1758
735 3185
4575 3013
3153 4398
4417 2710
4541 1152
1665 4323
3126 4649
1951 1422
2020 4474
4635 1691
4834 1235
4504 386
2438 2184
1315 4441
4409 2639
3430 145
1829 1197
143 2366
4143 1632
3521 2805
1024 3075
1146 649
4139 4335
879 3930
2668 4153
3132 4758
2427 4729
4472 4142
2685 257
2482 1396
2565 4854
1460 1024
3084 959
3304 746
2617 913
1563 313
4381 2566
3787 3907
1281 524
494 4937
1077 2423
2752 1777
276 655
3027 441
1903 3543
3982 2969
661 1998
450 2821
1022 324
3784 3923
1403 4134
3664 4191
2740 2208
1766 4872
2893 2216
2646 4097
3863 3584
2695 3743
391 1206
2453 2240
4507 2166
4306 2809
3354 3672
2948 171
4267 1854
4997 2136
4922 543
1494 3740
2668 4712
2966 2542
1317 1925
4836 2790
1523 1475
3667 317
4185 3920
3720 270
1406 2760
3537 3052
1451 3874
3257 2897
1901 1833
1863 269
635 4221
2951 3572
4681 3722
1355 2431
1395 722
1992 1366
3857 2924
38 1656
3320 3746
2730 3983
2990 2661
2501 4926
2094 2179
1494 1939
2124 3846
2064 3612
3341 3729
610 1624
900 2841
416 1359
4710 1538
4463 4251
4479 1448
1372 196
3085 2560
145 2901
2707 4016
2578 3219
169 1712
903 1623
98 3224
3968 1535
2157 2033
639 4084
2177 1699
1236 4512
2744 778
4037 2522
4658 617
4984 3246
4270 4390
4772 4176
1748 3390
1783 3826
1963 491
4200 3665
375 238
3968 629
4322 675
4050 1537
1521 4354
204 1408
1961 2339
2303 4667
4208 4329
2189 2814
2412 3379
1644 3205
4809 4899
2320 1967
3695 2592
3857 4676
3091 3901
1643 1504
4410 1792
2657 4650
786 4822
4122 247
1259 1035
2169 3891
1059 3254
1869 3448
2052 2579
1101 767
1177 2892
343 3130
1016 2344
80 4678
2488 2944
1892 343
2252 4788
1100 2441
3078 1532
1233 1385
3193 3079
4392 1630
4416 2121
1808 3630
1329 2766
1078 2393
4239 266
1042 1063
1741 2351
1669 2814
828 2134
4380 3551
4257 2917
4425 852
3277 1595
1449 452
1872 329
4561 4873
1989 3229
4333 582
198 2232
1384 4332
3690 2383
4778 1859
1063 2997
1652 3315
2307 2848
1535 3719
2038 1704
3642 3807
2761 3663
217 2660
2328 3450
2522 1051
2765 435
3855 2251
3210 1855
2043 4336
3542 4378
494 114
1045 1799
2912 4082
2933 2600
232 3470
3664 2742
2135 3563
837 3118
3784 4401
3885 4578
4124 727
4127 1742
3977 4463
1231 4775
2807 2829
681 647
2497 4120
4391 3244
3935 2668
4629 1431
4849 990
3110 517
3928 1512
3592 4092
108 4355
957 1927
1982 2289
1594 1543
3549 1322
207 1917
3922 9
1153 4427
4366 1822
4209 4670
1528 2316
2162 4532
4243 4239
3849 848
4798 1807
923 898
2930 3834
128 106
2658 1387
914 1692
153 3982
3184 2534
1653 367
758 4743
4429 1569
988 2653
4129 1596
1848 3775
1892 50
1818 2289
3561 4379
107 4528
1440 4310
4987 1181
3106 1981
1406 2330
2626 3157
2045 1842
4384 3727
3225 3920
1442 2267
780 4156
1059 1878
1704 1208
2785 2420
1978 904
1931 3469
3239 4386
2143 1672
1708 3360
1177 773
3956 4095
1670 4471
2255 2791
80 4221
1714 3534
2658 3989
2123 4728
2224 4044
2316 1039
4981 2240
4068 2129
1174 2326
4286 55
3409 355
4343 2912
1504 767
1932 4565
4478 2002
287 4347
2859 2029
1754 1023
2912 378
4247 13
2836 3286
2440 4786
4425 321
3988 778
2469 4555
4470 4766
3761 4874
718 1628
4754 2417
4650 4553
1361 1110
2667 1413
1967 3119
364 3985
863 4864
1360 1123
4150 4024
340 1988
3334 2316
4945 3618
2768 2275
816 4300
4886 1619
2161 4786
4172 4937
231 1793
4902 4254
4324 3481
3347 3863
2127 840
4877 3462
2878 522
4103 3555
1863 1189
2258 2366
2471 2909
4286 495
3828 698
358 1416
233 2722
3747 1837
951 4580
3953 3989
3878 1687
3895 1660
1078 3330
4331 4308
2402 2399
4686 3801
3647 4055
1828 2443
3862 1716
1621 1789
2061 540
4640 3759
2472 1672
3145 2836
771 916
963 1080
4651 3894
204 1474
3915 3494
2981 678
3456 2524
4097 2367
1095 2456
3616 1608
4632 2497
213 4063
1041 961
4066 2042
1616 2509
3029 3211
2652 1016
1476 532
2256 4902
596 2136
622 4163
4436 3820
4324 2937
4622 1598
2160 1784
2523 3903
590 288
1818 600
702 2479
2890 34
809 3262
499 4084
570 4111
3732 2059
4666 652
2834 3583
3388 4955
2077 38
3174 1830
4686 4357
492 2896
4246 3632
1107 3998
2787 1330
3178 849
1082 4989
1975 2400
34 2775
4851 908
4463 2138
3638 1237
3011 1876
1179 3482
2096 2248
70 2935
1374 1079
1958 736
2186 2396
962 4112
1982 2032
2853 3556
2450 4858
3155 210
662 2367
1496 1074
2899 3981
3184 3757
2951 2604
2671 4793
2105 1870
1929 2900
1985 500
4050 2226
4013 371
2820 896
939 2995
2713 2691
25 591
2190 648
4264 391
2795 653
3797 1975
1644 1915
698 1366
3745 1620
4917 2822
1103 4229
4221 269
4045 635
2441 2041
2229 3887
3801 2787
1889 2216
1514 4151
1054 2556
89 464
2794 4838
2608 946
2364 4167
3952 3210
3097 1302
3429 4748
1046 4809
1781 683
1641 2460
4635 2944
373 4468
1104 4444
218 2142
3952 333
872 2099
4542 911
1299 663
3970 74
4338 3169
4397 2239
644 3064
4618 2720
2400 3435
3358 1785
2564 2679
2187 2232
1761 9
4496 1303
3748 2823
2673 1627
1003 1814
135 2798
374 3461
4537 4023
4681 493
490 3290
2439 1971
2179 2483
3363 1192
2227 1300
738 1929
339 1806
422 937
3834 965
1103 1473
4412 4863
1583 3493
258 2030
1753 1011
4443 3243
1523 172
3753 736
214 783
105 3009
4033 4333
4322 3286
3853 3073
2764 746
2511 4802
3443 3621
840 2363
748 3757
370 671
1687 826
1110 1417
1420 4640
3720 2333
3063 4050
3317 360
909 1431
