437
130
39
525
473
490
126
249
34
18
500
203
260
238
30
24
370
80
471
77
399
279
4
542
326
15
88
160
24
68
102
219
67
101
231
252
431
19
106
607
283
16
544
416
635
455
279
481
325
83
238
31
451
31
53
47
363
31
133
40
47
455
144
460
569
452
11
492
269
208
680
529
465
452
153
510
173
497
174
349
407
515
194
485
38
408
276
194
285
177
263
377
481
138
95
189
22
7
310
399
120
115
200
40
355
221
369
24
387
27
214
176
135
157
380
4
-1
249
85
299
452
183
7
270
24
267
302
43
296
452
457
69
357
101
105
357
257
284
534
274
44
80
565
339
490
279
286
5
340
200
56
229
139
586
507
8
62
61
207
499
66
196
165
629
379
22
355
12
104
49
138
283
2
225
73
182
450
398
262
287
343
78
163
520
299
465
102
438
27
227
707
212
486
355
324
303
196
470
420
313
26
8
306
135
109
46
193
125
4
532
346
276
89
272
143
689
243
83
28
300
99
577
48
563
338
114
105
363
103
16
351
135
473
52
67
293
40
237
37
712
215
51
45
63
127
179
230
16
51
106
26
100
52
640
150
438
9
274
37
499
399
19
190
359
649
167
226
105
288
497
357
431
244
176
511
193
167
427
92
158
537
215
123
62
87
314
144
266
165
194
315
91
190
351
0
194
150
151
144
243
70
349
329
362
491
343
44
20
21
543
283
386
86
554
668
495
28
524
402
135
463
13
115
40
535
360
26
38
447
55
598
84
137
476
21
502
611
163
106
208
148
554
6
594
303
86
6
113
406
25
147
18
521
84
401
562
269
126
32
340
36
562
348
499
230
596
512
39
295
198
459
268
131
135
288
209
162
65
261
240
175
148
193
57
561
540
36
67
351
268
410
227
150
84
308
6
368
68
176
77
536
86
268
68
165
270
254
461
536
189
118
124
231
40
278
79
53
167
209
7
136
597
11
81
121
53
432
446
111
9
127
71
116
148
54
437
678
266
197
317
339
275
471
510
407
406
527
504
345
30
483
563
590
14
79
316
540
98
563
101
236
265
185
36
190
167
66
124
365
370
239
452
52
230
398
574
127
448
36
339
283
15
293
60
264
262
157
214
224
346
291
184
164
375
185
593
594
136
295
260
201
342
196
443
592
273
289
97
67
10
113
387
72
2
400
79
572
172
241
141
10
213
92
64
150
311
146
459
3
93
186
379
417
8
324
402
527
393
15
426
363
35
304
48
337
551
493
576
56
71
280
363
493
283
277
153
433
500
325
85
77
189
80
263
367
74
330
154
429
75
438
345
145
204
154
28
390
87
319
173
15
237
136
153
84
248
185
222
295
177
514
70
269
28
81
118
247
143
52
108
190
18
331
105
341
127
262
153
180
162
44
581
318
583
85
565
247
179
294
149
120
167
49
50
98
361
106
288
345
510
501
64
201
63
-1
5
501
432
657
260
150
379
517
341
36
203
220
116
530
102
13
245
47
288
288
435
459
141
110
46
177
143
150
421
99
25
226
25
320
19
357
25
102
117
90
18
445
185
134
155
125
224
618
319
195
670
129
46
198
116
71
287
116
182
3
257
443
187
224
312
7
287
249
230
273
476
11
334
164
599
173
490
211
264
84
21
324
105
396
74
325
134
537
495
280
310
76
547
294
454
213
190
338
297
223
277
479
15
295
437
80
73
325
153
28
79
558
4
77
188
315
228
469
186
502
187
429
151
222
726
178
43
209
170
261
343
447
105
485
67
499
210
153
317
348
71
195
286
450
201
33
120
631
384
483
10
111
52
719
371
79
479
393
243
161
390
353
17
529
452
29
509
283
402
103
513
220
37
293
209
162
256
479
137
10
374
87
454
282
336
209
461
84
290
83
392
173
145
109
131
4
155
135
432
122
429
588
198
227
241
725
157
37
241
32
153
46
68
55
22
7
222
626
184
46
83
350
349
363
318
168
323
43
123
82
249
322
160
144
298
81
6
284
591
308
299
373
511
252
48
182
320
13
217
129
63
71
32
128
198
45
294
105
511
124
463
283
32
259
251
419
27
175
33
19
164
237
302
104
402
286
16
407
192
714
238
78
507
32
422
23
42
109
87
483
212
375
49
99
37
20
606
76
625
61
190
214
145
237
359
683
174
82
98
340
103
612
477
32
310
147
335
136
530
230
49
39
375
39
209
519
285
396
138
187
26
24
15
266
328
385
117
43
227
482
32
556
402
374
170
1
62
90
202
181
229
120
276
524
170
289
42
167
609
185
192
184
404
243
188
241
46
515
109
76
597
108
321
284
517
154
582
34
582
149
492
435
465
590
103
289
327
267
310
137
148
51
35
349
82
423
560
150
302
34
418
135
422
511
418
599
454
135
40
7
99
469
25
107
323
600
220
65
79
29
204
183
188
74
216
403
169
109
51
155
118
352
154
114
73
433
87
198
4
79
241
433
107
36
129
466
200
614
557
57
158
156
242
214
86
527
92
67
123
190
276
311
246
32
204
649
185
53
244
61
531
738
183
39
22
276
49
211
287
39
82
39
209
75
619
28
381
253
231
38
433
291
434
355
237
586
622
209
392
600
258
130
86
40
327
406
23
141
12
528
445
115
236
116
62
20
59
502
179
51
318
297
140
22
234
441
208
4
127
115
99
77
142
211
598
661
73
115
60
57
280
49
442
565
501
41
248
260
164
115
9
424
534
514
292
117
46
151
204
364
141
30
325
226
38
92
198
16
229
342
460
208
144
245
95
169
335
693
351
539
190
106
314
208
83
279
362
128
606
222
380
226
209
291
460
10
118
329
373
90
28
85
277
472
99
321
81
145
173
368
259
65
68
210
124
408
37
107
30
106
227
109
209
267
385
163
497
95
122
96
243
10
216
132
26
276
68
158
162
398
6
291
17
133
445
341
3
25
92
288
267
183
263
54
409
403
185
605
210
120
350
475
124
88
40
722
204
50
234
82
200
462
59
398
92
287
561
639
416
304
150
158
282
228
603
26
54
565
80
24
265
366
64
682
636
347
671
23
198
213
236
604
210
327
377
284
248
411
197
40
509
124
57
238
444
581
15
110
185
342
216
265
50
274
324
89
199
200
405
296
174
385
227
302
195
10
202
331
155
618
167
256
96
371
136
408
34
233
575
438
161
45
522
22
328
193
398
132
138
428
68
84
410
215
159
329
429
432
2
78
455
434
131
573
170
189
136
132
417
281
65
11
485
355
164
27
182
280
39
109
117
208
233
198
468
539
217
236
362
124
46
55
369
435
591
84
443
46
234
141
357
370
197
182
500
298
580
22
171
95
295
492
122
148
639
185
503
5
45
322
162
158
3
250
120
54
233
308
165
126
121
134
462
317
11
586
2
134
63
212
136
223
132
454
276
563
311
130
278
92
171
413
380
65
2
292
187
231
590
170
86
294
148
168
546
110
388
631
320
299
299
413
455
14
555
4
2
78
317
634
199
162
399
212
114
6
125
91
185
288
53
593
300
320
365
61
353
80
288
287
205
595
439
410
387
531
19
76
463
173
107
32
66
287
176
75
140
122
237
409
167
513
659
322
14
134
102
173
372
84
449
104
346
465
488
10
436
14
287
444
102
580
526
253
411
225
87
571
471
34
242
326
145
451
123
297
563
278
140
149
362
63
517
128
95
382
190
413
30
83
448
292
301
141
180
718
529
257
24
126
14
196
151
226
248
402
353
68
46
381
195
452
444
229
688
0
325
268
38
351
644
251
570
42
30
258
204
94
320
61
40
347
497
134
531
441
338
234
137
197
256
123
52
127
69
125
513
578
53
161
341
454
196
42
41
190
208
132
526
28
697
401
102
82
282
225
9
49
597
130
570
491
94
368
28
1
285
654
621
666
121
614
3
91
40
98
262
86
330
62
175
468
392
213
297
441
1
459
226
207
111
20
293
20
100
76
12
68
252
285
63
72
67
130
232
59
207
469
58
157
411
119
179
193
127
311
167
476
685
675
44
420
86
226
110
101
531
203
56
185
503
133
11
186
422
276
152
506
155
421
602
323
1
455
334
315
263
704
586
218
97
113
356
300
307
19
277
497
524
268
236
311
134
156
272
28
160
65
154
466
160
21
172
189
394
207
132
45
342
55
185
301
538
401
110
552
70
104
284
142
501
199
546
167
341
420
254
111
199
425
353
254
450
47
377
94
194
134
47
65
219
73
6
102
196
487
269
573
226
268
6
265
442
446
286
279
125
307
291
43
12
195
451
574
203
200
565
197
42
493
131
89
228
399
147
102
23
318
305
280
249
324
240
121
43
571
353
161
78
110
334
7
329
340
697
436
184
640
591
148
233
218
189
351
593
573
137
237
75
309
157
113
531
258
75
178
146
23
83
107
325
297
328
3
259
136
24
577
570
12
252
285
300
181
105
30
139
169
321
58
60
388
214
78
222
175
161
96
4
109
232
318
80
100
127
194
268
19
4
315
41
229
652
93
290
675
128
166
39
120
525
121
239
547
168
515
766
687
365
395
15
596
248
258
225
121
199
87
111
100
121
387
60
295
49
247
330
183
282
184
439
120
329
337
59
281
377
479
43
292
327
52
231
21
375
491
575
418
72
405
54
5
603
566
305
34
484
87
559
143
258
42
33
431
174
103
164
194
68
176
391
335
9
244
245
156
171
60
457
324
183
370
210
346
598
107
213
275
161
311
422
338
78
57
351
293
244
417
139
89
360
475
41
160
196
319
415
217
335
441
346
449
147
118
43
151
199
271
543
63
74
88
445
434
322
60
55
79
421
284
310
156
348
345
668
161
459
61
499
451
428
377
124
425
100
112
324
217
262
287
80
415
196
296
187
36
201
355
332
226
286
246
483
427
258
169
6
139
517
117
662
14
290
116
308
493
398
394
645
311
131
74
178
236
292
517
222
21
220
482
343
371
289
34
102
60
297
189
330
336
-1
151
147
132
515
10
160
106
44
173
176
286
92
174
290
178
696
556
337
432
231
441
63
443
161
136
282
463
285
352
167
77
38
75
348
399
266
123
100
319
38
684
189
99
400
287
44
265
390
493
190
214
428
80
232
52
77
295
317
119
372
514
142
571
107
391
662
512
88
37
605
656
179
60
57
529
502
395
179
491
308
349
624
167
122
87
129
304
29
336
2
371
500
508
212
57
754
447
72
41
118
347
184
457
177
233
230
37
190
156
723
280
77
6
61
327
506
301
88
22
138
95
122
155
164
192
265
153
398
271
85
417
172
451
344
223
187
300
101
573
184
467
165
242
253
292
233
128
168
574
366
125
21
484
106
448
148
152
48
71
65
567
425
137
9
554
62
386
109
217
469
456
153
593
589
229
244
135
49
45
357
42
187
562
206
484
383
232
429
77
262
62
294
235
21
1
486
502
260
227
111
118
30
206
613
331
482
5
26
363
136
133
413
315
249
75
28
420
251
625
140
219
452
371
380
79
117
66
92
145
190
107
10
104
230
294
365
175
475
347
462
242
368
118
187
199
35
251
68
273
237
114
7
47
358
122
267
213
387
169
154
287
97
26
367
45
439
231
96
232
241
237
72
180
112
376
185
266
394
31
36
357
411
158
83
487
211
530
331
264
155
359
459
26
342
293
584
696
257
112
594
463
42
24
322
582
176
460
286
83
190
255
50
322
4
25
68
406
174
334
385
265
211
524
267
90
12
213
266
24
89
495
338
417
245
99
468
192
100
368
277
476
485
114
356
607
40
359
125
162
427
277
680
266
293
53
354
669
437
91
331
193
389
2
81
110
411
100
196
131
114
156
742
60
36
390
76
126
232
231
121
119
307
289
57
487
520
491
194
117
45
258
344
48
340
575
396
187
479
285
110
204
77
66
101
143
211
600
21
313
218
542
357
30
255
218
90
220
209
440
111
27
493
24
133
428
447
300
270
222
27
91
211
221
434
60
255
294
154
10
75
24
561
242
29
98
94
545
226
161
214
407
234
70
179
109
146
13
593
125
330
129
489
504
5
340
59
226
340
300
249
441
519
82
116
223
75
138
15
323
124
142
58
388
431
571
197
315
410
556
298
424
345
124
545
357
286
88
419
562
385
55
632
4
159
223
238
308
473
233
138
72
402
142
453
254
103
543
36
240
330
166
338
222
415
17
363
223
154
226
119
142
66
72
115
166
31
223
295
212
238
96
279
39
276
536
42
19
260
89
58
326
354
327
241
151
428
49
142
126
383
4
404
149
769
160
166
143
43
83
17
112
295
43
123
72
31
386
495
251
611
31
191
120
19
300
205
242
421
169
117
2
344
70
110
635
132
31
384
241
529
129
187
99
469
393
313
404
283
204
135
588
441
412
147
443
96
171
21
294
312
87
330
361
284
366
74
317
284
160
68
169
325
563
433
395
244
72
386
174
143
525
14
88
194
38
451
436
154
43
317
577
282
294
56
151
116
44
587
119
341
254
465
463
302
92
125
521
6
129
1
550
194
198
401
632
322
678
499
4
160
216
425
252
11
657
22
195
105
49
38
358
71
502
175
462
191
85
371
18
384
95
396
185
48
79
369
174
135
383
10
52
114
516
446
14
210
158
49
143
74
218
152
297
191
282
12
537
355
607
99
37
58
358
134
618
6
415
199
391
67
54
449
654
70
77
64
172
259
128
539
272
131
171
263
595
207
381
167
199
521
169
155
4
153
69
328
15
142
182
328
82
583
516
467
223
201
66
79
365
309
152
-1
13
98
282
481
140
497
62
313
459
260
521
639
223
300
231
189
21
287
430
313
481
140
416
376
404
691
272
302
174
434
380
40
170
291
342
195
538
190
215
620
27
98
453
111
195
213
141
147
405
60
88
168
264
721
194
124
84
364
19
56
161
82
285
355
547
139
478
116
559
39
230
134
516
37
124
104
237
345
141
189
351
302
216
64
622
555
302
368
56
417
107
514
356
211
61
34
104
165
112
206
45
455
551
645
115
34
90
204
24
104
127
256
274
322
355
283
210
67
258
134
350
302
121
354
86
166
32
136
92
100
523
402
130
243
477
36
50
460
220
211
254
266
423
255
87
15
578
258
135
560
186
188
320
353
412
67
325
197
194
99
291
524
83
109
327
5
536
278
3
326
425
125
228
331
12
452
200
210
53
244
500
367
45
414
85
7
160
396
27
141
551
133
114
70
490
305
142
46
22
48
209
68
420
181
219
69
263
130
87
475
60
341
267
38
62
203
185
30
198
14
150
148
544
340
55
16
75
249
68
289
172
30
92
278
304
119
200
153
97
85
465
346
271
7
111
181
89
38
307
101
527
34
460
378
5
499
326
577
258
245
646
248
13
45
394
367
549
123
380
217
190
254
114
3
438
553
726
612
343
208
354
402
606
120
515
182
15
426
353
502
216
302
243
11
560
102
251
24
401
489
678
129
49
523
349
213
156
315
389
395
157
535
257
174
135
273
414
379
166
290
27
49
414
424
109
125
549
414
206
384
39
310
504
132
202
555
197
89
63
308
66
295
126
18
238
7
169
66
236
278
263
712
258
146
92
645
179
46
182
264
50
47
297
156
199
246
514
323
507
648
441
216
118
48
307
191
515
373
105
511
19
170
55
170
122
283
117
290
313
297
30
488
52
333
335
326
254
105
130
188
509
503
277
163
102
183
573
81
592
291
44
138
504
67
17
390
162
8
365
139
419
238
96
373
486
145
251
78
288
120
428
464
81
268
355
30
526
362
22
28
408
209
50
408
651
512
46
76
223
337
353
123
289
223
230
545
35
456
278
320
405
159
244
35
63
95
514
535
133
531
421
28
231
84
227
11
448
340
359
51
637
153
365
431
275
536
281
26
191
182
84
279
85
95
290
142
358
69
376
230
386
544
42
323
310
79
70
245
29
298
339
551
323
299
138
395
59
392
130
47
483
222
213
384
347
51
482
539
178
322
239
416
30
357
113
345
327
438
113
94
122
128
497
741
224
583
312
194
339
380
141
234
144
529
276
5
310
306
399
207
127
605
57
127
566
176
39
208
141
375
455
723
281
236
322
536
254
174
124
306
16
128
69
365
32
392
123
4
159
265
279
237
608
502
208
197
258
283
691
315
605
547
166
224
227
82
287
98
84
556
767
22
118
276
479
26
176
73
73
462
163
3
216
282
83
43
382
74
263
391
392
582
329
133
448
65
226
222
333
217
263
53
95
590
328
431
12
462
197
385
428
588
156
260
7
206
154
438
356
43
174
109
28
47
226
97
36
194
57
208
579
194
91
408
171
41
190
438
273
283
264
83
184
99
174
3
50
116
463
57
108
56
688
503
389
48
31
215
333
82
73
25
123
48
338
49
440
324
63
120
234
668
450
383
5
499
3
100
231
604
568
137
151
168
477
208
221
164
448
177
179
64
35
78
187
366
638
26
363
103
633
9
292
356
208
117
33
88
65
111
57
418
594
2
156
392
337
22
179
342
691
456
52
8
595
681
66
84
59
315
128
6
32
457
223
298
153
230
144
472
305
382
665
250
152
22
93
180
32
85
71
434
21
51
35
194
106
43
376
121
208
101
9
413
429
354
267
170
661
445
105
338
221
120
4
217
237
167
210
370
209
44
573
169
190
440
117
282
61
118
397
340
337
125
99
65
25
223
123
162
271
18
223
195
127
198
613
312
427
531
619
117
166
234
385
284
222
71
94
46
439
122
248
354
308
214
37
399
131
227
160
495
472
1
45
383
16
552
470
418
117
107
125
287
477
61
423
393
70
127
7
26
194
130
0
300
540
122
210
234
430
281
403
262
217
555
549
147
118
187
287
92
199
201
681
377
636
282
118
20
195
68
196
179
355
80
221
219
324
165
147
142
62
627
591
219
369
301
95
217
90
173
51
352
350
249
564
88
191
215
149
28
370
78
51
46
412
131
347
191
454
85
86
139
586
277
228
351
202
491
142
436
369
115
225
237
170
25
231
91
8
59
225
403
97
584
16
227
374
374
54
305
424
431
15
13
286
323
48
48
307
328
198
4
111
312
122
391
616
110
545
466
542
519
360
37
359
466
402
307
499
81
45
438
481
77
354
75
263
60
88
14
26
29
75
14
274
114
308
88
188
65
93
511
460
471
92
168
112
375
206
70
53
12
479
100
139
88
536
78
444
226
199
42
13
14
235
102
467
169
364
264
470
296
187
110
390
81
11
17
273
317
19
6
53
5
443
509
168
43
126
149
283
212
448
553
279
215
17
41
115
295
61
160
136
638
321
85
102
253
60
220
436
89
95
217
271
588
275
500
221
298
50
55
32
297
303
306
14
522
304
324
205
482
203
184
526
199
43
228
216
488
140
211
83
141
54
226
107
86
116
104
200
443
194
309
184
310
480
395
94
284
62
309
491
43
168
7
466
189
312
527
341
466
182
168
83
389
184
178
614
404
126
409
19
311
510
103
367
70
144
16
177
359
107
35
77
323
329
14
642
326
454
140
98
161
347
33
178
409
447
300
166
94
275
220
511
245
97
404
57
107
157
387
98
423
37
456
331
300
63
384
86
479
234
38
50
99
469
93
229
605
20
436
82
572
159
289
356
314
118
91
47
177
639
100
116
57
63
159
188
444
561
22
199
3
186
403
25
308
21
386
78
593
290
464
344
268
531
69
106
44
106
469
319
611
114
56
529
463
167
495
69
2
615
242
202
79
224
614
460
267
463
49
77
398
360
320
276
179
194
426
192
360
67
295
233
480
179
27
230
198
65
147
198
67
86
538
162
26
264
173
393
373
549
311
89
214
107
32
64
3
22
233
119
169
105
41
47
268
9
347
627
18
195
14
85
223
483
3
338
66
24
641
546
337
106
275
44
80
167
98
145
168
304
477
533
266
53
42
103
580
136
9
436
511
368
176
276
30
464
246
28
432
362
49
81
81
293
218
235
64
282
159
60
282
36
492
58
502
185
230
362
573
15
199
131
429
74
91
575
559
316
356
302
26
148
24
317
470
28
296
283
460
642
158
76
558
181
85
91
258
255
162
70
136
238
167
42
167
326
323
340
423
164
156
318
240
227
327
580
252
98
127
160
567
479
26
379
245
296
87
494
275
35
91
506
44
30
410
321
88
368
190
247
82
350
134
227
143
347
153
389
366
21
15
267
248
673
37
42
279
289
152
476
167
368
245
249
447
4
94
341
85
22
117
387
92
78
54
145
200
130
438
81
175
73
313
574
51
152
235
195
95
8
223
317
97
269
234
18
224
31
602
505
247
51
302
231
472
35
326
384
430
342
95
75
2
474
325
106
326
595
276
68
41
560
156
269
219
149
322
185
227
216
163
92
199
336
93
439
487
219
532
507
31
437
96
206
262
369
106
263
74
105
106
632
35
20
489
457
409
380
383
271
73
265
65
189
167
89
17
67
110
442
22
173
2
116
248
565
18
26
4
44
308
4
149
128
263
245
489
67
445
239
347
205
172
10
403
481
169
3
64
569
680
441
158
185
362
117
595
373
136
229
602
427
571
363
390
152
573
454
240
570
155
241
473
66
338
108
229
488
280
271
103
314
288
470
191
751
65
85
184
97
131
191
545
89
161
159
395
204
168
440
134
202
81
299
30
600
148
78
352
89
64
245
226
258
264
13
91
90
394
454
139
106
59
230
394
242
330
310
370
301
344
20
514
186
18
58
270
205
383
51
268
455
203
266
319
55
190
363
176
683
553
378
65
171
69
26
528
449
26
132
359
712
142
384
13
53
461
23
449
183
48
248
140
438
278
400
107
315
347
380
253
309
201
225
359
562
11
395
142
567
103
335
77
20
85
287
305
58
319
214
330
267
158
277
90
49
146
489
267
109
12
111
437
423
433
305
66
483
488
58
196
30
511
442
560
250
43
122
32
27
655
266
164
242
361
240
373
260
350
514
95
59
39
158
242
377
274
89
340
33
312
227
78
138
242
213
396
5
126
301
432
223
66
6
52
473
61
60
103
355
497
99
610
307
79
123
100
35
185
84
589
462
30
154
46
122
17
99
186
186
92
184
35
36
116
254
470
106
151
56
290
340
458
267
240
96
105
3
393
198
32
136
310
112
63
146
288
1
160
286
306
679
455
188
65
409
184
330
140
259
32
231
363
12
476
220
329
422
138
446
238
422
585
99
263
422
507
496
56
335
319
219
348
537
153
316
195
79
164
42
605
33
132
208
135
732
29
130
106
133
269
8
220
522
202
354
-1
151
191
334
2
99
390
53
238
119
507
631
737
699
143
177
341
166
144
39
427
228
509
502
593
342
185
342
600
74
211
49
14
4
290
251
72
203
18
122
224
20
367
553
175
334
153
327
12
304
434
213
112
59
422
330
85
96
41
402
601
19
338
281
159
193
374
98
233
356
107
18
244
181
1
49
598
183
113
463
483
499
324
187
255
630
81
211
315
459
524
31
213
94
333
86
230
318
284
339
634
240
52
192
42
26
20
263
609
33
146
252
132
130
272
202
523
170
652
317
310
430
214
6
225
358
44
389
502
335
37
122
449
97
405
173
68
131
593
75
595
19
290
251
255
65
343
-1
252
274
585
729
282
26
254
318
117
445
112
421
356
727
129
270
528
305
114
337
255
74
195
491
392
483
439
588
87
171
496
119
132
399
276
47
537
34
141
29
72
456
353
172
5
609
449
285
197
312
64
436
316
154
10
299
222
192
666
186
83
390
395
455
125
424
208
91
10
342
127
126
171
346
614
88
44
258
473
206
285
122
388
119
372
150
131
348
16
297
404
569
30
604
240
216
433
512
459
499
197
331
214
95
127
235
336
423
278
111
154
78
276
51
633
297
225
166
328
283
431
42
10
241
215
260
163
367
86
285
183
161
66
131
14
48
481
263
717
64
532
530
30
8
229
401
253
213
92
74
360
100
339
178
146
24
286
112
213
107
432
59
135
212
228
433
197
191
21
404
186
63
113
186
58
138
364
324
352
91
317
142
42
182
493
91
503
118
51
358
373
241
462
249
12
463
397
165
8
71
230
2
64
105
23
43
642
353
705
341
244
179
198
405
412
53
377
205
210
198
27
86
182
121
622
157
278
341
183
259
632
201
328
178
293
329
336
16
547
15
261
409
354
108
59
2
372
117
474
22
201
202
44
58
143
425
6
161
118
18
210
236
241
182
156
544
219
624
13
577
212
60
467
109
133
291
239
171
225
182
665
304
473
76
345
249
371
460
5
245
111
232
151
397
376
267
87
476
160
60
34
40
164
26
46
221
281
421
121
356
80
130
221
127
135
293
341
307
199
23
108
428
264
722
101
134
87
234
40
333
184
325
37
310
424
145
49
346
267
75
17
64
5
517
535
22
178
25
430
115
295
198
219
310
428
315
659
235
253
172
529
314
5
16
34
124
171
392
246
331
183
334
563
571
65
113
123
380
347
168
543
89
195
105
37
395
287
148
48
204
143
157
84
173
412
58
71
59
572
239
162
108
493
202
158
399
513
104
242
172
4
186
401
44
185
606
361
263
92
85
54
309
272
63
701
77
129
63
198
360
322
45
257
509
379
164
358
265
255
95
298
6
408
286
256
183
205
582
279
238
31
407
128
311
234
48
410
543
143
296
94
121
161
438
711
481
242
336
346
25
59
172
323
47
257
35
592
549
106
242
192
171
149
295
500
170
225
345
393
6
168
280
55
462
12
26
25
459
410
451
197
151
158
416
273
561
565
132
93
685
555
537
205
178
7
132
37
41
404
93
140
312
88
658
181
70
69
67
204
87
192
49
402
282
463
30
374
504
284
5
131
157
173
372
325
82
414
132
143
269
488
147
576
466
354
211
547
185
372
105
496
182
34
86
36
351
77
335
55
96
52
393
6
409
476
184
284
386
28
3
584
97
88
429
207
352
168
199
248
367
24
47
459
399
140
80
79
117
240
66
234
82
350
595
3
275
30
652
89
167
91
404
209
31
255
115
181
159
444
344
262
222
292
483
517
270
405
378
77
197
232
31
340
367
150
545
193
332
71
263
147
432
213
217
201
235
224
12
626
319
27
43
399
17
198
123
82
443
485
293
390
63
433
89
211
424
208
138
178
195
142
334
664
179
393
281
372
428
704
113
182
13
269
299
109
151
309
165
35
34
214
224
249
26
446
21
4
22
53
577
110
127
109
181
114
441
209
34
223
600
68
635
413
140
225
451
56
16
615
10
228
57
261
377
18
303
106
217
503
42
367
257
417
531
91
314
52
173
332
207
17
60
463
170
267
298
251
21
133
533
31
657
555
312
166
28
380
18
138
269
75
274
8
107
122
174
382
675
622
277
436
384
433
374
157
28
380
68
9
39
256
89
220
456
521
622
94
139
145
266
570
454
53
173
401
106
532
228
213
140
310
289
322
250
320
144
185
71
336
6
493
17
516
399
507
250
88
380
498
42
161
263
44
8
155
343
-1
192
38
348
366
181
162
129
258
441
559
294
454
535
161
479
43
279
212
10
364
502
104
39
65
399
-1
187
209
408
376
165
143
533
303
143
86
101
58
277
636
127
291
269
435
34
70
398
52
170
92
160
223
412
52
395
298
104
235
95
10
336
3
548
64
101
252
15
45
258
192
154
343
35
240
310
194
372
412
160
77
36
56
258
70
63
501
165
119
9
465
42
109
185
307
233
262
353
119
87
357
696
385
52
512
404
215
106
266
596
237
200
89
108
344
460
340
449
261
335
251
128
471
111
55
466
52
12
176
47
373
112
257
156
342
114
284
256
111
618
82
485
354
155
248
166
135
498
88
160
129
253
28
412
167
285
185
12
12
210
55
39
428
17
531
369
142
124
23
239
102
329
199
180
55
407
204
64
114
344
37
23
360
468
375
15
15
96
730
186
308
47
523
43
640
545
564
545
319
493
136
688
37
122
17
182
49
203
294
112
15
150
616
209
119
344
16
409
29
445
30
270
21
77
387
473
538
57
11
57
265
40
18
361
287
427
256
206
257
309
244
5
320
188
195
325
227
231
222
124
404
83
505
524
190
96
173
453
273
411
311
312
320
334
511
283
97
27
47
60
138
360
218
365
98
387
185
23
611
630
189
242
67
64
85
486
192
285
52
129
586
175
196
432
181
152
356
221
142
3
55
123
368
469
71
373
69
343
41
145
221
487
24
176
21
82
69
564
579
82
48
657
35
362
281
417
130
381
388
130
8
318
375
403
120
616
31
152
122
322
42
266
230
260
482
72
56
512
182
344
308
388
412
20
53
95
377
221
172
4
80
13
83
15
580
195
251
582
47
197
174
506
409
336
465
384
267
27
102
159
334
37
172
52
8
629
188
43
182
147
58
228
143
270
206
499
245
565
397
233
38
368
169
30
324
190
123
2
451
467
175
67
7
273
101
179
121
67
257
225
270
282
28
265
61
30
500
265
76
234
33
147
287
432
46
227
358
585
315
385
198
84
248
105
144
78
151
72
10
394
613
28
633
28
59
663
322
57
132
191
122
32
387
416
324
80
299
487
369
219
356
387
603
105
186
148
636
55
65
509
129
363
33
131
93
24
420
284
395
50
118
216
227
375
48
655
445
536
158
33
64
667
200
206
407
468
239
96
137
174
434
616
488
77
470
49
48
563
463
570
531
107
63
144
255
418
234
134
254
510
238
507
530
21
98
344
122
53
113
341
97
355
237
25
65
307
126
390
391
590
649
239
22
98
364
80
326
368
251
210
351
207
40
357
107
386
157
484
49
50
11
29
199
367
251
1
298
311
38
355
588
22
491
145
27
456
307
32
150
347
344
141
358
273
235
570
46
400
465
452
427
255
391
201
155
81
400
2
42
177
312
247
40
366
24
325
693
240
129
227
430
41
453
438
24
133
208
252
232
242
172
436
137
395
232
505
562
187
66
359
239
568
277
215
66
17
55
124
243
657
159
227
54
11
67
164
46
243
387
142
651
137
406
116
24
106
205
481
6
3
274
342
495
193
403
54
30
459
27
68
460
96
317
249
235
457
249
67
109
353
127
331
460
84
240
178
63
196
53
111
557
141
26
43
303
70
350
253
419
243
160
193
451
221
237
370
234
264
6
332
335
431
9
25
228
253
159
177
290
134
240
106
181
504
181
319
178
44
90
97
386
266
396
397
23
370
264
372
412
338
498
239
411
173
523
383
150
431
575
633
504
279
155
52
165
176
517
256
18
318
485
396
126
50
377
101
196
45
193
369
521
208
191
137
23
203
137
422
668
9
49
100
415
92
103
46
52
44
91
418
400
244
194
75
56
399
576
427
34
244
45
301
120
161
105
81
453
34
71
78
391
87
284
47
407
324
226
346
449
371
66
20
37
489
29
180
81
423
392
262
496
603
67
134
253
9
124
40
196
448
67
27
215
4
184
192
61
256
134
352
7
165
390
473
380
260
585
541
662
111
59
716
61
238
23
65
92
579
435
378
229
66
337
165
412
435
458
167
404
142
371
58
344
456
415
358
47
418
153
67
309
95
245
185
182
9
61
34
95
238
649
508
179
90
207
105
8
301
59
123
108
94
647
349
216
83
227
294
270
234
395
294
520
225
260
586
312
272
268
426
124
426
93
64
323
29
247
31
437
349
285
186
100
257
411
566
327
2
137
365
52
233
157
49
573
97
185
84
232
11
27
39
114
81
148
185
102
387
294
306
133
185
191
155
115
66
262
115
534
50
51
1
5
155
53
214
195
229
243
377
239
291
317
29
371
3
112
287
578
255
75
20
590
131
486
107
34
360
124
409
556
367
167
305
369
248
49
18
155
596
55
525
460
52
263
556
458
100
207
446
365
534
34
547
202
509
191
231
96
231
171
77
266
340
192
335
80
166
180
388
421
395
13
231
611
115
680
356
304
289
373
318
329
353
281
11
284
409
443
571
549
88
625
167
351
220
97
76
468
29
82
156
284
398
453
70
2
130
441
517
212
311
226
340
107
272
628
314
81
235
333
205
383
393
392
143
400
71
67
33
112
74
387
129
9
239
17
15
289
88
146
124
154
320
201
290
319
97
137
496
481
187
102
2
79
162
333
582
545
209
83
280
96
257
57
708
615
283
185
112
167
382
478
574
189
169
150
49
109
676
272
500
-1
133
130
147
28
356
158
186
49
21
304
85
397
367
225
376
6
18
705
661
501
229
23
558
282
351
77
284
83
205
169
301
282
23
243
165
412
162
387
281
390
446
24
133
173
54
87
51
50
246
36
309
510
38
36
100
188
160
461
133
358
188
26
229
77
248
565
138
324
29
63
461
94
125
227
140
340
83
103
187
433
190
318
104
116
209
463
28
600
283
48
32
272
38
467
105
277
439
699
96
218
599
70
312
364
305
294
409
262
58
396
605
17
1
501
172
76
326
82
119
403
146
5
215
346
71
343
135
653
270
472
278
6
471
275
60
227
593
360
123
249
246
2
61
41
415
40
158
130
129
5
139
186
55
323
85
231
225
118
14
437
211
557
128
120
452
512
380
219
368
46
571
32
370
118
282
56
109
591
545
226
291
161
719
202
14
58
123
65
164
427
441
8
356
3
38
37
121
161
368
93
313
117
236
406
321
380
522
147
184
337
631
485
164
383
312
460
239
660
374
13
40
169
171
556
306
31
100
234
528
178
466
400
115
1
582
87
130
352
464
111
54
220
541
58
450
180
158
173
128
25
172
101
435
305
376
101
180
466
14
193
32
169
255
138
325
508
619
475
8
83
39
584
242
292
83
47
128
71
239
414
171
191
124
105
304
392
25
271
67
416
66
484
90
228
17
99
76
430
111
567
128
102
332
695
176
276
407
382
540
307
24
378
385
218
186
89
144
622
29
246
68
131
90
16
8
232
162
179
67
260
647
122
45
128
260
139
586
279
55
277
112
43
160
58
296
92
399
337
173
130
30
500
202
154
118
262
253
228
552
480
498
62
323
143
348
117
113
112
2
205
710
174
369
274
269
92
291
372
153
573
570
293
117
165
20
56
539
33
65
566
305
76
500
363
200
23
6
296
284
109
565
26
2
115
34
519
45
5
227
45
138
54
81
62
363
10
132
161
104
375
94
553
140
254
42
346
145
7
470
142
325
302
403
485
219
393
156
393
346
633
95
235
143
357
508
458
720
729
335
28
312
25
213
485
79
651
72
372
267
303
392
225
562
347
239
35
107
378
106
248
433
380
27
141
86
470
79
44
335
366
38
357
69
306
161
418
158
329
213
263
87
376
155
62
101
74
370
92
123
3
67
469
229
280
332
350
465
206
131
406
149
619
580
135
5
252
133
47
219
183
142
340
216
130
552
138
139
371
70
152
153
173
266
42
59
607
358
419
517
46
473
328
652
391
525
536
7
158
353
560
290
398
486
254
154
415
290
426
110
239
334
414
650
31
182
89
97
47
131
570
400
376
122
463
511
667
138
359
55
347
26
641
64
2
238
122
43
11
348
108
199
109
286
403
169
177
561
226
508
321
243
136
179
149
240
55
246
109
95
154
51
350
211
94
191
221
336
209
206
11
294
109
594
113
450
374
241
234
321
332
172
59
41
179
81
90
187
81
201
372
409
99
265
90
9
104
256
228
207
50
177
94
228
92
74
62
42
73
442
189
11
237
134
223
270
511
370
679
359
30
144
295
573
365
306
259
592
382
91
310
483
317
679
127
118
192
228
132
508
249
189
384
398
178
136
100
62
340
407
334
68
151
210
259
290
9
476
94
291
372
432
424
113
56
479
400
511
644
555
217
696
391
220
12
6
61
282
283
130
105
566
6
237
232
214
469
71
97
161
422
181
186
556
35
259
535
520
164
361
102
223
284
387
571
509
36
248
289
64
365
77
115
265
279
428
171
252
248
148
159
150
315
158
438
266
13
219
383
350
195
144
4
462
50
26
86
51
266
430
219
361
45
281
399
283
370
335
74
275
225
550
209
19
200
55
6
218
236
38
569
28
514
62
144
181
192
192
262
372
135
60
459
440
34
34
113
312
425
31
267
509
324
264
210
313
125
289
80
513
299
337
168
76
122
175
223
308
435
116
39
205
137
15
129
71
266
321
239
593
321
157
303
22
252
43
259
103
20
613
63
329
223
306
99
366
402
25
82
220
41
142
85
69
184
140
342
88
41
437
128
298
153
34
49
443
21
216
88
301
201
594
555
202
62
739
200
294
574
609
525
670
660
269
386
674
78
164
47
277
39
77
201
182
161
37
500
227
132
190
365
105
127
92
192
364
341
13
223
88
193
327
479
96
260
159
212
595
296
278
57
594
107
52
255
568
324
53
533
150
25
43
567
142
44
127
98
112
29
472
65
126
90
581
135
448
517
194
19
26
287
174
84
19
295
163
374
88
277
124
44
212
336
566
457
196
179
332
176
168
250
258
310
73
618
209
99
119
99
322
392
72
74
55
151
224
159
233
307
83
69
17
158
157
102
211
299
95
383
161
373
78
176
176
376
36
592
209
33
331
99
132
410
95
204
342
175
52
327
119
201
331
477
366
519
102
84
25
42
118
402
352
275
467
445
463
280
262
204
256
448
338
172
400
84
33
579
117
324
532
80
46
29
317
198
62
14
21
464
160
80
24
43
109
118
19
165
191
98
24
290
126
430
288
253
347
64
16
757
98
174
45
46
222
273
595
446
380
248
75
296
5
194
329
270
164
560
308
53
124
563
162
427
216
364
154
329
293
720
222
330
354
122
365
10
46
174
38
729
475
110
62
190
469
12
54
57
417
77
159
51
213
75
279
143
303
469
307
103
67
201
339
36
204
367
368
84
342
322
422
333
265
555
113
156
34
21
141
218
360
211
271
15
44
82
248
30
285
361
94
312
221
272
382
156
210
153
3
412
0
428
261
159
17
314
21
447
515
323
437
28
89
183
67
131
665
28
131
149
126
147
267
614
46
102
296
592
324
149
392
332
201
348
379
430
301
38
437
659
68
147
61
373
17
3
90
34
74
89
283
106
262
443
564
378
36
45
16
213
167
515
520
446
282
166
340
178
539
46
254
102
157
476
133
333
388
133
233
143
323
299
484
48
23
663
440
179
275
365
97
385
129
239
168
74
373
274
330
472
713
289
219
143
109
122
506
263
25
52
253
167
244
400
2
520
670
248
259
127
39
154
530
168
26
429
435
55
129
559
238
140
20
203
111
90
93
397
100
210
37
420
21
592
571
343
289
481
230
424
509
583
503
104
539
150
554
31
524
36
47
44
94
429
58
75
67
282
531
168
388
207
123
393
204
400
177
577
447
87
612
380
232
346
226
467
100
110
160
63
146
230
392
263
213
255
414
65
199
237
348
199
107
99
578
246
309
306
336
266
357
202
90
232
345
13
284
527
91
233
342
81
40
427
434
160
225
18
79
96
122
4
319
187
25
511
328
62
193
199
209
181
139
415
18
80
125
93
48
545
217
529
374
556
368
94
95
346
87
42
338
278
586
226
360
6
250
51
2
412
346
100
234
218
178
203
138
133
273
613
52
252
82
426
117
68
102
379
58
16
54
377
240
119
347
150
109
32
42
339
216
562
104
52
376
490
408
250
87
136
140
150
400
83
467
200
77
282
61
629
427
358
104
285
31
340
462
517
400
94
342
1
383
127
85
55
28
223
238
499
180
87
171
530
628
493
156
99
325
16
412
101
35
154
264
131
168
170
121
19
281
101
179
47
314
134
61
140
382
448
520
25
142
334
306
536
423
255
318
394
82
72
28
105
176
68
381
150
473
84
318
107
204
146
10
49
377
334
160
28
83
136
66
212
411
193
343
404
212
367
401
47
179
66
57
314
655
340
120
288
143
126
94
447
336
223
51
95
446
116
194
249
19
404
357
245
545
133
189
184
291
519
351
87
281
613
228
426
286
674
9
378
132
32
295
51
423
227
155
371
34
65
384
309
99
97
426
197
217
409
79
145
550
28
423
358
109
180
13
93
175
169
278
202
381
121
467
339
285
357
202
161
336
202
560
437
479
207
205
107
200
163
420
115
12
75
49
300
150
287
420
194
74
525
456
9
98
6
51
345
201
178
227
36
104
293
78
106
307
45
417
476
545
455
20
443
398
254
8
338
286
74
441
680
125
202
443
27
526
379
52
16
362
154
108
53
390
531
438
107
130
9
209
199
228
281
227
248
39
263
64
7
138
328
291
398
249
233
255
55
141
130
434
435
180
510
58
14
266
2
383
681
140
215
295
588
265
334
150
255
165
433
74
197
151
81
146
120
172
595
583
348
119
178
213
477
158
96
473
112
218
126
361
232
483
511
221
87
126
278
51
425
361
143
31
113
366
203
26
17
130
112
254
20
352
86
281
161
197
273
447
25
52
167
98
112
147
41
313
553
136
239
220
52
547
266
353
127
247
137
40
203
64
131
13
333
215
19
321
142
101
173
73
556
455
351
188
323
251
24
212
259
104
77
76
426
197
537
354
115
166
37
412
122
386
255
309
290
166
187
576
37
135
130
403
191
130
473
209
516
73
267
69
329
43
171
208
213
199
88
465
390
323
225
21
188
49
102
318
430
275
247
290
141
19
221
461
228
343
77
274
354
37
19
534
521
177
9
457
248
28
14
478
99
152
6
208
203
366
237
2
125
671
383
308
81
102
281
25
186
392
125
143
515
92
267
281
254
204
38
21
82
274
27
116
226
322
361
292
404
110
472
566
437
71
116
410
411
77
64
87
277
82
404
357
76
173
80
31
69
630
92
51
96
319
122
205
397
62
9
84
110
213
64
145
479
332
364
24
111
8
657
340
535
40
250
32
540
163
310
198
432
279
148
141
30
162
172
185
429
596
201
449
330
136
70
252
261
430
453
265
304
407
201
530
219
86
109
387
334
7
138
81
12
276
73
33
430
188
164
5
63
156
210
320
84
49
139
323
505
462
134
45
79
689
230
366
158
39
515
96
313
94
200
484
266
228
536
148
29
140
584
183
628
54
299
364
417
298
196
416
562
157
20
12
118
43
190
394
83
189
3
49
29
66
134
371
78
84
326
265
99
20
276
427
449
467
221
10
75
300
491
478
41
139
132
289
156
473
267
199
152
170
77
595
483
584
217
380
173
3
79
275
615
77
22
488
161
96
107
613
45
155
55
116
391
141
113
399
460
5
218
380
352
59
403
36
140
605
30
72
7
491
19
228
290
394
216
275
245
107
217
483
428
261
139
176
333
396
424
331
235
65
409
393
499
674
252
180
366
36
40
381
18
485
113
222
311
210
92
288
177
186
22
114
307
60
228
101
31
461
195
125
161
190
114
189
154
352
241
340
154
19
369
124
224
240
72
403
431
211
133
60
90
368
148
52
505
453
350
186
367
215
430
131
86
344
182
246
457
63
551
464
169
40
611
207
373
83
138
485
9
498
355
271
458
307
85
420
181
325
174
111
449
152
15
502
403
491
87
485
562
381
224
161
148
264
564
74
193
238
16
148
68
199
179
250
234
367
336
434
609
168
213
87
159
153
11
548
136
53
456
198
109
178
293
213
169
77
328
50
372
578
6
237
95
441
350
47
97
105
212
43
389
279
521
162
192
216
463
172
146
74
195
663
547
303
59
12
152
62
298
270
338
65
432
87
484
69
66
654
262
60
245
411
21
149
365
269
27
190
333
45
32
117
126
38
316
369
233
335
17
16
28
74
12
320
60
471
199
28
122
7
275
51
90
330
28
367
261
429
435
251
401
128
82
68
162
100
67
235
342
130
368
49
116
102
37
170
364
101
147
187
42
145
331
27
238
75
345
136
414
11
125
473
111
172
180
283
65
229
398
9
257
607
59
18
97
63
388
69
480
301
506
429
20
31
102
367
414
478
336
343
90
317
98
180
55
28
114
294
212
567
160
241
8
42
90
145
327
208
236
585
-1
274
570
28
26
515
635
223
378
211
104
247
160
150
515
341
169
186
134
203
98
382
428
271
338
194
238
56
69
334
4
23
404
285
303
80
531
30
68
255
171
20
399
362
81
410
287
97
39
300
32
142
328
247
350
617
39
89
613
152
477
220
51
153
106
31
411
635
27
277
213
265
198
320
21
217
524
20
241
211
270
677
227
428
304
170
78
91
413
397
416
66
236
419
2
92
65
163
451
288
260
305
67
253
51
73
477
38
285
54
24
429
483
35
340
274
422
605
630
556
442
130
44
49
592
58
546
101
472
284
199
76
90
157
79
475
34
277
238
327
145
237
121
515
127
139
710
541
16
141
400
28
97
497
251
144
252
66
382
294
59
203
425
465
202
121
352
669
156
315
46
148
318
99
301
16
107
8
96
58
118
1
80
62
149
354
163
217
358
469
37
331
356
38
513
488
248
190
126
331
108
267
301
14
538
60
54
440
289
65
549
69
479
454
260
325
196
539
43
269
150
234
208
418
652
411
400
172
164
420
53
65
430
481
460
552
319
187
122
26
50
188
345
167
10
141
118
574
66
266
342
631
521
124
196
327
91
62
117
265
313
228
99
240
148
16
456
369
436
528
157
457
179
270
66
99
516
374
212
197
289
540
113
477
583
19
175
461
179
616
182
58
206
182
89
127
406
189
28
454
82
368
208
493
358
173
588
148
137
143
189
186
596
70
262
173
361
455
150
110
570
133
199
245
239
290
441
373
222
384
434
374
627
431
324
46
172
35
39
234
187
550
560
23
267
334
118
61
371
386
201
472
41
120
22
201
13
249
79
472
538
142
121
46
409
504
31
43
552
247
561
30
369
190
503
427
228
146
269
18
257
8
70
