89
144
379
188
205
276
244
578
254
151
13
187
445
616
325
166
384
8
402
51
94
76
296
156
10
604
325
498
601
386
226
384
112
493
562
344
51
269
55
129
56
151
71
116
92
314
108
239
133
444
47
241
45
154
608
23
92
275
135
240
233
328
100
89
63
393
292
433
222
15
71
90
218
702
151
86
604
217
495
489
256
107
289
447
608
419
140
19
237
71
361
393
241
163
181
326
216
334
521
560
578
192
332
458
595
106
275
310
150
86
125
597
20
474
7
183
111
543
167
198
299
442
457
376
395
258
19
390
528
406
97
337
164
45
641
462
293
4
13
92
43
621
122
236
411
554
724
43
282
21
86
591
284
329
182
360
583
300
362
510
187
241
114
13
153
41
284
397
140
317
440
3
419
18
177
204
104
405
441
81
66
407
139
288
544
5
84
56
61
371
144
83
353
618
43
417
447
113
179
288
661
31
471
629
465
245
334
319
147
23
181
7
47
104
512
116
216
44
214
15
547
41
290
430
480
78
33
292
210
64
110
381
230
283
98
87
104
607
378
58
383
252
53
129
67
532
162
153
380
159
276
488
70
561
407
95
62
400
344
1
472
125
323
378
137
64
213
168
167
339
119
359
152
317
525
119
255
106
147
363
211
423
8
62
307
540
396
89
242
263
369
170
163
42
24
483
409
486
165
39
538
105
430
410
276
187
25
258
291
516
154
259
48
434
93
144
487
52
17
407
406
100
163
157
152
614
489
70
163
166
436
627
1
88
74
136
519
331
148
314
185
311
3
130
34
144
282
664
486
278
102
462
358
271
57
219
53
59
113
440
56
71
134
80
192
126
105
64
180
71
216
187
65
308
245
131
171
47
140
482
121
129
193
106
234
387
101
67
452
282
15
173
123
100
60
22
219
470
79
309
45
521
194
195
245
15
244
48
217
145
3
3
484
71
607
350
106
158
151
18
69
105
603
169
339
85
452
96
42
146
20
161
562
55
715
57
338
27
387
505
139
648
43
118
458
249
61
126
264
599
440
684
85
381
545
212
228
161
151
8
276
318
156
500
267
425
444
165
28
427
323
347
159
372
153
15
29
230
124
139
609
380
415
282
131
79
385
67
35
77
302
263
82
652
190
260
579
29
508
259
564
587
182
318
141
124
244
130
100
595
334
327
478
86
687
16
208
129
15
348
85
325
25
199
441
175
140
38
8
287
7
88
115
113
191
40
255
59
59
16
237
268
165
137
102
194
311
51
366
181
209
343
260
34
387
74
34
200
73
417
134
68
268
349
340
28
202
225
602
417
294
213
579
204
167
266
312
586
594
327
273
486
322
186
421
409
112
407
247
133
126
76
381
272
445
472
346
190
81
120
144
13
320
88
82
538
337
14
173
59
564
478
295
128
368
109
57
274
12
266
55
170
81
375
284
362
566
304
476
138
284
347
99
28
15
4
208
338
347
241
206
60
23
702
382
214
127
313
323
203
401
195
465
54
12
273
569
144
608
83
65
28
54
80
123
359
190
84
309
540
150
24
70
223
54
397
328
391
233
178
185
365
574
533
237
498
143
121
479
616
168
118
339
175
11
324
98
224
111
449
531
100
464
501
79
130
55
352
398
113
317
204
145
131
42
158
222
486
346
90
242
167
139
164
216
83
349
419
298
281
418
213
16
201
245
305
286
468
512
113
24
275
391
202
283
272
400
152
610
131
131
34
120
273
491
274
417
104
216
391
27
140
413
68
45
523
4
485
131
315
191
233
45
524
517
745
69
337
173
463
582
396
294
626
91
18
136
53
34
126
220
336
278
109
404
7
469
408
276
294
93
155
301
23
233
543
229
358
465
20
352
181
19
239
430
359
115
331
134
72
263
413
727
483
169
379
241
437
503
23
369
315
15
346
109
365
81
175
137
111
245
124
537
65
470
154
412
114
100
90
131
320
82
313
379
248
122
205
395
515
379
45
437
7
163
49
39
267
121
29
5
277
117
317
294
60
74
365
167
475
610
441
58
106
28
635
413
187
30
256
323
256
98
363
76
26
103
135
374
384
336
65
255
569
337
417
131
100
78
151
105
173
469
6
190
555
514
195
146
213
346
156
70
542
510
87
234
82
435
11
306
126
472
184
243
189
298
638
102
664
195
106
252
349
66
306
203
102
45
230
126
29
1
543
151
54
74
88
152
319
108
88
355
209
309
17
27
521
118
57
114
58
442
415
34
202
153
122
-1
360
245
528
296
256
18
2
30
5
86
353
374
413
271
614
434
211
129
21
7
122
481
41
385
317
84
3
524
557
148
417
355
61
55
167
170
48
62
134
76
70
181
181
467
133
205
209
2
40
104
191
259
68
259
251
235
98
678
83
451
149
153
158
36
712
34
337
73
176
456
457
168
334
195
192
75
109
71
116
243
295
662
122
142
206
366
440
209
351
79
480
4
187
408
569
2
383
179
430
32
272
188
59
36
322
287
734
5
158
115
403
554
201
420
221
153
225
107
309
10
168
269
101
76
84
175
600
244
149
29
140
240
223
109
52
295
173
151
287
578
223
758
630
99
285
451
575
287
506
67
181
114
479
565
38
23
44
570
149
13
352
14
224
544
303
356
190
466
201
137
4
467
229
158
348
172
184
628
86
275
115
355
423
523
371
426
265
367
80
85
107
182
179
386
107
201
130
350
82
111
153
495
241
293
76
497
88
114
3
445
336
41
23
133
192
77
358
143
584
183
38
99
237
625
321
67
284
193
333
105
242
50
391
34
26
597
50
91
276
4
118
24
39
132
134
426
322
380
77
232
80
101
179
455
42
374
31
58
262
192
291
415
255
95
90
86
352
308
368
364
241
200
544
176
481
494
191
336
335
370
323
137
317
149
29
64
337
10
104
195
228
30
149
95
403
284
362
313
13
258
148
642
230
220
172
124
74
181
284
488
100
182
203
90
14
128
23
151
23
59
285
472
92
402
126
176
308
183
279
376
209
509
54
57
243
103
635
379
277
135
391
492
39
63
525
332
580
286
110
187
310
664
289
411
89
138
3
48
66
21
214
114
149
148
161
265
3
221
310
17
311
23
91
250
33
404
219
4
134
321
114
326
273
221
543
102
299
153
375
203
113
69
227
260
556
575
469
143
132
124
316
233
171
106
419
464
110
85
161
14
292
83
403
26
647
38
455
517
454
573
128
520
229
126
303
97
134
254
3
82
546
343
16
134
149
1
132
218
528
164
37
131
553
276
45
283
426
248
496
124
156
554
319
290
413
506
221
414
124
101
329
115
228
274
298
8
534
185
30
81
109
2
481
153
223
523
114
609
326
32
103
108
392
270
285
65
315
118
157
3
11
18
46
232
161
314
491
353
99
106
225
272
16
155
408
161
98
436
206
530
193
419
229
208
750
386
665
563
282
443
218
169
123
386
668
171
62
58
144
383
388
262
66
22
57
60
226
199
407
348
114
360
272
4
422
194
172
274
24
561
47
76
37
127
64
87
294
2
155
101
180
450
373
532
706
200
498
36
303
81
120
23
570
670
81
273
110
69
383
383
83
37
110
66
42
167
348
415
207
70
134
39
210
647
248
211
179
284
448
224
542
479
302
150
232
45
70
319
323
76
23
137
144
189
54
547
575
54
247
684
23
193
433
323
320
169
77
140
511
123
248
63
225
96
71
547
444
210
364
392
63
322
161
460
46
362
225
134
300
17
303
180
18
156
422
282
83
102
224
49
179
683
558
298
139
55
409
16
45
83
149
189
4
93
193
126
547
290
258
438
167
215
234
505
53
117
68
588
520
119
38
83
396
85
393
224
404
102
16
362
181
57
351
57
318
127
3
597
26
300
356
82
223
147
22
590
229
24
570
608
225
68
164
75
279
605
258
239
291
47
277
364
214
52
588
89
278
86
253
190
151
451
249
558
169
159
430
450
555
662
253
568
343
620
59
507
162
78
297
206
146
108
401
539
73
497
28
18
14
11
163
168
569
513
348
160
648
135
91
488
552
134
255
300
619
671
26
44
221
199
514
150
376
87
16
462
171
321
504
34
477
522
127
160
199
428
121
311
129
459
113
292
196
442
317
316
167
177
6
87
5
38
205
77
114
230
710
119
150
370
25
20
187
410
134
458
73
583
213
7
78
506
404
131
423
126
262
267
47
247
195
152
4
222
115
347
454
553
5
39
240
88
428
386
166
217
339
290
132
307
27
521
547
76
159
94
34
286
198
388
90
149
150
172
244
87
136
52
167
194
30
379
486
84
198
182
135
101
409
82
397
491
49
226
601
59
125
202
155
381
295
37
149
376
23
63
214
60
17
146
181
82
430
143
309
284
298
118
354
290
33
409
670
137
22
117
62
52
253
89
81
325
387
336
401
171
58
143
220
133
179
182
186
365
287
40
85
208
502
126
62
121
93
31
283
376
312
27
609
158
56
94
440
122
207
300
174
316
443
559
195
34
95
247
65
74
112
107
183
183
257
341
530
109
133
76
47
26
233
638
437
160
94
352
19
182
8
395
304
386
8
355
60
519
345
229
430
21
186
186
25
62
133
45
180
52
468
174
112
38
68
200
160
215
207
126
129
265
213
115
327
210
416
382
421
428
47
317
102
576
264
230
243
315
155
148
231
303
163
452
261
264
272
9
223
419
110
229
588
368
132
76
268
164
369
45
62
181
104
521
229
236
5
43
339
523
7
175
291
57
12
302
101
674
71
220
496
367
407
363
213
154
382
408
187
707
267
359
18
94
383
229
140
437
2
410
515
621
331
404
71
563
539
211
132
586
71
85
250
259
464
288
382
44
114
49
252
261
600
504
323
356
26
528
144
179
240
119
567
213
336
52
491
255
668
55
4
255
111
136
52
503
217
444
43
43
324
19
328
67
229
11
216
497
305
187
150
599
287
163
20
35
657
318
38
47
205
569
23
299
209
123
18
88
435
339
590
71
110
111
154
309
648
300
178
350
174
54
252
60
211
260
304
466
484
292
117
122
339
15
264
221
318
408
69
125
21
24
0
56
270
8
86
397
27
141
192
576
125
26
135
143
500
189
59
135
48
6
487
225
29
102
373
564
261
40
450
164
257
329
202
271
167
121
483
190
573
305
340
468
23
131
185
137
6
256
271
224
148
363
563
429
126
313
351
151
555
386
286
332
684
201
286
312
519
215
469
333
17
36
54
32
180
115
50
129
248
267
250
300
182
141
73
606
328
302
4
17
419
189
127
262
677
438
182
100
70
684
221
398
70
228
231
527
210
260
4
221
4
230
443
586
300
423
314
122
144
532
267
167
582
573
63
78
260
236
242
205
525
285
277
181
548
144
146
492
225
12
44
381
502
340
296
525
88
70
99
74
186
55
161
98
128
197
304
256
201
384
368
364
149
248
42
212
276
445
73
152
251
88
49
306
36
349
190
320
68
403
135
219
49
157
550
462
311
558
328
410
154
199
40
360
199
771
310
172
394
2
629
278
84
167
113
520
654
86
477
210
484
224
165
458
221
212
183
312
484
549
283
134
199
470
418
614
136
536
74
667
233
38
105
407
469
186
135
234
358
365
374
69
102
68
53
209
197
141
313
323
559
97
202
106
411
625
246
66
185
419
7
389
20
206
285
221
135
181
180
219
53
49
185
103
54
496
166
536
358
87
27
183
372
378
193
61
364
10
305
47
31
370
636
617
321
191
64
181
504
235
78
12
157
125
242
339
376
56
236
43
394
67
583
113
258
301
57
36
123
67
123
153
252
11
267
60
88
234
400
56
99
183
186
132
208
182
495
415
650
40
447
18
54
15
616
327
225
645
427
253
361
549
37
372
59
330
128
206
378
678
292
143
28
328
320
55
332
375
147
21
423
36
635
159
123
192
110
312
158
528
84
224
184
312
537
192
181
59
636
158
10
66
134
172
280
387
598
359
690
467
43
273
515
296
283
16
396
74
15
78
85
97
8
7
243
302
548
246
219
371
103
438
253
521
233
148
111
80
336
234
214
312
55
186
511
255
537
335
563
115
209
36
110
370
309
96
484
391
53
75
376
28
500
112
103
186
256
114
109
563
43
282
158
294
97
225
271
456
457
105
48
109
337
484
214
150
18
203
102
105
460
328
39
143
415
80
134
416
124
444
225
339
343
23
288
26
309
388
42
166
34
158
62
76
14
352
215
38
320
207
578
335
536
26
336
11
350
44
60
335
483
5
522
78
274
488
282
422
305
154
57
509
195
95
293
362
115
199
564
9
351
524
305
527
130
78
589
423
135
411
249
234
669
368
210
424
213
473
201
121
238
41
477
309
446
293
276
216
285
617
358
188
184
272
392
99
156
12
146
173
403
592
652
280
192
328
640
433
351
40
211
228
343
51
633
232
28
221
420
14
511
384
460
151
62
55
137
19
311
151
111
13
73
306
17
194
272
423
20
61
133
346
195
86
64
300
289
232
78
415
309
359
169
661
504
410
98
318
69
231
442
208
290
54
296
206
144
219
539
79
569
595
430
111
433
264
565
35
54
3
303
218
54
340
70
243
401
280
78
38
311
306
591
525
513
32
218
402
610
540
25
144
603
175
201
29
236
41
588
315
458
80
306
54
288
191
197
293
63
111
215
197
472
340
208
381
114
506
159
117
204
543
208
162
86
3
355
324
59
31
94
679
27
70
160
609
411
19
96
298
23
533
339
425
168
481
522
356
184
27
109
187
194
94
101
201
601
380
315
67
199
640
230
85
52
389
355
480
10
266
95
74
185
142
533
4
300
139
338
372
409
345
70
24
540
112
326
65
334
588
359
691
161
293
239
89
121
370
348
279
88
457
335
108
263
483
450
96
449
229
30
142
618
200
391
338
172
531
95
131
220
131
547
81
204
18
5
194
180
290
399
513
429
111
138
279
38
291
86
423
592
485
10
255
498
330
17
169
137
25
281
321
436
393
104
242
78
251
166
144
265
590
391
297
175
15
31
390
228
20
10
125
120
105
269
253
251
246
174
112
464
555
256
216
54
224
55
48
41
187
622
325
274
64
266
584
30
153
176
188
410
395
173
127
426
492
186
491
291
111
199
65
13
539
151
186
310
16
140
17
198
418
399
288
260
286
193
193
237
33
563
324
18
289
320
262
613
178
52
130
159
269
84
181
4
396
233
50
58
180
219
249
359
46
276
1
87
338
88
149
339
230
363
101
319
727
38
204
14
23
45
215
265
158
252
268
349
209
210
119
125
256
597
203
171
154
257
375
294
226
723
9
358
77
185
115
359
38
359
271
220
169
31
311
377
62
364
84
22
86
280
50
94
56
246
161
143
270
151
440
8
39
20
44
123
182
5
148
376
108
61
256
446
148
399
354
208
282
144
98
490
525
47
549
233
157
50
53
184
110
100
28
4
387
152
661
31
422
208
36
181
30
38
187
168
317
178
203
337
45
30
341
172
467
187
3
265
196
587
235
159
9
53
309
501
387
158
151
40
21
615
16
664
68
429
200
398
287
39
37
6
171
320
173
469
428
488
525
123
165
184
80
79
82
106
289
357
89
32
76
675
157
335
238
434
366
74
191
39
200
261
176
168
184
16
365
397
297
202
54
147
200
192
371
227
155
14
44
183
271
26
91
240
733
619
516
346
229
251
11
385
86
159
546
381
350
95
38
494
598
421
53
227
235
424
11
131
158
568
233
213
290
6
604
116
15
357
176
210
189
410
282
168
345
257
116
391
567
59
41
418
46
157
202
278
56
99
424
355
51
24
203
16
526
449
547
322
243
338
106
619
130
94
404
380
8
234
316
62
106
734
205
197
216
6
130
44
409
117
63
113
309
536
402
165
47
9
524
148
87
387
248
392
184
366
266
83
327
362
186
351
74
262
220
319
172
68
297
122
48
139
176
251
529
396
36
231
223
618
488
349
125
12
115
102
38
300
153
517
301
48
128
230
19
138
103
603
600
290
91
242
60
267
148
196
357
489
308
386
76
28
346
623
452
571
264
41
87
308
9
154
247
48
218
274
380
293
255
167
219
340
205
376
102
382
466
343
184
384
42
249
123
50
508
293
427
171
409
307
10
546
135
173
142
227
612
316
11
126
155
164
133
210
165
158
3
14
6
387
11
20
339
149
467
391
222
236
476
227
69
38
359
264
80
11
70
133
116
31
135
124
229
361
270
88
117
522
123
60
189
311
46
36
381
386
42
375
607
179
167
423
245
55
552
253
553
46
224
577
342
4
106
307
343
296
80
203
563
26
7
67
82
15
110
3
-1
53
154
48
59
482
8
139
98
146
196
254
10
411
160
85
559
276
62
62
259
282
216
288
184
381
282
32
122
129
448
113
382
300
581
215
68
142
162
191
35
36
133
128
279
409
365
219
516
48
269
548
582
338
407
105
86
200
46
206
71
221
13
437
285
299
63
143
189
48
202
119
528
188
359
598
45
10
395
272
166
437
367
267
46
417
329
160
65
222
275
470
176
100
192
60
232
317
392
468
208
221
318
123
243
298
51
611
529
353
338
279
61
21
490
365
189
279
278
189
390
221
109
17
64
58
582
68
233
370
156
98
361
473
332
353
757
114
6
200
230
142
34
6
391
307
50
180
115
273
124
143
206
114
272
212
47
499
202
173
23
309
204
303
67
147
271
382
26
305
107
165
319
119
311
565
543
240
281
640
50
149
348
438
178
213
92
232
246
100
87
-1
151
233
318
528
45
731
152
491
253
280
273
681
59
456
256
364
29
51
320
223
188
37
276
303
534
38
52
330
362
56
173
197
100
12
680
189
557
173
45
1
387
135
81
53
95
74
48
501
90
19
435
343
517
460
566
52
398
564
139
70
191
323
381
166
520
275
91
98
568
301
102
219
64
310
127
27
102
143
213
593
191
67
57
217
616
507
94
251
117
44
140
36
230
367
101
204
339
72
67
226
233
269
404
665
166
372
269
375
3
190
32
124
252
43
353
86
33
398
328
65
111
569
196
52
260
569
152
275
157
129
560
61
72
249
348
16
92
211
37
298
37
69
290
195
102
427
235
131
290
267
202
470
335
4
454
339
281
21
343
23
23
393
320
270
8
430
72
97
231
77
115
507
133
104
75
433
398
192
27
242
359
238
181
101
15
297
117
361
351
14
92
132
243
520
403
366
34
264
55
170
53
146
243
89
124
44
54
170
230
245
355
173
175
49
19
364
462
484
140
63
49
367
265
385
163
127
3
19
139
41
133
26
97
316
446
86
66
143
146
224
80
310
370
293
121
196
217
240
292
75
323
478
521
46
157
17
22
121
290
473
621
54
292
70
24
181
350
450
6
84
49
550
308
205
536
134
194
347
166
465
359
99
12
140
210
23
80
445
225
189
85
99
114
283
404
25
324
393
210
267
2
118
181
533
180
239
207
147
205
237
247
214
253
628
399
225
341
321
66
9
207
115
148
62
382
265
413
14
281
44
165
29
124
340
370
220
231
34
373
258
194
543
70
451
152
84
143
168
353
107
450
335
32
296
394
52
231
566
378
370
140
589
208
165
361
388
275
175
285
289
191
183
31
534
14
14
61
123
348
56
115
286
121
253
164
388
193
191
404
20
237
330
28
161
147
123
24
502
17
477
192
59
693
54
52
302
456
155
34
359
93
167
184
292
33
376
463
101
431
522
265
272
313
201
126
129
645
31
107
427
323
359
247
198
424
10
293
205
529
328
256
44
112
298
13
415
431
276
209
163
316
197
570
370
380
675
105
118
394
184
235
65
320
81
184
516
23
519
215
95
201
258
129
59
46
439
64
140
176
264
55
183
23
552
153
47
365
314
10
94
540
199
91
316
148
391
308
9
630
643
94
275
385
557
387
488
92
371
194
522
40
361
63
68
147
12
44
121
407
131
100
273
240
92
408
167
445
613
430
196
205
148
108
556
188
307
47
55
240
330
75
31
59
473
508
338
190
353
420
253
115
259
465
293
150
124
200
382
337
445
98
427
86
204
322
569
88
335
72
371
216
292
289
50
263
176
43
140
479
41
287
119
36
8
376
142
193
360
5
509
597
522
184
460
93
290
60
281
343
305
242
343
232
575
372
325
311
89
270
346
30
470
553
53
39
232
387
66
112
100
97
424
505
105
646
107
51
125
255
153
104
1
62
390
19
281
160
557
456
67
204
59
3
372
399
14
380
48
461
302
52
562
249
514
350
225
383
210
249
362
38
148
429
193
290
16
186
526
52
26
153
254
444
353
423
99
568
600
514
16
50
124
506
235
470
67
146
101
265
317
559
565
493
14
241
568
408
221
220
478
142
171
3
25
112
200
245
212
68
582
183
196
489
212
570
552
29
390
224
61
297
2
316
287
526
178
67
31
63
46
130
425
96
194
25
391
13
76
589
46
386
303
9
333
145
59
197
490
598
341
184
464
162
146
72
206
208
205
231
362
258
208
162
114
664
530
107
343
95
301
289
61
663
241
12
176
511
139
143
4
612
430
625
368
257
109
63
4
314
57
221
79
59
262
98
671
53
467
162
218
269
181
-1
179
307
394
181
66
158
289
82
309
27
144
760
254
556
258
25
101
257
207
478
445
27
132
577
301
115
399
621
189
41
276
115
527
282
371
220
689
265
570
320
60
57
372
459
19
281
60
402
281
217
65
430
82
252
325
204
386
575
146
619
32
144
207
464
378
359
444
128
669
35
12
161
7
330
440
344
303
332
93
204
175
195
426
309
381
274
503
226
106
347
157
389
77
76
36
101
89
245
161
505
374
385
145
146
192
253
191
409
485
377
264
416
8
31
281
492
338
583
107
469
57
481
683
477
66
43
236
257
238
386
442
575
561
439
279
82
574
553
553
623
31
351
293
198
236
384
114
197
701
514
430
411
200
281
506
34
294
398
51
275
131
160
21
190
452
578
133
36
88
239
360
288
188
211
432
751
161
136
310
19
3
292
365
206
64
371
164
13
246
619
258
81
460
24
507
286
125
355
47
35
290
95
49
314
333
58
62
205
697
243
195
81
128
237
287
157
54
244
199
185
517
43
246
489
229
186
360
426
515
472
153
233
248
189
168
218
307
102
448
53
141
130
420
229
23
359
90
199
21
84
321
268
447
623
389
201
127
342
314
226
203
461
411
13
35
165
454
18
175
491
126
158
186
525
94
281
228
377
590
239
568
136
308
564
319
178
66
214
311
8
441
82
278
448
104
344
51
4
500
348
43
117
92
603
47
248
448
298
70
55
90
147
246
28
307
217
263
355
637
25
14
500
537
447
546
267
203
424
226
264
375
65
272
537
64
345
18
646
471
385
178
29
294
56
425
274
265
362
37
524
360
43
83
140
243
80
73
246
398
199
60
213
335
79
119
567
320
310
140
614
270
139
201
105
3
185
193
544
456
295
242
16
130
151
338
88
286
138
29
106
385
532
47
101
290
410
223
254
527
40
42
368
97
562
64
18
486
19
68
259
339
346
98
93
423
202
21
371
295
41
557
65
232
24
140
512
148
183
42
555
26
230
155
29
397
58
77
187
571
198
111
68
86
59
496
290
203
17
17
255
507
274
403
222
181
182
244
508
154
309
537
494
222
234
548
498
574
404
501
317
586
56
309
59
28
82
606
339
105
198
527
98
66
351
95
101
88
91
305
223
444
195
23
86
145
631
361
47
175
43
294
7
149
310
227
57
42
502
9
167
452
367
39
61
108
172
156
120
283
506
150
121
456
142
129
556
216
40
21
110
326
152
182
342
12
611
4
317
44
515
287
267
78
623
124
174
49
217
583
243
512
470
464
353
43
401
443
362
447
149
186
23
323
344
615
390
245
624
429
111
269
20
204
124
96
467
463
282
186
38
226
172
430
63
222
117
489
99
180
46
96
8
179
90
299
228
150
435
75
18
414
102
92
35
157
386
43
374
177
127
136
203
515
254
91
21
169
205
151
153
327
247
496
302
243
104
363
209
527
225
499
68
115
218
94
86
159
521
36
59
628
189
107
175
48
189
199
485
506
528
58
226
196
208
167
76
166
106
12
168
183
353
29
373
455
262
178
11
304
225
99
440
319
133
294
73
705
136
533
290
22
445
4
232
31
419
251
506
98
107
27
338
276
394
654
404
638
121
391
42
216
96
53
202
375
91
505
76
600
362
399
56
205
210
384
445
503
337
215
61
140
79
254
25
43
318
266
104
99
101
41
100
585
491
14
496
247
245
59
411
190
503
25
197
12
428
468
121
371
370
164
207
146
214
371
288
170
27
125
641
275
452
148
646
284
191
135
230
455
464
91
232
109
27
662
69
146
508
146
284
381
97
132
360
553
281
243
86
465
53
204
258
8
536
731
37
327
34
314
413
40
658
345
188
350
118
535
247
78
155
30
35
223
172
4
390
226
27
218
324
173
156
186
180
143
302
136
505
92
372
6
496
83
343
43
66
207
346
5
349
203
470
293
105
429
103
183
58
372
284
487
359
185
296
472
53
82
208
151
294
254
81
41
67
173
371
423
77
46
437
231
234
472
498
235
63
144
408
82
269
25
239
182
196
65
367
38
174
158
249
124
656
238
685
9
185
95
166
369
374
25
89
56
120
43
282
279
432
451
39
164
599
330
231
324
13
38
249
4
212
74
198
429
668
507
558
163
248
424
160
214
14
438
126
14
337
356
207
179
387
21
298
322
367
359
126
161
414
126
509
413
484
37
112
156
535
565
81
388
196
238
255
554
80
207
106
130
140
497
14
87
57
334
507
325
356
212
490
162
494
97
38
677
94
324
35
37
559
480
82
346
100
154
35
36
184
194
523
367
142
110
566
444
398
373
204
110
103
156
75
130
357
75
585
501
88
172
382
71
419
304
12
18
224
356
92
390
419
86
384
354
257
8
328
430
78
229
6
48
466
8
97
332
221
400
517
351
378
198
382
46
141
80
441
315
320
194
55
668
107
236
153
327
472
569
48
450
132
357
120
360
559
210
88
332
274
502
64
63
403
260
433
309
161
387
470
173
383
401
262
587
324
41
132
90
206
88
170
272
175
216
348
144
139
214
308
17
85
230
100
136
420
198
417
236
321
230
206
675
1
35
329
283
350
47
398
106
252
447
18
552
155
68
10
243
7
158
85
307
422
435
43
209
230
216
371
144
338
305
93
387
178
467
11
343
115
193
210
416
267
323
198
606
291
2
559
255
365
370
139
613
207
328
627
164
146
25
57
529
86
275
348
338
295
273
127
94
524
34
392
184
20
26
170
634
405
723
301
282
342
535
36
134
61
429
22
368
316
408
481
69
260
313
89
36
142
445
201
412
308
79
11
49
559
397
341
259
171
340
155
168
295
393
195
309
466
615
206
295
75
527
414
654
283
24
198
185
319
13
138
251
69
83
52
452
176
134
496
103
30
58
324
249
303
415
378
90
238
536
519
117
278
168
121
197
84
97
350
159
86
116
249
83
351
24
314
22
56
8
436
352
301
705
30
47
158
268
374
185
188
21
38
445
223
47
38
428
458
523
76
401
88
603
147
207
659
31
36
317
168
29
108
285
180
116
124
147
471
435
328
70
232
423
635
96
266
56
53
119
260
408
48
461
346
2
252
174
332
561
120
94
256
72
108
439
134
518
94
466
271
306
292
242
130
86
303
167
219
351
456
181
289
158
38
88
29
267
433
11
301
584
275
453
8
581
204
352
83
610
547
211
409
52
206
170
211
520
200
75
14
16
35
301
86
91
209
123
202
205
20
640
90
130
61
127
250
150
190
404
186
13
100
389
173
540
15
572
263
29
24
234
528
31
35
246
143
90
477
625
300
263
212
40
3
19
11
229
151
18
214
256
290
3
423
33
516
214
311
390
47
446
145
262
16
263
214
344
137
421
101
461
233
160
200
505
87
387
214
248
396
634
124
211
527
153
8
305
4
340
383
228
115
113
294
90
592
473
483
507
211
106
236
147
136
300
430
281
415
76
544
472
153
617
52
259
3
536
194
42
197
309
251
34
206
509
509
173
84
667
459
752
19
140
437
137
334
142
559
499
287
741
387
545
49
526
296
672
68
10
84
481
2
326
519
111
220
353
239
162
390
51
480
371
375
157
18
363
241
329
200
640
172
44
283
406
344
255
279
401
246
439
525
329
168
383
440
6
442
25
82
229
24
287
44
25
308
57
359
117
172
351
80
252
395
267
204
250
365
617
62
331
96
97
151
147
596
98
573
375
146
32
298
257
129
185
215
140
301
388
593
126
14
376
262
14
178
208
214
54
125
333
147
134
128
83
97
50
180
619
10
273
178
89
304
145
442
644
286
216
52
213
275
412
404
273
289
423
337
182
131
229
528
250
137
610
348
97
417
295
282
263
145
12
-1
162
128
306
77
22
593
80
268
65
199
450
83
39
64
77
157
462
3
151
138
152
445
11
162
64
464
233
33
463
16
156
120
279
338
389
364
248
359
77
66
644
72
176
173
310
150
371
102
221
169
262
112
158
159
318
362
347
94
193
79
142
351
92
403
565
212
680
167
95
124
220
336
43
325
73
220
230
64
319
284
19
13
652
201
509
410
71
37
610
161
166
623
31
294
444
126
74
335
265
401
369
61
347
263
251
140
150
27
35
441
251
400
402
36
156
640
375
52
93
401
138
236
364
161
77
97
281
86
58
62
35
448
99
257
243
204
114
286
619
295
503
149
39
66
485
508
153
587
152
347
385
397
445
90
584
134
587
193
59
226
438
311
199
425
121
2
471
382
73
425
262
538
21
16
313
669
180
99
144
170
165
102
262
526
474
80
302
478
425
100
430
41
157
19
368
446
88
205
128
524
88
47
159
520
305
122
162
95
35
376
441
12
89
232
6
57
321
408
68
301
74
343
290
49
367
478
83
275
335
353
145
497
403
29
242
303
121
18
97
372
445
122
43
79
185
190
392
456
181
118
4
155
213
204
162
146
350
28
395
353
166
372
171
203
5
114
302
308
8
84
352
341
244
241
203
52
136
35
191
294
3
308
240
545
487
237
367
544
127
186
93
170
191
138
108
129
538
258
40
136
489
65
498
268
173
214
711
205
195
10
71
242
188
138
496
131
390
43
589
74
237
5
290
421
394
177
194
201
230
522
516
267
428
233
124
273
183
140
14
160
277
521
439
15
139
322
606
245
138
167
306
96
23
397
382
409
353
66
87
131
203
214
29
176
673
213
189
65
170
424
32
541
212
190
208
122
581
523
378
271
197
34
68
11
129
526
274
5
362
46
7
172
98
473
287
17
471
69
-1
123
220
98
428
235
137
374
242
173
180
55
592
3
238
68
88
8
11
20
113
299
115
109
485
259
465
50
160
16
70
450
306
11
544
421
92
39
181
443
620
37
132
157
517
143
9
59
236
123
25
116
629
465
451
205
314
376
12
24
26
225
268
113
44
143
475
3
145
166
223
98
363
82
128
248
226
51
185
134
209
104
354
179
418
407
423
729
178
499
164
194
207
249
287
627
75
55
527
219
414
95
369
498
638
176
442
131
229
164
407
158
403
111
458
8
157
515
244
243
263
476
273
203
284
149
126
367
329
135
503
255
176
229
82
131
171
60
387
166
507
731
339
482
282
690
21
351
105
436
237
187
251
273
131
153
36
607
469
340
238
257
83
11
73
300
246
448
4
556
172
410
337
315
381
742
32
134
137
52
231
99
57
546
19
191
344
209
535
226
466
262
379
18
161
214
462
193
447
367
356
34
277
226
58
47
88
70
319
217
27
164
70
284
492
18
324
86
188
93
392
100
556
630
171
502
364
365
236
188
157
97
415
606
260
112
333
494
209
18
338
176
187
16
485
369
11
283
417
154
303
502
364
351
227
492
76
357
261
443
100
539
121
235
86
90
247
207
300
503
735
362
97
504
126
355
62
39
450
99
39
591
62
309
66
157
258
43
239
147
134
52
119
295
230
502
77
405
18
189
55
167
604
161
304
13
110
303
358
245
212
36
396
400
486
112
202
276
95
442
210
244
141
81
171
498
205
212
66
136
10
84
340
585
11
110
20
483
2
370
97
279
22
277
344
114
58
528
66
361
117
330
48
149
56
413
348
286
102
463
43
316
102
326
309
18
503
244
202
218
670
32
10
178
220
106
217
558
37
166
539
91
458
343
410
146
217
338
56
157
476
12
412
99
524
504
591
220
61
62
581
168
104
10
4
10
593
82
374
134
151
25
432
184
38
227
191
179
595
134
298
110
394
722
229
374
90
219
381
622
346
57
405
353
107
301
562
78
188
25
408
55
160
344
397
40
82
261
554
592
108
153
347
86
192
88
308
379
5
3
152
418
258
363
359
157
183
285
300
111
140
213
266
195
348
522
29
117
121
-1
470
58
82
89
55
75
185
46
505
475
345
282
205
190
372
579
52
247
294
405
397
190
34
102
172
11
94
529
263
357
318
182
413
191
161
74
384
435
21
68
508
132
62
9
166
437
10
195
532
85
159
110
35
154
234
32
534
546
497
388
526
393
487
122
319
365
219
85
427
231
142
146
189
503
311
62
113
160
100
34
171
5
297
288
300
187
139
55
491
247
448
173
52
441
594
17
308
309
526
135
374
455
381
509
199
9
102
165
235
286
183
284
10
505
542
139
386
165
106
252
43
239
100
255
364
183
476
303
140
624
235
155
123
254
224
34
3
374
241
103
341
37
273
228
424
163
472
164
384
483
177
423
147
366
556
416
519
359
46
211
7
462
16
132
233
228
9
388
679
55
235
320
476
392
564
159
3
156
526
479
163
160
378
26
112
234
347
67
137
350
88
122
157
85
191
186
625
241
80
154
104
310
216
173
294
433
511
383
384
397
10
315
221
324
281
130
342
175
123
126
93
76
533
434
106
321
299
85
169
572
268
381
377
84
612
485
290
212
304
369
229
326
215
192
7
273
86
346
43
137
409
53
172
167
46
46
525
389
115
328
443
177
314
121
479
397
166
289
176
159
171
455
96
110
585
560
77
471
90
13
144
488
257
118
294
269
338
64
471
199
340
356
43
212
175
178
563
437
388
133
196
463
195
236
204
316
161
181
402
123
22
341
63
116
65
286
402
48
477
654
345
161
303
197
70
138
137
342
61
163
118
53
14
385
310
240
651
21
249
25
177
203
313
127
547
675
53
337
603
543
393
91
320
40
293
518
280
432
79
74
394
156
23
139
93
302
111
177
39
492
242
501
117
30
155
93
255
365
254
512
452
71
178
4
2
233
409
186
19
586
249
248
192
339
4
197
440
674
19
518
437
314
267
55
337
229
541
94
82
438
200
362
193
93
149
682
419
87
285
221
151
211
137
1
539
444
129
206
112
12
264
175
572
412
362
589
155
103
134
99
291
305
598
5
16
54
235
444
6
140
25
332
496
356
131
65
65
168
124
119
432
340
511
57
549
124
244
364
19
304
53
278
232
138
529
238
258
370
175
252
134
174
351
63
86
30
177
231
285
125
455
579
146
464
59
382
103
156
342
517
87
127
600
302
105
322
517
557
532
493
140
108
559
88
472
341
44
279
281
518
114
139
230
257
102
164
388
314
8
389
510
549
267
177
127
189
509
57
389
342
143
188
184
42
595
365
10
481
287
199
301
362
439
224
140
140
511
536
444
130
67
7
154
10
414
288
185
131
74
42
245
339
215
55
66
10
269
63
4
134
135
438
85
80
128
376
161
291
192
412
75
526
169
118
54
547
665
355
261
401
165
76
64
130
70
216
227
306
465
92
103
161
530
314
253
181
203
116
93
224
372
165
536
69
442
206
540
312
94
152
191
176
328
270
516
216
134
102
303
23
217
310
56
86
539
128
343
127
175
338
377
250
119
100
209
204
134
61
91
116
32
41
205
3
21
168
70
278
460
578
10
347
30
58
33
370
350
566
504
117
58
156
237
44
4
199
189
188
415
8
189
129
565
108
545
25
619
37
318
122
330
236
312
245
165
236
180
319
622
377
422
27
530
617
20
111
115
439
243
123
441
508
47
139
48
234
76
383
277
97
24
90
230
209
21
660
663
563
25
18
102
465
2
213
255
203
434
259
11
476
222
181
400
738
202
9
85
277
241
286
75
13
202
439
377
150
606
421
49
151
309
100
252
136
221
331
59
65
102
131
105
243
225
309
48
321
5
233
94
388
313
509
26
283
502
353
232
34
226
17
229
152
355
32
333
20
213
222
116
501
449
67
167
359
237
80
169
12
648
158
389
71
303
110
469
146
246
572
112
24
417
256
290
9
260
198
19
714
236
411
380
85
182
383
78
442
228
375
67
331
199
359
197
293
162
91
225
158
93
84
372
97
578
372
26
278
22
486
219
217
236
312
6
3
93
256
415
399
470
104
328
225
621
46
156
279
168
278
7
175
392
192
46
521
101
215
113
232
467
415
123
370
179
36
114
95
97
246
381
488
201
279
219
193
72
20
545
329
339
282
620
161
302
272
359
50
67
23
130
461
264
44
425
217
164
348
244
91
481
110
527
144
265
234
97
120
250
17
541
456
59
520
334
323
552
432
76
281
164
10
45
464
199
309
635
241
8
241
176
534
439
102
382
58
391
381
116
49
3
419
40
220
92
325
21
299
693
412
108
605
417
590
117
236
200
238
270
264
280
463
367
58
172
267
552
301
113
479
18
46
34
228
457
44
284
309
594
394
597
319
72
208
202
519
226
336
209
441
69
165
417
71
24
442
143
407
63
5
562
54
185
43
266
265
251
327
264
208
427
127
309
165
278
288
499
36
32
64
46
222
12
354
373
294
291
208
306
248
16
211
13
559
527
588
323
613
139
403
574
83
313
450
55
545
373
42
344
260
66
179
136
185
269
123
502
284
66
318
90
141
603
433
220
265
11
177
453
78
43
384
231
525
94
560
42
527
60
9
288
349
95
209
260
232
60
665
18
152
331
295
217
79
152
326
506
82
259
183
563
30
69
160
130
152
249
178
295
3
264
704
190
599
462
356
211
109
47
127
528
211
267
73
275
60
280
129
263
321
399
141
17
201
401
43
323
293
265
263
58
26
124
104
487
85
19
20
520
72
197
101
577
119
110
138
679
139
430
100
28
451
331
149
278
16
235
334
374
355
450
204
76
372
186
115
22
330
130
592
225
300
111
208
431
387
44
338
196
241
297
404
8
407
27
465
55
65
122
399
187
43
101
145
204
291
122
178
423
120
88
31
125
239
256
646
127
364
16
43
6
316
549
429
85
297
435
65
279
169
302
246
115
101
343
547
487
292
134
277
138
196
467
221
348
16
139
469
168
6
297
231
7
9
231
135
163
120
480
93
5
47
151
489
363
108
590
211
547
205
260
217
44
558
406
384
215
414
358
273
276
209
147
49
223
294
166
198
392
324
185
307
41
8
260
115
4
90
341
437
235
423
472
4
188
63
131
72
328
106
207
334
106
37
203
284
38
384
419
518
75
190
162
186
232
457
201
196
473
377
166
104
561
64
331
142
132
414
53
13
296
376
234
168
14
284
94
126
178
290
322
118
255
369
4
469
147
396
60
57
95
184
30
687
574
20
330
47
219
280
125
272
519
332
160
94
674
111
85
191
3
44
114
87
7
458
339
170
202
270
443
208
227
11
202
36
306
124
220
339
649
693
7
277
127
507
153
181
646
51
257
429
333
111
659
151
102
499
338
671
69
155
461
29
239
428
248
567
496
172
453
210
87
446
350
344
380
624
577
133
316
400
8
213
41
318
58
150
527
194
522
135
202
223
366
124
165
172
689
509
55
191
332
30
177
116
45
176
54
501
663
92
119
372
105
48
83
77
249
297
153
80
166
167
426
98
53
258
196
74
31
240
88
33
163
369
513
374
97
436
345
311
75
395
384
30
118
581
279
126
39
547
495
466
334
81
427
278
182
172
252
29
516
205
263
113
314
52
81
123
251
505
248
176
219
43
75
48
305
532
3
356
404
240
645
384
261
284
67
3
291
169
381
644
174
83
197
154
351
271
82
207
533
96
99
401
618
220
469
217
227
198
92
13
179
261
183
30
51
586
542
479
428
195
244
28
98
203
419
449
268
579
373
261
43
201
152
25
100
30
355
94
154
272
37
27
131
35
40
25
214
55
529
361
65
5
82
299
122
677
69
150
334
384
332
136
28
162
297
97
66
349
284
157
195
99
126
139
289
41
280
358
490
236
495
489
393
406
287
340
133
186
405
286
322
282
21
274
282
368
23
164
469
423
598
10
18
57
65
499
147
175
156
290
124
442
441
312
341
505
58
149
410
608
4
169
450
415
206
492
625
58
422
161
519
377
105
9
506
200
370
138
94
109
163
74
164
264
274
330
597
194
428
579
158
129
352
131
92
462
54
89
267
311
285
32
243
245
190
273
448
359
251
327
244
186
77
88
360
114
31
316
614
53
217
380
398
65
260
626
147
344
449
391
617
334
99
111
334
505
325
418
259
80
82
553
76
45
155
119
195
387
648
146
234
316
16
605
116
257
532
242
277
24
162
275
229
82
249
4
182
506
143
362
278
244
435
112
207
597
304
581
193
16
639
381
347
389
370
412
51
75
178
19
560
485
14
12
653
29
510
130
16
185
624
66
194
187
212
85
377
154
2
239
174
344
306
384
313
60
13
657
490
657
50
673
485
623
181
72
128
457
71
592
513
218
189
150
634
26
30
194
537
234
14
222
442
260
163
98
96
448
299
158
258
220
50
464
114
162
468
382
144
113
169
36
48
9
206
555
83
348
272
400
671
381
515
431
633
86
-1
500
18
41
377
235
260
535
225
578
521
95
208
56
443
49
422
436
386
15
367
264
377
592
47
225
384
5
99
287
240
116
41
230
280
156
488
86
186
330
218
51
-1
79
122
51
421
425
192
255
463
306
166
93
413
271
192
38
79
11
338
480
58
302
275
158
127
497
189
356
464
125
306
443
212
193
91
327
333
63
572
354
293
10
25
115
394
355
340
218
35
587
611
380
300
518
193
130
132
254
515
445
165
399
48
333
299
596
86
184
49
193
18
354
379
202
259
52
386
68
397
487
119
262
139
23
204
61
201
205
305
490
274
147
3
219
288
543
566
146
50
40
253
106
360
282
265
548
265
281
522
395
44
309
38
220
539
556
571
258
530
200
312
95
711
68
181
424
400
8
89
338
492
258
185
182
448
148
233
92
298
74
443
215
186
355
163
120
387
28
472
48
487
88
472
415
175
157
465
473
48
119
161
280
253
111
271
77
394
746
321
64
12
174
138
2
124
88
405
202
546
132
407
168
297
482
160
455
2
497
80
357
494
126
120
424
187
391
521
325
431
15
374
516
242
106
560
58
94
413
515
139
221
17
572
403
182
58
125
345
322
387
208
171
11
566
398
188
85
64
189
43
122
191
32
98
75
125
327
428
126
362
420
384
202
80
439
52
76
134
518
259
347
523
450
69
206
355
189
576
314
358
316
263
83
231
20
403
212
685
604
251
550
46
189
567
23
91
259
73
408
88
77
559
307
225
143
128
382
461
48
579
7
139
202
364
523
184
286
308
377
154
246
210
423
80
252
498
15
266
374
356
324
95
380
215
185
20
161
571
155
100
306
169
390
464
246
197
196
237
153
641
219
315
468
469
86
93
531
71
138
63
255
138
104
204
367
161
369
104
331
5
246
388
54
53
36
341
134
431
129
475
297
442
207
243
399
70
58
546
268
65
67
278
16
135
382
415
315
99
452
134
600
228
151
317
14
275
155
404
67
2
330
574
279
117
101
125
67
285
356
179
167
249
89
70
374
546
88
54
549
286
508
416
409
199
229
156
411
140
43
618
198
87
55
331
282
9
136
190
397
53
360
232
119
287
489
217
179
267
643
252
328
186
481
79
111
277
223
356
298
69
595
339
680
526
66
139
295
557
33
395
121
112
310
431
308
357
129
5
287
703
210
274
276
438
334
77
174
438
19
37
32
189
285
664
371
320
507
206
49
157
382
540
288
194
10
341
193
45
566
285
384
604
117
127
22
62
575
78
163
270
489
431
85
595
86
234
222
160
507
96
248
586
27
391
128
231
336
205
135
40
210
114
159
350
524
80
108
30
221
87
147
339
214
493
673
325
261
17
91
3
333
1
199
433
14
39
377
54
85
531
260
133
55
434
197
274
59
179
134
178
208
194
251
532
210
132
399
256
8
11
172
112
17
543
486
71
203
15
490
230
38
90
403
246
132
126
81
35
398
495
324
119
317
517
313
159
344
352
48
30
480
718
408
221
148
456
378
197
312
28
368
463
580
67
130
334
100
232
251
137
71
228
20
315
232
385
14
258
247
117
177
632
490
211
95
396
123
657
219
16
186
424
541
323
14
245
90
55
359
289
46
248
344
261
90
276
131
322
120
64
281
175
74
28
43
144
213
43
113
10
515
139
439
187
666
298
82
499
464
338
464
135
478
265
605
81
15
28
16
230
187
188
299
165
331
192
198
273
442
96
29
557
40
361
570
481
171
79
156
562
287
421
299
137
261
633
57
291
69
333
32
352
693
303
65
120
39
182
251
87
327
290
319
535
417
247
10
457
361
464
364
337
139
285
156
481
2
243
14
182
453
316
162
291
111
440
61
131
177
45
394
29
229
254
322
21
224
365
159
40
253
152
262
154
141
238
92
248
23
90
71
501
168
395
122
296
14
731
172
474
327
641
81
259
323
379
572
20
540
360
569
292
61
237
49
39
42
222
593
222
447
503
195
416
29
413
231
103
103
288
504
