121
315
19
316
6
166
449
156
455
595
13
160
369
243
295
18
212
109
365
512
287
119
679
219
435
38
346
51
2
161
283
479
138
222
717
161
60
241
113
310
33
405
55
427
258
103
265
231
117
72
253
38
350
271
112
108
260
58
651
152
208
29
370
156
206
93
605
71
303
293
333
275
192
319
606
416
508
68
10
91
256
619
457
417
6
313
133
497
23
421
84
324
70
98
243
442
246
412
222
422
61
453
123
214
162
470
438
198
53
505
35
384
195
278
220
264
33
51
326
557
356
260
117
222
186
147
501
156
96
155
108
176
292
65
74
486
61
130
266
264
444
91
22
217
272
219
94
74
264
208
296
50
259
148
451
49
197
590
287
259
295
274
62
630
144
429
124
35
489
544
267
232
564
233
168
475
201
372
16
19
34
66
44
30
196
324
129
481
1
177
265
310
218
134
46
324
242
60
252
114
442
269
88
329
2
118
104
187
413
328
214
277
211
422
63
94
205
585
36
133
459
54
618
337
316
73
262
56
294
122
6
63
25
10
233
192
288
5
180
134
181
378
245
158
461
115
706
63
333
36
113
341
146
240
4
129
121
116
385
21
137
445
61
247
251
552
523
210
346
358
612
223
51
6
129
307
158
147
320
143
336
120
199
47
141
220
71
333
187
96
188
271
566
457
370
119
384
605
90
78
12
505
357
535
231
12
56
250
23
186
229
130
360
341
568
420
175
127
279
291
-1
231
499
430
507
72
457
78
79
373
493
97
66
162
35
258
166
27
258
164
367
303
334
242
114
114
294
310
262
287
407
76
130
495
124
249
196
125
96
307
32
51
244
620
167
431
6
234
31
129
504
155
169
272
496
341
649
638
363
306
564
8
317
143
11
102
423
40
140
367
78
438
116
192
411
62
64
376
400
325
484
189
75
521
124
398
386
24
322
231
24
280
701
338
504
637
541
256
62
359
342
20
44
707
15
95
13
466
74
450
424
6
566
371
299
98
61
426
208
299
404
103
26
306
17
185
162
402
19
74
139
361
47
295
123
24
236
186
446
210
123
126
447
172
282
370
193
97
162
276
481
74
174
377
392
116
128
236
168
73
643
106
618
98
327
231
184
270
210
82
50
45
127
73
73
247
182
95
240
421
240
292
195
717
98
42
97
49
108
160
214
321
489
225
525
127
190
211
168
8
310
406
300
291
161
201
103
93
28
59
197
512
466
338
629
73
144
307
391
395
338
503
15
266
217
147
538
221
186
429
248
48
287
383
133
382
118
294
316
570
347
286
168
70
518
154
30
332
499
11
63
314
254
417
376
15
310
106
513
103
250
410
12
54
423
121
283
348
158
54
253
264
137
232
384
15
551
315
168
60
24
65
219
138
498
234
274
2
659
178
363
27
474
437
56
467
12
91
298
33
296
80
178
336
554
100
113
498
224
405
565
380
553
157
430
54
450
491
354
168
4
272
103
290
622
224
17
87
234
330
240
372
312
193
190
50
197
105
227
229
458
152
143
211
557
463
214
180
307
414
395
24
279
674
25
2
632
588
123
78
181
98
343
62
466
3
311
6
16
235
125
300
440
301
162
105
205
111
25
37
165
3
234
78
203
565
693
544
407
158
170
38
90
91
363
14
365
125
20
5
521
176
314
130
559
231
310
4
158
115
541
456
222
621
178
112
526
282
129
2
606
318
39
23
248
93
91
333
501
60
660
157
302
48
191
607
239
292
69
112
225
67
109
353
50
63
584
21
434
528
83
331
689
542
216
530
586
365
225
382
538
73
318
66
163
201
189
400
210
296
425
394
94
23
649
257
113
42
447
146
162
149
50
240
69
132
192
136
113
85
395
50
303
535
367
95
40
553
10
335
415
460
65
296
371
515
11
292
11
9
37
284
106
336
504
131
168
223
415
7
270
100
149
33
-1
318
49
225
245
414
389
41
128
158
462
30
412
235
370
407
153
109
175
6
234
774
375
244
149
634
275
52
202
150
135
108
476
134
9
465
374
77
622
30
361
184
30
77
300
132
367
163
421
206
600
282
221
267
120
595
428
245
196
5
27
67
217
274
486
176
77
478
427
157
123
65
463
173
246
56
242
37
144
279
414
275
393
207
286
348
110
341
134
188
21
405
10
56
227
133
562
199
211
41
346
209
46
535
437
374
64
73
149
61
638
96
33
87
114
386
28
673
479
111
240
171
649
244
351
609
134
351
348
284
600
130
22
206
277
44
206
182
69
67
191
569
272
615
52
10
261
249
209
108
194
263
256
293
404
38
299
21
194
393
140
2
30
275
364
169
41
464
16
385
178
448
78
380
110
258
498
440
241
461
286
176
132
77
277
469
141
387
170
244
87
306
89
140
178
454
309
80
79
44
130
334
41
70
446
15
79
46
221
183
220
530
191
417
247
338
32
220
210
223
73
58
27
321
105
156
9
210
181
459
113
468
9
94
444
336
493
417
148
3
397
334
476
316
45
474
168
29
184
455
418
208
479
220
721
259
57
603
43
272
38
388
387
233
58
193
135
213
33
42
228
47
304
17
88
109
30
110
128
401
486
127
561
58
315
133
250
219
504
555
55
249
506
489
182
280
255
356
495
104
104
36
411
289
307
386
117
61
52
480
401
199
19
47
104
72
291
394
77
223
163
180
382
156
181
480
432
288
200
185
18
143
182
414
25
16
116
43
538
321
207
491
13
146
675
153
326
477
443
131
14
685
0
433
83
247
460
3
296
288
125
467
370
185
74
170
126
415
386
147
367
193
502
218
212
386
432
46
260
279
75
389
109
38
43
203
54
203
626
282
210
693
102
498
7
155
101
299
-1
34
78
301
65
76
381
86
81
84
694
198
525
56
129
614
102
250
275
11
412
346
261
27
446
329
161
180
120
62
555
257
611
271
253
26
256
599
217
633
440
241
25
42
336
51
150
504
360
179
417
435
243
358
172
127
113
60
583
339
125
108
187
578
286
86
194
118
156
115
467
119
110
94
502
218
174
237
50
268
89
230
145
219
71
425
22
358
152
175
483
303
315
193
110
244
197
69
461
384
391
624
193
165
151
485
519
25
96
92
498
257
152
355
227
356
333
421
104
89
558
98
322
67
150
163
276
388
634
442
328
378
516
111
352
239
6
95
155
450
463
173
490
312
453
432
28
185
138
604
207
343
470
381
64
130
256
153
235
97
325
247
341
137
364
294
519
155
346
92
429
142
242
318
28
137
296
300
611
145
141
41
412
204
252
417
134
63
53
85
658
286
225
17
136
581
440
314
449
211
284
29
13
179
206
644
440
137
191
51
559
332
167
397
297
4
349
129
341
367
528
184
66
347
11
44
560
650
435
262
125
116
74
89
205
117
173
271
549
54
294
125
124
262
172
471
266
697
214
243
209
96
373
103
256
305
153
185
161
91
210
85
191
414
74
245
189
114
197
178
695
243
344
278
439
428
110
74
269
38
142
15
325
71
211
307
466
400
97
440
175
95
385
479
221
245
205
65
175
255
69
103
316
90
60
14
32
38
406
642
165
194
205
254
184
476
325
83
144
63
180
614
61
35
131
751
420
233
224
315
735
58
53
215
588
58
547
359
169
65
303
210
91
473
203
40
264
64
187
220
59
384
677
159
486
1
410
244
101
370
355
660
138
195
66
151
106
273
388
495
209
140
51
347
416
272
371
199
69
78
268
181
347
138
2
111
49
37
431
234
239
29
410
37
161
375
520
71
520
524
598
92
94
29
53
658
421
390
260
44
182
62
227
248
379
281
10
351
206
44
33
397
421
247
506
343
441
694
32
137
162
213
171
442
64
573
165
7
42
297
250
274
29
328
289
159
220
352
168
184
403
83
21
429
12
52
31
53
484
394
65
81
370
78
337
497
743
281
146
282
200
176
390
189
41
505
98
339
178
55
105
402
172
44
203
116
93
146
301
1
21
372
59
427
372
154
245
111
8
516
222
41
328
379
201
35
345
278
109
389
163
627
89
353
131
671
102
101
55
37
465
31
276
150
326
608
248
275
167
484
213
121
214
145
170
158
664
225
163
514
410
340
362
244
265
245
552
47
319
509
257
397
19
71
461
71
176
174
68
9
138
117
109
75
2
47
17
192
3
28
254
290
203
34
284
382
582
104
48
374
364
282
374
374
124
71
231
149
195
327
397
162
51
556
161
613
44
191
496
546
517
186
332
395
563
285
41
136
330
66
513
83
540
328
222
195
409
180
288
392
109
36
27
153
522
34
217
84
128
210
15
30
272
82
189
297
206
164
140
2
191
205
238
21
510
98
186
53
239
351
136
514
229
184
474
459
374
11
556
245
7
639
488
210
276
85
417
373
210
57
272
33
151
527
257
470
643
10
10
143
517
331
90
304
219
234
136
92
106
533
401
407
58
419
267
105
384
42
37
41
120
392
391
541
11
54
242
268
120
142
180
363
579
297
24
348
200
138
207
372
61
346
229
50
250
142
314
167
98
195
462
186
60
252
120
181
201
112
215
118
574
391
105
431
274
262
26
55
241
465
46
496
47
7
202
294
41
223
306
383
322
315
20
139
79
395
122
68
39
614
131
77
69
203
130
554
55
168
230
461
91
378
6
437
186
152
396
513
191
311
62
431
246
145
112
126
370
217
31
51
97
375
112
267
169
359
169
646
350
144
455
412
113
242
516
18
60
335
107
53
653
5
498
302
440
160
453
90
182
217
434
42
27
259
9
35
605
762
62
319
223
303
87
186
369
115
282
226
86
134
244
451
493
208
185
167
261
68
737
333
48
464
435
350
190
303
36
305
135
120
47
442
351
193
25
65
220
178
44
383
382
207
92
268
665
24
662
190
103
94
131
370
185
213
666
251
488
212
174
511
276
79
21
130
24
549
193
22
364
374
311
33
376
43
74
231
265
291
126
528
81
172
108
300
17
499
137
167
67
398
279
651
434
226
464
46
189
98
60
20
509
244
39
203
302
160
19
423
158
38
73
87
516
175
84
120
237
309
282
215
587
163
24
281
56
361
203
455
613
172
556
251
131
47
183
512
132
58
51
283
57
42
390
67
19
74
70
416
91
31
86
652
256
330
312
547
30
193
518
439
172
32
43
15
734
312
185
165
281
536
259
102
240
137
201
46
329
500
428
511
340
201
318
350
447
558
10
63
52
436
309
168
118
472
485
14
101
51
349
459
108
226
298
168
456
551
130
50
434
226
543
146
499
551
177
312
364
560
321
142
278
145
293
553
370
301
94
538
64
37
240
6
660
278
237
42
279
448
463
174
195
350
149
337
137
246
113
450
247
377
231
384
358
205
166
484
397
118
44
340
534
446
281
53
224
35
290
276
353
69
206
307
334
346
194
121
137
75
44
349
285
100
295
85
145
317
180
647
59
81
306
543
189
211
395
276
144
136
489
312
99
99
10
56
462
165
97
110
249
187
146
74
5
167
11
96
390
127
177
427
344
397
160
346
408
700
249
252
298
282
88
505
426
166
20
137
34
368
740
711
26
114
17
115
248
213
51
11
396
236
490
35
119
160
213
219
526
132
134
342
234
471
282
26
190
570
150
268
134
539
57
222
186
487
165
12
151
395
274
736
6
358
291
567
455
244
382
44
247
421
186
585
55
110
239
218
448
335
293
146
112
74
678
244
377
199
17
400
101
138
325
5
70
64
389
30
56
309
476
181
316
398
427
263
213
342
59
642
102
78
172
242
464
76
208
374
221
47
163
162
257
543
98
27
142
354
116
410
241
307
607
92
391
290
357
42
81
112
56
358
297
7
141
194
149
2
207
226
158
131
245
45
256
77
268
264
360
535
11
43
164
346
407
63
114
101
412
291
2
442
186
343
592
146
238
18
88
167
394
477
384
262
183
208
10
189
276
319
196
152
490
345
126
164
489
465
82
219
84
590
442
564
59
113
212
134
480
113
142
339
15
328
323
292
242
477
99
25
633
298
562
358
246
14
370
156
17
341
550
307
71
377
205
343
396
12
95
195
120
19
585
122
5
21
304
228
528
23
98
348
55
126
202
354
68
451
334
172
192
394
16
478
209
101
43
326
48
475
203
319
541
226
425
188
392
581
228
153
584
116
356
287
286
102
555
366
210
637
424
12
442
157
100
72
60
141
39
361
60
560
350
25
305
402
533
309
354
147
232
633
503
518
412
314
9
337
389
331
141
21
145
517
2
674
165
85
364
173
89
186
136
303
254
336
120
472
409
400
391
311
375
177
49
62
263
375
362
221
79
259
185
99
15
213
258
645
168
23
67
263
129
143
200
249
27
269
301
344
20
14
168
251
449
144
226
385
312
2
173
46
266
304
51
396
524
589
52
251
46
129
13
221
248
91
396
211
304
118
85
448
115
569
161
151
531
647
3
140
128
625
220
22
609
93
520
393
589
185
52
78
252
192
13
82
52
22
257
36
90
90
465
92
195
123
398
560
304
12
113
21
559
73
316
155
389
39
578
67
461
441
296
221
75
88
518
165
352
77
653
78
294
145
458
665
150
355
266
196
291
8
433
185
333
84
3
228
36
589
382
134
662
471
351
233
150
246
78
544
323
488
51
152
167
177
53
448
395
308
195
604
290
236
297
73
681
16
351
268
551
127
179
92
116
8
64
154
416
161
548
210
60
263
138
429
269
525
128
21
68
183
159
338
24
273
35
407
115
403
539
493
367
232
629
240
190
206
498
388
93
107
522
157
521
163
406
252
40
135
92
385
72
321
238
334
390
177
148
456
258
402
494
9
251
195
380
293
39
249
100
60
427
107
153
217
231
432
5
242
88
207
304
67
103
131
227
2
362
526
319
81
541
649
566
137
91
276
178
439
411
100
441
148
304
274
89
507
325
226
151
66
237
39
5
160
75
211
391
230
345
18
255
222
21
56
87
404
354
98
66
294
279
254
458
366
531
232
592
59
250
69
352
109
116
376
195
178
492
164
92
278
116
247
132
37
255
231
483
425
243
86
510
131
111
102
114
571
100
321
259
181
301
102
47
114
490
281
115
498
37
217
332
326
108
510
651
342
548
139
26
620
155
636
539
290
214
482
431
185
119
510
430
141
623
171
158
310
692
345
278
133
79
262
59
260
142
688
91
35
244
209
442
421
248
579
381
109
248
10
196
182
287
141
21
284
37
162
21
91
77
599
122
145
372
337
248
195
381
92
391
122
593
112
173
398
205
75
298
10
168
129
277
347
481
75
319
46
326
404
348
365
446
390
118
186
51
146
599
412
25
452
39
650
572
11
30
289
115
656
166
93
333
55
300
178
114
233
312
392
96
489
354
403
218
358
67
98
353
36
307
338
496
156
158
239
116
252
569
120
368
143
2
362
666
240
101
357
561
493
20
176
186
256
215
251
197
706
427
352
267
437
209
4
451
6
191
543
215
40
52
63
330
224
215
553
467
220
288
380
417
126
160
372
568
207
491
191
400
326
265
80
301
520
422
169
319
594
327
385
500
93
70
375
408
63
187
471
315
70
176
229
280
581
183
23
234
35
199
4
527
33
59
256
216
453
28
724
102
208
325
464
52
240
158
297
505
292
83
312
397
445
418
202
410
297
56
355
417
633
253
353
368
22
156
140
243
534
736
11
368
191
78
256
361
14
513
230
497
182
263
111
124
177
74
442
68
50
456
202
273
272
356
110
113
459
13
125
92
400
150
515
134
99
531
134
6
70
26
112
115
252
6
204
160
284
271
115
177
158
450
211
354
300
144
367
137
198
12
54
165
304
430
373
94
87
93
272
40
461
26
65
76
158
251
276
599
408
643
13
305
417
439
93
393
27
36
392
105
384
27
401
77
167
185
583
585
164
520
53
82
580
262
280
304
223
467
24
274
44
226
139
71
248
285
165
102
529
615
38
129
240
12
94
301
339
180
65
421
310
180
73
89
117
150
223
91
150
179
93
607
414
192
353
14
61
376
407
44
453
399
7
61
315
38
490
153
335
266
422
401
346
78
250
30
72
260
247
81
652
39
57
158
445
390
322
286
104
278
231
229
137
14
179
19
82
524
252
381
296
134
29
502
64
478
91
108
167
124
229
371
60
110
39
312
4
108
247
234
664
45
75
169
360
275
287
446
212
197
537
452
93
357
335
447
190
240
578
270
407
641
295
44
149
485
65
463
289
506
461
213
9
273
249
72
30
253
117
181
46
105
259
214
87
362
354
70
41
213
268
464
274
656
52
324
330
447
566
374
276
216
52
474
81
136
98
529
510
372
310
274
273
322
84
570
73
631
388
268
279
126
179
297
334
477
161
261
101
29
113
180
468
37
457
21
250
134
116
376
38
462
27
657
322
145
136
531
372
326
409
50
94
132
378
334
366
123
280
494
293
353
426
45
24
150
77
92
325
116
410
218
109
228
170
213
257
368
271
133
349
185
417
291
219
134
360
245
146
54
39
576
21
66
25
37
200
510
229
370
357
68
589
366
221
449
301
93
278
40
83
681
122
266
499
53
115
175
113
297
124
117
98
15
483
63
313
71
266
48
233
103
231
141
553
153
229
513
103
325
101
31
474
413
298
20
25
352
83
571
238
153
15
14
443
399
428
43
116
104
420
388
78
503
543
15
14
299
259
460
14
171
140
591
59
79
200
361
573
525
188
290
73
61
458
30
38
142
45
459
181
200
42
732
412
229
126
678
57
129
182
239
180
334
120
358
433
260
511
213
340
66
219
326
90
494
311
573
193
40
742
264
142
685
406
242
578
90
538
36
212
293
185
52
363
129
238
201
370
100
286
127
169
173
197
85
143
653
353
436
193
273
281
76
385
342
62
297
310
231
244
40
191
488
287
432
392
210
419
120
226
54
124
337
205
522
21
557
328
447
146
542
170
147
427
300
349
297
69
604
201
63
154
54
33
51
82
9
194
167
567
152
448
164
313
189
160
194
383
203
511
71
400
575
257
313
371
294
133
74
290
24
76
253
52
169
175
496
536
485
66
60
24
108
48
572
445
290
427
20
12
31
591
215
187
295
544
287
102
127
247
145
73
107
241
171
160
35
375
350
56
96
690
241
529
477
199
158
111
27
232
216
387
42
110
25
163
283
209
29
386
144
320
39
267
167
504
232
251
34
434
245
185
179
194
56
285
44
559
38
225
51
195
77
27
379
47
39
450
44
88
231
562
732
96
10
422
39
389
183
20
293
139
290
349
100
376
93
328
421
304
388
14
388
319
376
381
253
427
273
30
83
10
121
445
245
227
220
105
123
58
274
587
191
78
278
250
621
576
136
386
353
349
435
91
301
282
233
354
167
347
147
365
232
8
33
287
433
74
74
500
595
143
39
478
44
141
685
582
272
64
131
418
193
193
412
42
512
173
294
407
156
139
520
361
325
99
122
244
578
12
152
53
55
356
430
359
154
149
427
432
198
463
14
254
83
408
278
30
301
33
508
151
2
241
242
309
172
480
195
120
129
533
185
188
469
733
310
27
285
156
508
59
94
21
330
80
482
288
56
140
95
50
171
318
291
291
434
337
489
491
366
52
21
21
526
147
609
429
622
250
297
307
385
80
338
286
68
490
338
428
80
293
223
551
56
411
155
176
708
555
78
143
355
97
60
678
384
59
413
294
192
553
325
384
402
524
71
78
48
412
651
180
12
257
161
71
251
43
245
99
138
70
490
353
30
48
300
219
378
223
88
205
454
62
223
410
101
59
231
130
650
570
486
497
67
542
76
464
353
301
125
1
50
90
309
314
325
112
270
262
22
234
85
162
60
79
66
503
4
278
31
113
331
536
281
99
178
514
214
50
296
501
446
406
422
352
305
13
41
110
64
392
126
10
85
38
335
549
41
675
197
476
238
259
471
222
239
608
379
508
455
159
32
45
273
439
206
364
236
86
105
480
102
410
370
245
507
86
214
253
431
106
571
318
17
378
329
20
8
520
11
386
131
393
395
231
247
524
504
122
367
187
309
609
66
296
172
337
50
5
116
92
221
509
154
204
302
427
325
605
11
164
243
125
66
399
301
212
192
249
71
588
367
399
319
495
421
344
331
734
318
576
19
249
343
474
137
169
380
226
154
70
46
307
157
688
170
533
372
189
84
255
145
45
127
566
323
394
77
169
185
397
52
220
326
180
588
285
342
615
332
356
499
128
293
40
275
323
179
249
195
-1
331
361
141
117
250
59
311
19
496
140
381
367
356
454
355
333
107
106
378
516
200
100
639
172
185
111
72
154
568
335
49
300
200
426
299
722
237
6
75
300
80
136
34
427
31
469
217
171
80
43
202
79
200
361
151
164
80
316
417
651
308
2
139
449
378
68
449
532
86
542
44
151
63
478
37
15
225
283
337
75
296
37
96
379
535
220
374
149
263
417
287
342
410
36
52
65
125
192
488
265
62
430
13
314
280
125
391
262
496
434
458
52
116
7
209
250
409
442
219
95
175
349
18
52
131
142
237
482
108
308
30
384
462
38
236
325
279
443
333
138
147
6
162
102
167
35
381
208
226
83
12
136
119
510
282
468
312
272
288
106
97
411
52
200
506
475
17
3
206
118
78
483
419
554
363
333
56
585
396
362
26
296
132
123
163
200
220
34
301
616
148
139
205
8
119
212
229
507
171
76
186
554
467
276
272
268
500
256
259
396
652
205
240
362
110
146
4
7
49
3
125
139
305
480
15
-1
278
49
255
163
421
326
117
184
179
198
244
112
27
56
270
436
389
178
555
385
59
178
31
324
121
468
414
512
108
211
219
146
24
741
52
635
404
649
132
496
352
174
134
224
104
108
21
149
146
279
339
540
611
37
134
233
93
363
106
323
164
271
6
429
64
611
268
556
289
225
339
683
359
5
83
689
191
386
275
306
205
71
266
354
58
334
15
287
194
46
335
505
137
158
6
465
276
70
164
94
548
18
16
194
23
263
155
502
635
238
192
200
257
301
331
61
9
83
59
399
452
392
242
223
552
223
95
399
89
378
340
55
426
508
320
286
205
62
205
273
2
15
93
366
337
210
37
23
37
93
268
79
291
285
282
48
234
38
94
34
427
479
165
519
417
258
131
528
141
594
479
312
125
388
538
458
57
46
423
130
43
114
234
456
330
90
89
41
123
205
159
363
108
459
118
522
69
428
694
42
235
309
162
230
257
377
167
640
213
23
187
312
197
86
248
168
501
281
111
570
85
287
428
236
474
69
23
185
13
608
99
347
376
80
45
65
203
1
224
82
581
88
28
330
161
145
23
337
389
482
352
183
106
273
47
354
243
167
65
234
4
4
70
447
161
65
237
556
49
269
140
325
305
251
225
248
84
263
194
83
31
235
273
499
292
163
427
632
185
312
324
241
99
183
81
44
538
529
613
78
222
331
280
375
618
395
29
3
660
389
198
391
377
231
63
305
271
144
521
117
49
489
96
206
314
181
382
376
173
358
72
66
535
107
320
371
170
452
54
372
416
84
265
70
75
96
571
38
733
131
42
53
276
47
212
154
212
307
204
279
220
317
322
4
607
2
538
96
542
348
131
7
51
56
127
43
160
115
118
105
294
362
302
39
269
127
35
86
67
331
270
30
163
337
98
80
405
324
77
138
608
485
50
512
138
418
428
667
146
104
687
449
141
360
474
101
328
367
58
128
54
574
220
527
155
64
496
74
409
92
52
175
371
55
196
119
51
169
380
326
105
208
118
2
544
10
274
219
85
125
430
656
298
174
276
541
90
13
39
217
86
446
365
221
156
118
265
750
4
268
399
85
16
284
455
539
13
617
467
111
144
346
244
177
563
13
292
68
120
120
51
404
96
480
17
92
144
560
417
104
431
503
341
432
143
88
412
217
281
282
97
24
103
68
543
284
290
440
522
101
218
236
12
447
237
54
406
300
293
98
489
238
23
449
115
58
347
503
407
4
237
13
177
236
152
37
147
171
67
220
182
313
695
293
346
153
415
229
345
554
92
100
164
200
167
230
240
148
169
309
167
53
302
311
208
532
356
49
2
424
21
18
114
290
75
109
166
427
228
83
20
82
344
205
157
388
156
84
125
406
35
209
491
463
195
149
22
50
147
443
386
642
331
153
312
129
159
341
67
509
53
448
24
229
534
302
49
2
228
79
107
124
99
405
229
283
115
15
286
316
170
139
255
445
562
624
444
354
183
67
393
543
342
198
71
579
528
38
148
135
185
86
215
54
154
158
587
290
529
491
627
13
83
243
377
488
287
162
365
54
134
32
150
595
25
482
603
349
66
55
99
647
193
94
294
368
39
147
52
259
350
43
208
73
109
427
16
411
158
267
232
273
210
21
678
176
132
328
277
89
28
140
59
235
697
315
254
239
396
85
573
173
254
77
135
20
274
510
533
241
19
352
396
29
218
91
114
81
364
101
396
236
281
289
56
93
401
660
346
389
565
226
187
231
627
594
352
578
43
526
101
308
316
570
473
202
389
347
361
26
124
634
607
193
256
573
33
307
138
112
299
2
364
144
532
482
192
642
217
395
670
307
616
600
255
16
602
233
221
148
69
29
284
530
267
607
132
152
250
207
508
462
14
48
121
408
8
121
291
129
305
199
190
119
31
6
14
261
479
73
125
500
715
58
531
132
45
346
95
289
160
540
216
65
267
34
10
8
660
42
402
5
250
404
249
436
454
338
457
400
329
442
103
414
266
3
416
457
77
527
380
569
79
293
383
17
41
300
321
417
462
366
172
310
255
-1
538
122
254
447
378
467
171
86
446
474
217
144
388
397
86
469
118
238
267
456
205
153
160
518
436
265
115
443
319
221
393
284
223
151
31
18
374
3
173
93
423
274
48
240
53
122
84
169
101
413
179
293
377
256
559
55
46
91
282
455
340
241
315
8
209
136
596
186
254
62
57
224
161
64
493
22
211
119
256
399
148
598
83
277
263
261
24
237
96
74
399
306
218
347
407
18
407
95
12
30
166
165
78
188
51
39
331
34
504
100
420
20
559
18
290
667
56
100
333
542
456
51
566
556
154
82
9
560
33
559
227
52
9
428
206
158
220
38
15
144
58
447
408
450
135
313
98
354
29
178
369
187
514
275
283
224
11
83
401
180
21
193
107
174
284
462
259
500
5
92
174
621
14
613
192
310
25
180
85
321
33
391
203
212
380
96
318
257
66
200
171
13
85
461
304
37
241
557
640
136
171
594
134
58
223
246
269
418
558
615
256
217
38
543
413
515
12
429
67
188
160
412
382
262
44
242
96
141
392
413
99
136
150
63
256
55
236
310
178
395
128
563
8
248
760
191
112
419
310
367
499
21
18
169
167
547
83
273
284
410
336
285
21
69
102
340
239
199
79
567
282
304
121
32
506
334
273
133
131
143
363
497
84
234
210
220
583
139
257
432
369
142
169
319
408
525
453
412
512
124
291
249
179
102
34
93
16
374
270
24
450
160
351
331
362
134
92
225
180
114
360
443
538
73
37
362
105
83
84
102
533
98
209
29
295
118
297
11
242
394
189
256
187
405
450
568
88
373
133
146
241
35
315
241
15
133
165
366
413
291
51
113
25
323
601
128
132
5
116
7
193
263
133
75
247
279
427
301
190
346
254
105
375
460
260
68
187
168
35
29
64
151
441
93
117
194
122
548
166
420
171
461
81
83
246
111
182
285
259
392
91
105
25
118
8
103
353
3
38
341
132
116
177
640
393
482
259
526
287
27
278
358
256
385
11
354
24
148
361
259
549
18
97
40
358
62
17
90
619
81
105
635
279
404
454
92
431
183
92
186
175
152
48
176
182
177
469
340
13
40
240
182
296
234
468
219
96
67
363
96
27
522
20
73
265
342
27
296
318
266
209
387
170
406
528
114
208
58
32
155
112
165
261
480
183
313
193
395
230
280
12
304
16
312
9
58
21
294
153
146
332
32
36
212
10
129
129
58
87
312
390
75
339
234
597
334
31
401
277
256
135
172
330
503
173
98
134
24
540
532
207
305
163
390
39
337
198
154
202
31
255
132
364
212
21
445
310
275
57
70
14
42
305
121
46
23
311
498
129
15
715
752
317
309
295
213
311
177
4
407
442
383
166
154
579
100
69
133
390
608
546
698
333
121
381
626
64
219
75
292
580
66
28
175
408
482
482
205
430
249
351
563
12
87
223
242
189
215
80
420
25
545
163
118
7
2
607
50
211
529
484
242
13
148
362
82
99
319
113
264
448
506
34
563
686
38
636
230
633
292
208
310
349
112
197
146
42
92
510
172
94
290
256
353
20
500
168
88
134
24
87
234
5
568
232
96
518
438
194
233
130
126
32
106
536
18
448
250
634
43
10
111
54
75
205
228
220
9
447
347
501
177
394
46
260
503
3
164
148
141
267
586
159
261
203
215
379
109
199
475
560
194
278
348
94
186
433
21
56
663
168
38
72
127
607
239
-1
96
392
106
136
636
236
9
5
717
464
405
731
8
99
161
716
154
458
96
85
20
329
542
204
367
185
326
134
304
340
321
152
133
218
383
105
88
190
10
172
180
49
263
361
238
95
103
130
85
672
256
53
41
44
134
259
304
645
271
392
10
107
-1
2
57
243
415
356
474
224
21
6
536
14
53
103
467
158
488
103
341
630
32
55
500
88
418
158
24
154
164
98
226
83
606
252
106
69
247
270
412
613
94
136
680
92
147
183
204
146
419
164
359
90
313
218
361
235
337
140
519
519
369
484
307
302
453
88
328
52
69
326
48
34
166
291
364
298
221
433
222
192
102
421
34
14
3
431
439
164
192
97
93
367
350
55
75
43
23
144
441
316
612
348
157
170
96
213
281
220
116
459
165
261
304
52
162
595
36
27
263
72
275
289
7
33
101
587
242
356
56
24
305
71
16
217
302
17
65
397
94
147
483
19
16
565
531
175
95
385
133
21
591
113
183
452
90
177
259
34
122
117
98
293
41
176
91
500
14
415
382
500
353
257
2
63
216
1
29
125
352
459
287
380
15
480
206
273
443
74
380
513
204
319
352
15
109
330
307
117
53
443
401
294
133
17
14
85
55
160
87
92
193
23
310
693
459
503
516
15
166
314
634
228
86
488
283
145
198
147
50
201
271
532
359
144
566
183
87
28
95
33
132
455
123
491
204
174
210
354
386
377
67
126
63
36
235
139
234
304
439
474
37
183
606
618
51
208
81
215
159
68
95
574
171
397
320
561
140
441
578
82
106
528
423
113
458
465
512
123
26
187
198
53
28
137
81
425
173
145
248
98
6
231
325
316
435
33
599
284
484
201
150
547
98
124
30
112
230
140
372
20
59
610
318
77
106
119
361
139
337
135
330
563
655
514
547
61
497
451
260
577
472
308
196
588
243
441
212
277
54
97
147
276
198
153
507
457
10
614
151
202
195
349
233
277
404
62
241
213
71
649
108
313
199
39
141
167
378
26
125
199
75
246
179
24
526
686
405
407
660
311
379
420
208
391
188
420
284
117
257
294
545
145
404
129
210
148
408
149
575
98
398
2
23
395
26
216
395
216
62
13
590
344
513
420
177
360
298
101
204
455
138
143
74
473
85
15
122
213
92
175
96
302
11
599
102
499
31
266
676
157
208
551
26
71
527
101
197
346
207
9
81
380
591
473
476
377
83
21
135
578
414
54
555
493
577
517
636
200
31
86
581
58
68
109
72
156
287
252
448
83
150
39
19
330
33
12
589
36
225
36
446
380
347
330
415
624
115
4
581
52
337
60
441
72
101
116
752
133
125
68
40
135
125
465
112
158
352
87
396
515
663
146
446
108
233
101
212
536
225
356
227
130
320
61
495
305
96
148
132
433
211
137
207
239
214
38
19
54
77
179
399
232
329
196
245
44
115
181
112
247
335
68
414
108
199
168
342
254
342
520
551
476
662
402
274
216
466
4
441
353
339
181
58
486
517
134
47
406
58
473
159
477
424
55
389
202
271
165
374
609
94
103
490
608
40
54
750
8
159
255
135
198
51
303
84
119
281
9
69
331
269
-1
136
218
178
207
116
263
291
310
356
571
286
219
194
102
267
400
37
124
701
240
136
363
38
201
293
449
280
301
41
212
618
115
600
142
415
332
578
116
357
215
369
546
138
603
694
54
46
317
465
670
4
78
150
97
487
198
114
378
202
237
626
119
383
308
494
147
48
227
351
410
19
20
50
267
384
332
444
118
161
38
537
338
190
593
347
86
21
2
173
33
212
210
6
478
377
584
116
359
254
375
218
115
16
275
183
48
224
338
112
122
378
100
83
81
190
581
214
356
509
16
319
378
403
147
260
260
68
19
75
347
420
204
488
647
150
42
688
648
416
60
28
109
377
186
509
13
110
46
237
481
670
415
714
113
164
11
13
44
168
170
174
340
439
80
246
357
15
144
412
163
97
350
6
88
516
548
200
612
527
7
412
93
204
217
15
21
241
5
41
485
101
393
246
7
77
257
370
55
229
569
455
3
25
86
410
197
104
317
338
320
127
41
275
52
106
139
348
362
166
142
185
13
273
149
274
198
69
399
95
152
223
19
273
223
4
414
342
115
341
110
5
135
548
421
14
31
77
299
66
513
255
154
639
93
162
141
517
21
283
5
192
267
173
329
531
89
275
314
56
327
49
76
248
91
202
340
386
78
7
160
51
77
22
327
122
111
88
145
240
237
95
249
458
104
173
401
339
363
34
443
297
49
194
214
434
164
251
160
554
284
235
2
430
3
53
91
388
48
44
122
493
58
106
159
300
46
347
145
62
351
453
485
308
142
197
141
5
580
144
97
305
273
108
378
91
319
52
530
476
447
160
461
18
164
270
39
291
232
416
9
253
99
271
175
95
129
205
177
401
143
13
307
507
217
147
38
409
-1
114
451
366
42
25
422
282
310
208
551
269
552
232
45
467
102
367
97
15
139
444
17
445
73
47
17
42
187
734
3
520
157
227
170
287
354
91
108
297
223
26
18
323
113
261
291
188
372
490
541
93
56
145
154
69
186
49
435
35
677
345
189
317
169
216
46
319
34
424
530
569
163
319
34
352
262
485
35
273
81
111
322
223
48
459
313
241
388
65
48
92
189
56
91
359
96
369
301
406
25
301
383
91
13
167
574
363
313
226
650
54
64
127
193
116
99
753
507
157
369
316
158
323
235
400
31
205
500
257
493
104
40
67
202
584
406
114
265
28
15
95
104
493
515
289
26
174
329
356
18
399
538
410
210
190
130
551
385
183
455
112
32
147
414
66
244
19
296
37
312
71
44
25
157
255
341
229
146
444
4
433
342
69
228
430
116
393
70
54
372
174
335
396
95
528
117
85
60
190
632
135
73
330
269
130
331
44
502
300
92
98
382
585
386
306
99
76
268
66
314
469
105
55
334
443
143
105
120
404
354
174
192
452
57
156
88
293
71
101
29
84
581
357
68
23
523
56
36
442
156
213
233
442
184
449
621
568
243
626
102
230
574
47
474
532
136
164
387
166
340
259
134
123
280
458
164
301
72
690
157
187
24
150
52
87
195
108
414
89
54
428
320
651
24
411
282
442
255
147
206
264
175
126
261
13
615
536
396
255
46
396
125
19
368
312
146
172
364
203
16
389
71
67
23
404
251
103
172
596
61
15
212
313
411
145
20
47
552
209
423
60
372
370
420
26
359
188
160
70
23
161
456
307
568
292
15
605
676
124
160
196
75
536
49
75
401
114
294
40
514
125
406
225
3
542
85
401
56
325
357
449
60
602
19
20
588
320
251
540
21
315
157
446
386
18
150
160
40
74
196
39
215
393
223
231
105
130
177
339
160
134
52
200
360
526
205
20
407
51
468
193
22
15
210
89
327
132
227
477
146
213
225
103
192
343
211
97
112
186
37
110
183
769
465
234
331
92
136
419
219
101
327
606
361
130
279
338
238
206
198
236
144
294
249
199
709
152
337
147
126
469
193
220
337
202
273
55
209
49
90
524
513
545
329
213
79
195
172
80
2
236
243
109
19
303
116
-1
59
221
557
13
14
221
122
438
385
126
195
258
120
306
394
139
57
146
96
87
373
144
448
225
439
172
229
346
402
423
4
289
154
301
322
281
548
343
370
745
420
88
61
280
509
270
94
187
498
54
18
199
159
85
88
136
242
362
313
597
185
150
54
65
149
202
210
130
124
428
141
243
91
15
443
43
38
319
198
75
97
38
447
500
607
331
254
192
230
359
538
63
163
81
475
655
257
10
79
324
700
242
20
618
331
114
30
23
26
302
476
460
186
76
70
72
69
50
10
269
51
68
56
337
336
286
410
206
131
139
205
206
259
255
436
227
295
114
137
32
75
561
98
315
368
9
171
225
79
274
154
381
158
146
166
10
83
295
396
307
27
645
354
263
393
86
210
351
85
56
236
513
64
84
107
168
145
421
399
261
153
84
193
312
398
588
69
134
129
84
700
210
359
297
553
343
23
52
74
402
231
169
3
108
108
86
410
22
14
19
383
318
125
331
330
280
89
118
552
327
31
33
387
34
82
133
137
234
614
22
517
632
114
489
439
159
95
513
172
270
469
282
152
2
211
68
344
124
54
69
50
203
183
613
234
52
104
319
-1
260
497
178
87
419
168
615
311
106
4
359
461
146
121
9
250
117
80
81
177
276
25
298
445
359
365
284
287
35
67
246
395
101
178
434
568
348
98
311
503
447
183
458
87
434
288
219
268
3
144
96
301
117
183
290
257
334
263
19
357
154
136
463
191
243
9
193
342
379
131
171
697
661
82
117
542
308
446
195
89
178
91
408
443
316
131
53
145
108
286
408
48
107
410
216
422
29
202
47
264
150
583
252
651
241
294
490
199
367
335
493
311
39
549
49
98
167
310
596
15
301
439
314
454
79
528
332
137
37
516
613
145
129
375
61
18
128
376
77
56
235
602
525
392
110
282
78
63
242
146
114
470
42
45
24
229
110
330
335
256
203
485
396
465
435
417
105
319
73
595
298
227
418
307
359
43
90
344
35
236
48
39
196
334
31
103
476
29
547
324
244
117
61
266
341
504
107
466
185
443
51
200
65
230
533
398
118
446
139
111
159
152
333
204
176
409
174
8
62
193
85
3
392
40
397
2
8
320
71
403
306
271
639
565
57
453
101
11
87
104
252
163
365
130
445
421
517
90
678
163
165
440
162
567
89
370
59
212
134
27
409
188
33
105
453
46
383
35
337
319
472
159
634
632
677
450
267
125
474
376
552
33
201
15
152
208
436
349
492
37
593
323
243
104
363
506
321
403
187
221
515
122
155
436
208
572
238
267
170
53
446
131
220
118
415
24
72
140
262
329
17
180
143
237
511
286
155
49
530
405
192
19
164
520
347
430
553
154
209
182
440
478
437
101
619
108
244
172
404
28
98
576
119
143
734
73
59
575
226
339
231
92
471
455
218
409
498
368
513
503
589
107
89
263
209
388
42
451
118
158
164
367
184
380
168
45
253
417
655
14
5
551
156
467
4
58
33
63
23
337
327
225
451
392
453
157
283
592
537
39
379
16
389
683
370
163
57
78
162
380
207
570
118
376
2
566
334
336
299
237
387
69
120
400
217
209
189
223
75
124
134
454
587
466
432
151
258
134
264
475
411
202
135
59
241
328
276
165
547
567
147
251
123
219
423
398
307
594
225
216
74
562
196
358
322
278
427
18
499
446
514
120
378
614
211
505
284
196
176
203
116
25
136
329
371
370
107
267
23
44
213
150
172
221
66
255
613
276
251
69
11
35
2
101
225
550
262
76
72
409
144
306
3
488
45
180
70
20
317
308
483
75
257
350
112
465
233
96
56
192
560
115
195
233
140
388
130
272
322
660
228
581
274
71
278
347
608
66
622
190
235
291
277
210
74
183
417
403
73
359
417
56
97
115
457
294
453
266
194
306
565
476
70
84
311
3
548
332
597
139
64
58
91
8
346
85
198
545
444
598
504
189
103
181
422
84
8
205
83
469
64
156
40
469
150
93
146
97
61
259
601
222
37
67
212
31
547
503
138
179
149
162
41
196
106
9
210
54
481
58
42
37
256
153
213
306
44
179
78
173
39
18
179
199
158
451
56
580
160
431
434
120
56
302
530
239
460
73
5
389
356
349
238
185
67
162
404
79
154
5
588
434
207
250
624
273
349
103
61
278
589
298
68
158
618
48
44
238
531
29
482
261
91
167
293
180
90
55
257
161
575
197
87
487
14
299
360
154
110
71
346
235
27
246
166
143
63
451
33
210
527
74
22
297
20
222
114
252
550
218
37
574
386
657
646
463
212
163
71
89
56
177
170
433
24
583
480
214
145
254
46
198
436
190
231
181
117
188
133
314
230
429
387
240
313
596
322
70
66
39
197
135
719
306
631
184
199
47
452
330
172
159
72
416
635
181
614
139
249
170
465
538
396
97
203
219
141
325
315
314
76
8
200
329
131
199
76
367
56
252
275
183
441
41
717
88
520
233
164
304
63
95
372
424
603
455
32
585
268
414
188
145
318
90
124
18
380
341
134
79
152
218
533
366
46
10
590
92
214
5
96
252
363
118
78
83
16
394
667
61
39
430
50
128
115
198
419
228
255
7
280
220
647
285
209
6
580
34
68
252
189
355
278
586
408
195
228
528
94
32
51
73
5
322
101
508
255
1
278
571
86
231
48
354
478
59
204
360
623
644
122
231
140
405
408
72
218
325
104
574
181
420
449
162
84
467
33
212
419
541
441
38
408
316
549
126
351
685
251
183
303
431
231
91
714
325
217
296
203
574
159
138
481
48
140
65
379
50
193
268
169
323
102
406
503
140
506
179
189
253
343
357
68
378
48
66
299
311
211
442
191
303
132
319
611
196
99
62
49
103
154
75
48
3
76
357
108
117
112
6
32
521
118
112
416
308
651
179
115
67
36
600
315
15
197
34
70
278
337
545
124
83
125
226
373
48
203
173
68
300
307
410
137
262
355
291
157
65
480
558
606
194
73
133
58
179
141
709
280
27
168
302
139
344
458
59
588
208
185
70
311
179
154
100
542
384
34
93
48
197
284
38
12
200
85
404
71
514
21
12
338
327
93
57
438
127
295
297
92
260
622
114
127
140
541
236
209
390
190
189
124
280
38
445
87
228
262
311
469
43
557
636
-1
450
561
476
316
502
293
175
360
226
24
285
76
15
-1
254
377
170
248
353
501
393
275
118
239
220
3
221
273
79
398
134
152
51
656
88
52
329
544
442
325
248
354
475
190
117
256
133
289
584
406
26
34
177
51
93
52
311
175
311
491
233
27
65
4
40
146
417
447
200
130
343
217
662
440
54
128
72
611
401
183
220
385
401
139
73
373
33
236
108
413
505
622
231
334
210
407
568
619
12
178
439
383
205
693
477
369
218
88
138
106
31
36
94
207
129
139
199
631
397
40
295
9
581
482
125
493
307
307
87
337
26
52
287
4
71
264
420
116
656
138
111
343
532
302
122
319
295
659
260
121
218
455
66
16
158
137
153
338
92
264
431
716
15
241
644
180
233
634
426
628
357
701
442
228
226
39
307
264
148
64
178
230
8
116
167
107
380
14
336
239
477
339
105
147
161
33
76
502
367
332
118
12
99
198
176
60
654
99
189
200
87
370
396
312
174
486
623
175
102
55
41
150
231
307
173
424
395
119
363
234
479
514
292
299
157
17
3
186
59
19
480
14
180
115
453
287
44
192
155
292
408
224
524
438
127
545
94
363
511
173
258
399
82
404
466
164
28
485
67
365
6
99
365
219
360
56
338
547
182
10
456
209
103
52
295
287
16
195
119
69
160
235
134
215
584
531
131
11
78
589
371
237
267
248
127
254
66
395
40
340
109
378
144
342
119
139
32
256
100
314
365
368
289
97
112
340
231
79
49
112
426
498
28
287
554
575
10
101
362
42
321
66
183
254
260
284
406
236
54
288
287
335
47
20
394
301
79
125
275
411
54
30
149
394
66
62
215
228
150
37
266
10
559
166
9
347
241
135
398
152
42
202
397
2
210
423
25
534
336
233
383
73
390
20
90
157
242
477
152
438
204
367
23
116
125
10
82
59
375
312
2
247
366
59
244
207
203
219
237
313
348
549
163
12
274
97
66
694
294
93
47
415
413
126
354
119
191
350
254
111
138
110
41
84
284
218
294
216
144
305
65
14
72
330
231
344
437
47
580
156
348
140
67
136
264
503
200
349
229
290
26
70
316
234
37
196
142
57
110
33
541
101
328
256
233
97
99
394
290
338
303
119
70
593
464
524
102
21
356
156
115
249
323
138
517
466
424
156
316
374
506
29
504
185
417
37
458
130
620
264
34
306
702
527
381
395
604
14
276
158
95
252
164
695
525
17
35
335
280
81
133
513
171
62
13
45
326
325
26
616
558
364
488
32
84
305
25
36
206
399
85
510
8
176
341
491
137
360
101
409
118
73
45
168
486
325
265
239
139
273
116
420
370
34
379
74
314
306
327
3
305
243
26
502
137
12
307
275
581
258
105
512
285
217
56
244
463
122
87
370
462
102
106
511
410
361
355
266
170
546
125
182
15
9
-1
131
396
211
244
225
149
35
266
168
57
351
102
282
446
315
69
424
203
228
387
271
82
541
127
17
292
612
195
161
140
92
270
265
198
89
45
59
210
19
359
128
256
508
29
395
39
387
586
370
175
183
204
146
427
343
385
168
124
343
45
624
4
306
133
242
166
22
387
404
416
281
28
365
99
505
12
112
207
489
2
142
29
149
