10000
4011 2887
251 889
1727 4850
882 3781
4582 1500
3915 4009
1368 2504
1961 665
1206 2029
2492 711
1264 4374
1932 2946
3520 838
4171 4559
269 446
2163 1417
3362 4298
3404 386
4156 4864
835 4573
37 3382
2871 4611
1786 2290
1058 1606
55 1996
4724 2240
1507 399
4919 4394
3458 792
3756 204
4978 4364
2821 500
3157 54
4842 2854
4030 2242
4957 4190
4809 3920
3820 4541
106 41
2369 4341
4112 604
3696 172
2383 4184
757 4445
4620 2660
2850 200
4926 3974
4186 704
4200 2863
1636 1433
1939 544
4782 4163
1569 1434
1384 3479
799 2591
137 3553
4898 3001
528 4093
3382 825
274 1612
126 3920
3701 2639
4399 773
2672 37
1787 1162
1560 330
1157 90
3373 3373
4370 3766
2608 2951
458 2989
4810 2222
453 4170
4904 4935
2515 4620
2923 1532
3349 552
4231 536
479 4986
788 2813
3667 1443
4213 4576
3688 2629
2082 1908
2077 2204
2043 900
3411 54
1565 3776
4554 1531
855 2961
2531 1564
3678 717
1941 1502
1748 1173
4653 3866
3293 1052
1382 1825
4740 2534
4780 250
2469 3347
3074 1439
180 3514
593 4457
319 4600
709 4512
215 1454
2064 851
3664 3684
3281 1204
3636 1978
2216 980
1125 1314
689 4802
3009 1691
116 4542
2997 1103
4777 3387
3005 1379
2578 4102
860 4989
1900 1112
3701 558
4609 261
1428 2134
307 2580
4954 3885
4554 2150
1128 2406
3642 2735
1660 987
3570 1970
4236 2227
364 1017
1075 1302
1277 38
46 4219
4673 3752
1131 1693
4887 2191
1390 4685
3428 1749
1705 2688
1914 4489
4664 1213
1265 1442
1610 4642
2614 1033
89 4716
1540 4618
1912 3902
1492 3895
1060 2248
4239 3726
4496 2518
3360 648
3487 4361
4678 3270
442 2138
2235 2493
502 682
3974 4840
4024 3140
2134 2633
2715 2924
3357 1142
256 203
3273 3609
3152 3353
715 2989
1502 2926
2533 3781
1478 1494
3162 4306
1160 4246
844 773
3933 4445
4150 4998
1205 4255
1045 4443
964 3431
2192 839
1339 1227
66 2168
3682 2946
3735 2904
724 358
4094 1232
56 288
2315 1636
466 701
625 1536
4343 2294
3111 1452
535 1451
4881 4757
2106 1468
1839 4318
344 1859
4324 2076
4093 1075
921 104
931 1116
4774 4913
4831 2803
704 4234
1913 278
4947 2318
1441 2804
1567 4075
4800 2957
3242 598
3231 12
1232 1630
3992 4553
2248 2355
3770 4774
2634 2538
2915 895
250 3947
2226 935
4866 4025
1357 69
4155 3020
3429 4478
1655 1116
4811 2433
3946 683
356 3817
3654 731
2756 1499
222 3248
4400 104
1401 4821
2319 738
1980 4525
1529 2435
1225 4916
1135 1914
1844 1298
1627 3740
2127 2090
3073 3646
256 3304
1701 4458
2062 2218
3193 1025
3451 3941
2339 4225
3695 1699
2018 1199
243 4980
3049 3120
2510 4108
1439 4922
1491 1782
2717 3360
2211 1065
3532 3624
557 3565
3716 4538
2656 4745
2898 1986
4583 189
4585 2324
4701 2457
520 2207
1231 3256
2183 2112
3713 2596
1902 4100
1891 1621
3521 170
993 1283
972 4931
1810 2783
1408 3294
2836 3929
3657 3479
398 4290
1655 4630
1629 2390
4827 4738
1489 3761
3266 461
1491 20
3919 336
2486 3111
3541 1955
3589 3935
2608 205
2468 4142
2403 1980
352 4616
3282 4812
1941 1258
4488 229
3096 2970
2109 237
1132 4679
796 2027
4805 1683
3559 2803
1506 1799
3646 4549
455 4639
2877 2448
2905 894
2076 2528
1058 1641
4227 4547
2615 4019
3029 4932
1989 3091
4703 3796
3240 3079
1602 1009
3868 2017
169 3509
1982 921
1461 3074
1694 2176
628 117
2978 5
2418 518
3176 511
2173 3142
1552 4817
4565 3621
3580 1712
3281 68
1395 4987
3856 2972
2629 3423
1966 2331
3605 2985
1665 1332
4390 906
3769 221
2536 2641
3576 2026
3203 3370
2046 2791
4430 3706
4786 4546
123 3402
4570 1322
687 4695
2866 1435
2753 681
830 2198
1264 121
4135 4410
536 70
660 3944
4730 3186
4021 4627
3162 3338
1845 675
2328 1674
1236 678
4888 530
3920 495
2887 2071
4161 3849
2627 4521
201 2180
3537 475
1814 2954
3791 1593
948 3078
1902 1348
4660 2085
4904 2042
552 4384
924 984
1344 2632
80 858
461 3106
608 697
4501 807
3498 773
3569 3324
4703 3199
3542 1552
4628 4370
3144 3072
3997 3728
2417 407
269 4475
4066 738
2076 566
4073 2755
2368 3509
1082 1272
1163 4824
3746 4434
2110 3375
97 2796
305 4148
786 160
1706 2857
3446 2468
1217 326
4541 821
2964 1949
3106 702
2645 1606
3756 4812
2078 4635
1670 1370
4096 2442
1198 3012
3205 1403
4884 2115
3434 2374
1106 2242
4894 2024
4186 1738
398 1528
592 3583
3784 1386
2867 900
2400 3568
4028 2675
3320 421
1841 3728
3161 2293
1419 1664
638 1868
3731 1166
2486 787
4032 4115
2589 4588
130 4790
2921 880
2889 2317
4246 2497
2396 3447
2008 2036
4371 4204
3193 3721
1070 381
2231 4139
2777 1714
587 4130
3746 2241
938 4643
2292 839
3169 4059
1242 2248
4989 4111
2172 3677
39 3287
4610 4595
3788 3777
4294 3651
1912 3279
2993 2535
850 561
2904 2744
3817 882
1696 1492
4220 1781
1363 3864
4503 2688
3040 4046
888 1336
920 52
346 4827
4276 4146
3827 589
3655 3824
851 4817
4894 3280
3066 2948
2687 2198
2276 1350
1722 4447
3513 2848
4074 2812
4691 3280
541 1015
2210 1398
1095 2877
4663 2407
2747 1216
4625 48
103 3838
424 3600
4953 1755
2447 2023
4499 4721
4258 3281
1023 4751
3567 1284
1223 2526
497 2870
4245 2633
1787 754
4783 539
4647 4523
339 4757
4540 4616
1789 4389
4837 1313
817 4375
4382 1610
2322 3589
2631 334
346 2386
2415 1210
265 549
1024 1406
4531 1142
1932 61
862 595
3969 4527
532 1863
749 2360
870 505
1049 2148
3501 4490
4288 1442
2603 3921
4115 354
1284 3364
129 4922
2137 120
3923 12
2026 602
2659 1208
2241 844
253 2176
2586 1683
4248 843
4951 4911
2219 2552
1425 4108
749 3047
97 1821
3489 2983
1008 2514
1189 51
1838 1189
2958 1351
1764 2947
3116 1603
595 1991
1155 4194
1063 4657
4530 873
3892 3845
1250 108
2790 904
4532 4492
1734 1309
1684 4640
2435 4060
1748 3017
4725 862
203 3278
1501 1552
1800 961
1158 2376
772 2519
1359 3503
3662 4512
1638 2444
3477 1502
172 226
1393 2796
4867 1496
1459 1058
1162 214
13 837
2808 3115
1858 3651
1233 4311
1385 797
1675 4155
1763 172
1287 885
71 702
3487 74
1699 4435
1454 1289
1121 3218
936 2778
698 3900
1098 484
1001 2358
3637 3246
1264 4884
4480 471
2810 4729
2934 4353
487 1951
2582 1837
1405 4743
453 3632
3515 3910
573 133
46 3074
3597 2218
1131 2601
4706 2298
963 4848
743 3434
1589 3095
1131 456
3109 152
4862 2648
3645 2946
4694 1518
2658 295
4259 391
4293 3009
4914 3207
1352 3577
4327 2772
683 4624
875 1686
1711 1225
1072 590
2899 4709
3068 970
1046 1995
3974 1026
1547 779
1942 4933
4165 604
1 927
4755 2837
796 4531
3928 3923
731 576
3528 1530
2925 1691
68 4796
1609 2769
3550 1588
5 4831
967 3042
2675 4868
3818 1903
114 1607
1137 2100
1201 3552
4356 2946
3753 972
2456 1512
1071 4896
2632 1686
3381 604
3933 4844
4205 521
3368 2720
3583 2820
123 66
1516 302
4418 4988
3521 1504
1076 4814
2187 3944
4867 3850
3538 446
2322 918
3198 276
4055 2804
2085 4376
2816 2057
1828 1868
3564 3132
140 4069
1578 192
315 4329
3154 3186
4210 2690
4369 973
3997 2557
90 404
3757 6
4126 2802
4402 3980
1274 3915
855 2844
1213 2556
1287 2731
105 2104
4218 974
696 3307
1587 3038
444 147
804 4444
884 1027
4153 4825
533 912
4464 2214
296 2331
1978 4843
2040 4749
2476 488
4911 915
1035 3173
1385 4714
4500 2380
2958 4133
4413 726
4459 2409
3769 4743
3105 3237
2021 1603
976 4445
1826 1403
2871 2329
4398 2056
255 3187
3097 4966
4167 542
1913 2494
2793 1628
709 4585
1541 994
4637 4001
460 133
2346 3276
3552 2424
2960 1916
4943 297
2893 2824
618 3200
2534 1872
2740 4768
991 4228
3813 29
4516 4009
4350 383
396 1504
3242 2167
3404 953
505 1209
271 3608
1819 2885
1112 4552
2178 200
375 4628
3970 3886
1895 1704
2077 285
3774 202
147 1979
2117 4197
207 4630
1277 405
2153 4289
1112 4926
3030 631
4226 714
899 2172
71 3519
4321 2284
513 1740
3556 4274
1595 369
4290 2036
2204 1976
2044 3509
1602 108
4464 2584
635 3478
1835 4968
2537 4929
3969 1545
3642 2954
4651 1298
734 361
164 2579
3718 59
831 447
2591 4708
2674 2210
3740 4868
1284 3584
1761 1443
103 1664
4151 1555
3985 1245
405 1378
4972 1692
3676 565
2518 1528
3054 1698
4510 477
3589 4537
1431 4639
1436 2633
4975 1107
4562 619
122 3763
69 2740
2092 3607
4328 4619
1184 3379
1840 4011
420 2202
2052 4670
1590 4610
2022 4103
873 3971
2117 2641
1235 385
1808 2788
3877 2592
232 2777
2688 1794
118 3809
2774 1832
1214 1213
2001 1953
2586 901
1267 1446
623 2097
4070 4400
284 337
2761 3504
2527 4564
1074 1074
1186 3678
2518 1786
1045 4280
2689 4561
2316 3562
3918 4031
1019 3294
993 4444
1051 4688
924 616
3763 4236
2901 4614
1598 3467
2328 112
650 2614
2949 2415
2498 4154
3941 2731
1411 2910
888 775
4504 4160
883 1459
2934 3240
2908 2824
1526 3287
2198 1056
1863 3931
1033 1625
3648 3881
102 2368
925 3109
3075 3374
2204 2784
538 4637
832 4169
2307 3896
1582 128
955 1165
3233 2402
4409 2966
1899 661
1254 843
4861 225
4838 3590
2136 2571
2864 302
2789 475
2784 1077
4842 4415
3065 2972
312 2578
3990 1858
3579 3364
3265 2585
3002 3211
3535 4503
3946 787
1572 1874
4893 446
1927 1959
2083 1302
3480 434
1096 1684
4718 2966
2612 1234
608 3125
3522 639
1286 1438
2847 1345
2827 2933
2750 4663
4585 1440
3577 3918
435 988
4889 1917
922 599
602 2613
4958 1353
1241 2781
3885 1203
1285 58
4767 1846
3845 2608
1607 4339
2741 3485
2386 1680
3614 617
464 3039
4625 3807
991 4968
4603 2572
3196 4510
1738 2372
2017 3244
3993 4062
1859 3172
719 2054
2638 639
1590 1719
3919 1166
3357 1885
4405 1978
4715 426
265 4696
1145 3073
2730 4516
4136 1605
491 1661
249 2560
2017 3996
3196 110
2298 899
1961 438
948 2928
846 4850
4207 108
275 4251
1222 2338
2321 4214
4718 3397
2784 656
4393 1773
905 1682
2232 337
1049 1825
505 3098
4701 305
2096 1319
2270 4397
1916 3783
4024 1058
1901 3404
1853 3691
3343 4038
4053 1034
1691 3830
3163 4757
8 4348
449 3372
4308 1977
4038 97
4809 1718
125 3818
3279 1435
712 1185
1152 2784
2863 2823
1783 3462
860 255
3102 923
4521 924
4018 621
2962 1581
3371 1444
1417 1410
754 3700
648 1070
1528 2807
2461 3940
408 4150
3293 3570
1212 4260
4857 1828
1706 4925
4422 4688
3937 3809
2789 3064
1279 1510
1606 3022
965 928
3870 3947
2710 2554
1656 2271
3058 3795
3564 2516
3689 4931
2999 1178
921 3712
2260 3905
2814 2208
1289 641
903 2998
3424 765
3740 2992
113 2475
647 4120
1081 4901
2822 3863
4784 4061
4621 3792
2313 4539
218 4055
1066 1265
620 1083
3851 524
2992 330
836 116
4783 1826
1924 963
2446 1908
4318 2165
3990 77
3153 4277
4882 4869
4442 3989
1544 3617
1987 4343
1472 853
2729 2964
1711 1586
4290 4557
3805 1645
1714 3512
50 4331
4506 2701
3280 3731
301 2616
1268 3751
2112 2449
632 1858
3806 2025
2142 4295
3790 4799
726 2431
1204 3475
2986 3782
2854 1143
1605 1127
4423 1940
71 152
3062 1921
2331 4630
3144 2228
3150 4508
4595 3167
4517 2175
3396 1954
4991 2235
4123 2145
483 1938
2156 4509
933 668
886 1935
1423 3421
4797 2622
130 119
1700 3982
728 4367
2411 3130
4083 3685
2063 1071
966 958
4204 1954
1528 2042
2899 2596
4162 4234
4155 1847
3255 2958
2429 1341
4913 566
160 4155
4117 3540
307 3691
440 2086
3040 472
2275 1474
4606 2321
4749 4327
3285 377
3009 4878
1675 221
3170 2357
2322 3580
1408 3675
1207 3504
4026 1301
3908 1300
2781 4397
3871 129
2892 493
3549 4184
4809 2958
4236 3334
732 3138
2276 1372
4165 638
2160 3757
2025 1309
2265 3478
3395 3163
3423 1458
932 4439
3316 3816
3056 3499
2265 1614
2177 1687
1199 2081
39 636
3358 2597
1618 3653
4052 2969
2711 2140
4730 4278
1481 1264
344 4971
4276 950
205 2931
4368 4339
3409 2210
510 4371
4133 590
3293 1987
2061 2392
3705 2416
545 1325
489 4791
2711 4802
4256 4871
2849 836
3075 920
176 1684
2922 1411
4705 4966
4652 901
279 250
935 2109
2873 3003
1740 4081
2340 1751
2068 2224
1521 1815
2492 4809
4786 4282
4842 485
1132 1510
4818 2413
3745 1278
4407 3555
4691 2337
2237 4987
1802 2958
2581 2757
264 2893
3946 4697
443 70
3487 1780
862 3803
2568 3828
1340 1134
531 125
769 2492
4255 3561
345 555
1686 2199
2385 496
2553 1204
4459 2108
1410 4400
3580 4269
348 4912
1823 1908
1246 659
2123 4605
1396 2082
2693 3811
1547 1852
2507 425
3139 2284
4859 3588
171 3094
2069 2678
2410 2896
740 660
574 1684
1992 4182
1071 1720
1361 2467
551 2863
456 1901
2231 4873
4257 3724
4650 3759
3901 1158
4604 4787
2512 1415
4591 3280
3482 3709
3747 4529
1051 1134
1897 3906
4071 2791
2836 140
3222 2861
3109 312
446 1806
3315 2813
4165 2569
2977 2536
4769 1609
1568 3504
2894 413
2467 4774
3353 1208
1413 3154
326 1508
4140 2916
151 1060
1996 3061
4839 4868
637 1069
2574 1252
4262 255
1818 4519
388 3699
3757 2702
2798 3815
3720 220
2923 3967
1212 4311
3160 3020
4111 3395
3653 1460
4286 2015
1625 4469
2807 2199
3481 4036
226 915
1597 3623
3773 172
1516 4064
4115 1706
833 391
2383 2042
2835 3805
4919 246
135 3212
199 3239
979 3253
2996 943
4508 1865
4821 1358
455 3362
1674 4576
3066 1868
3406 163
2518 2082
1639 1679
4793 1015
3942 3813
4727 2050
2423 3825
653 4371
475 2717
4607 2617
2568 4677
192 2191
2069 352
4301 4836
2961 3377
3571 4793
3684 2163
815 2902
2624 3945
3420 3629
956 140
4497 117
2391 3517
4151 4157
4234 3023
2481 100
1770 667
2495 2450
4961 2924
156 2280
780 3233
4819 2429
1000 4745
2206 923
3312 2783
1365 4878
3098 1381
3031 1394
1179 2884
2481 4522
2915 4520
2357 2941
4308 2735
1291 3599
2363 1357
3367 494
3083 633
2614 2268
2730 4030
4275 4133
4066 1840
4563 4356
4183 1036
261 3871
95 2965
4990 1047
492 4828
3873 3396
4029 133
4143 4525
2972 2798
2685 2838
1970 750
3380 2492
610 1342
2162 804
3200 150
3227 1339
3683 4490
561 4853
3969 2985
3635 4803
4825 2979
3385 4923
2803 3798
3615 2079
2471 130
154 4568
1574 1349
2470 3208
4363 1954
3976 4559
3744 498
2627 2798
2315 3568
704 2577
2909 4274
4419 1910
65 1143
920 1549
609 2373
1869 2799
3444 3270
1056 1447
3616 3140
765 4171
4936 981
3618 4114
785 4804
4196 609
1790 823
2113 3661
2469 1230
263 2255
812 2802
4017 735
486 4891
3545 1585
3229 329
1219 2222
526 4877
4684 4300
3064 1271
4304 4120
1597 4809
857 3742
1516 3997
4881 3356
1595 3975
3147 1116
2336 3070
4483 1678
2679 2706
1365 2465
3206 555
4786 158
2024 150
653 2514
775 44
4166 2473
2997 394
630 4728
4599 1334
2627 894
900 941
4647 1835
2793 2233
3080 771
3961 4257
1811 3325
4129 71
45 3618
2668 3898
3323 4876
127 1610
1409 774
4437 44
1452 1508
194 4669
962 3169
4511 624
345 1825
708 4322
1953 312
3572 2027
445 3593
1120 4664
1068 690
352 2154
3633 1192
609 164
3031 3908
1270 4331
405 4259
3169 3320
4163 375
4145 4061
4811 2246
1392 193
4936 2825
4627 4730
2243 3525
4713 1111
1230 3054
1895 7
1769 2324
1670 3795
166 3241
4463 4454
3972 339
2768 3182
100 3464
2488 3091
2108 446
4157 3231
3434 615
3726 1126
4951 298
370 230
1833 2606
2176 2211
4810 1260
3719 2079
3311 2962
4659 4528
4362 1087
664 545
2614 3258
2227 3979
1610 4786
4076 3523
961 3175
3072 761
2413 1442
3805 3398
4011 4285
3202 3576
570 331
2959 951
3474 2149
634 2671
3179 4174
131 1334
280 2905
266 4263
1627 194
1246 344
76 1086
2444 2861
59 4804
3957 4076
3317 815
3655 2540
4746 112
2300 883
1362 1027
2028 37
531 4663
3102 2319
245 2379
4267 3173
2949 4062
1178 1311
1636 1387
2363 2626
2451 2539
1434 2991
739 1444
2246 1869
4774 3674
188 4491
1590 783
2013 3856
2927 1621
2674 4648
2640 2867
2431 2190
3686 4679
3126 2532
1240 2717
2144 332
4996 3130
3758 759
473 4583
4849 2343
4014 2723
4564 3346
2413 581
3883 3962
3760 3845
3326 2091
413 4625
3320 3538
3242 3656
4440 3847
2540 928
3429 1407
1598 1208
1264 3938
940 2009
4480 2047
2172 3354
3274 3309
2570 4984
3593 3030
2000 3506
2977 3752
4472 2535
4362 1250
1550 4151
4174 1101
3550 4439
358 2431
709 4343
3563 1203
4691 2549
1890 960
298 3001
3846 3885
2748 4287
3542 2838
3088 3410
4319 1849
2947 3920
299 3477
366 3953
775 2592
872 3595
1552 342
747 489
1168 1603
2884 105
4326 2717
1773 1713
3427 989
2317 324
1048 3014
3402 4109
3175 709
3988 2777
746 815
1144 2237
3331 2952
3641 4475
1418 4010
4518 2942
2536 1975
3404 1302
2584 2351
1372 953
965 1952
2473 1530
3983 1111
4754 3579
4577 1071
666 1907
391 532
972 3199
2802 1821
4155 4681
541 3210
907 1550
2316 3162
2675 1007
4541 3620
1172 852
3572 2841
578 3070
4162 1302
2365 3015
3654 1695
4686 1899
418 2180
1260 285
2992 403
4264 155
3481 3673
1510 2686
601 2000
3501 1456
1743 1108
4093 1693
2405 2146
2720 3711
154 3461
51 3215
155 1841
1006 1491
1431 2042
1076 3048
2385 1973
4821 3460
3542 930
3559 948
4925 1057
4821 2786
2235 19
4524 242
2655 1972
4404 4733
442 2344
124 1877
410 1372
2177 4853
2932 4056
1475 3034
3841 4054
2130 2980
446 4682
4687 61
3881 4924
4097 2526
1161 3051
842 1140
616 2099
629 1157
4830 4883
522 2042
726 43
1991 2855
3789 310
659 1144
3969 4286
3271 3499
2458 1757
4779 526
4466 1533
4482 1558
1690 4433
192 3882
1947 763
436 4739
2627 3031
4101 3123
4680 4360
2518 601
3459 4599
4061 4697
3445 1132
1260 3609
1128 4657
479 865
316 488
3839 136
4297 1100
4694 1635
2452 1249
140 2141
4633 1481
669 3992
4128 3322
1490 1936
422 4173
2461 3646
1920 3362
4335 85
1552 3126
302 2121
1369 1519
3449 252
2317 3149
3942 248
4951 1577
2180 3496
3212 2670
2289 3760
3660 720
855 2084
4749 1025
4899 321
1510 1887
2828 1941
2511 3111
4226 1259
3301 219
955 4818
444 3980
761 796
3357 3607
2675 91
3225 498
374 2880
2954 2720
1729 1497
4267 3136
3740 1620
3243 192
3972 3944
566 2137
2985 797
378 2717
486 2471
484 4589
4665 3681
413 1286
2457 3939
3335 4094
1726 3554
2791 2557
4807 1039
3191 4284
1918 2808
2923 476
588 930
3670 1130
1696 4377
2498 4938
3336 2964
3693 3026
1023 624
735 4086
1110 1287
1 4699
2286 2420
4086 4257
4578 3860
3456 1834
805 96
4243 3598
4085 3417
33 2061
849 4069
2422 2217
3220 4877
647 2531
2405 2430
1187 4411
4023 2016
3273 1706
3316 4262
2744 1953
3287 2051
1782 2302
1403 1410
4768 4024
4726 1474
826 3457
4939 3378
4398 3339
367 3882
4446 720
2452 2039
4739 443
4302 4326
430 1948
2170 574
1269 3121
4944 3619
4974 1079
1629 3182
3547 3452
3831 3793
3308 4225
644 4066
2091 3993
1490 3810
4576 102
4126 509
2556 1081
1757 1431
320 4260
2046 3144
2436 4446
3373 3797
4823 2118
3855 2024
2478 4994
438 3927
4128 2515
2394 2260
306 1281
3141 4841
372 1213
3313 3195
2745 995
201 1265
1361 440
2863 3063
4099 2853
1636 681
4915 2352
1929 4181
794 4764
3779 306
4724 3542
434 2221
295 2504
2510 2639
2959 1116
9 1184
4964 2874
1814 2428
2909 3159
3954 3663
4245 2658
1189 1029
864 2146
10 4575
4176 2672
2187 1022
4496 1211
1390 3952
24 4481
141 3298
1538 2863
3717 1396
4458 1066
2177 139
3802 513
2315 1434
3461 2905
1794 4026
4170 895
1149 1475
466 231
3379 3531
2497 953
3255 2806
1473 2670
1000 2812
2843 4069
3868 4812
1165 289
2495 505
363 675
3365 3332
3879 3146
4730 1589
2144 774
3805 334
1101 2847
2303 4619
2749 940
3711 907
1198 1173
3389 3946
772 1032
2028 2659
805 2293
206 4323
4431 1900
2226 913
4451 1559
2546 951
335 2538
3077 4490
2420 4047
393 4932
3720 2172
3504 4777
1220 3053
1612 902
4466 4890
463 697
3450 4128
1196 4774
672 1064
4960 685
346 720
895 4444
977 4698
4187 3930
4662 4469
3992 2977
1461 1033
2905 21
3706 3126
1934 4412
4252 2738
151 1576
2643 168
2097 2935
4909 869
2587 3580
129 926
2705 4068
667 46
4445 2628
1714 3602
3753 4660
3310 4979
4639 4219
3829 2892
2747 3388
1125 748
4248 1454
4885 4465
3922 2551
1952 4575
397 3984
3609 3851
3055 4986
3086 3270
3679 9
1605 1243
3551 4550
4576 1289
4670 1251
2 4700
1677 880
3157 1342
3412 672
3036 4993
1444 1232
234 628
4105 3077
76 3116
2055 3031
3297 3525
356 2641
4654 3212
4297 3604
1227 4409
4951 3650
2691 2129
3529 781
1366 189
2334 2219
2984 3204
4579 133
886 697
1210 4691
3450 969
938 882
1261 1989
2163 4851
279 4829
3486 569
2553 2445
3967 828
2484 911
2467 2733
4248 3723
4373 3854
1556 4564
2456 1325
1999 3600
4170 2974
3636 814
1380 3970
1437 3586
2452 2760
3512 378
1313 2472
3107 2457
1520 3387
3973 720
3036 3420
2499 4384
4119 381
2983 4651
491 2005
264 2503
4013 4766
2204 243
4186 1179
3189 1138
2708 3199
3939 4846
3563 2405
3976 1212
1099 2522
1950 1976
211 3021
3894 399
3855 4101
1495 1205
6 1655
470 1375
4532 427
3964 1600
3405 3042
2151 2013
708 466
2850 3691
1371 1483
305 616
853 1986
2224 221
735 2981
1972 4193
317 2304
371 2976
1326 3252
4627 3460
4495 4357
3057 1675
2951 4867
4909 3644
2719 4771
3886 181
3461 4245
2202 1405
1944 579
1624 995
4949 4491
3252 4929
3129 3268
1811 3924
3228 268
4884 414
2467 2735
1326 4406
4267 396
4264 124
123 1788
4742 4592
3770 434
2945 1747
1850 3816
2759 4082
1395 1155
4916 2294
3678 3904
1061 4249
2513 695
4912 2035
3756 2722
3064 83
4009 1610
1531 3655
4657 2837
3234 1297
394 2529
1392 4979
947 631
3951 2501
1684 3505
1933 3434
2169 3747
4676 4195
1959 2509
1216 3182
3526 1569
4141 874
991 4508
2642 4310
2162 4799
2052 3762
2718 1743
4663 2185
1825 463
3814 2433
4019 1933
541 1995
4072 4272
1275 2725
763 1727
4640 918
3580 3194
295 4835
1601 402
645 608
4102 3291
3261 3939
1674 3721
2466 2215
1168 1619
891 2891
4314 3550
3693 3616
4957 182
604 1005
3251 3289
1925 1442
3370 439
3786 2170
4928 3983
2246 3971
2543 2190
2654 1200
3082 4472
1163 2089
4809 3211
3190 3424
4690 2668
3294 4519
3995 55
1945 4896
1719 2351
3035 1192
373 1801
3244 3411
3910 3570
1600 1362
793 2963
2677 1426
2921 1455
127 4292
2245 895
107 2896
4421 1664
370 2216
4716 741
264 997
3743 4966
129 1361
1976 4698
774 74
2412 1027
373 1028
1587 735
61 1482
1628 4030
2652 2380
4506 1589
3173 3499
1922 3913
2063 3815
1554 635
846 3657
3092 1546
3366 4394
55 2062
4439 3
1236 3085
1740 3733
1158 996
2856 1112
2084 3031
968 1015
3316 4603
397 4272
1597 15
2280 299
3244 1017
3354 792
1878 1167
4454 332
1883 2391
1902 4110
2124 3462
501 2834
3657 1736
763 2709
517 4196
964 3606
310 3478
977 771
2065 2701
1320 1451
2707 1347
731 1755
4351 103
259 210
2452 2947
822 575
3740 2690
1126 3857
822 4366
3306 1603
1237 1677
2107 1142
1770 3947
183 4880
3049 1227
4499 410
3072 2542
2739 21
4090 2095
3824 3945
422 3860
3870 1190
3670 24
3389 4040
3483 1014
3716 813
2888 352
755 3894
2786 1191
923 1392
191 4225
1929 371
1661 4758
2085 4742
1444 3253
552 4295
186 3639
3381 1369
3179 3356
1617 3817
2958 1314
3647 4306
3895 2704
4920 921
3457 3620
349 1504
4009 4881
2427 4902
702 534
1745 786
3588 2707
4296 2786
3876 1582
4429 3167
656 280
628 1978
2108 2262
3676 4737
1343 2606
391 773
2793 1170
1723 565
3973 4128
3657 3710
4173 2676
1572 2287
4251 4011
1497 4859
2654 638
1216 2952
2945 910
396 2057
3904 1086
2558 3612
2327 4796
788 102
67 2412
3077 55
1558 2155
4758 3838
4304 2623
2936 3612
1003 4706
3313 2931
1650 2108
154 1361
858 3017
4324 3651
1967 2489
87 3376
1222 1647
916 4015
303 2933
2084 1859
4992 2590
4107 4818
4259 4968
3380 2466
2559 3650
2295 4239
2241 3520
2020 730
4584 3090
1928 3273
760 392
1151 1872
3458 3040
709 4614
1341 4757
352 3924
1585 3528
153 1220
569 2556
4437 1139
2125 830
911 1283
1489 3666
1019 219
3851 2550
1584 3222
2635 3111
997 205
708 731
1154 2798
2985 4395
2874 542
1744 2525
1163 4559
3349 53
4917 3640
1586 442
910 293
739 4339
3292 2248
2129 1642
92 2002
1588 874
1155 3987
3182 1457
801 406
4452 1860
4404 1948
2275 2108
2929 3731
2698 1118
114 3808
2320 4742
344 1514
1967 1256
1909 2762
4566 4771
1541 506
2758 1922
1859 3907
2247 4237
2416 2154
2098 1982
4304 760
2220 3067
1557 3443
2469 512
4253 4736
1953 2210
1597 2567
339 1200
568 1540
735 1666
3326 4230
2883 3543
4183 2221
2628 3693
777 1536
3563 3576
212 4722
207 2152
3417 4688
2016 2321
2751 1972
1840 1239
4129 2130
2926 989
3132 716
4114 3709
504 4235
638 688
1492 3641
2901 3168
4475 1211
3338 464
3528 759
1295 53
838 1324
3078 294
157 1851
1151 2197
4986 4319
2534 3628
1901 4105
824 3425
219 2334
1311 3452
4489 4706
170 4723
3713 2756
500 1472
2880 561
4405 3186
132 2114
1496 3313
3978 2738
4987 3899
4705 3598
2578 4739
2689 1772
2668 3649
1440 2898
2502 3953
1976 383
3554 2485
3135 2476
4264 4674
377 4811
280 1100
638 3918
4765 158
2728 3635
396 1334
784 2732
3822 4135
2647 4749
1801 2334
2543 262
4371 2220
1994 4583
4883 3882
1176 4277
1676 3975
1645 1566
1228 4892
4382 829
2006 2702
3677 4089
3538 707
2992 1986
4487 4156
511 1339
1602 2965
4672 2769
1551 2322
2747 4310
471 385
3577 4519
2591 3253
2808 3055
4774 4409
2719 4917
1805 1387
515 1953
3243 1550
4628 3662
474 4907
3981 3310
1345 4082
3949 1925
697 3890
2077 2148
3128 4104
98 1705
3218 1430
124 837
39 2654
3843 263
2129 1581
2853 682
1966 1322
2176 4934
735 2815
4504 1033
1855 1329
3060 2827
4293 4430
119 4523
3362 3327
741 808
2308 2347
4156 3161
366 4599
1876 2154
2163 4243
3729 64
4574 938
3335 3214
2423 1149
2080 3090
1047 3168
4761 198
4310 1274
2845 4606
918 4757
3899 4702
4670 4543
597 3107
3632 2848
3689 994
3947 3268
3596 2290
1851 314
2469 4676
1696 2228
2941 3927
431 1449
3876 839
1482 4058
4213 1148
2915 358
4983 524
2691 5000
230 1898
121 1808
2861 3338
3740 1955
2448 966
1371 55
1873 2134
2551 2085
2413 2388
1465 3057
1733 4248
2903 708
4954 1665
697 4956
548 2779
4636 2528
2862 2400
1110 788
3847 3734
774 890
1087 3345
3662 4977
2940 3261
3134 474
653 384
2158 1410
2915 1257
180 2357
624 530
230 4384
191 4871
398 50
2363 18
2662 1164
4697 1608
3079 2159
710 1899
4952 4689
433 3030
3263 3495
3745 3502
3403 918
2531 12
2662 3870
878 2756
1918 3431
3016 3720
1704 638
1595 763
1724 2861
3790 1887
4657 4568
4190 2833
434 2605
4762 1061
4723 4319
3710 1256
3717 4685
2084 2400
799 3861
4296 1924
2372 295
3329 1687
1886 2894
2381 1323
1943 2226
665 1435
4152 3790
481 28
4537 4842
3632 2834
642 2870
416 3964
1091 1181
2079 3141
1517 2983
4599 1421
3978 1563
3656 2073
1855 4941
4776 3496
3372 4226
4889 4348
486 3063
681 887
1601 3066
334 4019
4801 1311
1703 1374
1810 4383
1726 969
3923 2073
4483 4878
3008 4178
2821 280
2223 2337
2923 1560
4442 1414
4522 3162
557 713
4308 2117
891 380
924 3363
2963 3822
1511 3161
4972 590
1018 3154
3545 4269
4332 2998
4784 1428
4840 2295
2338 4161
229 342
4670 863
3526 2200
4249 1549
1885 4297
4585 3432
2760 4072
2208 1111
4771 1769
4756 4179
4109 4847
2941 1406
3129 2790
3487 3051
2388 4011
4120 2178
2903 4400
164 3715
2223 2251
1254 3870
1076 1217
115 2425
4248 4379
1696 214
1133 1599
913 2380
2944 4290
2562 2728
2143 1317
4350 1150
4884 3379
4269 3983
1697 298
1610 1398
3195 3400
3954 4077
2247 1057
4434 295
2068 2499
2313 4126
4018 4236
3567 4460
4341 2309
2074 4513
446 1152
386 2566
2715 4967
1677 3230
576 820
1801 1477
2887 4256
377 3749
612 722
3501 1467
2099 641
4131 2850
2531 3085
3825 2505
3543 346
4572 3945
4992 603
3874 231
3630 3143
3257 4799
888 4902
4953 4074
2174 1393
3238 4349
1192 3806
3006 2027
4148 4636
511 1045
1965 3261
772 4974
2527 3315
1958 4315
3665 3723
4633 637
686 4140
3655 330
3309 2203
966 1333
2002 4927
773 3993
297 599
3460 1048
765 4067
2718 967
3225 42
1443 2692
2995 4499
3796 407
1364 32
3015 188
4913 1359
853 2849
1695 4483
3519 4801
2644 2522
3397 307
4776 4598
3082 4665
2587 3815
2942 2541
4791 3054
3507 3107
3051 3043
3899 3654
4054 2980
2144 2555
4221 3241
4319 3422
4025 2719
184 4137
1439 819
3155 1007
163 1074
4544 4651
3310 2463
2104 4469
3254 4458
4760 2438
638 770
2105 4207
1595 3951
1924 1096
928 4322
2455 4552
4734 3023
3374 3856
469 1541
3822 2150
3357 1167
3314 3191
376 2935
4034 59
3944 2260
3614 2415
65 2156
1948 4842
768 2595
3041 505
1502 4289
1567 2412
3883 4751
3006 2759
4281 2387
906 398
1389 3042
4220 3690
215 1292
4550 627
4184 1640
3348 26
718 911
4077 4574
2847 204
3077 2641
4955 242
4852 550
2364 3183
3575 4759
2457 132
1531 946
160 1304
3231 4860
2392 3233
3072 4421
4431 1296
2044 2272
2395 1022
3279 249
1564 4668
2925 4653
923 3043
610 1485
4125 1896
1256 961
1700 659
1628 1502
1652 2916
1302 1105
4942 3885
4744 2408
1479 1647
3379 2506
3241 2026
3017 4714
3086 1791
735 1620
4909 4898
3196 2304
3607 4711
3967 1225
3811 4424
3623 2166
3164 1206
189 3368
957 3006
3570 3628
2877 4225
1215 4948
3985 871
4873 4608
1093 2382
1628 3053
2151 3965
3398 1654
4012 2746
375 3371
930 3321
3098 3622
254 3637
777 4461
628 80
4946 3840
2522 3131
2283 4011
4183 3832
3217 3265
4404 2922
4640 1320
2299 3772
2508 1693
2167 2607
4696 1377
1031 3403
716 2561
302 1262
4273 602
1539 4022
4218 661
4048 46
1256 3789
3738 2023
4065 3817
540 3340
3587 2009
2039 3338
2727 3133
1772 4387
2279 4406
2201 2296
2519 3643
4535 3594
1935 3457
3857 2992
150 3057
3427 1166
89 3916
3552 3148
3719 2146
3308 61
792 2514
4042 2387
1040 1765
763 4703
4809 3105
1710 3928
3536 800
311 2686
3447 3824
3196 222
4376 4877
3459 1118
2797 638
2920 1810
1002 4069
1642 2089
821 1177
4283 4058
3479 3760
3689 2604
4346 3323
4589 2826
813 4398
4237 2123
1341 4870
3107 2362
611 3589
3108 4378
1853 2651
1924 3783
2898 3130
1786 4729
3349 2193
2783 1173
2277 4654
46 337
4842 1015
4747 719
2795 1135
1231 616
4877 2117
4190 3609
2048 3838
960 3517
4857 3161
1414 4811
3529 4278
2314 2608
1899 1668
1795 1859
806 3312
40 2532
1211 3153
369 686
3678 455
4197 4545
972 1222
1165 4138
4327 2910
1169 3545
1940 2873
2392 4927
2089 2137
3940 3196
1568 1082
947 80
2288 1627
4123 3764
2923 2901
4914 1685
3022 1771
3680 2162
1455 3403
1046 2066
1364 440
3055 4933
1619 3743
2422 3321
4023 609
4824 3173
2264 164
3721 3611
4649 1472
4647 399
3686 3542
2399 3689
3074 2589
3492 4449
276 1209
1993 1528
2098 4118
3462 2132
2838 3951
1765 3989
1699 2257
1705 3277
4511 3572
1808 3716
929 1805
4405 1743
256 1833
2387 3515
2707 4529
335 4975
2418 1026
1109 1387
4550 2206
3274 4326
3401 3254
2945 2078
2941 399
3511 3550
2736 4560
3158 423
4809 1747
4539 2319
4698 1378
2758 1880
664 79
2716 3755
417 4001
1761 1846
542 315
1446 2373
17 2137
3951 654
3172 4178
1705 1767
1580 3963
4544 2386
4061 3453
1270 3772
1672 2650
4626 2592
4645 4900
1445 3806
653 1637
3401 4742
2940 2364
4504 3750
1956 4039
3497 4016
3004 3570
2641 4711
3387 1606
3454 3601
4855 3861
394 3654
2984 2267
408 1328
2616 4664
4026 3565
4904 1016
4760 3519
271 3620
2134 2185
961 166
2286 1285
1638 1037
3482 4349
2072 3381
4025 4069
4181 2031
476 1824
3967 1118
4025 3392
2127 76
4874 651
3507 2748
1052 2317
868 1544
2403 1616
3091 4989
4320 844
1710 2500
3376 1366
530 1591
3712 4534
2509 4630
3857 2421
712 4262
4480 1703
3913 630
2763 2138
2977 2658
1337 586
4296 3165
4292 569
5 77
2771 618
52 1196
2783 2719
2498 4152
856 550
1693 2417
1151 3955
3781 2953
4673 684
3636 2319
2675 629
2876 4152
2083 926
4423 2093
2174 131
2756 4042
1399 267
1710 4544
673 3739
4610 3855
992 1281
1177 3726
1386 4149
3648 3404
3544 3576
27 4826
3019 397
77 1200
4480 4469
377 4778
2874 2657
1116 679
4981 1896
3220 2082
3555 4845
949 3734
4968 4601
1457 616
3955 1981
2574 77
2846 24
3058 2409
374 2348
4880 3953
1829 339
192 4628
4236 19
1977 4362
2346 736
993 1517
843 4858
1360 582
2841 4401
2298 1863
1760 1822
390 479
761 2247
1666 4374
3141 1171
980 939
4651 2608
598 4425
3618 487
2048 855
2587 3224
284 3905
4997 821
961 1648
1785 1116
1997 2722
1775 4707
933 4473
992 3550
577 3980
857 2321
4349 394
1382 2361
4416 4610
3935 169
4094 1657
2718 1224
2044 617
4151 4479
1572 3661
530 2167
1787 4288
4410 3094
4933 2554
3571 300
3520 1636
526 3344
2592 35
707 1620
4776 2979
882 4100
634 311
2011 1710
4253 217
762 1342
714 1050
1984 3074
3623 4013
3150 3611
517 3921
3517 4450
4791 122
3800 2759
407 3874
1751 4706
1993 4240
3639 1717
297 2510
2286 1564
3609 1727
4861 4660
1733 3689
3625 4468
4888 2835
690 186
104 3454
2048 1952
2360 4548
2243 2758
3180 373
605 4825
4805 2174
1224 4570
1399 3962
4087 2394
2457 1330
4056 2069
383 362
3509 566
1828 1895
2388 4809
264 2487
398 4805
1525 2469
1858 1428
2867 1932
2552 1392
627 800
1371 2532
2430 993
1626 4823
3838 610
2890 4218
2144 4663
155 3703
2538 2675
1295 3701
777 77
3446 1224
1210 2937
1505 4149
1874 1470
592 2550
4129 2586
1056 4897
996 3399
874 1185
4066 3669
474 1432
2814 2710
4485 3982
2332 2240
447 4531
1874 3282
2551 1729
4322 2857
200 2853
2666 1457
2078 4031
3767 2660
771 4823
3501 3746
4204 3439
1684 1530
1250 3825
2112 2058
2490 2739
4789 756
3300 37
4123 2489
1765 1489
1371 2328
230 1656
2864 4699
2189 3957
3720 3728
2993 994
4883 3620
4759 543
1890 2723
638 1948
3190 771
3703 3742
1500 4675
1760 185
2354 3711
4568 3598
726 625
2353 4329
4590 3937
2082 3627
1192 988
3849 1374
356 2700
3004 2529
2549 2508
3214 2162
263 987
3115 2121
1225 256
1955 879
3532 1264
4004 2668
3060 2977
515 3976
1758 1626
4797 2818
2708 153
906 1834
1852 2399
1618 3173
2547 4844
4481 3531
3022 4754
420 4682
1054 1157
3911 2066
4716 4934
4018 207
3595 3694
1015 3308
3656 4742
571 3305
2767 4137
2214 3130
2713 2245
3082 2382
4167 4966
3329 2752
2873 4557
1869 2413
846 66
1466 4670
787 2210
1522 2309
4867 2047
430 3522
24 901
3781 1427
3615 726
4531 1720
2636 2959
3578 124
217 275
748 4771
309 3097
310 3519
2801 3186
1197 4709
2783 618
4061 3643
606 2411
463 4072
1355 4182
2888 2714
1882 4026
927 4089
2076 1172
1810 2067
1920 4907
4028 4236
4369 349
2226 4323
4904 2353
1333 2617
781 4528
134 4679
1128 3281
839 1672
3563 4889
4385 1477
3075 841
3843 305
2733 4434
2849 3328
2662 68
745 2144
4143 3226
1347 730
1648 2492
800 627
2855 3720
3877 4854
4434 3229
2995 1037
1104 4807
2505 2475
318 356
1149 397
2067 4835
93 1000
4890 2244
4092 407
2279 4246
3553 3879
1222 1376
1106 1374
2079 3791
3961 853
3652 2528
4174 884
2914 4559
1271 2174
3606 906
1325 2954
1069 3058
1883 1517
3492 2185
3493 2254
1886 1840
4254 995
2053 2776
4079 145
2054 165
2164 3186
3641 3814
2328 3471
4920 4161
3006 558
2459 1365
3312 2117
3233 3583
721 2061
4419 1531
4111 2128
788 3785
1080 77
1390 3002
2839 4661
3047 1498
1946 1153
1697 1777
3580 2820
2241 2689
2121 960
2571 2149
13 4579
1524 3941
3529 4686
117 1259
4065 369
3121 3163
2642 784
1509 770
785 3134
1911 1017
1632 4168
1590 1121
1547 4924
2505 372
2668 3367
122 3199
471 958
718 4223
2683 4802
1984 99
245 3816
3688 4407
2131 1027
3879 2537
239 19
2096 3346
450 673
2674 694
1500 339
2570 1415
2890 447
159 2108
1796 4050
3272 2028
3211 694
2527 4137
3173 925
1906 4037
529 28
3257 4442
4881 1742
3810 2887
410 1237
839 3602
1573 4927
2531 2932
1391 1692
3869 3980
4084 3226
1622 1521
4073 450
1723 3771
4085 4345
1709 1589
4884 4177
1394 303
4680 3579
1969 715
4625 1839
1975 4758
4162 4622
3716 384
3387 94
2691 4456
466 3933
1922 2946
189 1242
660 2489
4270 2349
201 3489
1884 750
2244 1756
243 3327
1742 439
1440 243
2292 4729
2520 3716
3906 220
132 4798
4708 4478
8 4259
265 2726
599 4886
1121 2552
3104 3616
2157 318
4522 45
4518 1747
1712 636
3283 736
3490 1097
2890 748
3919 3190
1686 3043
2674 826
1157 2658
1666 3890
65 1591
3444 4257
4238 2972
3193 1733
4554 2664
3467 3946
1403 4718
4133 612
3808 1561
3383 1125
3066 3169
511 4454
4423 4573
4060 848
3700 3653
330 912
1424 2718
4348 1644
2938 3639
3741 3048
118 63
4391 1879
4309 2920
4148 1822
4559 1310
455 4193
3973 3909
1684 4079
4074 4268
3128 4572
2839 2020
2420 3782
1855 3297
2400 2196
1099 4416
2341 4879
4688 4453
4741 1570
2403 270
1405 548
2977 4407
216 4457
3000 2083
368 3163
2347 421
2923 4514
1444 3510
1553 4608
4565 4924
1315 3606
403 2970
191 3110
2127 168
2223 1141
315 1194
1103 1005
632 1269
2213 4482
3330 3012
3944 3993
3856 4221
3206 1470
2638 4264
1702 3395
4669 2304
891 2577
4056 2231
3164 3930
3855 2135
4433 4490
2705 4440
3946 4512
4283 4612
3427 2209
3491 2845
4707 2540
1460 1944
3497 1425
4716 2295
1205 2697
2815 4337
4703 3895
2136 3815
3513 3338
2713 1396
3641 1249
2579 4215
2350 2192
1130 3695
2397 1984
2648 4428
3628 3692
654 1472
596 3995
1344 901
1087 4577
2679 3059
5 4712
3528 3930
4637 4128
4771 1104
4080 4806
3467 1852
4355 341
2312 4265
256 3271
650 1903
2026 97
3388 3842
2050 1888
1947 3868
98 2758
961 2103
452 4067
698 808
953 1433
3559 1121
368 2106
1584 875
2250 1949
3933 2774
4510 3584
2859 1164
4015 3398
2036 380
1108 862
2814 1255
488 3364
4809 2919
610 4008
3883 1317
2639 3015
4245 2578
2203 4331
1587 2192
279 2397
2593 944
2789 2580
3279 969
4125 3312
2220 3066
4356 1284
2002 190
748 1846
1191 3411
2820 4429
4769 491
2545 4053
2734 1379
2658 4759
3209 1916
883 3612
2336 651
2180 2093
4768 4512
2572 246
3485 3152
3205 4826
1094 1341
2252 355
4040 622
4634 4392
248 2893
3950 3627
3075 2367
1540 2665
3897 3697
4861 599
1958 3607
853 286
2692 4409
2669 4724
47 4929
1255 2608
1931 4405
1135 2361
1047 303
2632 916
2470 2693
372 936
3257 3696
870 4534
720 465
1975 2873
2973 3931
3578 2720
4110 1584
4281 4676
3099 3614
3346 777
392 1778
3360 3472
3792 1994
4131 3433
3244 1021
1936 3854
2540 615
3456 3329
4869 4696
81 749
1539 1497
2016 4174
1055 1016
2434 1334
2277 2000
4969 2826
2399 3281
2853 1960
1277 2996
970 4586
2351 3888
2584 3619
3622 2020
1518 3937
776 516
4672 462
3297 4175
933 2821
3997 3132
1131 38
1773 1487
4147 997
3181 4996
820 4038
3897 528
574 818
1619 3794
2863 2415
1930 2718
2646 212
4163 3528
2731 4535
2616 3316
502 160
984 1841
859 594
2236 515
4236 3917
2216 3920
1180 604
3067 2796
3912 681
2351 4081
337 2449
168 3518
3252 2958
1268 3730
1906 2451
2461 672
4652 933
645 258
2044 4246
290 997
3448 4646
3398 2889
3471 2769
4915 4352
1071 760
2011 3339
1634 110
4577 1914
1738 3159
606 3242
1397 4421
633 2771
4586 3731
1004 2715
3477 3628
4906 631
9 4207
3055 1530
4035 2998
2398 3221
1819 4156
3710 4788
4898 1868
221 1012
4861 3655
2097 603
202 2243
1999 4221
680 4846
4799 2415
631 4205
4691 4687
2926 3862
1508 4271
1251 4651
633 64
811 3701
2466 3605
172 255
3597 4017
940 1031
1856 534
4797 672
4010 1851
1790 2031
3080 1086
745 709
4450 2076
2843 2192
3627 4383
96 1342
2782 4832
4879 1041
3995 567
3080 1478
2518 1411
3212 3978
900 2959
4025 3718
2232 943
849 4227
4954 295
4619 1516
1335 690
2474 273
4591 397
4823 2552
4137 2975
4357 3688
1628 4298
4517 1183
4271 4991
1379 607
4140 664
2611 1944
57 3516
267 3788
3442 244
2423 1891
404 4400
930 4314
448 1631
1824 2572
4092 2906
570 4989
1501 4554
1910 1330
3628 1245
156 3353
1876 4599
2472 1284
3728 1131
4890 389
2960 868
4699 2773
1359 2477
2901 965
485 3330
4819 415
4509 3869
346 4423
673 1312
1258 2777
176 1783
2298 3617
642 4379
4597 2389
870 4833
569 2351
1337 3881
72 3445
2940 77
2506 181
425 3082
4300 3888
3455 1911
2978 1154
1362 2691
4121 3602
1568 293
4305 2215
650 3673
4111 4952
4800 2609
1234 4541
4986 2907
4816 876
2259 3501
3710 3707
517 1710
2723 4815
3933 1449
2715 2073
3258 1813
3834 1046
2591 1588
1176 3882
4786 1127
86 2002
3256 3417
1362 2702
950 4796
3356 2239
4229 3168
3463 1322
161 1314
1321 4302
3150 4210
4758 747
2380 723
2291 4011
4438 459
3242 3552
1811 2328
251 1801
4977 4042
2531 2884
934 3023
3926 259
418 2958
40 897
896 2623
1772 2812
3931 3715
1662 3851
4822 2758
938 3352
3632 500
998 864
1949 2649
1183 1964
4028 785
3673 3611
1103 1934
2674 571
2743 2474
1128 815
1768 4950
1446 3765
3460 4363
3652 1177
1437 3041
3309 393
4574 1500
4212 3480
4012 1916
3211 2530
815 3825
3485 437
1507 3454
4922 2372
3763 3488
974 3574
2503 1410
752 4687
4760 4891
4856 4037
400 1752
764 236
2918 536
4806 1422
3870 934
1081 2257
3607 1293
4755 4116
952 3909
4790 3944
2999 327
2064 1624
3623 1962
3990 2259
401 183
3488 2866
4318 4571
4100 1038
145 690
2359 4211
605 3675
4877 3300
323 2097
4928 1276
2710 1771
4287 1034
2291 1234
396 4193
526 3233
4299 1789
3 3310
4470 53
2313 2318
2569 3060
4490 400
4324 4401
2792 2981
2066 2107
4510 440
1889 1135
1290 1419
1401 4238
4915 2458
3713 2380
4707 610
4872 3014
4974 3292
2134 3190
3144 3081
2991 3214
2051 1128
3396 4038
1168 3491
3161 3218
4966 2420
420 2158
1964 4173
1924 293
2781 4378
4614 2506
170 3983
557 2978
1084 1895
3139 2318
3500 1151
2704 4723
2548 4279
1734 422
3120 4620
2161 3533
2137 1222
3907 3335
2200 4900
4591 2417
2506 798
399 1163
42 1327
400 4161
2760 3006
4660 107
3298 4792
2113 4258
2454 1954
3389 839
4627 4216
1232 3681
4969 2263
4187 3652
4622 1934
108 3619
2262 2271
1898 4434
3508 567
669 1530
4767 1748
3217 1786
1039 138
4042 4490
1155 461
4046 1248
944 1084
3217 3679
1671 2272
4104 4798
1068 577
1555 742
2571 3446
2314 4675
3697 2610
2030 4582
3684 3682
1579 2604
3103 1544
3482 3915
3848 2815
1698 2061
1578 612
4320 4924
2328 1069
1556 3973
1233 755
3881 4242
2884 4948
1270 1559
4844 996
234 1987
2478 1662
3898 3169
1193 1700
2084 405
252 4186
4900 4921
498 1585
3168 830
4146 2129
4657 702
2279 3059
3186 4200
1984 958
2470 3843
3713 1
143 1607
2109 2588
1890 4614
2623 4179
3758 3215
2390 2706
4706 2713
1547 2365
4216 895
3888 2893
2132 2247
3076 2340
2827 3539
1951 3702
788 158
1249 3776
4254 4917
1867 4421
752 47
1183 830
1079 467
1372 2416
2697 459
976 339
4592 4554
925 3479
1087 4070
3528 2717
4743 870
3524 328
3099 4157
2752 3225
1174 1060
3064 249
1940 640
214 863
4473 4481
4009 1192
638 4314
2448 746
4403 1538
2680 619
712 4147
330 4635
2556 4158
3910 1266
1037 1280
4337 685
3151 4515
2575 3719
660 2362
2871 3647
3580 3735
2034 3778
641 1166
546 525
4884 3824
3804 4259
4701 2699
459 3428
2102 1385
699 2094
1986 2101
4599 191
1789 3565
3224 4436
4857 3137
2830 3914
4587 940
3098 2097
521 517
4916 1241
1531 2694
1192 863
465 4503
2623 824
717 2260
4662 558
1806 1558
4209 2745
383 3127
351 1385
4208 2015
2866 1881
2361 226
2956 3487
1099 4557
2408 3407
3586 2413
596 864
786 3414
1648 4143
4960 213
473 4943
1534 4921
1896 3789
1532 2457
855 3991
334 4326
4562 2438
4260 3973
138 1763
1492 396
4598 2130
2338 2776
2429 2391
1886 1485
513 2211
4048 903
2327 3838
1241 1747
355 3669
4054 1311
1756 1170
2697 1121
2130 4894
1225 4838
547 2325
51 1918
3327 4341
4582 4829
4635 2965
1412 3736
2165 3765
4048 4370
3259 2579
1461 4078
4575 482
1042 373
4269 355
1428 1718
3505 3987
1597 4241
403 1487
1213 885
4796 4537
4772 4024
2859 1225
2987 4808
3307 2868
3874 2011
943 1199
2640 4574
544 1133
999 907
3782 1808
2411 1529
2075 4134
4609 4674
2230 2273
1702 2781
2243 3252
2659 1422
1249 925
107 3254
2813 2145
4406 4993
2925 771
1709 4011
3460 792
1903 3673
3282 4795
543 2312
300 3606
2559 1816
2712 428
3984 4978
1919 3003
1492 2623
1931 1047
4197 4937
3069 1239
4114 1629
2597 4708
1541 1598
3905 3887
4447 1220
592 4171
4315 4888
2986 3383
3167 2871
710 1899
2591 1769
3397 3481
3320 4662
4360 71
339 971
4249 4030
4828 1999
1361 2428
2068 2159
4473 2434
4540 3941
4479 1316
1446 82
2068 240
937 491
2959 1385
4166 1618
1472 2131
2099 4667
3400 2380
814 342
1430 4136
1123 2192
1203 3779
1466 2052
4041 2357
2155 4612
1488 3876
698 1505
2864 3835
4424 3288
1852 1428
4582 1272
4381 3954
993 3550
1090 1125
1037 4223
383 195
2575 4361
3732 3840
877 4459
3614 4149
62 453
4897 3153
2617 3410
2513 3325
760 1861
4990 3414
292 480
4319 4420
2421 1148
3517 4444
418 3091
4360 349
3769 2520
802 3755
29 2660
3109 572
3200 3836
1471 1432
3629 4082
2956 3803
723 2285
2069 4218
717 2893
4874 1692
976 4086
3849 3726
3405 3950
3773 3577
1107 191
4079 857
3416 2158
4753 2414
3304 3204
2381 147
394 3936
3247 4011
3384 1089
4569 3866
3992 3866
2838 3508
1734 2841
1155 3628
3594 2549
1342 3393
3997 4233
2096 3822
3892 2703
2786 1663
954 4217
60 4329
4243 657
2728 592
3049 4153
1199 4757
4481 3185
3984 2029
1331 1790
3988 265
4044 2593
4348 691
2228 3717
4420 173
3327 979
799 682
420 2483
1830 1164
4065 201
1520 4806
52 1755
2209 90
2745 4412
1822 2845
1557 2779
2241 1125
2703 4292
1162 520
60 4906
1226 627
1483 2057
4776 2221
3152 1577
3510 1605
3061 2261
960 4186
4611 2146
3073 1200
1268 2337
4269 704
2362 347
1280 4200
3889 3410
398 4873
3837 3387
1633 87
2678 2719
3421 2129
2027 3125
2402 2297
79 320
687 2470
2498 1511
2196 3929
4068 1561
3704 757
3788 1062
4174 370
2907 4560
4783 4012
3627 3850
1024 2341
943 3807
781 3565
3629 4223
4740 3693
712 1923
1822 1364
3597 2701
12 1883
3351 4672
1718 3708
1380 4368
4806 1399
4196 4170
617 3834
3475 2703
4724 1879
4088 1772
313 2837
2182 3057
3159 4870
1761 3395
4181 3311
1388 93
4841 149
537 944
2026 3032
4586 4175
2396 598
2720 1506
4009 2958
4730 3499
4584 4128
372 1695
1666 14
694 4119
4221 114
2966 520
2627 2961
4309 4050
4116 1989
1524 865
3689 1645
4646 2004
4318 1179
322 735
2164 4083
1847 2923
4413 1241
3100 2992
1933 4401
2142 1146
2875 415
341 385
1366 1474
1684 1671
4204 2844
4683 4071
3536 172
1924 1184
2822 4911
4345 740
1162 2072
2838 4923
1485 3860
1799 3113
1765 3606
4575 2245
4073 4958
4840 244
3798 1405
753 3515
323 2345
3172 585
4168 1532
4751 1674
2472 2500
3877 4758
4369 2670
4979 2457
889 3970
3494 1207
1368 807
2261 1881
141 2566
1302 2735
304 1552
574 1103
2139 4461
2148 4386
3320 813
3946 599
2891 4830
4141 2836
3842 1064
1254 250
4281 2249
283 234
960 2231
424 2709
1795 1949
865 3525
3967 2452
1354 1899
622 593
3923 3185
4436 2973
2949 2043
2355 3648
1681 2797
2210 1567
4886 54
868 2356
1055 4492
3714 1513
4483 4797
1572 3512
4621 591
3663 2057
312 4804
4016 384
1303 3019
489 1815
4025 2514
3290 3966
48 212
2505 3346
4913 1795
2412 1976
3450 979
3467 1258
2060 3539
573 1284
3079 1936
2823 1475
4425 455
2315 3064
650 3799
770 810
179 4553
3437 1285
3301 3322
1189 587
3745 871
3381 2836
3174 3201
2657 4379
2612 4376
4226 4992
551 4749
3316 905
2060 1880
780 2681
4799 2075
1653 2466
2141 1619
3572 2337
3004 1125
2995 1407
1128 1111
2595 2502
1018 1387
4313 4650
4205 4423
2531 3077
3893 1760
1 562
2998 3441
2966 2907
4068 2729
4694 100
1941 4335
384 2009
275 1528
4548 4525
2768 1069
298 4086
861 1946
3340 4170
4934 2829
4202 1495
2273 1080
2038 2950
2756 4489
2798 4481
2515 917
1607 636
1872 1078
1703 4735
1804 2807
4889 1856
1053 3160
4665 719
2177 276
2826 4267
3614 363
3161 3503
1588 2891
1781 2485
3879 1031
324 3509
3691 1875
311 1563
884 3339
3994 1578
1964 438
1726 1775
907 453
1987 21
2954 3140
3501 1376
1227 360
3795 4438
1610 546
4749 1748
635 2703
1637 33
2159 1360
590 3909
1202 3917
908 3005
885 1217
2390 2712
920 177
625 2836
2327 499
3705 307
3690 4257
4562 2772
4702 391
1482 138
218 1911
4156 1312
4334 2806
4029 2538
4192 2512
66 3143
2756 157
1503 2732
3561 1576
678 252
3369 1290
850 3049
3280 4380
3184 1168
1519 2151
2916 2825
2824 4326
4176 2799
4643 1523
1416 78
2272 3151
4624 1724
991 2462
3593 3015
4227 4599
2329 110
4906 4328
4743 3873
2361 4712
1586 422
4672 402
112 4011
2600 2988
1621 292
2869 1204
2049 3949
489 3578
4181 1748
289 878
1787 4134
53 3396
2052 3739
1590 3122
656 3072
2836 942
3435 931
19 608
4051 2014
4313 1552
679 3722
3764 183
2074 3844
796 2203
1341 2433
405 4139
835 2579
2554 3434
338 3337
2800 1202
894 2889
4651 646
4314 3859
2757 602
1595 1442
156 3327
3488 1018
2035 1593
221 3748
1769 4297
3096 16
476 3712
304 15
648 2669
38 2214
670 2392
2546 2365
3685 617
1831 4664
4585 3028
4032 1316
4970 998
4801 656
2917 277
3266 3669
4206 2880
46 2149
4887 333
2436 1709
2484 3948
4103 244
1938 1312
1999 1912
3638 2195
1100 4062
3711 4258
970 2811
1009 1636
3203 3857
3182 208
750 1066
1657 525
2734 4054
489 2269
577 4028
2113 4728
2408 1212
1496 2854
3825 2158
1482 3796
2001 1910
3962 619
1538 3898
3613 387
3261 133
3996 2990
1450 1693
4705 3191
1095 1009
4752 3307
229 2823
3570 3477
3739 1965
1904 4782
1660 1144
4042 4411
4276 4332
527 228
3099 1176
2650 2491
3565 4331
630 4656
3523 4572
819 3605
3979 2226
2599 2635
2350 4610
3381 3763
2894 3985
2084 643
4512 24
680 1216
2487 1782
2861 4625
828 173
2605 3575
4374 1337
1399 1310
2354 3659
1674 4492
944 3314
959 3759
3487 3502
4351 558
3462 2195
2131 1143
4470 3204
571 415
3713 3692
3306 4681
4226 1099
4089 1542
3344 397
2514 2721
1734 3456
1128 1262
4375 2239
4902 1520
3226 1144
875 293
3700 2697
258 2823
2935 2539
1986 2022
333 1201
613 3545
780 3078
2836 2741
2243 3608
30 2499
4190 4078
3105 4641
2451 2311
1789 2700
933 3834
1796 664
4699 2112
4629 689
228 1985
4456 960
4744 1715
1862 1463
4066 2932
2163 63
1160 4715
2073 2687
4326 4227
2850 2306
1745 943
4239 1285
3435 3636
580 4179
2748 1969
4393 614
1052 756
2314 2596
1897 310
460 3016
247 2363
1226 3300
480 4050
3904 4645
1533 2840
2234 800
4678 1945
4070 2226
3432 3164
4038 803
1947 3639
645 2377
3764 1490
3783 2814
3169 119
2468 66
4728 1719
831 2105
952 1681
1305 3867
1760 1058
1526 2625
1649 315
2225 3865
3867 287
4398 528
3257 3025
1240 3455
1076 1933
1716 1655
3164 3541
4795 4738
4383 822
1596 4027
4031 4537
867 4958
2374 1053
1644 4202
2307 2794
2134 1155
3737 2078
1063 844
772 2765
4200 4511
3139 3178
1287 3297
1153 149
4279 706
1165 3047
3544 1790
4595 1753
518 3611
4298 1577
559 3583
1417 4716
3827 4482
4400 3964
4679 1429
366 2947
2726 1488
4564 4300
1712 921
3018 2749
4857 3247
3786 759
3900 2972
3171 2357
472 341
3109 1188
4161 3024
757 2778
333 3333
4163 3283
2564 4949
2019 3860
3283 3152
2391 4032
340 3618
2053 377
698 1070
4561 3236
1613 777
4120 2443
2542 4217
3522 1652
1496 2800
3478 295
374 296
1663 3579
989 4230
244 963
3834 682
2804 2651
3998 1919
3874 809
3400 1061
3048 4457
395 117
1970 3436
4798 4978
3430 1905
2441 937
2120 2645
791 1832
4110 4526
4369 976
365 3092
2271 484
1838 4155
2068 1137
4496 2520
903 4977
1766 1221
1780 3959
2795 1286
1133 771
4227 869
1824 894
2454 3627
4024 1357
4208 4830
331 271
936 1080
662 1398
1209 4639
1387 3226
3042 4359
1271 3328
273 2674
735 1125
4822 2129
1793 4463
2213 2825
4939 1641
607 2024
487 1817
1913 2624
3298 4651
2370 614
4076 1916
375 3676
4145 1419
430 3386
855 960
1548 1657
1865 1024
4370 3599
4714 4615
1186 220
4606 4037
1378 3290
3136 1648
4304 3051
2684 4499
4896 2890
2531 4579
2587 3823
4081 1295
1074 2101
1487 1799
321 2586
4977 3534
4654 67
944 4310
1133 118
1783 292
4442 1940
1773 1436
4064 2129
3090 243
2895 395
690 3949
627 3022
3999 4995
3935 1741
4140 1856
3845 1950
581 1400
4621 1228
4539 1142
4254 2813
612 4275
1782 4274
3832 1473
3035 1098
3418 1654
2986 3899
1548 3038
2362 974
1309 1646
4553 2312
3300 1646
1890 3337
3007 1641
4198 3342
1999 2402
1203 654
4478 183
281 4785
4962 1784
553 680
180 1761
1236 4708
799 439
559 1882
4341 89
627 10
511 4395
269 3081
1947 1744
1957 1863
2141 838
3983 1311
926 1058
4669 2336
4305 4284
4968 3711
4637 3305
2858 3352
4256 955
1237 2361
1367 1389
2142 779
948 4676
3518 3495
3848 4743
2882 3990
1974 517
2851 4544
1766 67
2959 902
258 3687
3486 3242
4069 581
2247 4049
606 1025
4395 2308
4848 822
3744 4552
4493 4670
64 2116
3026 1685
4387 2733
3920 1958
4503 79
1980 825
1751 1144
3201 4628
1800 4173
4659 810
1937 484
569 2467
2711 4200
3766 3364
3015 269
3715 3484
2169 2762
2061 3388
3825 4518
889 1253
4079 177
838 1556
815 1102
4056 4503
209 145
3 2546
1614 649
990 2853
328 3757
2381 3259
2646 1556
1451 1266
2902 2605
488 3873
702 2616
231 1685
2314 3690
1173 188
2700 71
1161 1900
396 2938
16 533
343 4536
2074 4009
479 509
2636 2832
4830 2882
510 3865
3817 2220
2160 1457
2157 265
1652 160
1569 1482
264 2574
4215 931
815 344
2904 1537
4935 2290
1736 4196
3874 2419
3683 2614
867 1088
4885 4908
2277 4762
4155 2703
984 4355
462 105
3343 3538
1420 4969
4302 3039
934 4852
678 3544
3355 1346
1472 2257
2849 2914
1958 2613
4619 2959
932 2756
745 3042
1166 4270
150 4805
4453 4116
4167 3583
2803 4216
1996 855
2882 1968
1819 4191
4223 4955
512 2811
1974 806
3335 4559
2567 3781
4095 1048
2135 4552
1470 1422
2440 997
3583 1273
4344 3344
1050 4309
2351 3030
2235 2486
1587 1777
2566 3526
3301 195
3954 1703
830 725
4342 3817
3987 3474
3299 4524
328 2990
2604 1344
1617 4257
3583 481
4001 3397
4219 3062
3249 4700
1933 1180
4250 4743
3570 3866
2708 2341
3671 3540
4828 397
2646 2596
1104 3325
1085 3810
4449 2420
3737 4338
3807 1614
1686 1355
830 673
2618 929
710 3905
989 162
2465 2077
863 694
1865 4128
828 111
3381 4113
4065 690
4906 3192
1386 1346
2558 140
368 1973
4442 1106
1846 3248
3690 3446
2358 2677
2521 1664
2552 3601
3393 4418
1606 3671
2748 3556
2942 2068
4634 1091
4168 3544
533 2986
4450 1934
1790 1658
529 2619
2443 441
2820 398
2275 4359
2113 1382
2553 4671
270 3699
1603 71
4399 1392
961 3001
4563 3356
2117 1323
2408 2584
2397 964
3795 1986
437 2355
1398 2932
2360 4013
218 805
4127 4854
3879 2115
1945 4046
2387 3965
2836 860
573 248
1888 1326
1240 2259
2005 1845
4065 4873
1826 2637
3256 1131
3486 3208
575 1119
1458 4741
4440 3596
1263 4834
1534 1911
4770 3452
2474 2630
1450 3102
4973 2711
3153 1304
2486 2364
3078 4548
4094 1626
4816 1881
2122 4865
1426 1166
277 1582
2439 1357
464 2497
4719 429
3070 2763
2634 3919
1847 3724
4116 4754
46 118
463 2296
382 889
685 2369
2628 664
1953 2270
4114 446
4591 3810
2156 3761
3296 4876
2870 3672
1316 706
114 3307
4626 768
3078 3799
3802 4590
296 3233
2981 4309
1597 4372
3425 1058
399 1621
1138 2983
1670 644
81 4192
997 2252
4651 4729
1413 4099
2348 3604
856 4612
825 442
1450 4174
1531 1062
4475 4837
3235 909
592 2786
1333 255
4700 488
14 1795
1135 747
3538 3293
1435 3328
3825 4444
1209 4109
4924 1072
1294 2407
2068 691
3308 4543
3459 1913
2243 1839
2165 27
1605 2751
138 2646
4103 1726
296 2086
2332 1062
557 3075
892 286
738 4959
957 3695
1825 2168
1897 4077
3525 2749
2633 366
1876 535
2245 2871
1203 4246
430 4838
218 3066
256 1705
5000 653
229 4388
3504 1939
2074 4108
4382 4524
2469 37
2013 3738
3034 101
3670 1385
3986 4765
3942 1551
3369 2726
2230 1052
2747 3012
2304 2227
3532 3123
1124 59
1248 1248
4131 2212
307 3173
3636 3583
2596 1060
828 176
4343 494
3826 513
4211 1137
1398 2297
129 941
530 2752
3076 3776
2754 1106
4123 1096
4223 4914
4100 3758
3210 4406
1232 4480
1822 4789
3467 1817
2118 3408
4079 3588
1986 2587
709 3881
3436 2451
1003 2373
583 1760
189 2554
2866 448
274 3570
855 2611
969 3515
429 1883
2007 4023
2142 3547
1065 3738
3387 3597
1411 3716
3138 1952
1688 4794
4021 3033
515 1942
2887 42
3270 1337
4308 4865
2846 3956
2981 775
1375 2363
2843 2737
1461 4056
3540 3213
1840 3633
3998 2554
2468 2852
1078 3925
1465 3555
172 2899
349 4603
2241 793
4349 1890
1637 2314
4259 3832
1352 2202
4907 4036
3699 614
4318 286
108 4923
3281 4799
767 723
3951 3121
1598 3654
3576 2935
1499 2137
489 4595
3257 516
2236 1986
2300 1418
1898 1434
2652 4367
2463 2892
2656 3853
785 1889
121 3138
3447 3652
3834 2086
4413 3473
4861 1195
243 776
120 137
702 2916
2073 652
3833 4119
4278 4523
2206 1584
1988 4024
3556 4679
462 1636
1963 2985
1679 4581
4661 2473
4227 1621
1291 2784
4544 4675
1135 656
2333 1694
2152 4107
1975 3526
4973 2209
2856 4271
3191 1517
3941 2602
2492 3199
4825 2235
2463 1294
2579 285
4468 4614
3908 2280
511 438
301 1646
3160 1993
3476 4552
1862 4712
4553 1687
2574 3633
3138 725
3935 293
2399 977
3917 964
4854 655
4938 4430
1696 489
2066 1128
2925 871
3626 2134
130 3820
1659 303
3710 4109
4096 2278
1694 2591
4040 4682
2480 2491
803 1333
2513 92
671 2799
1059 1226
1484 2696
3482 1641
3229 4381
1679 1309
4447 2393
1760 4092
4701 4998
1762 2393
4582 702
3185 4223
1754 3954
3356 3011
189 4705
1593 457
1879 1584
3500 4045
1743 4025
4929 2482
815 1877
1104 304
885 3132
186 2255
2671 3326
2925 3452
3168 4619
3452 4293
1713 126
4495 3
3244 562
4550 2092
1314 1409
1465 3366
2504 2164
3191 2734
1579 1957
2590 734
2367 730
1427 1823
4771 3513
1464 2832
3437 395
4202 2951
4410 4127
4399 4370
445 2654
2330 1653
2877 4116
3743 625
3695 1290
3551 678
1846 3997
2354 1708
84 1073
4647 2458
1378 579
655 671
2913 3066
3314 4801
240 2152
4000 1984
4617 3276
1118 1198
4717 2712
1758 3784
291 3598
3480 202
4168 4285
1493 678
4389 3493
4545 254
4690 4624
414 4354
2392 3491
1892 1975
1028 244
4845 4459
3132 3955
2986 3601
350 94
1046 3249
4695 3244
1169 3556
2443 2366
3402 2333
45 4034
28 1187
4657 3637
2248 3387
1308 2331
757 386
3024 3614
4312 4983
447 22
3284 3978
3850 4739
2823 4868
674 4454
1281 3017
611 3849
2281 1834
4407 3333
4063 3981
3115 100
97 461
1948 3430
4395 4073
277 4087
1490 1053
1591 864
4098 3539
1289 1559
4562 3370
2138 2451
4899 4099
4873 4828
2033 2641
4758 2370
1455 2948
1680 1008
950 3898
4051 2239
2915 1243
3526 1253
2702 4240
4373 1760
2115 3978
2546 1280
2590 522
4812 1731
170 414
2918 139
1301 3231
4650 787
259 3390
3724 851
4023 3576
3344 798
580 3594
2924 4631
2878 2410
2099 3019
3663 3478
7 3480
872 173
3691 3386
4781 3810
4261 4404
2181 761
2322 2313
2902 2023
3601 3131
481 764
593 2703
43 2175
194 1790
3698 1333
1002 2755
2189 3373
4749 1139
2903 1820
2437 44
4773 1732
1182 2165
2950 3938
1955 2962
3607 2057
597 1633
1533 1600
208 3629
1506 1765
4245 1422
2707 665
2777 743
3433 4866
2819 3878
4161 1355
2826 505
2828 3747
2648 1664
348 2727
50 1394
858 1514
3089 3498
4186 2941
2640 3448
781 1742
1746 398
1913 2521
2911 1611
1556 2937
2572 2010
4383 202
1806 580
3704 3763
3702 3262
2809 4444
595 452
2011 2260
2142 3173
1464 2031
1147 901
3729 700
2287 4584
2626 4683
1144 202
3666 4618
1379 4961
3345 977
141 4560
4293 1840
2067 3057
2001 3800
533 4041
3112 4737
2983 5
4966 4188
1413 4271
1389 717
4193 2287
2573 2439
4011 1118
1241 4506
1226 4458
1595 1092
4636 2338
1478 581
3315 3404
3445 4172
4486 424
4888 42
3817 1605
2604 1025
2801 4854
1460 3172
4270 2338
1137 2827
858 408
3787 2048
3009 2309
1171 689
3722 4696
1694 1707
2881 4177
4772 3305
438 1122
241 4060
1224 521
3765 2397
1417 4918
2289 4492
2278 3446
2821 1175
382 290
4304 3490
2185 1969
4423 3066
1211 3980
1594 718
1959 1240
1445 4469
3277 184
2035 1083
477 3978
3878 2557
4414 774
4496 3618
4496 1260
1282 2023
1331 2621
1225 4556
1538 1940
3755 1710
1023 2841
3643 4853
4381 3142
4549 2288
4849 3051
962 2836
238 3846
2321 245
1588 2977
2017 3473
4591 2843
3082 4300
3185 3245
1666 3096
2894 3089
4998 1434
4931 2163
3689 1510
332 678
3136 799
746 1591
3413 4597
2637 420
3778 734
446 655
659 2841
4340 156
4650 2049
2577 1976
2438 1784
1632 2716
4648 445
551 3756
2950 1774
3248 1242
967 1476
4976 2635
1950 4377
4522 2728
4538 1769
4970 2984
643 978
3542 3532
1797 1185
1835 1534
4503 1853
2300 1788
4131 1964
2106 605
580 552
4407 4425
1056 2744
3754 4667
4152 981
543 3145
1159 1843
3093 2553
4445 3914
3913 3925
4682 946
3325 445
4651 1118
2874 1206
1965 548
209 3092
3982 4815
2872 2493
1903 4241
4066 4195
3823 3803
87 4682
3782 2596
660 1538
4993 1294
3055 3616
3476 1731
2879 1458
4054 4699
1880 4063
2749 4966
143 3855
3017 647
3087 1890
1862 1499
1760 4431
2024 4517
3040 1751
1315 2878
4175 4992
454 758
2073 4931
830 2954
3079 4813
3108 489
1000 556
863 4933
4697 1110
4131 3116
627 4233
3393 982
2522 3606
2489 3344
3486 4821
3360 4095
1510 895
4324 1738
2907 2128
4735 1023
3039 1727
2564 3830
4973 1916
1798 880
3215 2954
3279 3558
550 4439
1536 4910
3400 398
72 880
1781 383
464 2416
4393 1027
229 3541
2092 3458
1634 895
29 3729
4324 2393
1576 2764
3403 11
841 1009
4680 3757
3883 4875
4760 2588
365 1281
3051 2893
3537 3118
1969 4719
1899 1034
4319 141
3630 1255
293 2687
1235 949
1914 3196
3968 2584
2607 1146
1934 1275
859 4209
1753 2008
1221 4853
4052 159
2899 1959
2904 3955
796 1993
4173 3625
4616 851
1917 1464
4998 4466
4027 1910
3649 1745
543 1022
2918 2106
1077 2721
455 1085
4907 3033
2735 2226
4880 528
874 3646
4194 3620
2271 113
936 3176
4999 2283
4852 2219
4192 1566
42 2266
4171 4556
2784 2924
848 552
1255 2943
3120 3023
2815 4815
4139 3860
4403 4873
2293 3473
782 4766
3386 197
1455 3038
353 2961
1568 34
895 1100
79 4988
3626 572
1965 1523
4444 4389
2871 497
1391 1407
4322 2051
3720 4047
2575 4865
4087 978
3469 1083
4687 2284
1537 39
1962 2216
4385 943
2079 726
2296 1072
2637 8
2030 4745
1661 4049
989 4136
3614 3811
4409 1671
3645 4193
4239 1467
2961 4596
4418 3001
778 2207
1074 1015
2592 2827
953 3512
2087 3887
2118 1655
2313 4695
3553 4997
2863 3109
4885 4755
1704 167
2017 1411
4274 3346
2304 4640
2018 1259
807 4095
734 1552
2687 4219
1396 4792
4140 1881
2146 2671
790 578
3080 808
2081 2904
2400 3371
4313 467
2161 3055
797 962
3360 882
258 2648
440 1225
3078 2409
3454 3128
3633 3446
4731 4499
133 1310
3214 1958
46 4878
982 4043
3279 4712
3787 1392
473 1069
3880 2702
3407 4946
2642 2716
3261 2120
1371 2771
3834 172
1638 2217
4642 2315
4924 722
3051 4405
3763 3413
4536 2331
3645 548
4924 3864
4159 2372
4814 8
1386 1862
4914 4340
1789 3034
2618 2870
1326 1510
61 3451
2896 4525
4761 1134
2358 1725
1318 2633
4614 3418
2886 1906
3342 1929
864 2554
153 276
1587 3418
3430 1190
367 3374
4728 864
1738 1190
2721 2361
1230 3025
1168 4822
3493 3255
2088 4630
3336 1480
1043 254
4684 4321
1016 4023
890 4636
2145 4631
1384 2756
4609 1311
4862 1586
3625 4621
1512 4651
2764 629
3966 3117
4707 778
1852 2714
4821 1024
1392 2791
3597 2580
3539 2271
4350 673
4958 14
1001 3361
4389 2278
4773 3814
2891 4103
1525 3922
4107 4239
909 1236
425 1971
3480 4966
912 3432
3467 3269
2112 1421
3822 2375
3026 2070
769 1934
2973 3355
162 1471
2527 2486
1248 2625
938 4739
4534 6
4928 1135
1138 2806
3312 1488
3118 2042
1875 1386
601 1527
3625 3911
1497 1848
4355 1992
4599 1171
346 1083
102 3702
4787 4076
1394 2890
2366 246
4592 1504
2232 1655
2749 396
2691 2625
2756 2345
796 792
1988 647
614 2147
913 711
4738 958
3710 2346
2103 987
3929 4317
163 2551
430 703
1884 3851
3403 3168
79 4353
3997 329
825 1194
2790 3667
4671 3209
2242 970
2655 1499
4107 4612
773 4990
4376 2834
1650 4098
2620 2403
4569 2674
4979 3233
1750 3090
3515 1373
3383 4742
3395 1529
333 3157
1696 3408
4893 4414
144 2153
4492 2189
4733 4491
2645 1068
3516 1969
3885 282
4138 2726
3296 4208
1575 3711
3203 4046
2679 2611
2761 3035
3300 4853
693 1000
98 1813
1871 4543
3275 3800
1579 4770
3923 3368
637 4529
311 272
4582 2597
3677 900
1670 3859
4047 173
2085 3154
292 3245
72 4924
4875 638
2888 1052
2521 2027
4366 1990
1424 3322
3084 2437
2411 4211
2318 4606
4977 1535
3818 2452
267 3979
3386 4820
2019 278
3833 4111
1090 831
1639 828
4979 2147
126 3257
2839 2916
4233 4135
2608 3782
851 574
1477 1384
1193 4463
995 3865
784 4295
3948 1274
3328 1234
2055 1279
3350 1294
3526 2396
1300 1969
1050 2380
1246 2464
107 508
237 2042
1217 1817
396 243
2512 4938
3083 4416
999 1930
2172 4146
1966 2985
4948 4782
3772 3815
4753 872
2282 1617
4470 4271
1220 3380
1729 2468
44 3824
1543 3682
12 1384
646 4349
4550 1263
667 2677
2166 1118
3242 2803
1559 4438
3858 1698
3969 2071
754 754
690 3129
829 3826
141 4929
638 1882
2227 1283
4414 2785
885 2418
4598 3776
389 3087
4174 4368
2977 4147
832 14
3393 1671
4267 655
799 4542
3751 1906
887 4483
2358 3980
4536 3211
256 3526
1755 4513
2560 4534
2001 1753
1151 2615
1471 159
1698 2222
574 1019
55 3913
2176 4936
4488 4725
107 4490
1187 717
34 828
1728 3723
4642 2783
4507 4274
3414 1803
4066 763
4098 1393
855 530
3815 3221
3439 400
2481 3934
531 2343
711 4127
4051 4277
2818 2221
376 4288
1512 2243
2367 2826
4148 1299
4620 2264
1626 1820
4104 3846
2016 1059
2406 3040
3442 246
4376 1177
3739 1987
2079 3827
2503 3769
4650 4329
2797 1006
1004 4593
4265 840
4044 2171
1825 4017
4270 1603
756 4707
4449 3975
2284 987
788 4995
3079 3716
589 4606
363 3258
2754 4913
4875 1758
1724 3677
624 3121
2952 798
1816 3668
3789 739
2681 2221
1608 1184
4913 3101
3100 3634
3048 3006
640 3223
603 2678
214 1174
2400 1032
212 4516
2828 4404
723 424
670 2211
4931 4506
110 4056
309 739
127 4953
2115 2901
914 2068
838 1879
3129 2950
1207 1265
216 4089
1027 2291
2943 3902
4165 2908
2762 4934
2863 2006
2190 2566
4548 2162
3764 4714
510 3878
3400 4760
604 4868
128 2006
4263 1453
351 2527
2558 357
4018 2660
2169 4473
2775 4183
3351 4100
2769 4920
4418 785
4244 2863
1103 460
1012 2455
2093 43
2530 418
2443 820
4599 2422
112 375
3149 3925
1327 1453
1440 895
1734 398
1976 2946
2488 4365
1071 1658
4279 1397
312 4999
1775 2295
3192 3576
2514 2564
3477 3347
1805 290
3766 1329
4535 3961
3280 1456
4720 4473
4264 3198
3399 3462
4744 41
1560 122
457 1984
3685 2204
1210 4106
9 2083
1735 874
4957 1685
2478 1802
2224 2035
4785 4093
385 1685
4100 4377
2682 1576
4857 3092
1216 4993
4288 3855
1343 1558
4042 174
1407 2
4625 2990
1004 4364
1515 812
3642 381
2620 1630
3830 1261
720 2554
2878 4607
3877 1198
356 553
845 2337
3074 2959
109 4544
2905 4560
4607 3270
3395 3693
892 4141
918 2139
2105 2654
1030 1849
2801 4825
1689 1668
2666 3950
2372 782
2194 3585
1753 4018
1894 2909
3468 750
3569 1610
3459 2624
4278 1382
3558 807
2447 2035
1007 4511
334 3638
3700 1020
4038 4834
3688 123
2038 2019
4228 727
3573 1353
4227 4631
2492 4621
310 2525
4706 4347
2138 4589
1142 3612
4527 4713
3682 2823
4482 4544
3538 4264
2872 189
991 26
1879 3544
4590 1004
4160 3713
3761 3010
200 1955
645 4854
1195 3051
4653 3792
4488 3671
1740 420
1511 915
2960 621
2506 351
1031 686
40 4251
155 2802
1370 1262
4981 2292
4 3559
1246 4747
1790 1369
1481 3359
988 3269
3470 1987
1200 1106
1685 4402
4177 3326
4935 1950
4296 3502
3317 2778
1943 1181
3176 4843
1902 3828
4981 358
4778 3783
3274 1121
3733 2197
1448 717
1620 4495
4544 4943
481 825
1592 540
1325 1747
427 995
481 448
3013 3554
3036 4940
3097 146
1528 2884
2839 3075
1130 297
2976 978
1153 3269
344 491
3538 4858
1896 3851
1918 815
3362 2523
4964 2867
3679 1106
229 3749
85 2036
757 3939
1664 4569
1485 3694
3292 1746
4574 2090
4376 1857
4237 2470
622 3218
4031 3939
2099 4354
2497 1336
3960 1863
299 989
1794 4853
4670 3891
4420 930
674 3767
491 4174
2921 1734
2047 613
782 2999
4651 4361
1895 2505
3382 477
4999 3419
438 688
4095 4607
1761 683
3460 4282
1143 1281
1712 3762
1737 2246
1692 934
4961 2082
2857 3203
2309 4430
490 830
697 381
3456 3570
1032 4726
2029 2059
3349 2679
2730 3620
1814 2508
2867 1718
3930 4469
3118 4532
334 3364
2372 1142
2166 1898
2241 2142
3376 2608
3932 1649
4583 3467
1240 4119
3137 2043
310 4503
3374 2444
2406 3651
2904 427
4090 880
2130 2477
363 321
2769 871
1708 4983
2407 822
3786 2327
1687 3545
2974 2274
1008 2352
835 2102
2336 53
2832 4006
3694 4178
465 2571
4869 3974
4343 685
4505 4537
2142 1034
1341 4442
2789 4813
1335 277
2092 1471
662 3235
1555 2193
2714 145
2255 1361
2651 4234
639 4275
942 4553
4489 2782
4687 2611
2656 2973
4707 4859
1922 2066
152 599
3149 3387
362 3015
2559 1878
3612 4361
3097 2495
736 208
2695 2092
1867 143
866 946
891 2975
1241 4924
1834 914
2093 3886
1259 3384
3707 668
1009 4675
239 3709
732 2864
2065 3932
3659 1994
3415 688
3512 3770
3254 3625
3253 3031
2450 1736
4543 39
116 707
2381 3851
1611 847
2683 63
1787 1338
2049 4084
3133 949
1092 4093
3179 1623
4563 1255
3378 4596
2997 1971
2770 4434
36 4982
2208 4746
1453 4775
1470 2490
1748 908
194 538
968 4343
4988 773
2112 4878
4794 4248
2305 1075
3140 269
3807 969
563 2599
3102 2570
3370 41
619 3465
3303 1156
648 2678
2738 4946
210 1217
2721 4262
3554 4038
3342 2254
2632 4420
2727 4366
471 4339
4968 4590
1331 1820
1181 3444
1902 2895
1206 1452
4819 969
1939 628
2623 3666
4711 3051
1652 1675
3479 330
2866 4266
3612 61
2181 3794
3811 2566
3535 3820
1104 1494
1875 4001
1139 3734
4191 1412
4287 2607
2976 2887
4833 2811
4544 470
1994 3901
1830 4146
2621 3756
1249 4398
3538 4241
3505 4411
208 4604
1269 2656
1484 2407
3783 3953
1705 3547
286 4093
4159 873
1037 1405
2340 30
4977 3207
378 1640
4792 3161
4791 2229
403 1319
3540 1
4566 490
3361 2587
1261 4709
3705 4114
3491 2169
4058 4361
2684 4366
223 2976
1851 1683
2784 2467
1907 4624
2640 3135
1110 1267
3343 2341
4539 1732
1173 611
530 1356
1913 4915
1302 3749
2179 4195
3629 3824
3711 2785
4984 4238
1870 2945
2968 2980
1868 559
383 3907
2606 4470
3628 4452
1868 3217
2215 4650
4547 3695
3356 4231
2999 3375
1919 4950
4447 3257
2341 4078
731 2810
1772 4178
1882 2547
999 4341
407 1302
4950 3432
4234 2808
1355 236
4618 3289
268 4794
909 3285
2490 4103
3554 2518
556 2587
624 2109
596 2135
3567 3854
107 14
244 3636
1162 1893
4564 1688
2547 4449
3451 1799
1944 4465
3603 4486
164 2240
811 1903
64 4293
4052 2545
1405 3180
4568 986
1822 2620
2104 859
995 4182
564 4593
97 4687
507 1203
2976 1334
631 179
3566 184
4132 908
1821 2129
1449 3382
4045 140
134 3600
2379 1869
2688 1460
1319 563
807 308
2678 351
2981 3927
4570 926
3949 4626
3450 1332
1291 4560
2104 53
1327 3370
2712 4052
871 4075
2783 3190
561 1603
4203 1497
4092 2205
1520 1521
1159 4591
1399 2508
144 409
3181 1894
1897 2193
2379 2721
1748 374
1793 4240
4583 2250
287 3676
1091 652
2013 3413
2134 2746
4622 4783
1764 1770
3351 1039
1567 2870
319 1465
752 40
4152 1357
3406 2631
1549 1261
4120 3201
2090 921
156 1384
2547 2920
4553 1567
1987 1812
3990 188
4601 4149
1888 1519
4858 1441
3855 4601
4095 4965
3327 2392
3201 622
3897 884
934 165
527 402
2745 2198
2397 3979
53 3068
2635 4622
1427 4256
1943 405
754 848
2694 2163
3596 3273
4525 3439
3653 946
38 4222
3703 3538
1414 1939
2359 1846
4653 2541
1358 4946
4164 1135
4129 2146
4328 1466
3966 1796
2432 4865
3583 1525
4986 397
4426 2510
3391 3373
4160 2263
3295 4614
3592 3203
4643 4658
2341 1997
895 2882
806 138
4415 1140
46 1706
4409 2216
4489 3090
2209 70
1765 2311
1081 449
2318 3836
1836 3787
3248 1195
607 4864
3482 4604
3643 1161
24 4982
4138 1116
941 1854
3744 4823
2892 213
3089 4305
4538 2059
4027 965
1471 596
711 1308
2851 931
2773 2353
3462 742
3721 3085
3338 3382
990 3651
4050 3272
2941 3986
2118 3513
408 251
2214 4270
4750 2903
3712 3964
4739 3520
839 94
1591 4469
1001 2523
955 4770
11 4342
4737 4839
1772 4072
625 1988
1448 1927
2009 975
4544 4590
2404 2993
2822 3509
1705 1431
1431 3422
3348 4340
3582 3777
1665 4994
4877 3781
2116 313
1054 712
4696 3439
1948 2417
650 3463
3211 2453
2866 464
2867 2267
4561 2392
2808 3627
3306 2732
1757 817
1740 3317
1684 2747
4857 3436
113 467
4404 1858
336 1715
2368 355
4421 3107
3891 3303
1255 3694
1342 2998
3680 1582
105 1138
3207 2469
3501 249
1856 2391
687 1388
918 349
2177 3310
3034 4504
3590 520
3280 4219
1815 29
4338 4135
1927 4555
3967 152
3115 2346
3440 2530
485 1707
1294 1472
3534 3115
2421 2003
3291 1608
2372 3561
3692 1581
1014 2741
1746 1990
1838 4729
2777 2295
1289 4604
407 2984
4690 1377
2928 4926
3322 3751
492 2366
1535 1831
2345 2440
2978 4838
2274 2625
2112 2317
2676 2681
3567 3160
4035 700
4945 1333
3557 2346
4526 2219
1200 2587
114 444
467 2164
86 1446
1521 1764
1597 608
461 4732
4613 724
4316 98
1294 4230
181 2487
4468 3281
3382 3213
1422 391
2452 2425
4132 3349
562 736
1794 2974
3498 4312
993 2158
4764 3054
2780 495
1773 1757
1874 2468
3110 3555
4115 2954
4286 1613
4873 2703
2424 953
674 2452
4351 4635
4253 418
2192 1879
486 1902
3422 3982
2486 4828
2722 2761
2534 4968
2500 47
1606 2636
703 4789
1906 1061
4123 453
2244 1212
3239 2785
4925 4497
3943 1222
2504 3046
828 2559
2814 2363
4130 1975
4580 4088
3968 1656
1614 3974
2852 1271
2175 1534
4338 4458
2326 911
4190 3181
1533 800
4419 2158
922 4471
2649 3179
2532 3725
3782 3015
2142 4642
3438 255
2490 3844
1472 4645
4409 3901
4894 3738
1532 4282
2776 3294
4986 1093
2420 1188
2960 4769
966 2001
2268 1532
2592 210
1172 3548
2057 44
4838 1334
4283 2093
3813 4752
4694 793
3533 76
3391 2067
1863 2806
2745 2414
1723 1085
516 2668
4699 1725
3557 2838
1897 4658
3058 3730
3771 146
2293 1100
4767 3438
92 3279
4775 4512
4917 3470
4448 965
3078 4947
4904 4244
760 3995
3887 1717
71 986
1906 4866
4984 2240
665 92
876 4490
841 4725
3450 2058
3333 1919
3775 1489
1475 3732
125 4583
67 1525
3451 4016
3330 3493
964 4043
2206 3704
1141 805
4121 1400
1838 3926
3303 2916
2283 880
631 2576
2487 1855
2746 1218
183 4543
337 3579
3600 2167
4389 1190
1897 4428
2624 710
3624 2784
3417 4350
49 4034
202 264
1437 4495
4626 3552
2819 387
2597 1795
4598 2614
1178 2766
381 4989
3922 4829
3267 4671
3135 246
154 4491
1948 4547
3641 2110
4057 4237
980 3230
3598 4924
2855 1813
4102 1615
4115 422
1746 2921
2416 2426
1301 271
4695 3529
3806 3558
1162 4626
3594 4485
1657 3900
90 2339
2607 3116
2428 3833
3068 4991
2735 1507
3842 208
4016 672
1420 773
3193 4369
1964 425
2553 3510
2973 3834
2902 2369
4212 3114
4824 470
1543 3475
1933 4244
2447 4933
4991 2626
1782 3277
1023 445
1293 2689
1303 3503
4063 2648
971 3237
4263 674
2200 2607
2470 843
3612 427
1097 2040
3521 932
4944 4240
420 476
4418 2865
4694 758
3008 3605
1870 3589
1461 1905
1573 4190
4077 2628
2889 2794
577 1601
1328 4732
1062 4973
3947 1040
3044 4649
3846 3876
3644 3042
2581 2618
2607 2025
845 4683
2651 2806
3915 1867
113 1403
2304 1558
3064 4199
3433 533
3994 4054
680 1336
1370 3611
1772 4686
1646 1508
4925 4434
4519 1637
2019 84
4173 75
2988 4773
2616 547
4963 3734
4376 665
2971 1080
955 1514
2103 2480
1489 3386
850 1493
167 3986
4229 497
1113 1221
99 2986
1863 4351
3492 2164
4979 1422
1213 337
3135 1463
4557 2232
3908 2370
446 4110
4497 4071
4367 683
4740 2786
4205 242
1181 2337
175 2143
3079 3476
788 3288
1078 3717
3884 2257
1217 490
4984 4279
677 4516
1029 266
3578 2176
986 2344
951 2937
2235 3175
4480 3026
1502 410
2534 4107
598 2411
2654 4203
1920 3317
4471 4886
2669 1470
953 3391
3580 3520
200 2579
2496 3857
284 383
3869 253
1226 113
4698 2329
2033 3505
2330 744
1565 4108
4508 384
4513 2847
1015 1883
2377 2553
3760 1968
4100 1236
213 1675
1896 2471
3962 4626
2155 3263
2066 1770
4495 3704
4630 998
2652 64
404 637
4889 3547
3402 1931
4651 3774
2447 1337
897 1880
373 9
3179 4664
4451 1685
478 4294
2979 1695
1903 3163
465 3178
2562 2214
3713 1863
1392 4677
4353 1329
644 3716
1239 1081
3470 4996
59 2569
1930 646
1566 783
3659 383
704 2346
4000 2820
2802 3949
70 2969
2609 2747
2185 1961
4155 670
4432 3499
3379 180
4333 1230
4327 2627
1944 3762
2145 4809
4185 2102
960 2119
4140 810
3579 275
4386 1695
3467 312
1476 4273
3606 893
1451 1422
2926 2639
2133 3342
1222 3211
4073 4643
2180 2617
3730 80
749 2131
4749 2405
4166 686
1039 853
4698 2418
2976 2791
231 364
4329 2015
2087 4005
2388 3480
491 995
1557 3348
1999 2232
2284 133
2556 352
2099 2757
3567 4380
360 2355
3168 4350
1355 3
1661 4750
4440 1346
967 2982
3024 3833
4446 3478
2173 2177
3489 444
4818 1302
3218 161
4896 4984
2940 411
282 4167
60 3554
3228 3097
3906 2267
4573 1659
3161 4953
2330 3501
3433 1285
2580 1202
1680 1049
3410 4168
1640 4141
405 4602
4397 1883
2328 1503
2506 1939
1156 4259
3249 1853
1404 2207
4630 2918
682 4828
2559 110
417 412
176 4414
4166 1817
3474 1905
4753 2149
3467 1661
913 43
3303 76
4779 3945
3072 4397
2023 2404
261 326
1247 713
876 2243
619 3171
226 386
4037 1816
1394 3743
3551 3044
4833 3788
2157 817
3882 4247
685 2120
3130 3179
1410 4632
1439 3253
4883 4798
634 3544
404 3456
3782 3086
4556 1585
4946 2373
144 837
8 2522
1352 300
3853 1826
902 2494
2760 4673
1929 2277
2724 2101
199 970
3255 4663
4505 2662
4910 3820
4490 1256
3945 1309
1556 3030
2328 2979
470 671
1001 2475
3774 48
3280 4261
3151 4784
4097 2055
4886 2859
294 4077
2861 3040
1677 1269
3760 1202
2498 431
831 1881
1009 4748
3108 1530
1524 1397
2641 353
1699 4544
1650 4598
4084 3063
4286 2471
1016 3354
2136 3128
1011 2753
1559 1161
895 1966
1442 3666
1552 4893
3592 4622
1663 4044
1851 4561
2504 3343
3407 3725
387 1531
3404 4797
3756 2680
694 3522
4060 332
1729 3610
2449 947
3470 2256
2392 3807
2735 2349
1500 3702
873 4364
2496 4663
2567 755
4561 2629
2473 2270
4576 583
17 935
1833 594
3187 1786
3024 2784
1748 454
2646 638
4436 3324
2053 674
4092 1357
1059 3352
2163 2228
1574 635
107 4223
3641 2120
1406 4396
4321 4550
4459 3029
3994 40
1862 2156
4513 1830
4995 3485
2333 1861
2438 784
1965 3167
1916 131
1147 878
2017 1362
1946 4589
64 2200
2711 285
2494 3504
3089 895
3505 4910
2923 2733
3955 2634
3482 3405
1841 3311
617 4072
1698 2161
304 3036
2006 3004
1142 1222
3405 1422
2062 3045
4057 2778
4103 1144
4907 3026
1433 2837
4168 2915
1863 2712
2377 663
1538 3890
4805 4569
340 4416
2 4060
1108 2640
3064 4786
4320 2593
410 4508
670 4405
1198 2809
228 568
4681 3338
421 2790
2763 4139
1869 1348
967 3998
3565 2785
2939 3121
4252 2368
2028 4392
1798 2685
154 1917
1803 1986
947 1398
1594 645
3294 1858
4144 231
132 3998
1517 3353
3260 1246
816 365
4151 1712
3059 1237
2751 2938
381 3121
4771 4165
27 4382
2465 3491
3749 424
4387 2662
612 4697
3024 4144
2172 1373
1209 329
695 1300
4264 776
1818 3105
2223 3811
3234 1460
4220 718
4393 4406
3132 169
2 4137
1714 3124
3140 3289
847 3469
1230 953
3053 1306
4189 2953
3164 4638
1010 3427
177 4994
1365 3026
4002 719
1801 2730
4329 478
1070 3756
1524 1805
2681 1439
337 3318
2114 3878
1079 99
1265 300
3119 2877
1937 89
2763 4520
2118 1093
566 122
1726 2503
160 359
4233 3054
3139 611
3262 3177
4333 4500
2643 4731
4371 3459
3861 3153
2229 2906
2829 1493
4322 2628
1318 656
1009 822
4248 1749
2887 3841
4296 2669
4883 2901
498 804
2278 725
946 1663
604 3643
2653 467
1139 836
2701 4906
2259 276
3454 1299
684 3503
4510 2584
2568 1223
2409 1027
1862 2000
2408 861
1185 1384
1214 555
4232 570
1183 1168
951 4749
1552 4253
4678 4808
4666 414
2206 4730
2429 1903
1362 476
3874 3877
4960 4132
4434 216
945 2624
2955 1172
3484 437
3143 2949
2908 3170
541 431
4272 4939
4355 4129
2118 4654
4771 3378
4991 4507
1897 707
4616 4111
1991 1740
2173 1928
3718 1113
3007 4984
4993 109
4841 4180
261 1682
2835 383
636 493
1408 1243
2841 1624
4572 3556
2710 1757
656 473
4799 802
1604 4052
444 2311
1887 560
2876 1179
3870 4441
848 2923
2547 846
1280 3078
2000 4539
3096 1100
455 1361
4960 224
4732 286
677 4819
1651 714
1204 1823
2752 3143
4387 2760
721 1518
307 328
3516 173
1062 961
2313 4869
191 1187
3118 4512
1513 2601
196 4831
553 3712
3935 2557
3450 3520
4810 1121
1998 1586
2831 4692
4563 1904
1425 1274
1773 407
3516 920
4759 2272
2440 857
1917 4455
164 1289
4926 1656
4263 2632
4953 4853
4990 4429
2447 2843
4964 1127
4364 1827
2431 1759
4576 866
1706 204
3772 2813
3134 3966
4429 2785
4967 2822
4354 4540
3476 3991
4915 784
2256 2889
4352 3224
560 1677
2635 2228
1286 1247
4560 1255
4528 190
811 4670
4023 540
3235 3279
4718 564
4086 2343
2517 2885
3679 4690
3584 819
4233 1424
1353 4640
1827 3412
3513 2384
1922 4968
1235 2487
1619 4055
3680 1554
4084 253
1751 1031
1779 428
2423 2921
4250 2554
937 589
3835 2750
3758 365
1879 4870
248 1705
1894 4194
252 4601
4497 4075
3451 1901
1857 3263
1165 4222
4739 937
4065 923
1730 1412
1275 1977
2465 2754
4872 1755
2476 4634
454 4839
1551 3256
4752 3035
2685 295
4041 4889
3928 4152
3009 1706
464 889
1223 3431
4236 840
4018 994
930 1618
740 2483
4204 3126
1678 3831
2460 4653
2875 3635
4514 2867
4581 1509
2418 3665
1129 4351
4077 3983
389 3450
2113 27
1939 1083
783 1462
2256 1052
1062 905
1974 2573
106 3750
231 2827
2711 3619
1780 962
533 1660
2944 2058
922 4935
1411 2314
4276 2467
4321 2018
3030 2431
15 4992
437 4317
2228 1673
1513 873
3457 4233
1761 3522
4859 3928
1289 3561
3678 556
886 1078
77 4651
3253 204
4209 4178
3049 1190
2831 3878
460 4983
2542 927
1684 3980
1743 3850
4989 2007
4083 2546
2231 3468
311 3004
2588 624
3872 4093
1705 3185
4364 2006
16 457
4017 4692
2889 475
1802 4533
2176 2238
2016 4660
2834 144
1969 2814
169 4849
276 2201
3363 2467
4912 3294
1431 3873
4821 3821
2231 2459
3538 660
1325 2260
1369 3657
3905 4002
2868 3459
4430 4917
4838 972
151 1950
1531 3771
3025 1429
3164 4024
2114 1474
3133 2759
4727 3513
651 490
1444 2549
1967 3405
4073 2360
2244 595
59 3399
3464 2418
2740 3496
196 124
1357 4600
4400 3186
2525 1365
2764 150
1906 371
4513 342
4789 4184
817 1337
4300 2123
4380 3762
4843 2766
4316 3903
2876 2913
1727 118
3829 152
1565 124
3442 2608
1656 1965
676 1278
1518 4854
333 3467
556 568
1020 2626
1711 2990
3825 816
3942 460
4036 3297
1262 3815
1411 2875
725 303
4404 265
2039 4984
3866 1794
3287 899
1312 4987
3424 144
3130 1661
1086 802
590 454
4221 3481
3479 4073
3618 4043
3369 2016
3182 3235
497 2029
3551 2567
4477 1820
2322 3732
680 4493
4896 2907
1944 2041
2377 1519
1872 3396
2244 2657
2445 2133
4378 116
757 3953
852 3936
2041 4539
3308 3157
4870 4289
3274 3525
1221 4221
530 2214
1053 1860
1785 257
4700 1181
4877 3412
1944 2036
253 2564
2614 3347
1027 517
2802 3028
1801 4214
2619 2093
479 4831
2915 826
2593 1491
3860 2958
4513 3525
3161 3233
987 3942
2881 2456
1317 3421
4241 2106
4085 355
2220 76
244 4603
2479 2313
3843 4637
2984 1139
2057 2076
34 245
4846 3700
1310 3157
3356 1288
2053 2998
1460 6
2125 3857
1712 1437
3875 2291
3147 97
1785 4383
4955 2758
2729 2365
2997 891
3378 2762
4854 867
3512 4410
743 898
3554 1301
1328 1390
221 4514
1480 2269
1853 4500
3700 4487
1452 4239
4508 4120
3881 841
3463 1885
2124 2298
1827 4330
2744 2302
1719 279
393 2034
1939 1413
4824 4799
4155 4914
4331 996
1322 3075
597 408
3298 4088
4609 3863
4945 3536
2445 2598
2061 3825
2666 1289
4837 1190
4735 3548
943 3127
1804 3778
4990 4424
2174 1531
4907 1575
2949 864
2944 1827
2849 3345
4605 3769
2399 2052
195 4330
1568 1024
1983 2690
1207 263
1716 1180
1479 2617
4480 4700
2347 1861
4696 4583
4576 1186
3379 4792
4193 666
1424 1777
606 3053
3607 239
1403 2775
4466 4696
396 4325
1092 3710
3176 2812
3613 1361
4381 1726
4203 90
2715 4202
383 2879
1473 2980
4806 2808
933 2689
4510 3511
433 61
1789 1627
4606 3438
3094 121
4089 2199
3805 276
1329 2447
4958 2276
584 2698
4572 4339
3755 3938
285 3610
3445 4332
3363 2380
4295 778
3151 4039
4792 4617
2092 4589
1949 3578
4524 4780
4850 4484
4305 2608
842 2988
1416 633
3582 192
2565 1434
4043 1928
3565 1509
1066 1500
3124 2131
1375 3433
3130 93
3445 3289
2136 2373
1661 2703
3624 4610
1941 1487
381 3097
4938 1139
3280 1766
4681 597
2477 1304
4592 4488
2827 2478
434 1996
1390 1639
2137 1344
2382 3597
2730 4316
2820 2961
1571 3412
1534 4797
2272 1369
3918 3043
3877 2144
3944 3992
1028 3795
2414 2277
1368 4159
2666 4978
3451 4482
2595 483
662 4268
295 4775
4351 1987
1207 3588
237 4193
4829 1332
4313 4060
925 642
2172 344
4732 201
3421 1964
3553 4169
3740 4975
2336 1203
4203 1427
3579 846
4080 1925
211 4507
764 2388
1172 3541
1871 2761
808 3006
1508 2028
4101 4947
3027 1700
3246 3149
2633 2734
568 2687
4579 1737
3107 3643
3406 2172
2406 3376
3411 4544
1332 1566
942 4701
1985 4282
341 3151
4958 1054
2484 2904
529 3875
2702 4648
2212 373
4470 4605
4950 2038
3493 265
2215 1653
2060 3682
4139 4379
820 3923
2849 4248
2894 2138
3373 414
3481 838
153 530
2706 1079
3673 147
2626 1411
3090 3593
1710 2147
2584 543
4517 402
4714 2182
2513 782
4177 3657
4068 2140
4310 1742
2390 1299
1606 4116
4320 3574
3724 4113
1716 4907
4107 351
354 4375
1684 3129
3592 1258
2634 614
1130 4890
906 1208
2309 932
1405 1319
80 315
1634 4899
2869 122
2414 4832
4551 2688
2374 2485
2199 945
2016 3010
4853 1433
18 648
2224 4890
8 1986
2368 761
3926 2590
3496 1578
707 4170
3584 1209
2292 4621
3421 4018
936 4870
3120 4777
446 1780
1651 1261
2928 4908
4122 4456
2381 4425
438 3524
4762 3179
1441 3669
2781 691
2533 3610
1253 488
2444 2035
4979 1901
2063 820
1701 2224
4868 1133
1313 4378
4874 3680
3725 2711
868 3161
1740 177
1782 4201
4704 4972
1639 3789
2129 1838
2095 1859
4033 2720
654 3431
2794 327
2168 2935
1378 198
4162 1897
2072 1247
3932 2535
782 1183
2964 1826
4981 3670
3628 3432
1979 751
2438 4833
1553 3422
407 2405
904 4973
4528 3069
4298 2098
2539 4014
2720 1675
861 682
1400 2275
3176 3632
993 3267
4087 150
1876 690
4357 4403
2003 4890
1437 740
2057 4320
1644 21
4959 1324
2351 2028
695 1656
3458 4769
3751 394
194 3035
4152 3591
4134 3634
2206 3828
1330 3152
603 4637
713 4125
4020 3180
1238 421
2939 378
3002 3433
4356 2185
4671 1704
3540 2056
886 2572
4575 1326
4309 4256
852 2348
4674 3048
4594 2630
357 4178
3421 1779
161 4927
2254 2867
138 4412
624 3253
2811 3872
3667 3249
2274 3160
495 3691
4600 3423
1586 2638
4570 1165
4345 1308
2842 1125
4724 3471
453 2865
2314 3203
1834 2272
3808 337
1876 4313
4299 2658
2560 1303
1291 1203
1453 3900
1880 4912
4089 1737
1292 2163
1447 3376
4314 4635
4144 4720
822 362
448 2168
3158 3289
4579 2705
1078 1947
2398 2086
508 2061
3334 2393
2498 3653
4749 3927
1723 4412
2944 3502
2627 2994
3960 2660
4954 2152
2581 4957
988 3558
3155 3306
2620 811
1084 1390
4642 2933
3492 4238
4134 3040
2841 1682
875 3854
2498 4109
1041 1408
3783 575
2888 3294
2666 1943
3672 4556
4427 1639
1949 4758
1860 4742
3595 3083
3341 1406
4885 2680
1964 3512
210 2266
4492 4139
3831 1954
1209 2003
4711 1736
2952 4931
3365 1034
1682 2898
4990 487
2715 2421
3899 2983
4913 3024
1333 3902
3396 350
418 62
432 3368
4434 3185
190 2998
3676 3284
2472 4029
3260 4151
1139 3210
2737 4710
4307 2376
1995 2081
845 1189
1808 4394
2310 3579
2238 4000
3166 1742
2223 3755
4281 1043
1861 310
22 3379
1248 2269
904 3653
1910 387
909 1107
4743 4160
1603 3077
1968 2518
2752 3139
1844 4809
57 2692
3216 839
1667 1938
1451 4775
2471 2787
3995 1877
3386 1610
2973 1144
1198 4663
1720 14
3957 3654
2857 1819
3504 2543
1774 3199
1541 4518
1670 2413
2987 650
4179 1778
1740 3952
4354 240
4487 181
2822 3257
2104 4612
3558 231
2154 987
1788 1926
2279 1941
85 1842
2931 4177
3267 284
2101 824
2346 4699
280 8
677 4733
1442 3412
4246 4518
69 4471
4619 4416
3497 4731
4637 673
449 4255
1135 516
2092 3131
302 4851
4 4728
4138 1681
3780 3442
4446 1866
3889 129
3406 3948
1758 1437
4225 3816
872 3624
1885 3603
954 3442
3075 2210
437 860
1462 2786
3894 3600
1931 4506
4199 3252
791 3175
1327 1044
1413 4410
1120 4201
1224 2083
61 633
3523 3009
2530 497
1652 3979
4461 4085
3769 1950
806 4248
4629 1741
823 2948
2681 2495
4517 2501
1699 1274
3655 3278
3577 1078
3751 3245
2151 1274
478 4053
2170 3792
4007 3790
2935 913
2627 4047
1776 3448
3876 2305
4400 4792
2306 4308
2789 4043
1353 2362
4274 733
2388 3115
4685 4285
899 2699
2223 779
3675 4757
3581 2026
590 1283
2836 288
4921 3906
3107 2336
3485 1538
1671 4326
2825 4279
1472 2116
3250 1909
2567 2902
4723 3032
2619 1914
2440 2052
4872 3611
1703 164
4950 3486
4190 4834
4601 585
2787 3958
4346 1191
1770 920
2568 3467
3061 3680
3981 2565
3699 1077
2748 4584
2136 87
363 1614
2645 2304
4964 1027
115 3988
4765 2058
3790 2548
4341 2808
2341 4064
3191 67
4228 4941
175 2097
3177 176
1844 100
1404 494
1199 540
958 1644
423 538
2934 2799
323 3151
1577 704
1036 852
1190 679
1290 1703
3821 3966
307 200
3215 1269
4396 2329
4949 757
3302 1507
891 1604
693 2872
570 3972
1826 3539
3933 30
274 3983
3881 1367
1693 4927
554 4652
1658 1454
4178 2924
222 2623
4104 3524
4577 4416
4200 3987
46 1381
4492 4794
3721 4899
660 1427
4359 4693
4477 1667
1860 2229
1320 3460
2010 3766
4479 543
3616 3109
4545 3518
2437 1835
2471 4860
2659 2188
443 3181
1496 90
2544 3513
871 2101
4789 4784
3140 3361
4707 4922
2490 3899
1638 2966
3877 3567
2360 216
598 1620
4215 1298
4050 4834
3427 4410
2423 1418
1838 1637
2158 2536
499 2977
594 4589
4818 4565
1623 2239
1154 2231
4359 4087
3556 2998
344 1586
26 2421
3574 900
933 4346
3377 3308
329 1872
4433 3430
3725 343
4827 78
1116 4943
3773 4856
1319 265
2445 671
1200 1951
1970 1979
4507 3098
3611 53
1936 3058
178 1441
36 4334
3963 3032
2123 2516
450 3256
988 3573
3648 2623
4994 4178
638 4404
4077 454
2330 3854
1466 2169
3671 1325
991 1967
890 3967
2856 2222
4948 3438
3198 2378
93 901
3995 1291
4023 3234
365 4517
3722 807
2019 618
3411 2361
3797 3158
43 4085
3970 943
3255 1480
4731 1734
4882 3489
4471 4899
3715 204
239 3382
3769 3678
4684 2035
3249 3354
4834 2428
1960 4135
3851 3632
1355 235
3464 1412
1609 3242
4889 962
3405 551
1854 1234
3701 4432
4542 4988
2395 4786
393 3689
807 421
2302 4959
4847 3779
2671 3831
1634 4549
130 269
134 2951
1482 1665
3179 1778
4388 1433
3089 3936
3821 4352
245 2439
4387 3067
1558 3433
2693 4561
1745 570
3363 4548
860 1197
4141 4502
2812 2530
3684 3360
149 522
4537 401
3627 565
3551 4352
4981 518
3095 4521
4847 2710
3208 799
4748 2409
3147 2485
1509 3747
477 480
2304 4158
3155 4885
1131 4701
4591 4480
723 3098
3387 4722
272 1788
397 454
2179 1077
4549 1013
3476 1777
3359 3714
784 2878
1247 4070
3932 1107
2911 2311
993 4006
1397 3193
3942 2708
3335 2314
3028 4840
139 328
2934 758
3935 3334
971 3029
4059 1329
1015 2823
4099 2715
4893 4950
2983 2305
3115 4806
3506 2263
1352 3784
2247 893
722 674
3054 4989
2187 4066
2055 2896
2930 2946
5 1524
65 895
1003 1890
3784 2719
1175 1743
4565 1141
4542 3596
4221 1468
1972 2290
1382 1999
4192 198
3996 3141
4011 1857
629 4541
4593 889
3600 58
3577 1638
1266 3241
453 4714
2836 4066
3026 1686
4512 3984
3123 4232
2583 1132
4489 3238
1793 2457
1431 2532
1710 1268
2449 2703
3331 3816
77 1896
467 1505
562 4901
2440 219
405 866
2081 2439
1103 4865
3937 2602
3552 4390
418 1629
387 3998
4606 627
676 951
569 2020
4355 3597
1300 2794
4929 490
4986 2772
4723 2368
2409 3123
2093 2302
2805 331
1103 1818
79 2327
4767 2997
3432 1564
4183 4779
4962 3833
4036 4198
3069 4456
493 3960
4652 3128
139 4306
1053 2438
3220 2778
424 2908
2354 3415
4500 3549
1435 3384
4159 4979
4370 4806
3275 4243
2880 2565
4117 3285
2526 755
580 452
4504 1854
4027 3934
4978 4654
1897 4294
533 2594
1069 4837
623 3975
4830 3289
4501 4807
2340 1352
846 415
3756 2549
1488 1618
4679 1428
2689 1088
2392 1567
3019 3170
1627 334
4091 2068
3623 4532
1807 2981
1005 2079
998 337
1825 2053
1908 4832
4947 2895
2433 4831
526 487
4105 2904
602 1675
882 4484
349 1824
162 2290
3328 864
1095 80
2652 3928
286 405
1521 1920
2483 2452
4095 336
1655 1470
1674 272
4331 1311
3251 550
1630 3658
3414 3593
4265 1429
4518 4207
2389 848
4136 3001
2324 2570
2002 2799
2555 1131
2627 251
2525 2652
2926 1621
1511 2433
3764 395
3835 129
1556 4900
1050 363
3826 1838
2555 2911
109 3537
1909 828
2314 2402
2451 718
948 3910
2470 4391
1790 2785
3979 4555
1344 2979
3882 442
1849 3866
2592 4736
3323 1754
677 3826
2657 4113
2325 748
540 1458
1689 807
1428 3682
2465 1785
762 2522
585 1966
960 58
3812 2929
796 4178
1507 4004
3909 3445
3457 4715
2971 3020
4615 760
190 3338
987 2114
1772 3965
2226 8
2628 2664
1954 1074
426 3787
376 3679
3609 3354
2559 3363
4339 2944
3169 3396
3285 4453
925 633
971 4204
663 1462
780 304
2543 1482
4488 2267
4879 1920
830 1871
3837 2893
639 645
2015 3416
3038 76
1034 2355
2937 4938
4576 952
1828 2921
4655 1930
607 238
2176 1662
212 557
4942 4635
1970 3375
4897 4294
3281 4842
4632 4272
4084 1823
4021 3228
1193 4934
2040 1948
1015 2876
4326 1642
3929 2981
2793 2076
2243 1452
233 4342
96 3043
2742 996
4709 2945
2039 4643
2445 3625
3078 243
3241 2034
268 3986
1204 778
1696 3548
745 2346
39 2758
376 4595
2169 3570
2675 4850
743 1417
2760 3997
4870 4295
1779 1270
30 1750
3219 4572
3193 2366
44 3810
1372 3289
4398 3008
1980 1554
3286 1343
1971 1402
3213 387
2791 307
2974 911
300 4453
3900 2333
1568 3947
3290 1162
2463 2434
3990 3551
2203 727
937 1936
4342 2610
3166 4359
4089 3480
1883 1981
834 1136
861 4859
2055 4871
2401 4408
2950 979
3863 651
2003 3151
3710 4909
4326 1636
2712 942
51 4577
4048 3981
4956 2207
277 4020
4779 2218
188 2230
2955 3684
744 616
4360 4137
3141 1019
3512 244
1929 3247
4896 2714
2653 624
2980 2
2382 2173
3298 139
3115 1200
3415 3000
2918 3092
97 3252
342 2849
350 2746
1617 3518
2455 2886
4306 609
2102 3802
354 2666
2515 1309
4135 4576
836 1513
2266 4334
4012 3887
216 3047
4861 3203
1609 3198
4961 1017
4757 2778
4144 39
4949 3672
4125 3872
1574 2865
65 3597
4728 3404
2479 284
482 2078
1586 120
2989 1885
1746 4891
2359 1713
2226 3425
2505 4885
1650 3532
3614 2776
677 1873
3688 3036
3865 3472
2183 2142
3152 1579
2015 4589
1707 1849
168 1218
806 3247
1703 3235
4105 3564
1627 1016
4027 4584
3260 4598
4717 2422
3003 2907
248 1332
2828 89
1382 834
2310 606
3562 578
477 1100
2894 61
2596 4471
3681 2409
976 1400
843 4580
4603 1047
632 4523
3454 118
578 1496
3911 4186
265 692
813 1361
3247 307
2371 421
1062 2921
4538 807
3667 3341
1739 1911
1642 867
4059 2552
3007 4739
1197 1624
1756 925
3585 2004
3211 269
954 4486
1270 2724
2979 1502
4674 158
4738 456
230 27
4280 4938
4338 3207
3052 314
914 4819
4140 2489
4044 791
655 2216
867 3449
2840 4125
2819 3885
3222 747
3080 3416
3440 2593
3701 1084
3881 3779
2510 1597
4976 3809
3206 4399
2686 1595
4396 870
306 151
2336 1351
2908 3447
498 1355
836 2020
541 4069
2038 3750
2220 115
2315 4853
2622 2042
4768 521
4785 672
2708 4928
1291 245
2072 1246
1424 2495
753 1931
4992 4927
448 587
4906 737
1225 4323
3644 4288
735 4395
4192 3683
1103 2862
1125 2360
64 3919
4675 416
4837 2384
3298 554
4682 3122
1771 2246
619 3454
2563 2773
1394 115
3433 2555
4188 482
1838 4523
2919 2054
3618 4210
1051 950
1615 2639
238 3277
2930 479
3938 643
873 3745
2219 1840
2970 1815
1104 1285
3441 4334
1762 1163
2664 1102
1159 2529
4215 4603
4475 2302
3444 4878
2903 3642
2175 4169
684 3598
1108 4341
3907 1244
4092 2411
2929 3609
2559 701
4118 983
4309 3803
2405 3604
4691 870
4371 4196
283 4353
1337 499
2001 1370
4293 3501
1688 2715
3471 4203
1294 255
3446 3054
3527 2030
2888 1670
2082 4988
4216 907
4717 1083
4134 1159
2771 3203
3803 828
1266 2250
1403 4438
4468 4987
1575 3795
3839 1265
4421 3349
854 1886
220 1931
1283 2987
2903 4298
4627 1074
4541 377
3085 2549
4529 2688
3259 1123
3112 2188
4513 2395
1646 2314
814 2987
863 3548
901 1738
572 3021
3008 4137
503 3967
4702 2242
1317 2303
4787 2802
3654 1505
633 2034
4113 3899
79 3371
3641 2490
3785 1693
3191 3809
2847 1690
720 2266
2126 90
4013 922
2089 783
4077 1276
4156 4049
1613 3884
3485 1486
1916 562
4516 968
3004 2844
1987 3029
4606 4608
3809 4183
2998 532
3317 1983
2232 2481
381 3714
737 331
4097 1103
733 4815
3832 4260
440 4152
3660 1794
4647 2891
4957 4370
3978 4370
4484 2794
4894 2081
3978 1508
3344 1188
1672 1793
1379 4663
721 2588
4248 4964
4705 2238
1294 4729
3928 1767
4743 244
869 4295
1811 4858
286 2222
942 2775
4137 2175
3456 4948
1553 2696
4343 4181
3749 1864
1566 3557
4891 4439
4397 4342
828 984
4856 264
1862 4792
2511 4776
4749 3039
3341 204
1664 2066
2713 1365
3839 530
2022 2773
3294 3958
4136 4543
1725 2872
252 2910
802 4655
1316 52
1010 716
2853 779
4538 1671
3593 3373
2320 4988
575 2434
3277 610
2006 665
2071 1728
4213 4625
2013 2952
4811 4752
205 760
1882 884
4238 4051
2654 4945
1828 232
469 62
4227 1560
2369 2676
3024 3853
3820 2690
834 354
3872 2375
1841 3654
1351 929
4397 1834
2923 2413
575 4572
3602 4292
931 945
3189 1926
3219 4213
1110 1610
3183 4228
3068 868
315 2991
187 331
1570 2954
2508 4489
2378 2167
3968 323
3952 4699
4127 4005
1381 4285
2587 3521
2958 1102
2214 2285
2985 468
876 3581
3552 2779
4624 1744
4169 4020
3669 1439
2399 3433
2211 1864
4698 2750
800 3413
2406 3651
1987 955
109 4958
517 4216
1995 2244
4220 2053
1726 3543
3963 415
2518 2037
952 3364
2925 1902
3644 3358
1658 1930
541 2753
561 4683
4241 1382
945 899
1419 3930
2933 25
638 2426
1763 2692
4935 2188
3603 708
3592 4286
381 4791
1892 2442
4005 2801
1590 3373
2614 4556
708 312
2955 4766
3713 2499
875 1805
503 1137
1028 296
3168 4677
2368 4057
894 2544
812 2866
4471 212
3149 4888
2792 85
3298 1833
2322 578
1849 1417
4407 3208
2628 2991
1975 188
370 446
4093 3661
854 2135
1314 552
3381 787
1090 2233
99 3573
2641 3140
4548 2988
3292 2233
1550 4184
3237 2128
1936 3413
4480 1156
4305 4305
4839 2587
3875 985
2139 2057
4197 1220
3514 4843
4464 677
3504 4660
1925 1591
4684 1382
3939 3650
4733 1791
3057 3156
332 909
3576 3844
4065 4369
735 3237
3319 1208
3564 2135
2014 1098
1436 1658
49 1113
114 4133
2500 2573
1710 2408
4552 4760
1644 850
3132 755
2771 1262
924 814
2789 3695
1945 410
3206 604
2657 3596
4235 798
2129 3934
1497 2451
4905 4616
412 4274
3225 1923
545 233
4903 2996
4552 334
1114 3361
2928 2326
1045 4868
4471 3492
2666 3378
2484 4091
1620 1505
196 13
2200 802
2437 2690
1981 4649
237 2761
3410 3859
307 3186
4534 3249
1180 1485
180 1577
1301 4530
1504 3527
1466 2104
2853 3249
821 3044
2619 3752
4518 1724
991 3687
4177 4201
1233 1116
3346 3910
3209 839
1693 1282
3205 957
4828 2896
3281 1176
1194 1020
1827 2270
3744 3342
1239 2812
1482 4437
3691 3476
2138 4205
2400 2589
4961 2589
3328 4201
1750 147
2278 3935
475 745
153 2011
4400 4141
443 4955
1995 4264
4838 4498
383 53
4935 2916
2647 2076
501 4598
2793 3201
87 2794
1375 4660
1914 105
465 1716
3066 2010
4429 3274
3996 1359
1728 4635
2625 1140
2601 3548
2347 1833
2883 3075
4939 2498
1311 3647
421 4393
893 953
4383 2015
414 3239
899 3633
4373 130
4665 299
3866 4376
1374 1746
3116 3129
2305 415
2807 505
3344 1867
3938 2854
788 1709
3085 1252
2479 472
1291 4001
39 3752
285 3636
1094 3914
3589 410
1322 4740
3686 4664
3615 4080
689 4863
4265 2975
4933 2036
315 1842
2053 282
1635 2194
2294 4087
3984 2530
70 3580
2883 4481
444 2586
1585 3033
1788 610
1812 4636
2336 2462
161 3535
4446 4883
2899 377
105 2866
4361 3540
3274 2946
2015 2372
4837 4815
4837 1528
4210 3
2195 2402
4041 2963
2998 3493
463 3457
1360 4618
4964 850
2093 582
1089 2000
2244 150
1435 3463
1217 352
3121 3935
2040 3789
2208 2077
1463 4115
4850 3566
4534 1944
2044 354
540 3051
1467 3927
3455 714
4655 4002
1234 1243
1659 1167
76 4938
2014 579
851 2128
1295 1216
1572 1269
4110 4603
2886 854
2700 684
3632 772
2414 2483
2850 3486
3873 2730
4193 3590
4245 901
2881 3590
2711 4445
4706 1176
3488 3412
2154 2331
1782 611
2437 410
3942 3794
551 3089
2378 1140
2791 148
2892 623
2240 4128
1837 2268
1360 4322
2240 261
3155 3621
3289 3520
697 3682
98 2323
1278 3611
3213 1016
1599 2581
271 4020
3882 36
1416 2643
3983 2084
4503 4537
4445 838
919 4912
2559 1382
2474 1635
3094 2514
3688 253
2206 2537
3843 4118
3162 3577
297 817
3247 2688
3826 4281
2701 4161
539 3753
3356 3740
2724 4922
849 4135
1684 2852
4639 4751
1314 743
1040 1968
1139 163
119 4021
56 3156
2820 2771
4718 3944
4378 491
2497 930
2672 2445
2264 592
3114 891
3914 2314
3059 2205
4202 5000
2334 112
62 4735
1969 1399
3898 3038
3125 4229
4018 3147
642 3511
2708 2211
821 304
2413 2017
955 749
4012 1703
572 3180
3787 359
3865 1608
3352 631
18 4907
4116 1023
4654 3120
4057 762
4535 525
3168 4608
214 510
1173 4996
1636 3307
4052 1177
1075 4915
2390 2186
2137 3123
1461 2720
3641 582
4314 3767
3232 4847
3843 4086
722 3811
419 522
2353 4242
3203 955
4766 4509
1364 672
4949 424
3401 555
3817 3845
3328 644
1587 332
2971 2753
3763 3106
1647 2544
1823 528
3242 546
2551 2934
1845 4824
1848 1440
3453 4729
1788 1167
4033 2683
1228 2415
4187 1169
1998 3709
465 3905
1206 96
2928 485
267 3208
4277 3675
3457 3445
2404 2248
4626 2557
953 4827
669 3801
2455 1976
971 1260
2425 3031
4262 2868
4205 1355
498 465
4213 1368
2205 4111
4900 4447
3106 4340
3131 4252
458 3275
4838 3412
2680 3418
2076 3228
1482 4567
2690 1318
2554 2112
2157 704
4043 3816
4653 4387
2378 2841
517 2994
1649 4774
1235 2450
788 2673
4283 2613
4977 2245
3682 3394
4554 4612
1771 425
1909 3076
1323 3752
4911 1416
1502 459
4544 4635
386 1474
433 79
2326 1229
210 3257
2215 1588
1552 2196
4682 812
519 4225
2638 2913
343 17
124 3804
2382 2285
2978 601
1502 2831
4548 4436
2023 1859
2254 2879
4890 642
549 1416
4726 127
443 2726
3512 311
4950 203
