10000
4512 2784
1875 3409
2083 892
4329 2938
1531 2400
3204 2471
1712 2884
1814 2458
4804 1869
3495 612
3562 4298
112 4360
4509 4589
3708 2160
844 3951
4390 4617
1382 469
2948 4087
1134 714
2930 2402
2157 3121
780 2542
541 431
694 1245
1654 541
3481 1501
3566 3887
3752 4474
4928 1584
333 10
4413 3788
2494 1452
427 1423
3491 4251
3574 546
1390 1941
4402 3206
1270 1226
1758 18
1411 610
1191 4238
4257 905
4375 3109
4114 715
4401 560
275 4809
1798 2167
2292 598
4017 330
4067 2815
2607 1519
3468 2758
1768 2078
3119 1954
4844 614
4907 68
4447 2061
426 2820
2801 1558
2921 3562
2394 2822
2934 116
3840 3348
250 3432
4306 4457
4609 2362
2962 3416
2010 1151
1982 3194
2638 4023
4330 396
3098 3261
4481 2696
2202 2541
3653 3483
3518 19
1945 1127
3782 4907
3035 1339
4299 426
2775 279
423 2004
2362 3592
2306 682
1655 3400
479 630
1139 893
1194 3688
3708 2953
3237 2038
2310 2168
2626 2723
82 2330
3627 4324
2515 2184
1645 2588
4625 3015
4749 3368
3669 3928
2631 4234
2375 996
1977 4671
3900 1854
1639 1253
121 2269
2402 4046
557 604
56 1642
4250 2339
2799 2273
1402 4354
4698 4127
1119 1794
1839 3918
1388 294
143 4302
791 2887
4442 4502
1749 4681
2114 557
4467 3213
1438 2893
4761 1387
1853 940
3378 4508
1455 3892
2244 3260
466 4142
3262 2485
4667 2284
1428 3288
627 661
4314 2971
877 4046
2018 2730
917 36
397 913
618 1135
1403 4486
2954 3185
3864 3393
1029 1399
3608 4781
4892 4981
4207 3926
973 3027
3806 1510
4771 4395
467 4753
2301 1062
2233 3669
3025 3398
3603 4721
78 3668
3439 950
3085 5000
4730 3932
4539 842
3639 2330
425 485
1577 3000
394 2412
3423 1121
2096 4339
4132 279
449 2284
1044 3927
3020 3352
1636 570
659 3320
833 2013
2059 3140
2803 4399
1822 2740
769 1079
259 3451
3400 2694
3338 2398
1313 4987
2301 3014
464 368
1103 4346
4408 4108
1888 4002
4891 949
3241 2544
2283 3682
60 698
398 3614
2427 4032
4046 2065
1666 192
2278 1468
51 2004
4911 4234
4923 4255
4 1623
3583 889
4602 2757
1897 2515
87 1906
1655 2736
2284 1510
4959 829
2697 3715
3360 2242
4892 1404
287 3939
1677 173
4078 1467
4041 3571
3067 4432
1379 2436
2446 3633
2391 286
4402 3770
1322 1905
2209 1237
4917 975
4954 3653
3875 3905
2542 2617
3049 2102
4680 1128
4297 1404
2265 2943
1649 46
3844 4780
2427 715
2849 2239
2222 874
1335 672
676 2751
781 4441
1469 4599
1493 1563
1081 2721
661 762
3576 4505
658 2627
1849 3258
4305 4291
3746 662
2957 4925
855 448
2200 3443
3729 1936
2461 2142
4781 4157
4653 2514
2797 1150
1122 3554
4274 4332
471 3147
1069 297
4500 1622
4272 1417
2999 2704
1419 4834
1192 1796
812 1976
349 3400
2792 4406
2796 2685
1520 1450
4457 405
675 3493
1570 4514
4052 887
1528 2287
2260 1725
230 3730
3290 1703
922 3598
3095 673
2085 1570
4977 1344
2986 2086
1197 3898
1648 1910
1193 1188
1052 872
29 3589
4510 3124
3758 2831
3779 1611
2465 2251
3531 2014
1169 1068
1338 2838
3448 182
1507 2535
1610 1670
2457 3625
3803 3024
4221 59
3448 1443
4763 1313
4371 3648
1525 3967
1804 1438
2216 2997
3600 3895
3887 3402
441 2583
4237 3683
3696 2244
1836 2167
1705 3228
3576 4964
1604 1915
3247 1443
887 892
3060 2461
555 1686
227 2294
3430 2248
1689 1319
4631 130
2300 1767
3080 4120
3034 2071
2043 4650
4975 1247
3514 508
4899 3593
1286 2779
3805 1934
3960 2081
2997 3012
676 4161
2823 4898
4324 362
325 4814
3823 4102
2385 4033
1903 509
3979 2800
45 1032
4689 2876
4186 4382
1510 2299
1817 3614
4614 542
1903 4356
3100 60
163 1494
3025 4561
4132 3881
1948 4544
2551 577
3890 3959
433 4726
3106 1841
3069 971
2137 1023
3417 907
95 2274
2163 950
1117 1178
572 2555
897 1650
3469 589
4857 1311
2263 62
2024 2806
4719 3832
1512 3668
383 2503
3819 281
1091 2151
4421 4554
4920 1635
1366 1331
1976 2208
1884 2705
4142 4957
1270 1601
1905 3922
810 3332
758 1316
1492 2094
4842 3953
1094 952
264 1637
709 30
4036 686
4254 3332
1557 2315
4221 19
2898 3164
3581 4360
3381 4723
4072 1248
463 219
2652 4208
163 3938
496 3908
819 2334
1791 293
4555 921
2501 4436
1329 425
2901 1994
8 4668
2241 3067
4739 1244
3543 268
3882 3083
1133 2160
4081 1738
4961 1291
3528 2793
2280 928
3496 1350
1759 72
4331 3286
4620 1735
3702 3885
1972 1592
2726 2035
2066 4087
253 62
1324 3983
3916 4490
2154 334
4179 1511
347 2588
1766 3267
2273 1050
4764 2201
3565 1419
2408 910
3135 1095
4810 1982
3791 716
3266 4172
1618 4949
451 3656
2185 2867
537 4959
3871 2814
4579 3453
3649 1512
3250 4985
4025 966
4609 80
3980 1902
615 3989
1543 2672
3295 322
4980 68
3416 3329
2160 132
3019 3246
440 4641
2136 1333
1606 1656
739 2986
2112 3484
3849 1789
911 1992
2066 4836
1288 4570
3735 4240
2717 382
3970 119
1480 3602
2628 2414
2982 985
1356 2380
2528 3140
451 2688
4114 3555
1814 4177
35 2785
3162 417
1846 164
2545 2703
3915 4215
2145 4706
2590 3659
1946 4092
328 404
3580 4104
3057 4174
2374 4301
2690 3146
51 4963
4069 1321
3037 4376
1851 4481
2575 3827
1116 1819
776 3445
1698 979
332 4600
4151 3574
3213 3099
329 49
2051 4648
2087 4969
3196 2406
1042 353
3435 1818
390 3363
4543 1715
2972 230
679 3322
254 2660
1760 760
914 725
2718 4572
2043 2143
257 2996
2627 435
4227 3179
3693 4007
3581 2172
3555 606
1858 2101
3149 2599
3795 374
3383 2161
1852 4404
4713 3002
3690 1431
3303 4702
370 669
1437 3230
3722 3065
4832 1538
3823 1610
2880 1519
67 2573
3849 1865
804 3736
1829 823
4602 4349
2940 2559
3619 2904
2460 297
1098 3509
2469 3099
3364 3707
1450 2580
3097 535
3514 4082
821 4216
4322 1727
120 4386
4754 4246
633 1660
4661 4530
2685 1249
982 2466
3100 1152
3404 921
1663 1752
1424 3872
2680 905
3809 3204
3071 4705
329 1027
3137 1974
1903 850
2933 602
4155 1277
4243 3877
3032 1903
3831 4479
663 1570
4966 3818
4524 394
900 4574
1849 1509
4319 2521
869 4030
1370 607
1222 569
2128 3844
1097 4315
166 674
4838 4992
2171 2003
1652 1340
1579 3041
1107 740
1659 4141
373 1522
1177 3610
1201 2212
3792 953
677 3836
2097 913
4265 907
3622 2333
4346 4322
1143 2049
2379 1412
3169 452
4783 400
1701 1768
2235 1400
3364 2688
1581 3302
1252 3978
1375 3483
4506 2022
1967 3911
1782 4533
2907 2623
1350 1128
3123 3526
4459 2093
798 4521
3214 915
3775 1215
986 2756
3869 924
4519 409
796 3937
3971 3429
4593 2731
570 425
3907 1000
139 4103
996 2815
219 4088
1580 3124
4291 2695
2469 3006
2026 4221
4322 1474
4117 2422
314 4503
2797 1574
2150 3656
2731 2416
3757 594
1897 278
4441 642
2752 868
1293 1410
3262 2356
2105 3028
4794 2332
1506 2810
1016 4175
3731 2399
388 1072
4305 3390
3236 3167
4848 3935
2479 2665
1767 4918
1765 3422
2259 4028
1414 4449
1286 3595
3516 745
3766 4761
1352 4744
3141 1597
4850 301
2443 2190
4861 474
2035 3264
2900 3843
4467 1697
4662 85
4959 3547
2485 3239
3353 2520
1548 4411
4309 87
2868 1662
584 1147
3019 2291
1668 3281
1349 2110
2875 722
461 3130
269 4464
2967 4137
4270 4237
3181 834
2327 4510
2040 2196
3037 4632
3488 4552
2187 4811
3078 2017
2558 4139
4695 512
2277 1345
128 3303
2608 2879
526 313
3784 795
2605 3419
3198 4135
770 3007
500 4338
704 3275
2479 1484
2348 1754
3946 166
1599 1251
1329 1710
3336 2252
375 2616
44 550
2843 3626
1879 2620
1941 1228
1942 886
3288 4216
3872 4555
4565 4068
4580 4006
2878 3087
1832 3508
4183 3309
1562 892
1675 4135
302 147
779 2548
2179 2448
1832 1570
2988 4561
3561 1976
2986 3926
3999 537
1915 3079
3317 3179
2758 4989
695 1492
192 4112
4466 1075
1691 2600
2801 1162
3322 2556
2130 2782
3203 2887
1084 3376
1407 876
1212 4719
3568 4626
4282 3181
1580 2305
1413 976
2046 3204
2661 4817
506 1901
4959 75
1306 46
1837 2116
2208 1265
924 1076
4658 4073
456 3422
3525 2804
152 426
16 2499
1726 3399
871 842
3773 3589
3299 3973
1993 4443
1304 832
1961 2694
731 3289
2348 3861
3293 2016
4727 4662
1954 4276
4959 510
3742 1926
3781 3768
3905 2300
3089 116
3328 3161
4334 1235
1583 1781
2912 1128
2006 4377
1971 3609
863 4564
2750 4123
3402 4583
785 2949
2981 646
186 1883
2472 128
3869 1608
454 1803
3215 2589
767 644
1365 4961
3704 4781
4871 1696
2876 2609
1670 3263
673 1084
2567 2225
2968 4434
4166 3774
1401 1117
3539 4038
226 256
2664 1272
3190 651
67 1725
2267 2599
3717 521
3944 1992
2742 3999
1695 3237
566 3192
2560 2762
200 3204
3458 1149
856 4142
1492 705
1814 629
1716 2652
595 680
473 1400
1311 2703
4448 976
376 2373
3514 2188
3173 2743
1593 4331
1815 2199
3032 350
194 4167
3556 3047
1782 119
2932 3081
4953 330
461 585
2591 3401
4214 1424
3922 1010
1571 2476
674 804
1268 2090
527 3012
786 1179
4834 2469
4626 3197
1152 1897
2045 3592
3565 131
2075 2421
2216 1337
418 4908
278 2784
1446 4234
2422 3494
3782 4932
32 3624
2630 324
3357 2560
4991 34
106 1107
1374 1310
2234 4825
4582 1630
1884 3694
3264 253
3436 2906
521 4616
158 3607
450 4352
3080 4245
3153 3652
3942 2537
3576 947
1225 4323
1071 3659
2115 4074
2565 3132
2923 2158
156 2046
1788 601
567 859
877 937
3114 1454
4183 4772
2212 3303
1106 4668
1176 2011
1330 1226
648 254
4502 431
2783 2741
564 3389
4426 4113
1546 417
2294 3712
1967 4012
1895 440
92 2323
1630 2741
958 3040
4818 4633
4607 4208
2381 2530
3787 2932
2020 742
4424 4664
240 4580
4928 4047
1614 2719
2042 3996
1985 4923
815 4168
2233 3887
1661 4573
2943 212
2528 3057
3900 2690
3002 2654
3935 4192
249 4283
3274 1569
787 4021
3164 2599
4709 988
4912 4684
2707 1474
2418 374
3112 555
2360 571
890 4098
4838 3039
76 4951
4968 2514
1089 3151
3820 3606
3986 4404
3830 4011
3945 1484
611 571
2167 1605
2850 1823
4832 1452
699 1351
3043 4129
4431 4222
1513 246
4086 13
1645 1546
3581 4951
1875 991
940 1893
3697 3522
1771 2315
2245 1247
191 274
4514 677
4884 358
3133 3798
1325 3465
1433 2921
1853 3851
602 966
2787 3455
508 3659
2148 2511
2192 3905
1788 672
1306 4397
3820 2568
3985 237
3278 3414
4264 2853
781 3791
81 1966
630 2819
1402 823
2364 1619
1580 1739
3917 4108
4171 1967
4878 4963
1897 1391
2897 1290
4659 2839
4126 1698
3648 2812
1640 974
4639 3482
663 1889
4811 2066
1310 1626
764 2742
3644 2229
1163 627
2271 3609
727 3587
4479 3805
607 740
91 1876
1914 1731
3404 3507
2734 181
3164 1665
1061 1953
1735 326
3232 3007
2636 1496
850 581
4658 3741
1861 720
3482 1148
2637 1831
4466 2682
1116 1565
387 852
4159 3548
4105 1869
3814 2390
349 739
3860 4385
331 115
1556 2341
4019 3078
4137 4216
4903 1612
408 3129
3784 237
4040 4783
2418 1312
1220 4823
4977 4419
4466 1180
2601 350
2749 2548
3437 832
1407 3258
779 4818
2948 1573
595 414
928 2612
4768 3904
4590 4807
908 1225
3993 387
422 3697
403 514
1343 1609
691 175
2645 566
1853 1932
2132 4519
1223 862
2742 569
473 2588
1739 3619
2581 156
3718 1210
2778 1067
4690 4572
1152 3406
4213 4382
994 995
2539 3028
3416 2228
693 495
1425 1526
3887 4171
3560 3222
1663 1487
37 1701
1121 2013
1105 2953
3311 3001
3876 1479
3828 4850
1913 3426
1607 3982
1349 4332
4851 3885
999 4294
4896 825
735 2527
4768 740
4116 4815
15 3137
2533 4887
2234 1817
1460 261
3184 1157
45 1966
1935 2384
2393 2095
2189 914
1166 4257
4955 3096
4840 1613
2623 4933
1584 1490
4141 4921
456 3822
1305 3220
4649 4848
4323 3420
2730 4185
3821 2258
2150 1126
2464 2615
3697 1637
2179 391
4109 1624
3001 4255
4985 1413
2410 4766
3431 561
3962 1631
2785 527
2851 1712
3616 3564
1129 4715
4271 3843
1851 123
1906 4558
4243 143
509 1212
2962 3019
3681 3829
2848 927
2829 704
3393 3046
202 1116
1100 3397
3049 4853
2475 1661
2918 1425
489 4801
318 4958
1856 510
1087 2066
2456 3792
4290 4193
1332 2394
4628 4146
3725 4682
2631 4459
4384 3196
4628 1383
884 1949
1658 888
4723 2263
60 968
1688 2912
1535 2923
4400 730
1782 3383
1712 4061
2789 781
1782 2576
296 836
3493 4935
27 3541
140 2681
4824 1165
3811 1025
3724 4290
2292 2668
3005 3640
2517 4329
3555 2652
2065 4507
4139 1318
4316 1861
3190 3483
148 1888
3328 1114
3481 3745
2305 2638
94 1181
4051 327
2714 2335
4751 1377
1197 2277
2881 2715
3099 1034
3951 2517
2785 3217
1925 3505
44 3238
3597 1884
1555 2450
1244 1356
146 3701
2346 4183
3808 1583
4009 166
2388 1374
4138 1276
4795 377
4736 2449
1206 2564
216 1651
4707 103
509 1422
3156 2325
3941 455
907 1320
1549 648
3940 3127
1418 4579
540 1793
4379 2403
3614 4667
2954 2342
4019 1288
4187 1404
3979 2580
3581 3859
3252 759
4485 37
610 2843
916 1625
2930 1372
371 621
865 3931
4008 3021
4487 3132
895 3902
3454 3436
423 2577
2411 2569
2396 653
3383 1620
3253 3083
3057 3913
915 4100
4725 301
671 3373
4621 1384
1060 3966
1141 4571
1015 930
2481 3387
2282 209
1599 2440
2116 2541
2451 1294
4684 4015
3073 3230
34 3344
1738 4259
266 777
1532 4305
1707 4635
750 732
3890 119
510 1781
4892 1289
1039 4647
4782 3315
1219 2008
2849 2379
4198 1109
2935 4395
296 4289
3580 794
2829 3691
308 1956
4818 3682
1041 335
2839 2190
2914 3514
3065 3151
3580 168
3555 2929
4914 3795
4886 4233
1492 2377
4699 3155
3556 1055
3129 4511
3131 1393
2120 1441
1759 922
3258 2410
3392 4242
890 2664
959 268
4750 2037
141 37
4271 3149
2358 1914
505 1831
891 2782
3211 2219
1267 4851
3007 2312
4181 3098
3025 3803
1646 4349
2588 3488
1390 1012
4104 2118
1090 2632
656 855
4095 4170
4730 3860
307 2690
1141 4440
1877 4760
818 2236
4822 3019
2055 3526
3210 191
4594 2249
4917 4111
1651 2125
3561 1871
1815 3951
1397 466
100 4450
2204 3661
387 2414
2857 4380
4775 3118
3219 4354
2748 1617
297 1274
1677 1138
3903 2651
1551 4094
1863 4675
1863 4923
4377 504
3618 3976
3967 3074
4038 2665
3144 150
3132 2811
3014 2889
915 1952
497 3927
3328 802
274 3040
347 4527
2553 1075
2893 2001
3102 2544
4018 3448
2815 4120
1634 2562
4349 4373
682 716
966 3532
1996 489
820 2750
1230 3992
4468 4777
2528 2744
2902 1556
1222 906
2299 1566
1247 671
1257 4349
4774 4905
2999 4008
2888 2490
1840 398
3904 4147
4192 4558
4260 4619
3639 1583
1819 228
1511 3130
547 1755
1445 658
1146 4402
1917 3097
1368 1494
3906 4193
3746 4813
971 1802
2516 2815
2243 207
1700 2501
490 91
2218 4888
2710 4397
1510 2093
3682 2116
1483 3052
1169 4380
3086 3664
2073 2076
2639 512
2962 1030
1150 48
3674 3385
199 2357
4176 2608
4901 3163
1020 879
2175 1518
2763 2041
3086 4566
3742 1868
688 941
1224 3992
3785 2596
1987 4892
1444 467
451 2755
2825 2797
3966 539
16 3259
2418 3907
4138 3988
4567 1947
1697 720
145 3456
2021 4335
3288 2015
1470 747
3346 2630
1640 2502
2197 3146
3597 2916
3093 3384
2630 2824
2519 2683
3820 2371
2478 1398
447 4705
3283 1225
4908 507
4635 2061
4239 1155
2654 3446
3284 1648
949 4622
2744 1519
4893 2993
4387 2117
62 1687
2729 2432
4699 2310
1404 1677
3211 545
2742 3364
4848 1362
3300 867
625 872
959 3954
4664 3401
313 1183
455 4834
2879 2068
2175 4365
3683 4887
1803 4654
4367 4775
4553 4451
393 4019
860 885
533 93
4410 4950
4779 2433
161 939
666 819
1820 2881
2078 4875
4855 581
4129 1344
1415 4601
4693 2353
4786 1949
2407 3953
1475 640
2575 2928
3992 4286
4611 4842
1219 41
1158 350
3940 1953
4662 3827
4720 2492
516 4801
588 4641
2949 785
2977 4180
141 4598
2533 1098
4903 3687
4900 687
251 3413
4065 1045
485 67
2767 2326
1330 340
2571 517
768 4881
4403 3097
2569 1812
2127 4215
1743 3092
3252 3826
1973 3409
1392 2493
3632 4705
3188 4187
654 3696
3287 45
4646 4643
795 4863
2183 2876
2374 1059
1517 27
1058 3769
4729 1538
874 1622
4946 50
1126 2019
673 2473
3877 2063
1663 4484
4632 3886
2399 670
1108 466
3571 4002
845 2564
4670 1546
1155 2608
374 4585
2568 4160
3372 2727
4283 4089
2279 4515
4432 2825
4860 217
2518 4158
173 3436
4593 2144
4635 1027
2422 3613
3195 1764
582 151
4687 481
297 2266
2704 2088
1505 1558
2839 1075
2791 2772
3687 3071
254 1097
2106 1559
409 4835
704 4160
3441 298
2968 4463
3726 1320
3981 4249
3904 2393
3491 3303
3683 4127
3300 2032
2990 2876
1684 1892
1702 4571
3007 840
2182 4613
3784 2726
4298 1542
2579 1892
3073 2423
4967 527
536 3028
177 3879
4524 3511
4358 4114
3104 3580
843 4780
42 396
4673 1225
1318 909
484 666
1375 1435
2396 4150
2962 4906
4938 3106
4197 416
330 3964
2909 2889
3583 3749
4566 1538
1373 2329
410 3127
1010 632
2072 3822
950 1076
985 3263
2891 4157
323 282
1458 768
3438 4197
525 1983
4708 635
2936 1152
2465 3712
4485 483
4915 1305
4174 1206
2280 1467
29 4205
4594 696
2609 2221
2767 1741
2285 318
990 1277
4040 1722
3246 3593
4018 2319
4454 3245
4016 2885
3878 3168
75 1404
2389 1573
1429 878
3931 4180
4581 2883
2384 881
3079 2750
3751 896
3391 1194
668 3027
594 1836
1051 4408
3669 2340
83 76
713 3282
615 464
2912 1594
2304 96
1079 3625
3291 2690
4778 4581
1475 4476
4966 1267
4917 3523
744 3577
1513 4045
4582 852
918 2769
670 2166
2187 3344
4933 4556
488 4649
208 2690
4951 3101
4657 2751
3274 3957
4788 277
3989 1744
4087 3811
3861 3218
2067 3361
4334 2643
4070 1199
2237 699
4936 1582
281 635
2084 1049
1933 3634
1003 4418
1288 4417
2788 2538
4197 335
4946 105
4059 3481
3268 1065
4982 1362
1581 2669
4393 4026
2587 1558
1855 1036
567 3113
3371 4219
3434 4056
3191 4964
2156 3734
1767 1563
839 3081
2006 1479
60 3586
3524 3481
4236 1508
4540 3275
2831 1838
1932 4940
1423 4367
3503 3263
116 1364
2207 456
439 712
3630 2743
3143 2073
4068 2590
2966 1807
4076 2273
3249 4424
600 1143
2647 1921
322 2219
1141 3578
3040 4291
4740 342
3271 1345
656 2355
1930 3598
1577 2914
23 4926
1501 4809
3725 3750
2731 4174
697 3173
590 4545
119 2233
4346 4774
624 2159
2120 770
3094 3797
1642 6
4359 2964
666 1229
795 3974
3352 4807
531 1964
2749 4601
3568 4509
4944 1949
4424 4590
4330 4805
931 4465
4396 2177
3778 1159
855 4841
1579 4804
1533 656
4931 468
1118 1408
588 4116
1357 3102
3264 4236
515 2723
4770 4230
4309 4529
4567 4952
237 1296
2341 483
3377 3455
1035 2387
4719 2619
3530 1277
1824 209
2889 3834
2145 4756
3036 2895
3577 465
3796 2100
951 4194
3626 3646
2483 2208
811 2043
4431 37
4950 2263
4250 1445
1884 4430
4852 3039
4458 1618
1732 4321
575 1194
1453 2174
3079 1621
864 3664
3505 2018
1468 3604
2373 1648
2878 2521
1415 207
1811 2217
3202 4459
4957 4854
4225 1418
3026 316
4285 3755
530 111
2573 4515
3078 1724
1744 2128
4892 157
193 3102
2381 2115
1070 4692
2827 2190
4704 2859
3569 4775
1303 202
3102 2320
133 3813
4282 4434
2159 4093
1269 2243
3086 1298
3237 3336
865 2953
284 1470
724 2516
2333 1825
933 4369
4684 86
3342 1879
4555 3811
3699 431
4192 2959
3556 1755
1326 1653
3501 3441
595 3427
1538 2514
1528 940
2734 2748
994 4176
4360 4281
2478 879
2232 593
215 3752
1767 252
4667 2756
2500 2877
3881 562
135 1300
2763 3555
1658 502
2184 3582
4074 2212
4777 4087
2425 2719
4741 3277
4390 3766
490 2725
3286 179
3384 3390
386 817
115 1003
2306 4617
362 4963
3168 3051
1203 811
4575 2558
2519 4585
1437 2989
479 3459
3120 2751
2330 1153
3391 2477
4558 3461
3268 1987
4480 200
1304 236
1901 2639
2248 3745
331 894
4305 2918
4631 2657
4245 160
3870 1489
3327 4923
4073 4352
1965 4781
2744 2128
354 2560
3427 2449
4741 1278
180 4031
1504 1634
2120 2473
4114 1835
1707 2382
3958 2448
4047 2594
4609 4400
4120 4091
3955 2813
1919 1335
3675 4316
3023 1199
3946 2790
3791 4874
4427 3939
1061 1769
2808 1761
4357 2358
3368 3150
2615 2602
3246 105
1973 308
2441 1194
312 4477
1758 2324
1416 2416
204 3157
3800 322
2530 3214
3103 1926
636 3572
3451 1971
711 4056
2596 1714
1504 4886
511 1823
4646 3873
1849 1739
4651 4324
2848 1290
1794 1594
4545 1419
965 3986
4505 1618
2061 3916
2476 1980
1231 2049
2044 3923
2646 4382
129 4923
4035 4568
3539 4754
3787 2463
3950 714
3648 4473
1625 3812
1770 3827
3626 4453
3012 2960
4415 2145
2796 1116
2817 3130
4583 1366
808 3137
3372 3318
2453 3323
3088 287
988 359
3909 2379
3329 2081
1693 2681
2712 1470
956 4992
3407 3109
1014 4134
4149 1250
952 3643
2143 3872
706 2269
1766 2154
418 1926
4341 797
37 4791
3976 3641
2769 3811
4666 4366
4863 1125
4802 3087
3958 4843
486 4295
4833 3043
3046 96
1968 3192
3595 4307
1932 3082
3096 904
3060 4446
2921 2795
3836 4960
3527 3503
1763 3118
362 3583
1348 3285
4559 541
3437 2968
180 4922
4876 2013
306 78
4240 3846
2812 2628
1071 1089
4766 1917
1639 1261
2118 699
4944 684
1692 4702
1025 567
1675 602
4154 1007
4992 3338
2867 2278
1464 3162
2073 4069
4634 1849
3510 3859
2440 2586
4565 3639
4128 2823
2194 3490
2979 3140
4635 3946
3406 975
497 4039
3547 1672
4928 4946
3439 3038
3668 3319
2811 4779
1819 223
1151 3489
2492 3676
1522 1776
374 272
1524 4191
1916 3402
3770 3586
1543 3424
4472 1897
2798 289
2370 990
3029 77
507 4128
1214 3965
4189 7
4542 2100
1333 1153
3141 3485
3529 1781
2726 4464
3077 515
3128 1341
4594 934
1922 745
4123 959
618 3105
3511 3752
2098 1016
658 464
2253 3204
3194 3026
3651 1917
1205 3204
2945 4966
2098 1061
2493 866
4696 1457
4994 475
3510 4116
3752 992
1960 742
4750 4968
4103 535
1303 458
2635 4985
862 574
4983 4582
962 68
2144 4239
38 1873
4063 4829
1758 4299
2481 2109
311 2951
3632 3508
3129 3367
4614 4560
4430 4600
96 3867
388 3384
4859 2892
4067 3805
220 3823
77 4212
4684 2485
4782 1002
4397 3992
4677 4912
3929 3071
2371 1332
4086 1427
850 2959
4927 1148
4397 6
4741 3471
856 3412
4620 2338
1243 4256
132 1561
871 2261
4304 4866
1952 2279
2747 1285
420 1796
2828 810
3927 3920
4671 1735
2339 2238
864 2581
4776 3531
1949 2290
4671 4913
4914 278
3208 1859
2940 1010
1400 2467
1907 2971
4314 159
2824 3418
2254 3202
2514 2053
4941 2276
2541 4836
1568 3562
1846 3344
4179 3673
4416 1371
1540 3838
4027 1080
3447 3772
1498 1599
684 1572
1207 3297
2202 395
4414 4449
3553 1634
3035 4153
3568 2250
2798 4428
245 2541
2650 1228
4941 618
3545 3301
3111 2407
2160 1935
2612 3547
4752 4000
4777 545
3823 298
55 3275
319 468
2757 3457
2330 3421
3488 4049
1240 2897
887 1049
2802 745
4194 4035
4167 4316
2589 3991
2123 2696
4340 3728
1111 4221
1209 2715
1686 1788
1380 2575
1658 3567
9 1329
988 2487
1864 4101
1930 381
3068 2689
4423 1651
3006 1175
1357 3477
832 2615
3113 2314
967 280
799 4958
4823 1716
3143 2297
1179 458
107 890
2154 4996
4899 2420
4793 2720
57 4874
703 4600
2725 474
1365 1883
232 3062
4263 2802
247 3748
3846 2034
827 2154
750 2238
32 4260
805 2263
2762 1866
3892 3115
3697 765
2675 4635
908 4920
909 4823
2427 606
182 255
3755 1341
3223 4582
2379 1062
2389 769
4004 2175
3261 642
1388 3162
3666 2033
107 3218
4048 2534
4140 1319
4785 1002
545 902
1563 1084
3422 2569
756 789
2357 3390
1277 1663
1682 489
467 102
3463 1289
1982 846
1929 925
3094 1533
226 1240
4978 2742
743 3936
2025 2552
3947 3962
3133 3214
243 3874
4140 923
4294 2461
2360 2414
1182 329
362 4543
3857 3596
273 1018
1079 3659
1917 565
2644 1843
491 3936
777 1086
4418 1092
2521 229
2196 855
3573 4024
3872 1481
4241 1604
2754 1819
4508 1426
4981 2113
1761 754
4328 762
4687 3534
523 3367
2474 2361
3382 4155
1581 30
3336 4215
3631 349
2558 1067
4159 2834
1821 592
4713 298
778 2569
275 4514
3354 4002
2866 2630
4598 476
4484 2841
4806 2269
3559 60
2311 4712
3160 3715
2857 3692
3063 3629
1105 227
165 1145
4662 2448
4059 236
32 2336
1765 1953
2865 3449
1459 190
3209 574
3732 4323
1250 4483
2000 351
4448 2815
1642 589
2905 170
3912 1187
480 2386
4830 1369
4842 4193
2055 172
4111 2526
439 2388
377 123
1717 3765
3625 4489
4284 2669
32 3562
2518 4225
4438 3975
4661 2527
4595 1295
3313 3182
1464 3877
4681 2893
3598 3699
2643 4376
1949 4204
3889 2280
936 2434
1069 3812
2088 2776
2623 4695
768 2479
3745 307
1114 2302
1810 3471
2082 695
2782 4102
2447 258
2396 1806
1349 1717
3060 2732
2422 2350
532 3718
656 1354
387 3881
4001 4736
3084 2524
4615 453
181 4682
2162 815
3749 1096
461 2089
2376 1764
3956 3367
2044 1097
4250 810
4291 3315
728 2257
4139 296
1030 1180
2821 3822
2879 348
2048 4113
2274 3014
2462 513
4203 3147
3986 3657
1199 4291
4813 2
4552 3382
9 2908
176 532
1155 4871
3425 1759
3688 131
4198 3875
3170 1797
3119 2755
2709 2212
4218 2881
3799 1031
4673 1329
231 1806
1167 1089
451 2762
2054 3778
458 1353
507 2989
3751 2460
987 4523
1830 3090
4885 445
3277 4857
4257 4976
284 1294
2199 3744
1057 2123
4194 3417
2406 2262
4940 729
2275 4234
1091 1330
980 2894
3661 1859
4778 3998
4733 1439
3739 1787
945 1362
4984 1680
2528 4126
2870 4539
2513 125
2995 2258
1506 274
239 2294
1276 1528
1157 2927
921 4887
1695 3655
1976 1681
556 1255
1105 2822
105 4377
3773 3958
181 3621
639 4742
395 4841
3781 2231
1080 4041
3825 1005
2949 2710
491 3157
1000 287
424 2897
1268 487
2177 2856
1984 812
2871 2324
3002 2173
4524 4483
4918 2261
4401 1712
547 4726
4454 1833
1198 3855
4672 371
3471 1742
909 4472
3 3399
570 238
2521 2637
3594 981
3949 4578
4102 2297
3325 1792
4722 1930
2990 1277
4805 3233
1067 4634
2603 1930
2773 1241
3932 46
3071 3785
3228 2961
72 2225
796 3150
4771 4332
822 1228
4534 895
173 777
640 2781
3638 2516
1350 2763
119 440
1095 2746
3782 2747
3093 408
611 2715
2968 122
3946 4598
38 896
2833 2002
1376 2816
188 130
2890 3226
2184 1150
593 1294
4956 4337
757 1833
304 1067
4636 3268
462 3207
3355 766
880 1382
1824 838
2447 2670
1856 3016
1726 3192
3120 3032
2643 1843
71 1134
2291 4879
49 824
3683 446
3790 533
3820 1757
545 1824
2229 1068
591 2503
2645 373
4354 3581
34 1904
3138 3864
4337 3317
4686 2723
1581 2767
527 1460
4049 4079
1689 1685
1065 2343
2616 290
2329 3929
4275 2701
1771 1927
4189 2756
1578 1279
2453 227
2528 743
2613 797
3761 1692
523 1007
2897 426
4294 4487
1852 688
1315 2582
4954 2995
1343 2267
1072 756
3838 4153
4036 967
54 4448
1866 1491
2337 4286
2144 190
2685 4728
2709 3147
1895 1697
1392 2719
3080 3923
3679 3213
1958 1917
1897 2812
2573 1379
1642 1867
945 1911
919 4502
2609 2972
1503 4455
4117 2900
4133 1404
4089 1061
527 1603
320 1526
261 4543
1700 771
270 113
4281 177
3440 3632
1035 913
4052 260
3177 681
435 3857
1374 4550
4951 1930
3293 2556
4068 2896
4829 421
3487 2242
1242 4555
4018 402
3137 3663
1515 3114
462 1778
76 3197
1048 51
4856 4254
1347 1491
4343 575
960 345
2462 2005
4133 3708
1608 1253
332 2563
330 1130
1807 3809
89 8
798 2210
2619 3670
915 3641
1835 202
3095 4091
1904 2540
4357 3595
4466 2316
854 2641
395 3970
309 154
1940 4753
3718 4483
3930 4728
1516 237
4719 1505
611 1210
4215 1255
1633 4361
4594 1250
3897 3104
4499 976
3221 958
2728 2358
3205 560
480 1000
439 23
1269 2370
534 1043
1015 4026
1107 3660
4729 3277
4533 2188
2381 2319
4227 866
3337 1884
1502 3786
2963 307
3216 2223
2035 1438
2035 4933
1538 665
4776 393
865 1136
1897 326
1531 571
4254 4027
3653 1488
2408 959
1374 391
3058 1187
4453 243
2528 172
3277 4440
3264 4774
1941 1335
4934 1239
3009 3167
467 1931
1257 2240
1093 3016
4651 1939
2206 4690
4384 2927
348 1738
397 1516
4389 2599
3818 2177
3830 962
2221 3484
4570 731
68 2509
3765 3589
3760 4782
2818 4091
4128 4229
2611 4670
3502 1504
712 1240
1884 1291
2621 1187
4141 1632
3659 3354
2312 920
2685 2628
3032 3088
1962 2110
1545 1177
2113 2949
3466 2429
4051 1219
2107 104
322 4756
3451 344
4867 3788
4065 2335
4753 3810
4714 645
3437 3702
4208 917
1765 4891
1314 4769
872 2948
3676 3536
3648 4121
1544 4073
2816 2254
2074 118
1643 2816
2539 2167
2423 1879
2102 4169
4181 2739
1490 379
3178 1249
1156 396
2953 326
1511 2206
360 690
1303 3788
2530 4797
399 1421
1564 3100
4166 4026
4585 2703
1502 1007
4338 1505
952 4141
4445 4705
4079 2873
4416 31
4075 2519
741 127
4735 3429
1859 4543
4515 1907
3437 2518
2500 3561
975 1278
1390 3490
3392 1286
865 4020
1372 3616
1463 4157
1155 1468
2574 1714
1095 377
59 4175
4408 4121
537 189
4523 349
3503 4600
4772 2554
2359 4629
1713 747
2048 3144
424 1360
3801 1156
512 3872
4635 3097
4680 2976
4455 418
3053 2721
2105 3427
2511 2731
1590 4286
2230 2423
2650 3134
4412 751
4400 2936
1397 1805
4623 3945
4133 2103
2949 4903
4849 4858
2135 2939
3675 458
3621 4119
2154 4710
4135 980
1043 2852
3326 633
851 4663
4604 879
3247 3461
2321 1883
1423 4482
372 22
2145 2122
2821 752
4126 2514
296 960
1638 1991
3437 630
1334 2607
4948 4684
1011 405
2834 761
2728 1702
669 4360
4053 2022
1019 4565
571 3419
4005 776
2967 3654
1431 3190
2146 3270
2407 1235
2101 3696
2645 1180
3589 1349
2767 4167
1571 362
770 2884
3498 4104
2410 146
46 4282
3370 3020
4893 490
2618 475
4829 4404
2856 4784
4863 3449
2790 4839
4073 4537
891 4162
2303 3111
4189 4145
4239 4025
1140 1885
2473 4123
4204 4433
4593 2108
757 4306
4315 3742
2865 4298
2940 2127
4152 2606
4076 1222
2532 1734
2401 3736
2181 2846
1517 1303
1298 608
867 3078
70 839
4943 3002
1565 131
590 3258
3920 237
3553 4670
3211 2605
518 2312
2410 2856
3707 103
4543 266
41 4442
2506 3357
3180 815
1872 270
3981 3510
809 2840
1255 346
2834 766
1898 4262
1283 1048
3983 2223
795 3251
126 841
276 2895
3481 604
2895 3421
3270 1171
1770 2176
380 3095
3272 472
4116 3029
3387 450
2134 3720
2075 4027
1702 1883
978 4071
1294 194
2054 1175
2524 2208
2748 2896
4064 2689
318 4526
1777 2270
2112 4742
4567 1628
984 3850
3867 4971
2895 63
2865 2903
2944 3113
99 4857
486 394
322 1880
25 237
4486 4128
4508 3863
4205 1633
3325 2137
3714 2280
2757 1714
3307 3420
73 461
2626 715
1482 3827
2775 346
3528 371
1995 1286
4884 1542
2421 2571
976 764
4665 1802
2031 1151
1867 898
3449 1117
1902 143
3453 3923
2739 55
2523 1085
2219 3110
656 2178
1179 4882
3526 2308
156 4730
3297 4596
890 1072
3500 3250
4321 3879
2178 66
4040 791
915 3893
864 2992
310 1183
4156 244
2885 3274
4576 1016
119 3537
1741 3945
3238 3201
3994 4594
4133 3908
1944 4577
4522 2376
193 1990
2948 1246
4147 4438
2857 4960
1437 968
3409 369
3215 190
4769 1618
2193 4780
4583 3861
226 3412
592 1697
728 929
4246 1321
2790 1630
330 2381
3615 4504
179 3775
3492 394
1313 818
3778 1582
3914 1674
179 4913
2670 2217
1735 1029
3333 993
2032 286
683 1790
460 1994
932 2466
423 3414
2311 3872
2098 2489
2278 1147
2086 2784
1496 1042
1198 2793
4458 3357
634 773
4200 1119
4815 2106
820 3903
933 2833
3572 3940
1551 3005
1836 817
558 1064
4080 1357
1597 928
3314 1695
2079 1678
1912 1441
3410 442
2790 2435
34 4654
820 2527
4206 2834
999 4361
5 4258
2584 4704
4496 385
1002 1637
2970 2255
2642 3412
3250 4254
1714 1780
1479 516
4934 1973
63 2286
4533 3465
3665 4044
4018 1404
2951 3366
678 2684
3437 4677
3902 3888
4063 931
674 1598
1515 2362
4663 686
3330 4653
4505 3959
1270 4559
4897 4059
231 1643
2920 1114
4287 4441
4122 1358
3554 3939
2908 2505
2475 2501
2711 3166
267 3415
2411 4409
3333 4109
916 4635
2961 3099
3622 780
4581 203
1626 265
1338 1170
2962 52
80 4251
3665 1577
4444 512
4556 1323
3264 3739
4269 3838
4911 1940
4565 2630
189 2152
2469 3612
1829 2484
334 3720
3673 964
38 474
2129 4955
3458 106
1399 906
2286 810
2262 1014
3759 4891
1565 4353
3153 700
4088 3940
2163 429
4978 266
2006 1037
111 905
721 2243
3751 4027
3488 2818
1239 2916
807 3092
4090 1199
2797 4695
4153 1028
1500 1259
2498 4495
1021 2956
3911 654
3386 2403
4005 2518
3665 3940
3468 1466
3911 4518
183 3948
4362 4698
1892 1393
4966 3699
2999 1117
4570 3707
4205 3987
3927 2698
326 3452
835 4585
2053 4320
3914 1528
2895 2782
4833 2876
3317 670
4436 2518
4673 10
4865 4986
2255 4491
1421 4719
3315 3947
1506 440
359 1304
869 2322
263 253
991 2532
3382 984
1785 2639
3329 1289
1118 2774
2994 3140
759 4448
2877 144
4996 2495
4157 4571
440 1866
1869 1054
1146 655
3508 1430
684 4160
4748 3134
817 472
4448 2573
3853 1829
2330 3812
923 116
184 257
4833 2563
4935 4078
4969 188
384 2718
2930 4785
4016 3598
4173 2877
56 3894
691 1642
3206 1271
1911 3083
4429 659
4739 1337
4466 1345
1702 1192
140 1605
4980 2112
2164 748
4507 48
1864 2548
647 1400
4572 1232
1149 1754
3704 78
4246 3299
4616 4884
3097 4032
4038 1295
1708 4229
601 804
3599 1538
576 81
38 1666
587 695
4216 2534
2531 1183
3980 1318
423 3774
2221 620
1021 963
2787 726
2413 4799
4642 2277
2098 120
2158 3279
1927 347
1629 4231
4272 357
4408 2220
4516 127
4712 277
2680 3646
1793 3640
2042 307
3352 686
3226 330
3856 3829
1047 1444
294 1470
1614 2777
1772 2553
1332 651
1074 4696
4477 1055
4696 4122
1753 2530
1586 1760
2186 469
1148 1863
3539 2794
1807 3575
492 3583
4202 1809
4208 500
4477 2927
2295 4099
783 2840
827 4068
3061 1358
2482 4362
2856 4349
2817 4290
2710 2755
2994 2914
1988 2461
4868 639
754 2757
3851 4853
3567 2527
3547 3381
1580 2143
4084 2443
1003 1923
611 497
4391 3646
2570 1949
2849 71
3691 3684
1355 2040
4932 2337
458 4794
1996 2346
1311 1822
1579 299
3082 2559
1612 3413
708 1331
2870 3508
2394 2554
2160 902
2154 899
4202 4852
722 401
4016 4298
1024 1264
4537 2440
2369 3066
1167 4697
2963 4395
2419 1851
2776 745
3826 3793
4296 1144
72 2257
248 2219
3472 3962
379 2271
1158 2203
647 1742
2461 3828
3419 2808
3494 2949
892 4672
3912 3011
1688 3852
988 637
571 1819
487 144
3383 4990
787 2627
1706 1814
4072 1113
544 2162
541 475
1679 3642
4456 1957
675 2116
1540 2954
3819 3252
2488 413
1674 2253
4623 2854
3980 1417
145 4587
3845 2725
3851 1760
4491 329
129 2087
1303 2097
3455 682
2143 148
2499 1575
4164 3290
1239 280
2089 276
2047 22
3494 4925
1330 4072
3495 4632
4862 3557
2009 823
4058 4440
2063 4673
4885 3592
4509 3395
2177 3658
3071 2852
1095 4888
1813 2476
385 3602
460 3887
3383 994
1663 1636
2740 1172
2802 643
469 3526
3773 3129
3143 2807
3862 3644
3007 3264
2775 265
3549 4263
4481 729
2166 4547
2036 4324
1497 233
3334 2659
1110 1575
220 3203
2140 1763
4947 560
4949 4156
3641 4301
4466 1484
895 2744
2643 1496
120 1318
530 4592
1290 804
3987 3832
4291 1493
4386 1002
4565 1255
4069 3006
2843 1474
2947 662
2758 951
4224 2151
4056 2272
4568 3449
977 2091
2782 1174
4242 4078
3812 1604
778 2495
1070 1328
3266 2329
2458 2333
2828 2918
3411 1671
3921 2449
780 1568
4566 3139
2829 1551
4065 1775
4421 389
1282 2742
510 4566
3143 81
2352 2945
2408 4472
1911 3779
1805 1788
83 2557
3485 2038
814 4444
83 3943
254 3415
3502 3003
3387 2227
768 407
1621 492
4625 3135
1413 105
4651 4380
4879 835
2595 4077
4940 4472
4228 1208
825 19
3696 873
613 4788
2373 2902
1857 1908
2462 1558
1256 2747
4297 4912
987 341
4677 4354
417 3679
3198 1470
2443 4112
4533 3498
4074 1489
3962 738
1674 1830
186 4086
324 765
2945 3603
4403 2206
32 1692
1005 4857
4453 2959
2851 1680
924 2148
3160 1747
799 663
4848 2303
1413 1217
3971 1623
1145 915
1807 1111
1333 1711
4940 4587
2534 4125
1590 2163
735 4514
2512 1062
4133 3799
3551 2984
3825 320
2734 4086
1064 4501
3513 2327
3917 1989
447 1811
3071 4607
1254 2488
226 3852
2807 2442
3171 1420
4962 4783
4018 2713
1189 4043
1943 2627
142 1666
1585 596
3735 1194
3401 2416
2096 3980
4126 2511
4451 517
3539 4344
1551 3919
1236 2666
3567 610
2444 1782
96 1707
2454 4288
4500 954
4857 4064
3440 3501
4285 1332
2163 1487
149 2051
2742 4075
4027 4154
4378 3895
311 2460
4784 2893
63 2801
2081 1488
4167 391
3067 787
4953 3579
499 3715
2637 1050
3087 1269
938 2830
482 394
3171 1286
3781 851
3471 488
4406 3282
4529 3642
4134 1561
3059 1305
1073 2220
2242 4797
692 2664
4763 3607
569 978
423 2087
4767 2400
3208 2958
1368 3156
4746 1482
4760 3086
2144 3554
833 4497
4760 3190
4159 3026
3154 1552
2554 4435
1655 3770
4682 1001
4843 3621
1437 2374
941 1761
1655 4590
1874 1184
635 3478
766 1152
3782 1265
4768 2961
2665 4907
4702 3865
162 1672
1798 2602
3380 2592
3254 4292
1733 1633
1599 2724
1265 3919
1219 608
3006 3958
2053 2024
640 1478
261 477
3237 9
3734 2260
4376 666
1988 773
3293 1071
4015 1866
1733 1151
4528 2194
2790 4350
1019 1129
2709 362
4284 4865
4364 1100
4699 1614
934 3240
4676 3118
4841 2008
1471 580
2242 2532
2988 3865
1572 2737
2112 1823
2054 2940
1938 2872
3556 2430
776 798
1867 610
1836 3594
3160 1933
3820 3736
2594 433
3389 3041
2902 3313
1825 1887
2966 4379
4245 3672
3842 192
988 1734
2899 3825
4679 659
1679 1908
2449 2576
4956 2013
4511 362
2129 1310
3935 3542
4892 1801
3354 3784
923 4482
1698 399
4973 2607
1668 1698
2814 637
3949 2977
3861 1632
4781 2052
1230 4229
1405 1558
1433 4122
2854 3117
1342 2414
739 4355
4653 446
3318 4085
288 3628
1269 4247
4298 3647
485 1656
2815 2346
962 491
4466 3915
3090 839
2856 1309
4481 4094
2951 421
641 4625
325 4496
3289 3160
4822 1902
539 4694
2514 3319
1764 1118
4098 4504
603 3283
1973 575
2995 4499
1091 1684
427 4888
1333 1743
1048 1949
3477 1103
3297 1326
3504 298
308 4346
3025 4880
3489 1058
853 4603
4674 3259
619 3029
4250 2219
1976 4025
1874 2576
2489 4795
3062 4947
3143 2262
436 437
2033 908
2481 4712
418 5000
4109 17
2747 3125
2149 1193
2844 26
2870 2447
571 3703
3134 1353
12 3980
1565 3739
3763 1568
2292 1276
3757 1539
3786 122
2287 2139
2355 3755
3677 219
4419 2859
3579 4592
1852 1374
1345 4103
4495 1370
509 311
1015 2783
18 411
614 3866
4658 4876
4965 1112
1460 3757
1229 1511
2552 3286
2545 3130
3486 1357
2516 72
1606 1676
633 2888
2827 2444
764 795
2620 4369
1228 2042
3835 2775
3765 1632
4133 4709
3707 668
691 2914
3049 2898
3163 1115
1077 29
4210 3626
2109 374
3091 3386
4825 1632
950 899
3625 3944
1926 444
126 3093
4815 4786
3493 3103
2767 3718
4896 581
868 4454
2790 4879
4645 765
1865 1374
650 746
452 3131
2646 2905
2274 3392
450 1723
3994 315
609 2022
1153 4409
197 3525
4804 4642
1099 4167
1045 257
2917 4885
2610 4109
2020 4569
3996 3637
692 3595
3237 778
1353 568
1073 317
805 606
783 1427
3203 1540
4756 1761
3640 3947
1100 1768
3251 2688
3475 1369
2617 1233
2204 4901
2907 4406
4475 1411
3243 1651
348 4246
3265 3055
1052 1729
2304 3623
4234 502
3291 172
4915 4412
4342 2964
4599 1746
3815 4700
4754 1574
1422 1178
625 46
2236 4428
1816 194
1176 4748
837 2956
2910 2817
1178 4149
4880 2819
1548 1456
1765 249
1696 3820
846 2235
3979 4844
1565 955
1312 4323
2474 1595
2055 3540
1250 1426
728 3340
2898 1105
2760 3636
110 903
2628 382
1576 2731
1460 3188
546 3025
3377 3272
4088 4985
167 428
4147 4706
979 3167
4998 3372
4766 4771
959 1637
2164 1406
3727 1317
2375 3580
1801 1220
3925 3831
939 1577
4869 4840
3931 1356
4748 3009
2655 4200
42 1330
256 1759
3088 3919
3354 1552
3199 3574
2916 4879
3680 3043
1282 3670
3722 4852
790 1512
3372 2262
4023 1145
2501 2948
2083 4783
1519 2962
1464 722
508 115
270 1998
972 484
1799 4320
4623 1504
2118 2374
1242 371
2603 1680
2163 2500
2175 2736
2025 2639
2236 232
1009 3509
585 3161
996 2537
3322 666
1298 376
3136 3646
1718 3136
4140 13
3547 1951
3621 709
1476 139
3798 3541
852 2250
2548 3527
344 60
9 2989
2810 1847
3295 2997
3550 679
1757 734
1669 71
2343 58
550 1272
3779 980
3341 2822
173 3056
2634 3742
4429 2380
3445 2238
2177 2043
3096 3449
4491 4245
973 3049
3083 2270
49 855
1098 3862
3996 3667
2788 3771
266 3317
3683 646
3475 4106
3989 988
1394 1273
2375 2864
4351 4270
78 4225
3316 2796
3355 1775
265 929
269 1676
214 2289
4181 3353
3822 1056
1093 854
1226 1780
1578 3498
4350 3533
2832 104
234 353
2953 2538
3878 1545
3661 3610
495 1596
3581 932
4220 4800
4226 1884
662 4359
4561 3518
130 2171
408 831
983 3403
3130 3331
1160 4861
1192 488
3255 1237
3828 962
125 771
3007 3797
1340 4073
286 636
1247 1746
4632 3284
2232 731
4219 4252
607 3484
1815 3808
973 3239
1374 3412
990 4627
53 411
620 770
1104 1323
336 3558
4990 583
3463 762
1562 1388
1381 3567
1335 4924
1331 2230
240 1535
3340 2422
2184 2089
4817 60
209 1531
4607 3387
262 4301
1173 2252
4939 2606
4845 4975
4389 940
1395 1078
3908 2946
1571 1602
786 3922
4265 2293
1778 1902
1257 1584
3584 3541
1817 2341
4897 4120
634 1460
3946 3126
4088 3215
375 3151
792 4491
1280 1326
730 672
278 4967
4054 2079
419 1425
1920 921
1594 99
4069 564
3567 2211
1390 2169
3099 2109
723 1434
882 4271
2145 936
2189 4181
113 588
3164 1843
3765 1223
45 287
956 2025
241 4272
3458 3164
2817 4601
1553 1867
54 2278
1323 4535
2479 1298
3861 454
3859 3392
2331 3377
4524 170
4546 3130
4173 2288
4033 496
893 1950
2974 3230
4200 1307
4439 4776
3857 1122
132 842
1210 1595
4652 1624
2608 4120
4122 4210
2462 1435
2028 2778
4609 3320
2442 913
3856 1400
1060 997
4041 364
2596 355
4184 1198
2507 179
2288 2665
2226 2996
1117 285
3218 2175
4464 1481
4616 4715
2341 811
1984 4286
2990 1297
3439 4555
2997 1890
3084 1513
3375 3301
3399 551
3536 2649
4388 4885
4596 2238
3852 340
4751 1971
2663 4354
3549 352
1918 3504
1384 4464
2351 455
1322 902
4689 1699
3354 2577
2779 4775
113 2445
1304 738
4064 2567
931 2487
968 1819
3775 1128
1871 3558
2491 369
1188 3238
3405 4691
1268 2075
1497 3076
4666 512
3687 3082
4119 1104
4247 4755
3524 970
4972 998
968 26
2072 3415
1343 1443
3439 1039
1102 3708
2538 1989
2375 2940
3017 3296
3017 2593
4845 702
3107 3664
1013 2407
987 2760
3180 4897
4188 4585
2074 4669
3855 4121
1927 3650
1565 999
1276 1149
2521 3123
2512 2130
2325 260
288 921
4360 183
3972 3947
2256 4882
1907 2393
1287 505
3630 371
3020 1411
2304 1193
1459 4036
4382 3118
476 1133
4349 792
840 238
308 2536
3605 1578
4159 4735
1708 951
4921 251
2410 1803
524 2430
3019 32
3619 1148
3247 4471
4169 2253
2209 1814
3782 3165
4592 1447
4317 4281
3995 3215
525 2496
362 4672
3217 2560
4472 4325
1153 2670
876 1400
3003 4994
1633 3926
1808 4803
296 968
3890 11
4179 4798
4052 2116
2113 438
2067 3668
4600 3576
4647 4592
1868 1462
1803 748
792 3383
2133 3992
2521 2732
2671 3268
2317 2497
652 2534
3526 2899
335 1716
3025 2881
2716 3681
91 3964
577 2700
2261 3136
3461 3399
3355 2209
869 1877
3885 1045
1290 365
2197 4555
921 1633
4841 3541
1617 2556
4936 4934
1061 3514
2844 3290
1053 3313
4610 3846
4719 1391
2021 2574
1806 126
2187 4050
227 4022
1124 3289
902 3151
3415 4203
3967 3480
2471 1727
1975 514
4509 1819
3056 3727
3337 1196
1693 4865
1187 4937
1405 2092
1438 2793
3112 3537
4308 3381
230 2087
588 801
3681 801
1751 2258
3986 1361
483 1155
2147 3183
4179 137
1664 1716
3431 3044
1687 2813
4660 2767
460 3353
4556 4165
1400 4952
218 1182
1510 3638
3344 3769
4779 1135
936 4968
4757 2293
4393 4870
2702 534
81 1004
4943 3363
221 1986
312 416
4473 975
1340 1444
4513 2728
2718 3554
2261 1134
3267 4745
4856 2355
90 107
1199 3483
1304 2518
1860 101
3337 1677
3327 4677
4055 437
4757 2774
3031 4642
738 2811
3713 4085
3382 4968
2041 849
315 3603
3849 4581
846 2036
1403 1557
2562 645
4001 3367
209 3726
4004 496
3051 3871
1727 66
4639 2778
1716 1275
3170 564
3555 2542
1557 2777
697 2723
4888 1513
4329 1411
4864 2632
2354 1147
2990 3603
3386 1128
3466 1778
3897 3051
167 824
4709 843
3371 3210
3629 2130
646 3935
2134 3073
4403 1625
1045 2380
3280 2803
4394 3466
4447 775
3243 1218
4098 4993
376 1234
2555 3760
759 4333
2757 2270
4426 4707
2282 3860
975 2287
2822 816
4594 4908
4631 2851
3042 3354
4243 83
3867 523
352 3004
402 2944
4623 1031
1786 1837
188 3526
4659 746
1703 205
988 3304
3779 2046
959 4568
2 4102
2607 266
1125 4259
2685 1617
1125 144
3246 2318
4507 502
1019 1312
4221 623
1730 1567
1634 2329
4431 2551
4366 3986
1800 2643
765 2077
2799 2263
4415 3969
3943 2165
2149 4721
3262 1443
3983 1805
2260 4074
2603 3444
3449 319
3413 255
3997 965
3308 4045
3160 2767
3417 3886
410 2771
3659 3590
661 4109
3384 4832
1940 4261
3159 4477
3296 1702
244 2714
1825 3402
253 704
3953 2974
134 4008
2437 2407
3245 327
1807 4524
4687 671
2201 2100
4128 384
4524 2039
3073 3614
1468 332
1636 1926
1844 567
789 3975
2182 1466
1770 1902
2468 2223
895 3595
2236 115
443 146
1549 1646
3190 1443
2974 1503
1448 2819
4775 3035
522 945
4123 686
900 3324
1971 4922
2311 3013
4582 653
4689 2332
2711 175
2933 346
1171 1366
4325 2735
4414 458
2664 4514
888 4425
1876 1233
3816 4912
243 1872
1969 2699
4791 4447
1269 2422
179 3093
2913 3403
2564 2674
4952 936
2855 4008
3373 182
1321 759
1710 2451
881 1047
158 4840
1612 2854
2166 2579
4994 1741
959 3901
2307 2219
723 4505
753 3713
2697 4870
2712 2234
1822 149
3512 2092
3330 2680
2973 3663
2902 3880
1557 1593
289 2540
4223 4192
592 3932
2210 1400
1725 3512
3497 280
1163 4951
3857 4273
1276 872
1040 4509
2370 2956
298 3652
3788 4600
553 3198
4439 1299
2275 829
4346 3247
285 4950
2711 4059
3065 2476
2012 2069
3 1617
4216 3395
2429 176
2567 2528
3239 4779
1680 4161
466 3539
2409 2392
205 878
2047 3267
2721 4076
4314 3463
829 1377
4152 703
361 607
4182 3148
3464 662
135 3641
4637 3918
2969 4080
700 4037
1049 158
2732 2757
3652 372
2244 4728
3020 2049
3847 3862
3209 1809
3067 2139
3506 4251
3535 3890
3802 3921
3008 3058
3099 436
299 1081
4239 3253
1504 1835
1619 3806
585 4885
2850 2603
3861 4214
610 1689
687 940
4431 2846
3350 1555
867 3791
3932 3820
3054 1122
1669 756
3784 375
2256 1101
1743 2833
4117 244
4204 4806
679 1481
4245 1501
210 1001
4083 4474
4789 761
3273 118
2764 3756
3473 467
1365 830
2381 3629
1685 2823
3431 2843
670 460
443 4130
2199 2388
1290 1867
576 3602
629 2355
426 648
2583 2350
4545 2628
4870 3986
2572 3895
4087 2578
227 371
3244 614
3870 2009
72 1613
4527 433
1698 1415
2639 3032
2061 323
4251 1280
890 4223
4973 3835
4511 1957
617 2815
954 1990
4697 3588
139 2200
4665 3133
4988 2016
2362 3332
1813 3820
517 1124
3947 4987
3670 644
2370 2068
648 4927
2791 3636
4699 2124
3807 4799
3905 1990
4958 1269
3112 2447
1910 1408
3198 2905
2876 3762
588 2259
4879 3749
3536 134
1278 4599
3572 2057
2977 3480
280 2004
547 2182
4877 3250
4833 4191
758 1957
4778 1083
1276 4893
1360 1156
3544 1747
5 4358
2517 4233
71 287
2076 1227
3965 49
4986 388
4604 3307
4984 3169
3952 2424
1797 3972
2564 3266
2395 507
2297 4361
3091 2823
3383 579
1204 1405
4695 2173
1450 2399
511 1926
434 2439
4341 4612
4214 2772
677 2360
3477 312
3537 2366
4175 2846
2330 1883
3953 116
1230 196
819 2182
2983 3918
4311 719
546 3712
2754 2987
1812 1946
3914 950
4755 1488
2573 4208
4024 514
3096 754
3206 2936
4084 3737
2598 4701
4565 2052
876 3697
1501 1189
637 3006
284 3673
4910 4827
921 3682
4101 623
3077 679
3414 205
1460 2291
4292 2942
1803 150
3833 798
3766 2891
3561 4315
797 2675
802 2909
3193 2967
1147 239
1472 3614
1780 6
1624 795
1457 4843
4354 2954
1654 4216
496 4683
4744 4621
522 3550
2818 1453
2587 1642
3899 4013
4053 493
2334 4522
1900 226
2681 4672
3885 4913
1135 4625
4177 4976
4676 1943
2658 1370
4524 2216
1822 3830
4390 2591
59 3461
906 1367
2433 924
1371 1530
4343 3839
2063 4000
3079 3962
3636 3480
4754 2238
919 266
1637 3379
1183 2742
2331 110
4311 1420
2462 2255
3960 3691
3704 3744
1253 1053
855 536
4341 193
3198 3622
2424 1196
3163 2696
2044 4806
1959 3135
1846 365
1179 3550
3557 277
360 4675
980 25
1480 64
3902 3168
2587 3572
2653 1871
4571 80
4769 821
1586 3091
2209 2672
2491 4605
2944 833
3815 291
4516 2785
4431 554
538 4151
3345 2235
4774 250
3842 471
2498 2598
411 1788
2164 3375
3741 148
1178 606
3872 3665
2060 2367
1675 2358
434 579
3993 3992
1399 4677
4055 1651
4604 693
3938 3434
3002 237
4076 1568
3994 139
3711 309
1128 3912
4801 2713
150 2212
2603 294
887 423
4870 3839
2453 72
412 4562
2327 4225
3532 80
1152 911
4324 657
258 1878
2253 339
4682 1257
2628 2380
4853 4819
2417 2944
4900 2541
5000 3571
1032 977
841 506
835 4241
721 2919
2614 3951
4496 3955
4030 3623
772 3989
2662 3230
3158 1464
4289 4878
3252 2473
2459 4959
4024 2985
4362 1634
2400 690
3516 3083
1722 4557
3860 3541
2763 2952
4648 2823
2174 8
4052 212
517 1009
304 412
2025 1058
2738 102
4659 2724
512 1372
2430 3600
176 2095
768 4683
1519 3321
1055 1494
3985 2320
3391 1118
2897 406
4553 2672
3616 4022
1806 1009
4165 1252
3145 4957
1185 991
24 791
2298 3505
1378 3397
3203 3512
3766 349
266 4718
2582 2731
2322 3038
1552 767
4632 367
3891 4316
3511 158
1998 4619
2244 1627
4485 3438
3156 714
4207 1930
3129 3383
1955 2337
2037 1525
1155 2672
1763 448
3820 4099
1326 4764
1961 1932
4818 1715
4259 3018
4974 3042
2861 1721
2763 4393
4557 2719
4894 3121
653 2320
2159 4899
2833 2775
4307 4704
1521 4832
461 700
272 4242
1988 4947
139 743
1830 4907
3091 693
2436 2425
1662 1873
2553 1989
3052 431
805 4185
2383 1658
1895 2188
4661 1428
2213 4611
3809 2503
867 4539
3844 463
2289 827
4720 2384
2869 2574
4470 4334
4295 1803
2761 3803
825 3570
1802 1701
111 3258
1292 3735
870 3932
1545 2184
1817 888
1199 3347
1269 2837
2911 2095
4027 4059
4578 3354
2598 936
4942 4970
4994 3047
88 4652
1511 4641
1643 984
1917 4086
133 4394
2332 2640
375 3664
1770 1653
4516 1858
4956 3177
1292 282
4805 4092
710 3482
1494 4655
2342 4518
4271 123
3472 4998
3608 3040
4089 2217
461 2399
1820 1118
2947 2541
2322 3618
590 3235
2382 2246
3437 2944
715 474
3210 4817
2445 2930
73 2095
12 777
3753 988
2704 3383
2513 3045
2842 3242
808 1446
3622 327
4873 4640
2716 4773
2726 4587
2778 2125
2881 2037
544 1497
4492 3190
1025 2436
4294 3189
3731 1533
4854 533
834 3562
749 4490
2371 1993
2168 1108
984 4616
4857 262
4183 3644
1869 2006
4615 1241
2656 3231
2370 4017
4852 783
1474 1044
4105 735
3038 3286
1443 1618
2993 4617
435 1784
1223 4316
164 4859
2497 4610
462 1501
529 3213
4490 1487
1615 4934
4329 2594
540 2589
4764 514
2311 2593
2523 3555
2716 1540
381 163
370 3494
3263 2787
1309 1124
4513 4568
4852 680
1026 1417
1063 4576
4509 216
1404 4002
779 2222
2699 4890
3652 4596
3156 3500
109 214
2339 3164
298 1512
3609 3281
815 1270
2635 1635
4833 1426
1202 1041
2119 1457
3602 1230
2381 673
3993 4068
1035 890
3112 3101
4516 2294
4311 2581
3792 664
1357 2555
3082 4496
4237 2407
3973 950
644 3832
3471 681
3899 674
4559 2301
2570 2564
1538 2471
955 4557
2273 3757
1998 803
815 1637
275 3466
4441 1486
4351 4504
4413 97
2525 4611
4327 4239
3585 2245
4273 3785
1465 688
4268 673
329 3899
1420 2993
1844 3583
2484 3157
2841 984
2448 4318
3120 2694
1933 4018
2796 1859
2409 3339
3805 1384
2108 4450
1870 368
3131 4390
4912 1854
2346 3409
3858 3415
1882 95
4849 4462
4320 3930
3913 4586
2156 3483
2530 2257
3800 3483
738 995
2925 642
1107 650
4844 102
1926 3347
2473 4535
1935 4556
3938 3118
4928 499
4958 1548
881 694
2983 640
1807 1307
2010 3932
3497 1336
8 27
4761 861
1380 261
4153 4003
1823 1288
1849 1620
1621 3086
4308 3944
3796 4908
1979 2002
1705 2432
4222 401
901 36
471 3669
4447 3160
4475 262
2239 2892
365 3144
1035 579
705 4364
3873 4109
4198 4450
2984 3780
158 3663
1005 3458
229 2008
3790 1568
1970 4578
2524 3005
2536 2139
291 1390
1505 1535
460 3555
2933 4567
1364 702
1907 111
2025 2772
202 3817
4159 260
3015 3216
4682 1875
903 4431
2483 2076
4197 4473
1613 3043
2920 1735
1787 4940
3936 1936
4526 2165
2955 806
1010 2497
1614 1950
3082 3444
2000 2510
3504 3083
3828 56
536 2874
638 104
4277 2679
4888 1103
2207 2571
327 4804
4689 2688
4571 800
4123 1502
4624 1199
2738 2641
1590 3531
1129 2550
4059 973
2732 3627
79 4567
2258 734
2958 2598
4165 4517
1887 1103
2068 2074
590 151
708 4764
1213 4256
2149 994
1116 1727
3329 1611
1667 1676
1682 2982
2384 4706
3795 2691
4675 615
1508 1213
4837 535
2574 2314
221 1348
4450 3829
4099 2700
3306 1660
1195 4452
3695 1832
3501 1752
4982 2088
4321 2676
1564 4643
1553 77
1314 803
1083 2450
4465 711
4664 4352
2484 1444
4066 546
2069 756
2623 676
2033 3125
3381 1064
1283 4599
3497 3149
657 3191
1135 3025
489 677
1279 1737
4841 1823
1723 1211
768 684
3440 1535
3333 3664
4060 1028
422 2222
2209 2767
1254 1741
2724 354
2173 1384
3793 3011
3343 2222
1179 2908
2652 1537
1141 3864
270 3147
4033 630
3296 3913
2659 4191
3863 4873
3698 1653
4504 4375
4619 797
4103 2240
800 4409
1354 2897
207 4351
3887 3943
2211 2242
4898 2592
4075 671
2113 4703
1335 1057
3545 4996
4254 3802
2695 3392
2277 4676
4656 2819
1839 296
2137 4937
1044 238
2630 4348
1963 4620
4768 1223
373 737
880 3634
3616 1239
1723 1222
2668 4113
2169 1602
1146 3095
1174 2510
341 296
1557 2773
2661 4576
3705 4916
376 971
2528 398
2555 4125
2803 2283
3194 3199
1102 4715
191 224
4177 1761
4176 2363
3887 3171
3110 4230
1796 3446
4151 339
3507 564
729 20
4404 2559
4515 4299
2996 2444
776 4596
438 2392
2945 1417
4217 4307
2937 2896
2938 2870
4443 992
4904 1926
264 3325
4273 2988
1843 495
3363 1397
2684 2923
2136 2441
3208 4849
119 4321
813 1538
3523 2993
334 2561
3607 3401
3809 1518
3654 809
2278 496
391 1990
4798 4742
4950 47
4449 3353
3377 3026
1288 1345
183 2927
2896 1520
1427 3414
903 2529
332 3845
711 148
4036 214
3603 3136
1940 4791
4777 2325
4571 1725
2286 237
3991 649
4731 991
2720 4717
4776 1540
3138 1459
3784 2375
8 687
3878 4814
4609 502
3260 401
4598 1937
3377 637
3627 1757
819 3258
3346 1585
854 42
4861 1322
4557 1042
1560 2585
1299 793
2147 3397
4466 405
90 392
2617 1149
3022 303
3824 2458
1424 2021
1773 4318
3396 3971
1020 4604
4731 3115
3189 1443
1691 221
1168 1050
4924 468
4653 945
1276 657
333 2152
3050 1138
138 4240
1297 355
1232 3513
2787 1222
1870 3499
2494 3324
659 1607
3533 472
2132 4983
4283 3995
3650 2284
4491 2413
2945 2556
2636 1672
1527 3517
612 2972
3182 3299
1033 3410
625 4634
1831 3728
268 2684
2577 1968
3704 3836
4025 3614
3251 304
1498 1846
3807 4763
1657 1573
3946 4955
1986 4635
2175 2710
1919 3381
1932 1458
341 3118
2377 2610
1864 4590
1683 4408
3284 1889
1180 655
4971 1170
3366 639
4670 2138
1703 36
4658 1011
2389 1342
4828 3920
1415 359
2389 930
2177 1146
3234 3462
647 2176
833 1060
4110 5000
3378 1934
379 4758
4529 3112
4373 3863
3400 662
1009 2444
2518 3665
1643 3600
2434 3649
1026 28
3722 4009
2193 2533
3279 3869
326 1433
2251 1768
1253 603
4510 2110
850 4744
848 550
3785 1379
473 993
2204 4399
2853 1262
641 1380
2057 697
3526 4372
2184 4275
2729 4747
3876 3762
4143 1219
2521 124
4942 2567
3618 3460
1450 4651
1456 2383
1954 4189
4495 1310
904 3501
1659 1556
579 1990
2930 2356
3070 1984
1046 1698
4602 3571
3609 4694
359 3987
141 4942
3881 2235
3198 3692
1973 2867
2819 2434
1655 627
1803 3292
660 4519
3711 3076
450 3586
4565 409
1433 825
3426 2139
4338 1848
892 4799
2156 1036
4824 89
4637 2429
1125 3014
4369 3221
2872 1688
2952 2790
1625 2392
3405 483
136 908
2722 3576
813 392
4383 3161
2151 650
495 3828
2875 4439
2543 1780
2349 2005
4663 2155
2085 4958
4047 1524
2567 4408
2051 2703
1013 4176
4227 2829
2575 4055
1400 2420
4746 4155
3015 2860
778 2646
3324 1839
4610 3039
209 4688
1262 1084
4487 3861
4438 4597
3632 3155
547 2018
1847 298
4700 4644
4971 2534
4135 3161
4200 2018
3828 1190
3633 1682
2952 693
2 4327
1552 2840
1557 3070
1998 3793
173 1756
1883 4136
3750 3266
290 1222
3501 4200
1030 2690
2876 699
559 1432
4854 4031
260 2494
1720 676
4996 4315
2489 2586
4901 3539
3184 3471
386 1895
599 4901
4936 2535
2717 3066
127 2446
3739 3589
2287 887
300 242
1824 659
3762 2986
2928 171
621 3863
4484 2873
4390 3185
4524 1411
832 4762
3915 2779
2298 1550
2741 319
2084 277
1998 3916
3381 4229
2744 1784
2543 3700
722 995
1322 2698
3210 4938
545 1337
1166 2458
759 4072
4929 3625
4836 690
3276 4490
978 238
3961 2651
700 2442
43 3543
265 4746
1971 4594
3937 2672
256 1715
552 2055
795 378
4838 2444
974 2939
4708 1199
100 2111
162 4246
1308 2629
2857 2380
787 3071
4678 1124
3732 1121
10 1967
3246 1783
3990 4959
1282 4159
4023 751
2589 1749
2774 3182
3427 2340
1027 3271
1049 3846
472 4546
4640 4403
184 2385
1946 4214
1386 3744
2592 2294
15 4341
2083 141
4416 3040
794 4728
3089 170
3482 1306
400 4887
1237 4816
2043 1093
2811 1008
1621 4052
139 4807
4989 2397
4089 3271
2974 1277
967 2652
2813 4529
450 974
3153 4385
3363 781
1601 2414
2465 1444
3451 4601
2033 1759
4728 2025
3334 1995
1869 495
2516 382
1854 4490
3866 2844
4773 3537
796 477
3296 1804
4530 1115
179 3768
4319 4792
2609 2071
2258 642
4667 248
1727 2286
425 3647
2968 933
1991 309
3664 3910
697 929
4923 4410
584 3966
4873 1935
2235 3371
2895 456
126 48
2796 1046
3116 1601
2294 571
1098 3854
1224 4409
599 525
3596 1519
4133 2040
4329 3967
3907 582
3359 4415
1632 4559
1182 4228
1313 2040
4400 4480
2671 1853
2806 1103
318 2792
3935 1255
4644 3766
1304 2909
3319 4034
2956 4123
637 557
4957 4852
1376 113
4053 1760
2117 2003
1266 3372
1376 1732
1324 4570
2803 2640
2816 4207
4405 3414
463 3766
1889 2549
560 569
2842 4196
3029 3712
4235 4349
2579 3964
210 1076
1401 1411
2471 2703
4139 769
4581 4259
2840 4287
623 668
4541 2344
3663 1721
2340 4071
250 4273
229 2365
4380 1682
4424 2521
2192 3438
3663 4114
3280 2997
1524 3565
2176 1790
3711 1689
4402 3513
4668 704
2215 4087
1040 3766
3809 985
3593 779
1831 2742
146 3399
3810 3715
99 3258
205 2306
1381 4520
804 263
2225 4921
1438 76
4261 3027
4009 667
2104 3904
3186 275
3446 2755
1478 402
3227 2281
3395 2266
1533 4694
1774 670
1651 297
3205 1253
4068 4394
1991 1687
2677 2974
72 4846
4507 1520
4786 2813
1644 3269
3738 4251
99 4021
2165 1992
2771 200
4744 1654
2902 1689
2941 35
4321 4869
19 1338
3727 376
2545 4511
94 2023
1486 4016
1918 375
949 709
2580 2908
3518 3473
3264 531
3177 736
1976 2196
4266 3818
4133 1177
4679 4541
4024 2808
4285 3782
4517 2563
1736 4001
2217 1912
1305 2825
4161 1610
4933 2929
3823 1677
3004 1518
151 4320
2666 4336
4549 539
1425 4403
3437 282
1338 1708
3585 4598
2463 2768
2617 565
2948 1474
4457 1983
2026 564
3953 4832
1150 269
3177 2240
455 3470
3259 2517
1338 4038
3166 733
3055 480
2950 1634
2115 3811
2956 4312
987 4194
1627 3326
3081 4423
4997 2778
4938 3127
4110 1665
528 3174
2753 393
4897 3179
2135 4294
2320 3349
3028 1706
3580 1162
3954 2366
1075 884
1882 1540
3265 2721
4261 127
4214 642
2524 3030
4578 3844
3055 3548
3683 1173
1229 1871
2215 2305
360 1939
2855 4349
3954 3134
1832 4770
4302 4012
4288 698
4102 2698
2806 4628
91 4323
4599 1070
1769 2533
1384 212
4787 2293
2300 4407
3299 2022
4954 2138
3149 633
814 2581
1005 4897
2124 634
1829 4472
4395 635
2189 2810
3321 4069
2942 2978
1283 2556
4928 4179
4047 4117
4537 2281
3031 4083
3458 2827
2450 2466
4003 2133
3822 2944
1852 2082
2951 2340
2188 1196
3454 3528
2508 2450
1653 3580
3997 1252
3173 4401
3969 3376
1864 4798
337 4898
3044 2302
1066 1186
2013 1757
1324 412
3610 3119
4734 2939
2117 1563
428 1082
3549 2240
3178 964
709 4113
2526 1017
2501 759
2014 1410
1734 248
53 3845
3606 4259
673 3447
182 2638
427 4404
2744 113
1349 1966
4054 1346
4963 2471
3950 4720
2490 1041
3598 3750
3978 1427
1178 1943
3893 155
198 3252
2710 251
588 806
3336 3083
4265 1075
4588 2715
2675 1141
1629 1945
4057 382
3589 817
2741 564
2824 3368
1311 157
675 38
2494 382
1800 4166
4150 4567
1274 1727
3628 3420
3764 748
168 1654
3913 3690
1133 4985
1347 165
3069 1600
4710 4088
3288 450
1109 2104
1261 132
1847 1207
2159 1344
671 3846
1183 2428
1120 127
19 2850
3245 3944
2408 2565
2708 4328
2497 475
63 1192
1617 3760
526 237
637 3973
3191 3605
4889 3571
3384 2435
4770 2713
396 3966
2909 4001
1608 3017
3423 2152
765 1140
4136 3097
3762 3082
3375 3944
4497 4048
3003 3628
1042 803
598 1001
3424 566
3979 2400
4761 3327
1518 1812
2534 3389
2473 2421
3554 1088
2743 2961
2058 4573
91 2551
857 4242
1409 2231
3785 4756
725 3362
1327 4595
4973 4541
447 3337
2142 188
4529 1343
2313 4548
3228 403
3162 4161
4447 4873
452 4078
1110 2107
845 4127
1615 1611
4242 2645
4208 3144
1581 3477
4114 3624
3518 3540
1509 3393
1167 3174
1303 3302
4694 1002
2619 1866
3745 4336
75 4239
295 2505
3200 4834
2208 4104
1290 924
3042 147
256 3918
4529 1670
173 3158
2592 3589
517 2752
909 4607
1727 1619
3506 4769
1136 4056
642 4881
1278 4384
3758 4607
1811 607
762 2146
2400 4461
1257 3079
1560 3352
2411 2639
4658 3458
776 2589
2282 3723
3081 1487
164 4246
4222 661
3580 848
221 130
452 2497
2476 1107
1422 4154
2808 3476
1730 4000
1595 2728
3038 3346
4672 2133
1807 471
2919 2771
280 2258
3580 830
3161 380
4916 1489
273 1795
4366 2105
3186 1487
147 4460
133 1819
1483 2313
3693 4984
1900 3779
4687 2933
2906 2164
1183 1048
3082 4213
3529 514
199 3827
789 840
1969 1501
1096 550
4783 1177
1463 1734
2180 1552
1639 3436
3474 4657
4119 1265
4830 856
696 2423
3407 4834
4137 3833
4880 1877
4651 61
4297 1154
196 204
2306 4545
729 4668
2270 3798
2800 2035
4613 1790
2984 3528
2615 4439
852 2242
2546 1300
2144 1337
3798 2851
2958 3811
512 1205
530 975
2537 1496
3269 4655
3106 4238
1844 901
3804 1012
55 685
4215 1214
1194 3093
1134 4203
823 2333
4613 3616
3804 4233
1015 882
3333 2778
2515 3129
1866 3698
4543 2129
1917 992
4695 2169
4643 1613
3443 3926
4885 4320
3493 3683
790 3854
1521 2588
2362 3315
304 209
3431 1004
460 2193
4200 1782
3218 1885
4995 1730
1881 4580
3074 3159
1902 321
2379 661
4145 470
3620 1113
3355 3774
674 4832
4555 34
974 3624
201 1131
26 3250
359 11
256 2010
3804 3023
979 16
4628 4186
2939 3465
1042 3774
4058 3639
3308 3182
3206 2773
1883 4876
3692 2981
4704 573
4217 324
1743 628
1159 2174
2642 483
792 3060
1632 1374
4502 3980
4152 181
4188 2395
4201 3999
3219 1736
4127 4354
2545 1664
3068 575
4096 1671
995 3527
272 763
1536 743
2333 3107
1109 3590
4477 4173
3968 2794
551 2790
4494 2325
3721 1918
864 4170
2378 2000
3723 3868
3580 964
1216 747
4769 983
1054 2976
1844 775
2086 2734
913 3255
4078 630
1816 1141
2595 3582
2430 4790
2505 4895
557 2311
4974 3709
54 4675
238 2215
3564 2612
92 2115
2861 3196
4528 4889
805 168
1027 4924
4390 492
2721 335
2119 4982
974 1640
1219 4362
2023 1789
2472 2988
3202 3117
1367 142
2741 2051
290 3075
4790 1573
2354 201
3491 2985
4387 440
2817 557
4446 4385
4080 4662
4034 1741
317 3687
825 1589
2375 4815
2777 3950
3281 1898
2383 506
2090 3858
2248 82
320 4700
1072 2368
4097 252
1146 162
4154 3450
200 2806
662 1132
567 2442
775 1781
3697 4536
4857 643
99 2460
3630 2231
216 870
4681 200
1547 2184
4224 2214
753 3083
2632 3045
2058 136
4717 2154
4696 4845
2208 2861
4827 3715
2163 4471
4524 1187
4696 167
1121 2150
1764 1239
4431 3609
4927 4633
2194 2854
4845 4356
269 120
2335 3750
4404 4337
4611 2882
2071 2638
3348 3
2264 4624
1149 3416
146 1454
4018 549
3290 4495
4720 1053
1710 3091
3911 2227
3681 4856
4679 3139
4640 1799
70 3372
4441 2492
4093 2035
2864 1961
2509 2162
835 4579
1847 185
1474 1642
2349 3419
2943 2811
2203 3871
2260 2568
306 1268
2291 434
325 1099
1507 4684
934 1055
4850 1995
4511 3582
670 4887
3787 3819
742 1067
17 463
1354 11
1896 1447
578 3780
2946 198
3342 702
4190 798
685 589
469 1363
4785 4838
4430 1525
4948 600
1074 2765
1652 4813
3984 4739
1608 2012
1420 4300
2898 1916
1147 3262
728 3384
2400 2911
4721 67
3975 4739
4744 4022
2158 272
4262 3491
1029 4748
2802 4215
2358 1059
1111 4787
734 2648
4318 4002
549 257
4814 1344
4093 4650
2249 1252
2974 309
4275 4155
424 2984
3320 3587
4814 2059
721 3881
523 4542
1675 76
179 1253
933 3866
3459 1964
3555 2621
4435 4410
3986 3437
4181 3866
4330 713
4915 2540
203 3014
1139 1012
1619 3187
4959 3128
4615 1704
3295 3470
2287 1498
2063 4305
4785 3479
1201 134
718 2216
165 314
4927 570
2242 25
4085 1364
1716 4833
3584 195
4522 238
4210 2396
417 3156
1867 4417
148 1734
1926 4891
2985 1062
1052 1548
696 4306
2654 3781
1589 4085
4373 4458
3699 60
1368 1441
2065 3882
3004 3096
3230 2295
2448 4279
1418 4432
4093 3745
2634 239
941 4014
1616 495
1551 4985
2146 171
2924 1272
1988 140
5 1730
3336 4422
1525 3263
1313 2293
4374 4661
4995 357
1176 2641
1071 3791
4187 350
4737 681
1788 3754
2689 1547
2622 3772
4829 1180
4748 3286
4606 3368
403 2907
849 665
2299 2759
1137 3297
4419 4666
4462 3891
1859 2213
1064 1872
91 2979
1235 3339
2827 4508
561 65
3727 3702
1722 3229
2674 2653
486 951
1786 3197
1414 1023
2104 803
2162 4674
4240 1315
751 2176
751 3060
2548 1586
4810 2611
2961 1592
346 524
3311 4234
4633 2746
4333 3856
325 2455
1263 986
2569 53
4073 1357
1920 860
901 2611
1322 4546
1478 4490
311 1371
3893 594
3889 2379
3756 2700
272 3992
4893 1889
792 4921
2775 2779
4009 33
4160 680
3944 259
3220 2761
4429 518
3363 265
870 1460
3091 1968
1586 2719
4306 1112
3824 4253
541 4383
3124 415
3739 1177
270 2699
4494 3220
2211 1380
3832 2202
1433 486
2552 1375
1025 2483
786 4843
4384 1123
114 2939
2782 3453
1185 1125
4555 4668
2378 4874
2149 575
3808 2679
3792 733
3291 2390
4183 1848
1977 4501
2774 1861
952 3765
4967 2160
3323 2897
3307 1521
2035 3838
65 398
2191 1105
1717 3866
3509 2109
2994 3481
3044 4496
4688 4974
3153 3424
4872 349
36 1594
3164 1542
3813 4580
2603 4171
464 4722
1443 1766
2405 2638
3688 864
3021 4645
2829 2691
1150 4017
4732 4160
3645 4066
1661 820
4817 1061
3403 1280
2299 941
2182 3359
1123 613
4046 1203
1543 4953
3217 543
1335 4781
270 4636
3385 1707
4695 1240
241 3211
327 1261
1104 3405
91 4498
2014 2706
2561 879
2449 2936
4506 3872
655 4942
1220 175
1194 892
4463 4477
2165 4516
395 3019
4681 3978
3917 1731
4935 2038
643 1613
2565 3119
4220 4920
3683 3206
141 1931
3582 2244
3909 2697
4731 4578
151 1217
4146 66
4862 2293
4523 2911
4659 302
2238 159
4013 3306
2711 4365
2618 355
505 3097
4384 3102
662 3294
4070 1649
107 4000
2995 3380
1664 806
3053 3063
1038 3404
985 2408
2026 4150
3978 824
955 2796
4273 1212
784 3373
901 4405
1333 4563
106 125
2884 322
1577 2914
489 1851
3644 4342
526 4382
2183 3973
4325 1519
39 2774
1647 4263
330 1857
3110 2945
4657 4050
4796 3545
1920 3594
2341 3686
4983 4981
4533 4009
4254 1433
4800 3101
3822 756
4986 4247
1791 1942
4579 4007
48 129
2614 2760
4238 343
4925 3724
1934 91
3024 2234
1764 323
3438 642
3012 387
1365 2535
1206 768
2368 2057
993 662
4184 2241
2385 3196
2476 408
3709 2223
3218 90
3851 2179
3244 4480
1582 39
589 1109
4786 3952
730 4350
1981 1411
2044 1450
1078 1622
4448 51
3456 4207
4432 3140
1054 3541
113 501
613 2608
3709 4270
4520 2046
3 2665
2568 1465
614 951
577 1285
2744 4846
3199 4311
1428 146
608 2821
3594 978
1295 984
3582 4140
1959 4398
2009 4437
165 585
781 3428
929 2050
4805 4229
3355 1366
785 415
4840 2501
761 3567
2558 1369
2914 3372
843 3457
4857 3286
4348 2281
4384 895
3687 1332
2326 3837
3671 1312
1381 1969
1952 4417
2642 4778
252 3551
4742 639
4852 4563
372 1377
4046 1536
824 3403
3588 1108
3812 3665
1820 1390
4443 4509
1263 1192
4977 4980
2274 2842
3329 2708
2726 1683
3043 703
2161 450
302 2334
3089 2638
2220 3057
3531 1397
3288 3384
334 2312
2945 725
3472 1529
2934 1859
4259 3041
1837 4428
1821 3991
2838 3453
3145 656
705 1553
1049 529
88 1127
2154 2393
408 2239
32 37
3594 2948
871 4868
3329 3343
3999 709
2635 4239
3600 1971
2374 2314
4560 804
3320 4678
926 4786
4725 3794
3083 1492
4096 284
4964 3064
3867 2796
4877 1305
4095 3787
4577 3775
4944 3930
2930 430
3615 371
2753 3651
2026 4961
4949 154
578 4484
1333 3682
1906 673
60 4759
2982 3696
765 3475
94 288
2445 4220
1319 2659
1136 94
2557 4697
2644 924
2336 2697
346 4240
4656 155
2721 3204
510 1941
2495 3980
2291 1228
4205 1587
1964 2912
691 3778
4444 2205
1160 3946
3117 1681
4590 1802
2 1295
1081 42
436 1304
2377 1769
785 1780
2057 715
2996 2347
879 14
4451 1510
1417 3297
1534 3142
38 1407
3678 4804
4529 1789
4942 2862
4658 4092
3426 3200
1786 889
606 3797
2094 2168
1644 1427
203 1899
745 4051
1958 3516
1386 1117
3331 219
2213 4565
4083 1165
1313 3870
1195 3397
4572 320
2227 1374
3730 3095
1602 3746
1358 3272
1731 1741
4826 4526
214 1315
3924 3276
852 883
2651 3104
4083 370
3326 2708
3917 224
841 3535
2140 2408
1093 2654
2844 359
2924 4511
133 4203
4989 3457
4106 2910
4381 1987
2540 3260
233 1058
4173 2873
2246 1409
2539 906
943 3160
101 1379
1616 2898
2696 3636
2683 4633
3122 2127
294 3533
1324 2908
268 910
2340 3572
4182 4766
4913 2017
3342 3319
2650 2653
4153 2111
4251 4708
1905 871
2966 1103
1257 4638
569 4605
965 1540
88 368
1642 4534
3382 2296
309 585
828 1562
3358 4278
790 901
1730 2980
2591 2647
4219 1563
2376 3401
912 477
752 3458
4460 1525
1906 4958
17 1306
67 2711
2447 1999
887 4357
4368 977
2117 2606
3774 2428
3328 2527
3308 3332
4402 4649
4875 2973
3019 4002
3521 1399
1633 564
396 2348
2992 936
548 1005
3175 3905
1713 4542
538 2962
4849 590
360 373
4260 604
4016 576
4612 2121
2031 1829
915 1883
360 2538
544 3735
3610 2975
3545 1052
662 2205
2285 1939
4686 3258
2222 1904
2983 4557
2057 1944
2077 219
4536 760
185 2431
2811 1280
90 2008
1522 2198
3574 3222
334 4412
1288 889
3031 4335
4290 4423
1685 4834
4773 9
4286 1486
1364 4013
3279 4947
1201 691
538 2236
4205 2700
996 485
839 420
3130 315
1510 2083
3694 2263
4669 1518
561 2513
3244 1785
4410 241
128 3532
1590 1953
3035 4740
2456 2155
3606 2677
1285 3912
3435 1920
783 4973
855 2130
1597 3221
3999 1656
1990 3070
2710 4163
77 4227
3584 4539
2522 1540
1894 1942
3098 4099
2610 3328
964 4047
3836 1581
418 2156
4359 1226
3378 4438
4386 3176
837 4551
3032 685
165 3410
2444 4226
4929 4831
4599 3700
4350 511
1735 4258
4843 986
3167 1518
843 2151
3193 3866
1905 409
2014 2303
3721 99
2406 3922
1151 4229
1330 3850
957 3726
4882 338
2348 1495
4198 4605
4886 102
3007 1728
3028 3053
3166 4598
752 2645
3674 2450
1984 4885
3744 807
3830 1361
4624 1479
348 355
3328 2061
1772 4153
1708 1670
2228 415
6 1359
61 293
700 3286
2071 4106
1186 1391
4365 1002
3533 4534
534 1920
1751 1903
237 1912
3121 106
1063 630
508 2639
2198 4245
2512 416
4219 2756
1584 354
1132 1971
1698 1201
4905 2437
2481 547
3632 2833
279 3897
502 1219
522 2632
4614 2722
1799 4396
4013 587
3687 580
2634 3341
2980 21
4278 1154
2460 2368
2360 3628
3107 902
204 837
2481 4816
1397 3443
4486 4471
3615 1467
2857 3267
886 1726
812 3576
2418 4892
410 1242
1580 2827
287 2129
483 1569
4202 2546
4844 3800
4801 434
1394 1339
3881 4639
1520 2699
2377 4042
4101 3215
3731 4212
3392 1309
80 2035
820 3596
3092 214
618 4865
4085 122
4708 2884
3608 4676
1374 3564
1851 1775
4410 3601
954 2048
112 4988
4037 1649
205 3130
2675 2572
376 4669
992 1325
2577 1880
4424 1058
3031 4379
4632 129
1288 4575
1621 2243
2241 1572
1292 1640
912 2169
4112 3728
4241 4467
3309 3782
4991 1505
1428 1973
122 4239
1963 4240
3823 2932
3575 1916
7 694
3105 4096
2221 3519
4510 101
2249 2806
3594 1602
3025 3518
2154 2125
3399 4704
1624 1931
1362 2515
3421 4461
4366 3208
2713 353
3418 3890
4350 2763
4009 2679
4719 3232
3352 234
3900 504
3190 3028
4264 3883
4808 4077
2140 4732
4411 2933
2534 4828
2536 2157
2714 4820
4609 2988
2982 3869
1473 86
538 3057
2452 2008
4948 2290
847 4293
3222 2882
523 539
4020 216
2989 3510
3203 4800
1576 4170
1541 49
1399 1953
1280 4836
345 883
3781 3308
628 4615
657 3317
3607 2296
4978 3451
3357 4474
2231 4838
4653 3215
3084 2286
3278 980
4015 4977
2270 2531
2815 873
4148 3950
1097 2015
3956 1761
3540 930
3329 323
2578 4116
4717 3471
3631 4892
3114 1961
4600 1975
1593 145
912 2447
4432 1741
2564 3340
4383 1553
1953 3741
1409 1974
838 3043
3203 3045
4939 722
1853 300
2575 4167
3351 1335
2782 545
3644 1837
2517 2370
4147 2439
2411 3979
858 2885
4529 157
4129 2998
347 2425
240 3069
1406 2190
2296 2573
2808 4260
4594 3566
3827 172
2922 1910
2320 3418
4549 2156
3139 2798
1548 3060
4945 2478
4369 893
4098 2151
728 2744
1289 2724
4212 1914
2717 4444
1342 1672
4781 4033
762 4493
1779 2537
2283 4313
797 2752
2263 4836
445 1481
1079 2771
4531 3584
4070 3780
537 3984
2674 202
941 3336
1208 3892
4414 4583
3965 4950
3207 4327
4273 2312
4292 2814
3521 3761
3974 1035
3765 2264
779 2253
3542 1286
3998 2671
3107 4238
2542 1491
1006 3396
1474 4534
2596 3523
1298 966
1743 877
1809 102
4773 3829
395 652
4097 4911
43 1040
624 2314
2240 2128
2947 4784
3276 384
4740 3955
1593 614
3802 2263
1128 3783
706 1236
3359 1726
3515 2940
4732 610
22 3906
3593 1596
776 2376
1733 1658
920 2956
4958 2572
2709 4017
4652 683
1753 1690
2124 1892
58 3521
4331 1762
429 1378
887 750
2987 4884
2230 3800
2230 1862
534 4178
4211 2120
2169 585
949 2733
427 3130
4260 1749
34 2749
358 2918
4526 2541
544 318
3853 2653
838 3441
3253 4359
4669 3682
1954 3075
3615 3819
307 3119
797 3546
4830 3478
849 4579
2900 288
3320 3646
3293 3764
4359 4803
1943 3798
1846 4837
1794 2859
3271 3052
1069 1134
3290 4788
2765 4092
3376 180
497 3553
4534 3657
1829 187
4155 3804
4253 3106
636 2221
4765 4762
4777 4951
4959 1339
59 4955
44 1734
3459 1193
1845 4675
484 2290
3782 4184
4548 1188
3367 4761
264 4619
3090 3026
857 4358
107 1090
2847 849
3155 2069
4920 1552
289 2911
2440 2783
2423 1611
3142 4398
217 3989
1417 1370
4861 2250
1775 895
289 201
3623 921
888 4769
3799 81
3359 255
999 4959
3815 295
690 2883
3956 1817
1066 4870
975 1177
458 4411
861 2275
1808 1698
4350 1203
356 4738
451 267
3640 3115
3447 1598
2443 3592
651 4682
1417 1977
564 830
774 2105
2843 2150
2004 4354
3481 4311
2702 2358
3848 2584
4113 2191
4202 321
4568 362
2404 2931
3064 4208
1021 1764
1102 3563
4716 907
1546 3579
3893 3295
285 4616
4162 1928
1156 520
1484 3767
1882 1214
1968 4702
4701 2346
2666 3951
741 3823
3342 3365
1032 4117
1051 1359
2079 3319
821 4914
2662 63
4128 2738
4014 2062
1093 2695
2135 2994
4434 2681
3160 3250
2993 533
3431 2030
2435 2912
3608 2251
1419 2701
127 4387
4070 2005
1340 462
2310 1123
4775 4104
788 4055
4156 1825
1215 3066
4868 2463
750 1208
1231 234
687 1604
1295 1930
1843 2040
2588 3456
2381 2421
1146 2281
4867 3068
187 710
4067 4213
1865 76
3178 129
158 1464
1159 771
2406 979
2552 3730
760 1971
4158 3846
2143 3560
4396 693
1344 622
1671 878
4411 47
4407 1926
4694 4906
4237 1971
3254 1805
1457 4603
280 69
3501 4452
3709 1452
4895 1062
1242 4526
2068 3684
2371 4052
134 2308
4562 2690
1461 1379
664 1455
2413 882
3358 1266
1401 2225
4556 3273
2600 2306
4127 1854
2857 3751
4221 4526
2076 4059
2722 2
4818 1731
1294 1899
704 1912
1159 490
252 1959
2171 2352
1544 2436
1877 1874
2957 3972
2925 3408
626 3664
793 1496
1583 58
4115 2946
3011 4800
1949 1843
2450 792
2713 558
2940 4533
2321 4206
1163 2887
3426 3358
4757 1090
96 4832
94 82
2909 1712
4887 1240
2527 3665
4330 528
4643 1444
1668 1259
3493 2762
573 97
4157 3280
4912 1640
1926 2063
3346 4432
4569 2487
2595 3885
939 4488
35 4722
2059 1070
4814 4230
1419 1
3869 3072
912 2187
3538 3679
1843 374
997 3508
4571 4303
833 450
736 1953
1177 3299
1719 4256
125 4652
4687 3024
4173 1415
3993 842
2349 2561
1909 467
3111 776
4541 2633
2594 1658
11 2039
4537 3209
1596 2944
3022 286
3570 3497
2242 3285
3085 341
3850 4473
4732 1548
1855 3936
1323 1651
2075 2268
4339 3825
1926 3553
3405 4623
3418 1296
2257 3007
4182 4566
4961 2809
1814 1613
622 2356
4451 697
4174 3512
4683 4695
1308 3409
2537 1089
3519 20
3582 4947
3842 1363
4171 4482
4538 2523
1742 289
4685 4564
4234 858
4347 418
885 4220
4503 2328
1380 527
2310 3070
3553 3633
973 1218
4086 1238
4225 2098
4383 1491
2630 558
2207 4260
1320 2363
4335 2109
4661 3041
3211 4551
1356 3750
1078 3116
2234 586
649 2808
3695 1997
1249 1331
3836 4647
2278 3753
4010 1139
966 3799
1422 3477
276 596
2670 2812
400 4899
2897 990
2992 2222
830 3753
3101 1838
2135 4243
1985 4200
4920 3359
2813 983
4418 2905
1422 3223
700 1866
3457 4604
363 420
3005 3993
4697 2311
4999 4987
612 2207
4709 513
4458 899
2950 4087
4839 886
426 1101
1212 2913
4122 3126
1355 2440
920 4845
3809 4189
4266 280
4537 860
2304 2471
1416 873
1360 692
1176 1324
2554 1584
3904 2369
1996 4263
425 1327
3868 226
4644 2326
2426 4603
586 3625
3225 2404
2199 1265
81 4526
1755 1008
1754 1572
4865 149
4826 2264
3903 4164
4741 2327
958 4438
166 4893
3736 758
1498 1278
3512 4667
314 4992
1700 1628
4803 671
3509 4909
4530 1385
2378 3205
3939 2195
3490 1204
4763 4092
3310 937
1493 3906
3688 654
4652 1409
4638 2563
4518 1055
4393 4254
2605 3999
2285 3166
2660 4718
3281 2343
1226 3199
3816 933
1771 3908
797 2323
4930 2906
4424 3306
1121 1822
564 413
2210 4262
2585 2204
207 4914
804 2987
4454 3605
4412 4217
3790 35
2544 3929
1169 3231
2963 1576
2279 1996
3982 3907
1662 4681
2526 3565
3764 2998
2281 4034
242 2709
3278 3325
3634 513
4301 2039
3196 221
4664 4962
3153 3155
2903 3878
4199 3421
4926 2576
3517 4535
4537 1242
547 3204
1786 4060
4925 3049
4336 2687
2016 554
1742 3911
4536 3600
222 1034
1968 2590
4890 4878
1095 968
777 303
3691 2424
1603 3253
3097 3298
3296 2713
2271 746
1443 3821
1235 32
3833 947
3882 659
1466 4846
1642 2562
1696 29
4356 809
4179 4842
772 4695
1716 3107
3577 4270
69 3864
1246 108
4324 162
1343 1379
3063 1618
2741 4478
2590 3497
369 549
715 3868
4330 2994
4291 4727
4733 547
1215 3329
1068 1185
3346 4932
423 3037
918 1097
3716 1198
2910 4264
3973 4
2621 3542
1595 56
2952 3136
2149 285
1251 4486
1432 2516
4625 1396
2499 1661
1167 3540
2495 4858
4446 675
3931 3098
2285 114
4379 593
1447 2633
1125 66
3104 2455
1228 1723
1393 2281
3364 394
552 146
1425 1646
2502 3094
4171 1705
622 824
1210 313
3403 2256
788 3208
3401 2109
1204 2519
120 1375
1714 948
708 244
2514 4514
3970 3625
2296 3919
106 2545
2537 1179
4621 3632
3345 2727
1489 2325
3550 1010
4619 4636
4528 1412
3930 1779
1812 4924
2248 4258
2489 335
1954 607
1809 2868
3307 4202
348 1832
2682 4552
1254 1826
4042 3297
533 4776
598 4439
1653 1070
461 4101
975 1752
3146 644
3240 160
4404 392
3281 440
2226 1560
698 4632
2811 1540
3815 1384
3494 33
649 1520
4175 1801
4916 3925
908 2239
166 4513
8 4077
4700 2833
631 3314
3661 3959
1869 633
488 678
2724 4184
1012 4982
764 2461
3383 3871
3198 1506
658 4095
1537 2955
4060 774
4920 3407
594 767
3724 1044
1617 1048
4290 3274
2347 4057
550 1835
3252 2367
534 2120
1996 67
3810 3836
1999 3639
4578 2800
1609 966
2643 2201
4246 3996
4525 368
2372 2169
2216 2121
3342 3832
2692 2154
1438 1536
3573 2740
2214 4233
2569 418
1801 538
1803 1051
4541 3703
2321 4501
3467 1896
4735 4837
447 958
491 4800
2293 1717
4394 4153
1600 173
3535 2870
2622 3799
650 1788
282 2930
4765 1572
2056 1936
2150 2199
365 3991
3917 240
4893 3542
2028 893
2774 2960
2643 1893
994 632
3475 4490
616 2049
3404 807
4913 556
3935 90
137 456
609 2848
4228 2957
659 30
1801 2126
3055 2974
3626 3352
1234 313
3455 3021
4003 387
1658 1282
2615 3262
2276 2094
488 4237
3414 1724
1189 4889
905 1890
1208 3233
3143 3774
4 2484
2195 1869
432 695
2941 1282
2157 4943
1135 4978
3536 1177
4931 3489
2364 2832
333 2162
453 762
1086 3992
2516 4453
940 2023
3284 2792
505 1889
3276 2348
2136 2953
3396 3513
1380 135
4976 624
3887 2908
4429 2043
4033 3386
1086 3301
2906 1688
4604 4137
770 3877
1724 819
2391 50
4284 149
389 1595
1912 1344
3199 440
4148 3912
3381 1486
4998 3799
2090 3104
3849 1735
1060 4219
2951 4159
1170 1197
64 1559
3094 4232
2904 2963
234 4513
530 4167
72 4880
4056 216
4728 2803
1597 3943
2949 1419
2889 4452
2359 4377
2559 1953
2598 4648
205 1696
1687 532
1954 798
590 4998
3347 1659
4030 4185
2275 1224
2727 2428
4164 4725
4196 2307
1422 3077
4717 1809
156 1066
2741 291
3367 942
291 926
2739 1715
4954 463
1232 1054
824 199
28 1865
1046 1452
2612 3789
3046 1344
3587 3464
3134 2846
2994 4662
386 1312
4245 4115
4784 1206
2338 2731
4053 2764
2186 2682
412 3541
3189 726
4297 3220
2209 1173
4941 4494
3875 3105
3538 4470
1152 4516
2586 654
4828 1951
4341 3743
1226 1054
2036 4538
2559 3955
2428 1252
2604 2884
3510 1517
1000 779
2978 3952
2365 1575
2794 4830
1110 3724
614 1372
4345 1291
4493 1954
3741 1132
3442 3836
2401 1827
3865 2218
4659 4391
3732 2339
1119 993
1231 2773
3008 2801
545 3190
2042 4252
3715 4544
617 1690
89 3442
1427 2122
1343 919
1973 1563
3100 1011
1804 1628
3330 807
2627 2956
2168 3183
3385 356
1947 996
1486 4499
2903 4718
4489 4881
2976 4956
531 2751
4048 4382
2513 1909
1471 4975
2702 892
767 1431
3199 3337
1032 4456
2977 2933
4602 1204
2587 1511
4092 3200
1771 3186
4793 2322
1725 3060
829 1951
4869 1267
1984 1173
956 3381
1648 1248
813 4646
1647 2320
1125 713
3061 3350
1378 2577
4522 913
1422 1362
802 3511
3803 1200
4917 789
1471 374
91 4798
151 1238
911 417
4533 2055
2539 2712
872 3927
1261 4375
7 684
1018 2156
1463 2455
1060 645
1933 2406
1432 3856
1109 616
4893 1208
1199 2173
2713 2081
183 1116
627 850
2554 2004
2499 2369
4293 1324
2922 115
3708 929
4266 3609
2611 2532
3239 111
1010 4038
2082 3346
1079 2671
4878 526
3801 2928
2244 3577
2356 1223
3656 1767
1147 1046
3100 488
2631 2028
2811 510
2689 1982
4332 2875
1269 203
577 2052
3051 1653
2599 3430
1420 1851
2702 773
4766 1112
4303 3989
4960 4634
4138 3036
698 312
605 2738
1751 4777
960 2014
4048 2319
605 4811
1292 3051
4099 2674
249 4624
26 4280
331 1229
913 1962
1342 3262
4188 3181
1939 15
3784 1604
2275 4972
4961 3209
4414 1925
265 129
1010 4329
890 432
2305 1490
4240 3566
4871 2395
1704 542
2847 1394
1307 3577
3918 2023
1941 2951
2113 2222
832 2207
1289 4987
1416 1617
2322 633
4937 1285
1941 2158
2366 1766
2011 2684
120 1662
4337 229
860 2928
2411 965
3867 4972
1052 2410
471 594
1598 944
1688 761
671 3345
934 3808
4192 1363
279 236
3684 876
2676 3427
283 3286
1369 1028
3027 841
2279 1636
4747 4580
3066 2748
3553 4387
1617 4965
3097 2177
671 3081
3320 4975
4868 1822
3399 965
866 4652
2420 4209
1177 478
348 3668
4320 3268
779 2878
3215 4304
570 1573
1626 1350
1957 4914
775 2865
1552 2212
2376 2765
2063 1375
3312 4469
3165 3788
2770 617
1115 3822
4189 2863
2366 2658
864 3244
2703 2189
3322 850
850 4047
173 3024
786 1374
638 3210
322 3525
4497 1028
3341 3127
280 1277
3104 363
160 3878
2567 2920
4310 4041
2312 1223
3305 863
3951 2761
4543 2635
2777 4371
3445 1314
2611 1607
2098 1780
28 3843
3092 842
4656 1634
24 3176
3310 838
2552 358
908 139
2353 281
3836 4515
382 2966
473 4623
1654 2143
4166 1808
1270 3220
3115 3669
1271 1404
2396 4506
3221 4201
470 2463
2214 1623
1548 1269
3326 4875
2441 3209
1041 2784
3239 3834
486 1242
3200 4365
336 1936
4196 2025
224 639
4177 233
3496 4457
938 2075
986 1156
3577 356
4927 2173
1665 1362
1152 305
1149 262
2094 4673
3587 1438
3090 45
3324 3462
4195 235
3962 1093
1917 1649
4697 4976
1391 4479
3922 556
4938 1729
2062 2140
2506 4054
4262 1117
1965 2181
2807 126
3780 3153
1991 3186
2895 1757
205 1355
3277 3279
2103 3518
111 2854
2656 2967
2395 550
3983 4042
3802 2444
3863 4245
769 2719
3013 2025
142 924
3906 3806
2583 811
1799 4281
1122 3142
2487 3994
1282 4410
748 1912
344 3630
3858 3170
4115 1858
168 3246
664 2962
189 3885
2254 4872
2058 3855
3509 2354
159 892
2375 1376
274 131
4708 4107
1515 605
1655 198
3707 4481
577 4147
2097 933
4643 942
1719 4923
4625 2926
1844 996
2019 1052
713 4611
3902 2273
738 2258
1141 1953
2973 1847
2840 2490
4761 4913
3224 4273
230 2714
536 553
4349 4112
435 151
4934 3578
2420 3157
4171 2877
2833 1320
3597 4756
1568 3475
2328 1315
3492 1879
2632 4398
1180 1245
2732 4469
4239 2734
4236 222
2619 159
1207 1593
3691 2789
2703 4954
4276 326
1515 4160
603 4086
1096 694
1075 2952
132 994
540 4307
3420 297
4292 465
484 4118
1618 2279
220 4187
1156 4305
3645 4328
3167 807
1536 2935
731 742
3336 2218
1863 2150
3585 3863
1441 3206
1055 2319
4788 3344
172 3353
1380 3729
4493 4452
1857 2651
234 2006
4596 923
2920 1765
1852 2293
3199 1214
2576 1420
4705 3561
4247 3145
2797 351
534 4209
4001 1101
4398 4059
4847 3035
1115 1501
3577 3559
3367 2644
4653 2002
120 901
2178 1774
856 4154
2556 7
3526 4293
1076 1998
4991 394
3849 2427
2264 1445
2066 730
34 4263
1779 288
2571 4128
1807 2250
1621 246
3036 4826
3909 1692
4024 2320
4968 3416
420 546
1558 2923
1601 667
3319 2288
2346 4788
2806 1473
3320 241
4231 759
2868 214
2892 3120
735 4817
3349 4004
2899 4076
2883 3095
69 3050
1751 2902
4960 1663
2734 363
1815 1918
1220 1569
4460 2626
4560 519
4818 1930
4615 2908
2920 2957
4810 3540
1232 711
1058 2315
272 2028
3337 97
3860 3288
2973 3307
4575 1259
2767 3088
3239 1872
273 1087
3748 1275
3067 3867
1392 2449
3227 3946
3123 1987
2088 2834
4082 4739
874 2088
4432 2205
2758 586
906 4219
2848 1907
3073 4418
2426 1317
4814 4603
2638 4571
4254 2768
1533 2964
2119 228
4219 3539
827 4968
2567 3958
1217 2897
1929 533
2486 1832
844 208
3573 2890
2978 1331
3546 3081
3520 2701
507 1852
4729 602
68 958
1079 4099
1964 2253
4859 364
4557 3666
1385 1136
4968 3352
3061 4334
1271 4821
4472 1326
4201 1437
2754 307
894 1085
3121 2284
2339 4346
589 91
4896 2619
2743 2210
903 3092
3073 4318
3544 2156
4514 840
4224 3211
2783 1203
3726 3076
2028 406
2627 3805
1321 1487
2670 4841
1422 3530
1140 1879
2519 4463
2712 4551
82 3097
1224 2386
3476 4365
1084 2821
1280 1866
3511 3239
2380 4773
3306 1194
2347 1330
4614 211
304 3543
2583 4997
2307 3924
428 284
18 2343
3159 3197
2796 166
4848 4399
2129 3652
963 2824
82 2984
2937 2442
4239 698
2669 2090
2481 2104
2338 3756
4417 2514
3636 3418
967 36
273 1744
4679 311
578 3976
1093 4732
4579 4767
3618 908
1478 161
794 4521
4588 1823
1770 1981
4572 4095
3635 3241
832 3965
667 1906
1616 3119
1357 3678
3036 3186
3198 3664
638 1642
4404 4065
830 945
3163 3146
604 2553
2775 3134
3180 1827
3379 3869
4882 1169
255 1696
329 2862
683 2184
4603 4106
2530 2487
3309 538
2990 856
3766 2976
720 1578
2355 301
1937 2716
1042 3341
4593 4196
4775 1188
2643 1811
4556 4819
4257 4611
764 4563
980 253
3563 2048
3005 3616
4427 376
2751 2122
4613 4484
3139 1895
1985 4
3931 654
4425 1568
3307 2510
950 3105
1884 93
976 1794
2577 794
491 2968
2167 365
385 3276
771 597
2773 3563
2443 3741
4862 3372
489 2910
1292 2570
577 403
2358 4749
2268 3589
1868 616
711 3302
546 1354
2877 237
4991 4561
1914 4099
3426 1112
1042 2698
3667 3895
4317 3769
537 4940
960 2064
4351 4119
1609 990
2652 3886
2161 4419
2988 3653
4574 1896
3657 1036
1747 1805
1443 458
2663 4999
925 3134
4084 3819
3121 3830
2314 4916
4525 3114
389 4033
3329 741
4441 172
4524 717
2762 685
2380 4906
21 3787
2158 1790
2914 2700
3821 1875
1738 3612
1251 544
3069 121
1063 2778
2134 1746
1157 4331
2322 2126
3965 4239
965 1923
2354 1943
1011 740
1679 1043
4676 4597
1719 3741
2696 4909
1818 2660
2837 3219
4316 3988
374 4487
4134 3506
3496 881
3332 500
2461 1956
275 2940
1954 578
4408 2822
517 624
2757 143
4913 2423
3028 2630
4384 2835
2924 3203
1644 1220
1879 2744
1717 1301
1086 2789
662 4949
619 3037
3470 3183
3177 4738
1253 50
2558 2109
1590 558
1832 2259
2376 1051
2333 4391
2008 352
3108 2278
3164 3398
1683 1894
2537 1870
1735 3034
670 4146
1126 3701
1094 1360
2251 4471
3167 650
3068 3246
2522 2688
4440 942
4885 1638
973 104
1045 3317
2976 2098
2009 3787
3420 1201
1648 2986
3319 2686
2461 2829
2598 591
4995 653
3337 3882
3714 2920
3823 2490
2570 1648
4323 4472
1612 2602
1197 447
2016 4929
2524 3992
1460 3552
505 3079
733 4102
3242 604
2504 1626
2608 4579
4035 1412
3049 3930
3518 2952
740 849
2332 1368
2021 4823
1464 2617
4111 2716
241 298
4222 4944
1244 3548
1540 4825
4358 4814
714 428
4702 2129
979 4810
3901 3159
2273 4095
4923 4044
3051 492
1840 1757
3884 3958
2164 3847
4494 2843
2026 3046
2133 2101
95 4452
2668 1974
4790 584
1869 166
1356 4403
329 2290
4725 2452
3943 1634
1988 4780
4707 1874
1989 1438
4695 794
488 1050
2777 2258
4201 2752
2507 575
2319 923
1682 3229
169 2710
3490 4958
3523 941
3710 4049
2468 809
4518 104
2463 1301
2273 711
505 3073
711 270
4837 2708
2849 4795
2132 2924
69 1670
977 4740
3259 4155
3200 1667
416 237
968 1763
2126 1390
2414 1518
2331 3683
1460 2795
2873 2593
2506 753
1317 1091
2588 1183
4135 4070
3545 2508
4927 1073
2617 882
535 4181
2267 4120
2359 4323
4274 4674
215 1250
2640 1427
2298 4349
1276 4829
4726 1487
3941 3507
2313 1478
751 1932
3450 2199
1639 1576
4472 1983
333 3440
4550 1722
1911 2954
2912 842
615 3099
1694 4329
4528 3780
3583 1096
3330 2213
2089 3974
1753 3180
3446 122
4860 1369
1457 2394
631 2594
4958 605
2945 1059
3948 1232
2329 2288
3537 12
2502 2950
1253 3393
1003 1488
2263 2680
4758 2722
3030 2245
4146 2895
3303 1557
4115 739
1681 848
1909 2438
3067 2893
2086 1156
4606 2784
30 613
2898 4025
2421 641
869 4226
2398 3004
4728 2525
1474 1487
2389 3038
1702 3887
3010 4457
4799 3202
33 1065
3904 2476
1655 4742
471 4811
3540 4684
4114 3527
4348 3343
4560 4136
3783 4906
4709 1749
4024 890
623 3691
1544 3497
1685 1944
3062 4253
4538 1228
300 262
1960 3161
3171 1862
1319 979
3695 875
2662 2046
4364 1423
4009 2272
3712 4261
1609 4844
3982 2068
4892 535
3586 3021
1599 2920
1350 1031
821 1246
848 3735
3254 577
3724 2925
1071 4810
708 3266
1140 2596
973 4680
4730 65
877 1649
4209 3785
2556 1513
666 115
867 123
2298 259
2004 321
2385 765
410 4581
3134 3692
2048 1129
1504 3258
2295 4445
1888 3817
3266 23
3431 2377
263 945
3125 136
567 1563
1420 613
1211 1813
2336 2619
525 2426
4965 3740
2234 3916
431 4735
2859 4863
3016 3816
4676 3263
4121 2749
2285 460
2108 4571
4595 3279
3432 2825
2743 3700
1589 4724
4196 67
2394 4208
3657 4309
3992 25
2746 4057
2676 2589
3575 219
2023 1258
4388 639
1638 222
3458 2040
1334 2794
4739 413
4903 3565
4767 477
143 1210
1054 2591
3500 2810
1041 1008
1682 4813
1737 599
4977 1138
120 3405
4570 2266
4532 221
3031 3974
4995 3532
4391 1829
3320 3069
4768 1380
2300 4109
2744 1636
847 4624
1208 4240
4050 3993
2181 1941
861 3508
1198 70
3588 3668
2580 3455
4024 4945
3628 1238
905 3261
3877 3694
1464 582
2974 385
3418 990
4523 4776
3608 80
2661 3990
2441 669
3363 3026
3814 4532
2785 2578
4548 3521
3498 534
4352 4645
945 4856
4778 1198
2446 1946
547 3253
3730 171
4927 203
224 2051
337 1725
1425 248
1787 3347
2224 1943
2511 3810
4376 2996
747 266
891 4072
3849 1641
56 2946
1599 3276
3053 3157
1823 1062
2104 4990
3640 186
961 3767
549 2539
3787 2831
2445 3094
709 1418
4406 29
1100 1689
3003 1249
4956 2736
4479 1558
2331 4974
3595 4735
1055 3820
1993 295
981 1773
1619 949
2810 1041
434 3464
1273 3558
666 4285
334 4398
3375 4157
3102 4900
4952 4337
2878 1692
4253 205
4936 4553
538 2909
2996 3917
3723 111
1333 988
3482 3524
1574 3641
1737 1415
3369 969
2714 2226
3733 1558
3532 1960
2913 3821
3985 82
2710 3205
1520 293
4183 766
1281 4598
3465 3376
1542 3583
2235 4051
516 3981
1571 4425
2764 4373
3440 3342
2644 1745
2605 848
4169 816
3158 2397
3578 1703
4813 3459
392 2790
718 3432
1378 602
194 577
4376 414
3196 4822
395 2610
2643 2824
2958 2668
2648 2354
4640 388
2839 826
3630 3396
3867 2897
1854 988
3426 4035
4963 3192
670 2272
609 818
2383 4555
3488 1501
4514 2142
2662 354
1058 2417
142 2729
1756 3885
3240 2236
236 3962
2764 575
4787 3648
3586 1973
4885 1337
1213 1616
4203 1096
1808 2474
4640 313
4912 3993
2120 3294
2990 4476
2456 3884
235 4613
2593 2748
2086 3243
2073 4869
108 582
364 549
3313 2302
809 421
2151 1452
1308 3348
2573 551
3446 3246
4358 508
4138 4644
2319 4071
4693 3776
1573 3183
3711 3809
2394 1572
1982 1406
4224 3187
4561 2604
4228 579
2397 159
2544 4837
1853 4268
3220 344
3158 2313
4860 1461
3919 1019
2630 2178
440 3261
1253 1812
2494 3599
2759 4374
4903 2341
165 3441
3472 685
2550 125
2608 2818
2230 2033
3687 3508
1311 3463
4417 586
734 3504
219 1543
3313 4680
396 3024
4327 105
3990 3547
4080 4063
78 3555
2203 4003
770 197
3740 3898
2663 2979
2287 1354
888 1273
3625 2852
2669 841
132 2727
4307 3207
847 3066
1110 2922
265 4284
2556 4680
1756 2421
4361 1689
2723 1196
2630 206
4445 1849
3175 3199
297 2701
2166 2043
1739 1603
3649 4719
3113 2858
490 850
1727 3140
755 4913
1940 18
1360 4524
3608 3012
3439 2040
2697 4971
1535 4871
4431 1055
1919 2750
38 1307
1459 605
2566 2871
3772 2763
1139 2833
4707 2191
915 2147
4143 1729
3635 3865
2530 1598
1935 2706
1062 1962
218 1857
1746 1858
331 169
113 991
4949 2166
1570 4760
4581 1027
2200 796
4404 4239
3157 3348
1039 3506
4254 3327
1453 2178
1044 3590
1325 2448
1573 3647
3413 1483
2748 4589
2380 4782
1236 3094
3296 4657
1636 3746
1862 541
4124 4404
4100 480
948 1331
1183 2766
421 3374
883 3179
1153 1707
1681 4415
897 1399
294 4539
4773 948
861 3837
2084 21
3911 1671
3223 3431
3046 4258
4503 540
666 554
1274 1767
2000 1199
2939 1109
4628 4208
4537 1795
1223 1794
3839 1459
2461 3084
1633 1543
4697 4915
1775 1377
1831 2411
461 30
4553 3163
1441 4110
700 4884
4409 589
2375 1602
3612 3948
4851 3620
4558 1330
2692 2542
4705 919
446 4401
3899 1527
136 3787
2496 4628
258 4092
2985 3628
3368 4862
3000 20
2690 1634
195 778
1277 1951
421 1998
865 4368
403 778
2157 2527
201 2365
2153 2907
4876 3506
3030 2932
1594 2178
4870 2212
1813 126
1824 1584
648 4880
1345 4913
3728 4712
4425 3721
691 1060
4875 3075
2431 369
4295 3148
584 780
753 437
3116 741
3202 1158
4174 408
906 950
1342 4064
2177 3481
2344 4954
829 439
255 46
978 430
109 1761
3118 406
2975 3139
977 2954
965 143
4105 2964
145 3039
1184 76
2426 4441
2519 3730
3450 61
831 1637
432 4578
4796 786
4235 2415
4247 3240
4886 1303
1982 4979
590 1560
2854 2475
4668 1365
1000 1870
3090 4029
1495 3916
542 1867
569 1334
4286 2795
3665 33
3087 1267
2209 4252
3161 4976
3579 1909
749 1395
131 513
308 4918
2816 3483
2002 3085
3228 4396
1499 2796
2210 2147
1169 322
4391 2826
3565 2901
2702 3126
4987 1469
3384 3142
2117 3326
3525 3684
3413 2515
733 4107
3303 3744
4294 1567
1235 1758
3014 434
4721 2770
4118 4523
2295 4497
296 1371
963 3689
4529 674
4421 1438
2664 218
820 4824
4705 3811
1933 776
790 109
3518 1308
3346 1019
4432 1439
513 3347
1773 3133
4768 4918
966 2393
1231 405
2487 1501
1607 258
834 3001
3892 454
1691 2516
1863 1274
931 2358
2052 4399
1834 2195
945 3113
4804 2332
3627 2541
555 4813
1681 2348
4672 4810
1813 4568
4514 1035
2305 112
140 3947
1450 4899
2688 1415
1945 2996
3557 4446
986 2815
3177 2976
2571 2541
2775 326
1937 2462
3279 2976
1861 2363
319 2114
446 3856
3365 4512
2913 2234
3331 3649
767 2323
4255 4917
1980 4567
1961 3067
1559 4123
655 247
4057 975
4464 479
3087 624
4005 3792
292 3538
1394 1506
670 1757
325 1655
349 1472
1555 4839
4828 3437
2771 4505
518 3366
1937 690
3327 319
3414 4278
2657 1572
2755 1876
901 1209
3781 494
576 4540
1372 3654
2068 821
643 4108
720 3275
1596 1030
1559 1560
4708 1366
1775 3516
151 2722
1369 3873
1473 1613
4566 2289
4556 490
3436 1684
2883 1574
3536 2672
3820 2602
75 668
3087 2876
2295 790
4090 575
1364 4206
284 4791
1589 3035
2995 4857
402 2229
3331 2600
3045 3581
2882 99
129 577
1455 3390
2053 222
1325 2413
2241 1719
2715 2118
2349 3619
763 2242
4524 1347
2335 2622
120 3151
3229 4120
2216 4409
574 164
4173 113
3062 1517
3140 3303
2491 4066
4942 4559
4136 4349
2934 315
2108 4849
3043 1222
2173 227
1993 4195
3872 2985
314 1553
4882 3960
3801 3466
2267 2779
276 1655
1279 1725
3936 447
1306 777
1562 71
1525 2397
4841 1397
3039 4293
3077 4079
2932 2720
1652 2123
4857 4072
18 1009
77 2353
3458 161
4349 1022
3847 1347
1595 1785
1962 2117
3290 1863
4311 1619
973 3566
2450 2138
848 4255
120 1314
109 2185
3608 110
4232 2645
2678 3024
2600 2578
4045 4109
1403 1488
3191 2811
2531 2794
2110 159
1959 3768
615 2393
3410 939
1021 4253
2613 1817
2759 254
2721 4912
2235 1983
654 963
3206 4114
4281 1260
1225 4639
2310 4829
4383 4995
1250 2152
4967 4166
749 404
2014 2029
3308 1379
19 4039
2457 4093
3807 3801
606 142
4942 2160
1972 1061
1056 2789
4191 193
177 2791
1080 1564
4927 182
4919 363
342 775
3610 4113
2512 1229
3019 664
4717 4648
1189 3108
4527 2958
2967 3778
203 471
3022 4181
1798 4823
3940 4231
642 4578
1242 1153
450 2257
2100 1762
2146 1408
2349 4814
1945 968
1526 3134
1085 3350
2452 2811
3495 3335
2545 823
2403 1212
782 1064
1165 2131
634 2774
4198 1683
789 2024
4900 503
4197 1139
1216 2503
4528 2939
887 202
3280 15
3408 2987
309 1641
992 321
2862 955
1354 3789
2622 3084
403 1395
1757 4262
2603 2583
3286 3314
1581 1572
1919 599
3260 4579
1825 4602
3368 521
4983 869
3806 1012
4625 2988
485 2092
1867 3401
1823 709
2247 860
4325 2780
3579 2430
822 4246
1699 4265
1891 1483
650 2315
4763 2364
1336 2847
308 940
1185 1612
2693 1699
2661 1250
3213 2484
2719 2928
3632 4564
2418 3785
4158 4681
3651 1097
1109 1034
1092 872
2458 4075
1523 181
3138 1556
3 2883
3592 1715
845 2464
227 523
1426 4673
992 3264
3871 4808
3625 3055
4279 263
1613 3178
4269 3126
1195 1230
2801 1356
3307 4119
4497 4174
1973 1885
1139 3874
4588 1967
1666 1733
4925 1672
4014 3348
852 965
506 936
137 4103
947 4664
1006 2480
4202 2023
72 1505
4413 2244
3909 3468
4062 342
2055 4596
4268 487
1955 2862
3861 1648
4315 473
2580 1123
80 4527
3466 2957
2865 895
2583 3789
682 1930
4987 959
140 2621
1595 3610
3651 1760
4034 2383
3518 531
543 4391
4001 4186
4551 192
2425 2024
2047 285
4268 4989
2708 583
1564 1316
2804 1956
3817 2564
2563 1679
4561 1808
1447 1910
2136 1251
2190 435
4022 3945
583 3794
2248 884
2831 812
957 3472
1850 392
1750 3841
4031 3425
3215 2173
3259 4782
2978 3595
3103 4407
2978 2118
764 978
2797 47
790 4398
1731 850
3668 784
1179 1035
355 3489
2196 3468
1544 1971
4541 2166
31 4644
2189 4947
4767 375
2217 3766
3473 3067
4910 2671
3534 4722
2002 4335
1352 1577
3638 4149
1101 1288
2990 541
3393 4773
4668 4447
334 3132
2776 3742
3257 1652
50 1031
3128 1985
351 752
2815 4904
2273 3174
1366 1025
4659 578
3361 3754
1174 772
1859 539
1921 4911
4590 2646
1165 2577
2271 3955
4525 2577
3624 4192
1273 4872
563 2015
1274 3620
3051 464
2608 603
1932 1966
1510 2811
1279 2779
3774 2887
1053 165
4922 549
485 714
4984 3327
1936 540
437 3044
36 1345
3329 3719
2999 3992
3840 2154
665 744
2901 313
3234 2711
559 3280
1269 1668
3009 2258
4768 2117
4232 1347
187 3615
4552 2190
1864 4354
1402 1017
34 1713
4661 3625
3328 4958
1749 2035
1370 3249
1474 4425
453 4651
3350 1955
1489 3162
3614 1476
3119 1046
4146 4965
4824 3358
1600 3829
3889 1518
2898 487
3505 166
4670 4581
1416 1051
3205 3481
731 1994
1755 4672
3645 2521
1342 3500
577 1511
1171 4224
26 253
1678 4746
4147 3109
1852 3052
1102 3875
3952 3542
2945 1694
4941 2735
2577 862
2096 3832
2616 3373
3897 4385
4662 2087
1078 127
3472 489
1831 4586
349 2899
2409 3875
3120 1111
4768 520
2534 3290
2354 4770
2815 3365
3683 4879
4784 3144
4714 2459
1098 4007
3230 1593
1985 3853
393 4025
2171 4725
2307 714
3843 1322
1213 3474
2300 224
4037 4136
3075 2767
3220 737
2772 4666
4970 1464
3816 2052
218 1824
1798 4410
1310 574
940 3156
4630 4177
4664 3903
1147 845
4918 3825
2732 3587
2348 3070
1372 3200
2007 638
1523 1125
199 2242
2579 3487
922 710
304 4901
4688 1011
1974 2025
3025 3308
4186 3329
3366 26
1291 3212
3426 4872
996 971
2564 1131
1450 2164
688 981
313 714
2855 4950
938 1126
4097 4127
3147 1925
1887 3135
4453 3972
4165 3057
1515 3316
4452 2900
3052 3664
337 1043
2465 2758
2654 4123
1454 1281
3793 902
633 4700
921 4663
3597 2927
3544 3509
2309 1122
1285 4104
2533 1317
681 2388
1346 2453
2983 3564
673 4275
4610 1819
1120 2472
1454 113
2806 4522
3983 4553
3122 3362
653 3803
4520 2494
2265 372
2174 3463
1385 948
2751 2670
617 1659
1211 3069
604 4218
1670 2622
1544 194
3965 2318
2877 3973
1870 3605
2825 2182
3608 1665
3789 1693
1269 1187
2598 386
328 1839
1899 3900
4446 2827
4616 3917
3146 3026
1112 4916
3578 2298
1038 2087
3770 322
3491 4178
3226 4714
4247 871
3341 3
4299 2935
1269 2500
1515 3056
3935 1400
4700 1733
3917 1879
4222 991
1823 1532
4110 1122
3006 3560
2186 3151
3355 2066
649 4014
4378 4173
4707 1365
4472 4673
519 3609
2987 4023
3469 1692
1584 3153
1982 2183
883 1854
3437 945
984 2149
671 3338
543 3327
2100 1744
2612 667
1052 731
534 3279
1563 2287
1004 427
2629 3680
4456 4373
33 415
1910 560
4601 4511
4485 4892
2359 4952
564 860
4300 3394
4572 3374
17 3701
4290 4529
3832 32
1555 1568
1720 520
3217 4172
2482 4872
2310 1439
2085 4265
1276 3958
964 526
993 2780
3029 1413
4091 61
2805 4068
1208 2003
4275 327
2694 1039
4422 2820
70 1978
4044 4666
635 1629
1338 733
2192 420
2014 611
1981 2911
4157 2298
207 2925
695 1439
466 3245
1267 3997
4446 385
2411 3249
4216 2716
2113 2901
4958 3613
1487 1194
1712 4894
2177 3927
2919 955
2284 3459
473 1522
4849 2658
2826 3403
2496 2186
1463 4243
2642 2561
3934 4171
2365 4864
2572 3071
2678 1542
4028 4795
1197 4066
1127 4385
3478 370
