10000
2178 243
4185 3025
2518 3328
1273 2697
2935 3030
2592 486
883 115
2807 452
1030 1548
838 4349
3784 72
273 2739
519 1479
3691 2563
2733 1024
4994 3439
1499 3226
1678 2721
3972 4044
2717 585
3418 893
76 3118
4993 4945
3706 671
1131 152
2208 4474
2292 4909
3133 1487
439 3749
1950 2735
3788 2298
610 4470
4521 2890
3668 3611
4635 1358
180 4902
3255 4035
1678 3692
3577 1145
440 850
240 4067
4224 4037
1069 87
4649 4413
324 4760
4332 1093
1812 781
2737 1974
3952 1406
2164 3758
4791 4481
388 1650
1030 4536
4606 1103
1151 2404
1098 715
1315 2511
3024 4724
232 1426
1554 1698
318 1561
1094 4614
1627 4180
4020 3455
3441 2117
4356 4779
909 1596
4165 173
4467 4157
3795 4252
1676 798
2176 1052
1103 222
3768 3321
4227 1951
2818 1439
4747 3250
1825 4078
948 4091
2373 4898
3718 1556
1561 189
2538 1640
4566 2096
3255 3738
2074 1122
4928 1478
1362 192
4940 4685
4245 1883
1786 4306
50 29
1916 2242
4449 2321
4185 4420
1107 878
1392 844
2823 2792
2703 2955
1022 1251
31 2347
1466 1649
1466 425
2437 1898
1638 4827
3680 4441
697 2454
3676 811
256 4003
1279 4711
4850 2134
2695 1163
153 1474
2122 2347
4723 1052
2722 181
2283 1212
2214 3107
4538 4179
2431 1143
4354 2951
492 2018
1940 3753
3680 2420
2550 2760
2882 4225
564 3474
4517 4763
556 906
3051 4959
762 3477
494 1424
12 2974
4136 2487
3892 4871
3620 4197
2556 4133
4951 2149
4912 2974
4535 2371
1468 4647
217 1880
3143 4401
2758 4531
4668 3455
27 763
3954 4586
2746 3559
4124 3704
4377 210
3792 2797
4643 2834
1111 3596
2064 1025
1910 2529
2701 1831
1175 777
2588 3091
2504 3479
942 1929
503 1226
2816 108
4989 2712
4802 3321
4065 3795
375 3476
4917 4183
3946 785
1084 4801
1221 2753
2311 141
2780 2259
4142 3811
4851 2635
3405 2937
3552 1990
46 1256
2123 2279
711 1745
2325 3094
431 4420
1414 4500
1572 4073
4150 3951
3716 564
447 2142
2878 3204
1615 2093
1997 1486
1801 865
4458 2093
4099 4639
3938 871
3139 4914
2375 4183
453 2824
1327 452
2676 1540
3894 1003
2238 2012
1458 366
518 3824
2220 1670
628 3436
4183 2475
511 3354
1320 780
1395 3841
2719 3254
3948 1984
4337 237
4634 3604
2123 3881
1131 1704
822 1804
1547 624
3566 1803
3114 472
225 4853
4515 107
4858 1590
3418 4493
3036 4145
4184 4490
4465 1041
2352 4754
1520 2708
3914 3212
4788 2165
4380 2419
855 904
4028 921
3365 4527
4857 2202
4081 1877
2798 3464
1636 4925
1143 4956
407 4324
1988 2668
283 3475
3538 1347
824 4408
795 4775
4552 4005
749 2241
4800 3830
1530 1782
3902 2122
1910 1433
2163 2462
447 602
2526 583
1535 3544
4425 3262
2318 4931
4754 3407
4686 1871
4710 4378
2833 3404
2247 3570
636 404
975 2658
667 4487
4159 1606
1913 262
3862 612
4111 3726
3720 4023
2999 4537
3312 4746
3564 663
4249 3033
316 4307
1207 4984
2992 2429
4958 4835
4705 2447
2575 2901
60 1137
2462 1657
2253 2798
2328 3863
3505 1982
242 4265
4327 3626
1045 1720
4201 1752
146 3787
2581 4342
3289 3524
1556 4666
1755 4071
3321 3315
3646 2382
3312 2217
75 3299
1002 685
290 3460
1515 3834
2077 2456
1926 2886
3105 3291
856 122
765 1515
1227 4321
1563 1447
4211 875
1890 4531
3372 249
681 3890
1269 3656
2568 4387
244 2109
1230 1100
437 1190
2744 3390
3899 1537
780 396
287 4614
859 4737
499 1832
1226 3599
59 1270
3006 2737
4262 587
245 2042
2567 41
1441 3388
1008 1075
4115 3224
3226 563
4993 4725
3574 3010
3848 2567
640 4677
4049 4039
644 2771
1382 2752
1828 2237
133 4389
4430 3380
3081 2349
2919 700
4682 268
4299 3561
534 262
3000 4307
2439 702
3338 2940
319 2187
2832 3930
157 2196
122 4201
2585 3930
2376 386
1813 2923
4091 2803
4337 3585
3615 1758
2731 4089
48 3426
482 1141
2422 4945
3994 1050
2056 952
2642 1264
223 4770
820 4083
1277 886
1910 2419
2321 4861
3766 287
4174 4836
2776 3442
2220 1677
1030 99
3710 1468
3476 2339
308 743
4910 1529
3315 2609
2910 3402
1274 2579
1479 1268
477 134
3436 4647
3317 768
31 306
3844 129
54 335
4527 3965
2621 2203
4274 3313
337 861
3942 2401
1534 1935
4931 690
4643 2487
4554 3145
1255 1863
568 3240
1904 983
2213 1415
3599 1810
4008 988
3108 3287
332 3663
3722 772
2897 1591
2028 4794
400 1895
2889 1342
2562 2200
2652 3939
4049 264
1798 3795
1555 2959
1242 4453
4641 1910
4446 2265
3232 4135
4396 1323
4922 1897
2919 2068
898 2097
1587 1041
1845 1000
2838 4421
4609 1978
3551 2894
4284 3106
4739 1841
1605 4926
2399 1127
3840 1746
3611 4298
2043 4503
4455 4577
3323 4285
2719 1985
2612 2378
3039 3429
4206 2318
2578 4732
3475 947
1060 379
1837 1531
1362 1651
3911 2625
1952 1077
1954 1482
3951 908
4231 4635
4099 3702
440 4674
3865 2370
4044 2231
3464 1656
96 2251
4630 233
1777 2549
4818 3171
4493 101
4626 2549
2789 2007
2401 2768
1375 2724
3713 4803
102 4763
3030 2774
3098 4639
333 56
859 2229
4298 3175
2204 3810
2081 596
4737 1400
815 3822
4628 547
4151 244
1274 3447
2465 2248
2876 3567
4939 2216
560 2579
1957 543
1320 3649
2383 346
3687 180
3567 319
3090 1158
4757 1506
4063 497
3107 2160
1692 1860
1031 435
2052 3077
3946 2306
1354 657
104 3773
3655 2663
4462 3215
1537 4792
3827 2929
3434 2581
4711 4662
520 1920
854 1390
3716 3733
1915 3841
4302 2729
233 4516
2568 3368
3166 3699
4138 245
279 160
4115 1362
572 622
3518 1624
1290 3387
1298 4041
2622 1229
2707 2690
3227 2535
124 2758
4920 4194
4619 709
3551 1965
3741 1006
2157 2557
20 125
4539 4819
383 1558
1519 2339
1047 4669
691 1903
647 3611
4985 4988
3037 1733
3689 1187
791 768
496 3839
1056 1856
1292 4667
3109 1680
4192 3712
4690 4839
82 1806
2893 4086
753 3219
3800 799
56 918
2383 3217
4310 4386
4585 4141
4036 1128
1902 657
4070 4145
2109 1724
4491 4320
659 587
1420 2628
2118 1764
4805 3871
3132 2875
361 3045
1228 4282
1503 2557
2363 1871
4418 3564
2520 3072
4926 402
3511 1482
227 1892
4610 191
1352 1989
2102 817
2617 1893
3498 148
1649 1666
1717 1828
1436 3580
2212 645
303 286
1200 4633
2418 1346
3186 2778
2058 3943
1243 163
4880 3474
3733 1283
3527 2177
2736 3330
1880 3566
4230 425
4720 3175
2449 881
1503 386
1573 4345
2033 2876
1717 3826
2331 4796
1068 480
1575 479
26 3725
3320 1798
4571 977
2427 3614
658 2166
2724 775
4870 1941
4146 3228
3872 4115
4257 2008
1603 4500
528 2864
261 696
2312 4920
429 201
2991 632
2691 2572
1026 2151
1811 3555
1065 1473
2171 1577
3285 1999
2139 3276
4843 1360
4210 4648
2897 2732
4385 1705
4294 4758
2504 1283
680 3978
1660 2751
4407 3603
3374 3460
4108 3802
3462 353
4354 3737
4525 3809
2182 2650
3210 4639
1287 3280
13 4716
2764 4505
2722 3224
1341 3026
3448 4622
1472 3777
1601 4017
3584 3283
2742 3919
3044 4780
3334 2706
3761 3065
810 4900
4103 752
2373 2602
4127 4447
138 1538
248 3420
2264 3892
4935 3515
1141 2692
4892 2813
1899 4761
892 3504
472 3514
524 115
4878 2459
2488 4561
3603 3870
4091 705
2732 4229
4744 280
1778 1698
4502 4911
4683 3037
2229 4258
2111 3744
4714 1598
775 1545
3216 558
2607 114
2468 523
2298 1992
3644 39
164 3865
4800 863
1666 2554
1457 4302
2004 1996
2528 512
4586 2003
4166 677
1769 3890
1834 1181
843 892
2851 1240
72 2215
2072 4394
3037 819
4980 3279
4772 3745
4755 815
1457 1404
110 1344
3804 1465
3287 3798
594 829
701 2574
3772 3396
957 4548
1396 4688
2103 2490
1919 899
1810 648
3052 3133
578 1657
2630 4166
3706 3207
4817 3181
308 4893
3954 1045
2460 2468
2323 2309
592 4061
446 821
4096 2397
2232 1431
3099 3896
56 3260
3057 3229
3188 3253
4521 2521
1040 3454
990 4735
2767 2337
1936 3252
2139 2173
1528 460
4897 1392
3248 670
2757 1922
2955 4564
238 2256
3134 888
3361 4155
3854 1195
1353 837
3995 3720
920 2064
2401 3190
4087 4250
1293 3225
2982 3157
957 1212
1968 4451
2934 4582
4106 4922
3749 1236
1054 3935
4416 4310
4572 1088
1276 2666
3590 3405
3865 2335
2681 1682
4467 1053
4521 2285
915 2218
4511 388
92 4257
4372 3732
2580 1310
2568 383
3943 3746
3288 3808
1491 735
4468 743
1165 4914
2590 1000
2785 3372
2867 4329
775 4032
2139 660
3881 738
2547 3184
2366 1669
1358 2593
1394 169
3130 4392
2428 1466
3293 3816
959 2105
3830 4748
4594 1908
83 3176
845 1094
131 564
121 539
3429 357
4541 1627
547 1605
518 3576
2495 2907
1584 302
927 4930
4965 1433
2152 4266
3535 1257
4163 4428
3013 4138
1499 2311
2760 69
814 2951
479 1096
2746 3546
2093 3446
794 619
2874 1104
2589 4196
4543 3709
79 3780
3420 997
4559 4301
448 2767
734 2007
59 1781
703 4669
3271 195
2528 3151
4096 952
4365 4695
1375 2139
3508 4951
233 2276
4629 3750
3755 977
687 3684
1746 3950
1773 4108
1111 1656
3192 1447
3643 54
2953 4705
143 4743
3719 1118
833 1976
2589 880
2397 4462
2751 1451
3408 1576
3121 2600
3617 2609
3225 3857
1837 2318
333 3446
2644 2400
193 1453
2645 1080
2297 2577
2526 2073
3800 3782
3535 3383
4400 934
4161 1416
4296 1526
511 1696
4746 4463
4791 3392
3307 2860
2635 1738
3007 3988
3276 2863
2353 2252
4247 3641
3916 743
141 1235
4567 3085
1912 1152
1371 2874
406 2537
2643 787
500 4703
2611 3471
1656 903
1865 4335
3838 1627
4590 2041
3100 4914
385 2377
12 2837
1945 1190
1766 259
3356 3090
4817 2330
1443 3883
4046 1571
3040 1358
880 1260
4544 145
4309 1315
2145 454
2251 3246
233 993
147 364
4607 3893
263 2107
3608 2266
948 523
4068 4579
3708 2094
847 3242
2716 325
1102 4995
314 2354
3186 3087
1331 3240
1619 3572
4525 405
997 2528
2390 3104
2924 4238
2241 4255
743 2263
4093 349
4741 1310
737 2226
2242 1122
271 4448
2944 3403
727 1951
3965 42
2908 3582
1810 4648
2118 2619
3281 3533
548 681
500 3163
567 814
970 2468
532 2305
2712 504
1534 1221
3739 2464
2463 4083
4275 4688
4423 2540
4514 2510
3880 3159
1902 3617
2256 858
2385 4596
103 4221
907 2996
3783 4971
2202 1699
1445 4917
3783 2238
2972 4826
4786 4997
4588 712
4063 4505
2695 2314
1364 4649
875 1887
4192 3933
1879 3743
1465 3745
3970 370
4519 2349
2269 496
2583 1367
38 552
426 225
3979 2914
641 2635
1293 4072
3620 3962
4709 3104
516 3905
4890 1688
3347 212
322 1115
815 4939
2245 2580
3140 3097
2231 4462
731 2866
4161 3200
4363 1478
82 1611
1705 974
3627 2630
4732 2383
2930 2321
2175 2049
2701 452
2676 4037
619 4130
3851 3920
3788 568
3982 4236
3694 2182
3584 3503
3864 926
1788 3267
1102 4596
603 365
4659 104
2344 2626
120 410
2196 2676
1054 1843
3702 928
3476 4035
1431 2611
3503 1070
3985 1584
918 2434
4517 242
2137 4691
3829 3042
4219 3644
4659 2589
902 888
4244 2582
4476 3670
2110 4768
1331 4940
1515 2197
1912 4237
2031 1193
1901 452
4385 4877
2280 3405
1783 2471
4146 3466
1805 47
3077 180
3157 841
3966 3753
3356 580
2967 4451
1420 300
4309 4544
3198 146
4477 3869
2829 2553
416 777
2653 32
4137 1724
4174 2535
3581 2757
3385 1385
3896 1938
4904 1582
1069 3544
3280 257
4755 3775
22 494
3760 2222
3608 4438
4128 1421
1077 1048
659 4331
1081 3377
4667 946
1549 2574
4773 946
3550 988
2392 3963
4587 147
2755 974
1731 3815
595 2590
1866 4012
1799 2222
3632 2768
2967 1541
711 1454
1413 3858
3196 4859
908 2534
2792 1596
2351 4770
4954 243
2101 4858
4849 4361
4548 4113
2733 4882
4409 995
4731 2321
4549 4000
2552 3824
2580 3220
1565 2055
1733 3925
1737 665
1336 459
846 4589
3204 755
1055 1728
4470 1285
1503 4518
2542 2732
3748 1957
3009 783
1521 23
4336 1485
2068 4876
806 2999
4771 361
4829 2376
4550 882
3840 2861
3931 1612
4774 2894
2311 1152
1428 549
4929 3164
1449 2487
2479 1013
2583 959
1306 3757
2299 3256
1059 4691
847 1381
3867 4896
1423 1387
4130 521
196 4104
531 901
234 2568
19 1745
891 3635
3689 1630
4558 2336
51 4394
3188 4461
1114 4009
2136 4183
901 1180
3952 3815
771 4891
2390 625
4266 3448
523 4410
4931 689
4620 1278
2989 12
720 2396
3383 2524
4886 2281
3883 677
3777 1225
4412 2595
4786 1365
2911 3314
2526 381
4457 1743
2425 3851
2412 327
4938 3698
2016 3184
1391 1617
2852 2567
3239 740
2684 2357
2347 337
4549 1163
1636 4348
4268 3651
2866 1353
2008 4818
1931 2709
2816 4144
4037 1203
2237 2541
1760 2613
1445 4475
765 4475
543 2448
992 3550
2847 265
3394 16
3464 4529
392 2485
1244 3829
909 414
3426 2049
2549 3568
3642 885
3726 1369
2873 4055
243 4883
1808 4149
284 3141
2304 312
2524 1561
4154 3618
2248 496
2545 181
1369 824
6 3558
1781 3384
4675 3357
1399 4969
1510 4671
3562 3262
3744 2394
74 4519
2884 3223
672 3964
3784 4421
144 4690
2753 4998
4031 1362
233 163
4330 1713
3482 1441
2645 3614
1485 433
4408 884
3744 4971
1025 4339
4131 1429
788 3559
1976 159
1840 4102
4192 4626
3785 1743
409 2233
3269 1325
1766 2922
4993 4661
4603 1003
4556 4079
884 4367
1826 811
3663 49
723 3237
3941 4122
2948 1819
2905 1381
2038 227
2272 1575
3277 2139
4171 1123
3360 1659
708 3878
1214 721
575 36
3066 4
2125 3607
2132 668
4289 928
596 212
1785 1558
4186 2051
2906 3963
1950 3263
1911 891
2430 1553
4513 3734
3436 4464
3029 2608
3804 1463
831 3074
937 2708
464 100
936 2163
3962 735
4323 728
1350 3334
1458 3268
425 1617
2734 621
3177 2108
1621 1065
1703 3243
1477 3892
3626 1440
4425 1215
3213 1926
1336 1679
4763 421
896 3207
3278 4395
566 2487
845 2574
2385 3043
3141 1923
2408 2798
479 4128
3559 1258
4925 2094
3292 4733
3633 3366
4674 4578
4290 3743
3361 4288
4058 3546
997 826
251 3007
918 4312
1108 3423
4883 2183
4024 3888
4555 751
4858 761
206 4596
182 3097
1596 1366
2941 1896
848 2588
4207 2789
4604 2467
1896 2077
2631 4589
4815 3404
70 4818
3136 3907
1906 4893
4190 4717
4109 3659
3685 4027
3948 2970
3835 4051
4306 1067
1198 253
3939 4715
472 3389
4117 2694
600 3132
1782 3164
3656 2822
1172 4763
1708 3712
1631 3800
1535 3437
701 3276
2106 1099
394 2050
3180 1567
3308 3379
4214 1039
298 4437
3581 695
2700 307
323 573
3177 86
2493 2707
3029 4064
2200 1828
719 3758
4808 3915
1150 3831
2358 975
3374 334
2711 1298
999 3158
3476 4311
2983 3098
161 1975
1567 3135
2042 4643
774 980
2436 2958
1627 4185
4376 4127
974 4171
595 2563
4868 4680
223 2783
4069 1988
33 2177
3481 3137
4473 659
2593 958
2553 1631
1849 956
943 4388
2673 4783
2509 3858
4159 4350
2665 3265
3769 4649
2233 9
2100 4460
1701 2225
3423 2396
4936 2998
3084 2685
3505 1854
1949 3864
233 3042
4614 1056
1048 4923
4276 1918
3453 189
1340 4585
2421 3171
556 4709
3930 4660
4792 119
218 4347
1943 4937
4864 4809
587 4533
3415 1380
2993 263
2009 4805
1860 4216
2414 4518
1353 1899
1326 797
722 4015
3077 993
1535 297
4923 34
2583 333
2196 3221
3339 1359
4005 2189
4652 4352
245 3119
3604 2089
4164 3751
2643 525
674 3266
3174 915
4709 2611
2277 1502
2143 943
110 409
4529 3190
2192 3001
3243 4749
1360 162
2624 3755
2799 3713
202 2957
4009 884
4197 3141
2542 2997
3678 3922
1128 4113
358 2086
1117 477
1813 2963
2084 495
722 3499
2488 103
4488 144
1885 304
1068 3865
3185 346
1226 1279
2603 439
661 1497
2527 2805
3297 4845
3657 3109
1864 1321
1952 4846
3840 698
731 912
1243 3012
2133 2299
1188 2418
1457 2255
4532 4245
4751 4114
3073 3182
899 1207
4445 635
4080 876
4924 1537
1998 4823
1539 4237
2759 2944
2195 2804
2318 364
2297 1751
4565 3650
3722 1886
3530 3694
4591 4087
223 2442
1955 1107
4277 1617
1754 4675
4179 1100
961 1757
2961 1621
2576 1138
327 641
2232 882
3005 849
1739 1251
4576 3273
2967 2494
1365 4804
631 1932
4270 1126
2560 2312
1330 2334
56 2153
2890 2107
2331 3578
2695 1336
4669 4498
980 858
2385 1135
1061 4418
80 3588
3314 2780
1164 4774
439 546
3517 2687
953 3943
4130 2791
1858 2175
3667 4094
805 2257
2986 4860
3023 4832
1490 657
3272 1338
4748 3939
1680 591
3481 2701
3856 4303
2469 219
1952 16
880 1068
1680 593
3723 4531
4245 3033
838 2963
3008 1471
4097 2967
4380 2677
1979 3099
2854 1484
739 1461
3353 2929
3619 599
2343 2434
3147 3366
229 673
2517 2704
535 3459
630 4523
2057 495
1060 386
3649 3835
1130 3878
971 3073
3390 1518
4012 390
966 1549
2774 1235
4790 331
4052 129
600 122
885 2058
2018 2429
2516 4828
3598 4454
2639 1536
31 860
1506 1453
3844 903
3714 2781
3700 3661
4461 3642
4313 4293
2255 1202
600 1255
4357 3422
3530 273
2723 4798
4889 4491
1518 964
1690 1616
1562 3280
4389 4678
738 3199
2684 726
2011 1585
3640 1670
1557 3676
2941 4338
1348 602
3548 4382
2773 4938
3384 4002
3863 2898
4669 869
4003 2575
2359 3596
3833 3385
1760 2852
3215 4176
2647 1687
2223 4189
3052 1942
569 1778
4705 1703
3194 4327
103 4711
2053 1208
170 1183
2586 458
1342 2608
2055 4088
3639 996
4472 4074
3737 2425
2777 1657
4657 4933
1940 1152
2529 4021
2031 3322
4581 2957
4317 2472
3498 359
2537 298
4639 4567
728 671
3359 954
1690 3801
2166 862
1801 2780
4959 2834
4392 1437
4018 3392
1758 3918
1450 1200
1154 3163
4201 3201
4012 4855
1467 646
4865 3004
3758 585
3446 715
3777 3588
2489 1703
934 1111
1493 1032
2600 2444
2039 4882
3452 677
3059 2590
3900 2395
3454 289
3415 3675
2882 2279
1223 462
4902 3841
1870 1742
3938 3544
4074 452
2256 3099
1135 4883
4551 4369
2719 3091
3010 2804
2769 2073
1156 2992
3082 1978
4632 4140
317 1486
4863 329
2125 2919
597 516
3051 631
4736 1964
4979 634
2909 3575
3036 3332
2821 2777
4074 2308
4579 4945
2202 3994
4207 1758
792 4995
3603 4331
1954 4051
2953 4352
646 1104
1605 297
4280 242
2500 1034
4415 4866
2177 1896
1253 500
4681 4416
633 2503
3626 2153
2177 322
3414 2548
2530 4105
3304 238
4722 4582
4773 1696
3671 402
4884 430
1104 968
2896 3684
2504 107
481 4619
2364 1314
1566 2296
3313 3448
4423 4099
4174 3399
4831 2858
4702 883
1843 3938
877 4250
3141 116
1831 1959
4967 3398
3793 4231
4626 1827
2639 3819
3400 2885
2687 601
1887 3952
4522 1579
4393 4948
1069 3687
4250 3017
1485 1130
4980 446
2353 1984
746 1432
1652 4488
536 1528
1951 3046
2832 3855
550 546
1793 4255
4368 4284
1266 4685
187 4897
662 4513
4831 3092
1269 2066
4594 3121
4921 2339
2415 1298
1467 4513
1896 1444
357 2226
1049 4843
949 3858
3631 1050
4891 1902
1773 591
1136 2532
4246 1159
4224 674
627 3009
4523 2790
2240 688
2126 3374
1655 3989
930 2989
1083 2218
2536 1030
2420 2008
2006 1064
1342 2798
2778 4081
3104 863
1408 1734
1590 746
2243 3709
666 2241
2968 1193
2234 507
3183 1564
3030 4459
3698 429
3834 2704
3110 4523
4001 1225
850 48
416 1693
821 2361
3582 4950
3463 4965
467 2087
2783 2015
3505 3090
3230 804
3087 4831
2858 1396
3648 888
73 2314
901 4707
3682 535
1620 365
1638 4116
2904 1092
875 2728
3735 546
2057 1707
659 3375
1311 1699
2618 2509
69 2080
2727 3572
3118 3924
2686 3092
3976 2512
3204 4400
161 259
168 2732
1886 4333
4117 4517
447 2615
4 2595
2574 2479
434 3201
708 376
428 603
3885 4241
4111 4074
108 1913
3234 4027
3524 1963
4878 882
253 4509
3248 91
4882 1571
1235 1286
1190 1433
3104 210
1351 1360
334 786
4084 2343
4824 882
2983 3604
3032 2074
3130 1270
1331 1097
1185 3510
1472 2379
1894 4433
3508 4859
1516 1588
389 1312
1042 3351
4294 3626
2234 4300
4647 829
869 2009
2123 3991
4695 29
1545 891
1304 1456
1781 1483
4749 4148
2655 215
3115 3004
2344 1062
483 1429
4445 4306
2373 3298
4320 1011
489 886
3512 573
3890 1826
2824 364
3334 888
2889 1915
817 4765
4976 2846
2428 1957
3672 4367
3959 4975
4666 4206
3358 854
94 4709
1498 4238
4860 3203
939 78
331 2780
4558 2987
1105 1734
3993 2003
2943 4227
426 676
2323 1064
3637 1795
2330 1462
1688 1554
4985 117
812 2030
1817 1585
2094 136
705 3130
3500 319
1372 1502
3022 228
156 4675
4108 457
1446 1844
4568 4013
1110 4408
4493 4579
1710 4269
1801 1444
1810 3385
3352 3978
3041 3034
2008 3225
413 2791
242 2919
3904 4534
847 3127
2156 619
4903 262
936 3634
1734 4257
4041 4947
1451 3911
1984 1060
3738 4641
2473 4947
334 3076
4645 3295
4439 101
4627 3223
3496 2207
4170 4856
4059 4396
2257 2042
2613 2663
1443 351
4240 1999
2883 4819
2003 1000
1168 288
3340 1950
2503 1032
1796 4140
950 3972
2090 1033
664 911
3385 2385
2425 1366
2414 2958
18 3514
4986 965
2364 256
4822 2904
603 3955
1104 1721
731 2255
2408 1770
4639 4854
4153 556
1841 1172
4052 4104
2092 1848
1668 4678
1364 4061
1032 3923
460 3677
3411 1046
3329 1718
2119 1504
1168 3150
4863 2390
2157 4059
444 19
2794 2660
3341 2003
4880 1282
4995 4655
15 745
4317 1689
2006 399
3462 4746
4824 3259
4113 4774
2601 3345
3961 1003
607 3619
2455 2227
3175 2974
2213 3533
1694 2669
1958 4646
1743 53
1311 3074
3856 17
2691 1769
4966 353
2328 1835
4194 943
4963 485
1433 1858
4253 1183
1312 534
1139 3227
1861 4859
1583 23
1408 2030
2208 4752
1040 816
4990 87
870 2959
1623 4904
1953 1770
351 902
2761 1221
531 1818
1949 1237
3238 4617
2468 3479
2294 4823
1441 1677
1343 3145
3761 872
811 4208
3507 2938
694 328
2604 890
3159 4700
3374 4158
2875 3299
4882 2022
1817 1949
970 3175
1617 2268
2992 2400
4308 1692
3325 3340
1031 382
4370 2056
2742 2681
4082 1832
2953 4498
2163 1828
1441 3640
2212 1956
3904 1714
1816 4798
2872 2989
4639 3568
3353 3569
2798 4594
1814 1359
2508 4282
4460 3822
2862 2659
1497 4288
2185 4309
661 4646
1546 1939
4576 1907
3383 1620
587 1115
171 4697
428 1868
1429 4707
4172 2211
855 525
3988 2891
4102 3321
2221 2640
2586 4144
766 3618
2225 733
1757 1624
4420 2671
2568 1057
4194 3489
2987 4212
1166 1130
4604 2639
3839 385
4862 2633
2828 2194
3637 958
2773 4863
273 4538
128 1248
4732 3414
310 3868
1646 4686
4694 1796
874 3014
1740 1646
4213 2034
4393 4360
4718 4699
3443 1933
3331 2595
4605 761
4418 722
4661 232
2424 324
800 259
2155 3134
3210 2751
2216 597
852 1879
2058 3966
955 2954
2822 4082
3951 2049
1309 230
2632 3730
1541 1388
234 4378
2674 3117
561 145
1019 2248
404 504
3812 4940
4574 2745
4328 2348
1485 632
2282 593
3575 1078
1381 1585
3044 14
1211 2875
3191 1613
18 1645
1261 4442
1454 2681
1166 4969
240 4412
3869 3179
422 4811
1659 2631
318 2863
2689 4363
1405 3287
4777 1497
4934 3153
3460 3985
1646 2110
2799 14
2984 506
2749 4923
361 4669
4004 1895
3345 836
639 435
2046 484
2979 4396
1493 4810
4281 1976
2473 3757
4304 2097
4951 3765
3699 467
1862 2852
592 4610
1952 3659
4027 3146
824 3350
4392 2226
2621 3674
4820 1766
2544 2914
634 3023
2728 2916
2272 2568
1387 3742
1289 4982
2440 491
3656 4935
1477 1381
1227 2368
652 8
2123 1635
4221 1058
2057 150
4711 2993
4368 980
3823 2879
2501 4870
2757 4886
2878 3592
4892 3259
2804 3787
2900 2205
1117 3528
3605 647
3702 1191
292 2345
1030 1477
1255 1716
2747 646
536 4993
3263 2710
4613 928
1895 3516
3453 690
4057 1401
239 1754
1160 1908
2787 3852
2446 1250
1461 1246
1050 1935
4512 1985
2584 2919
749 3131
72 3590
852 3476
4423 612
2622 3941
4329 3796
946 2361
1226 2018
2005 734
2341 1134
2452 1731
1844 4136
2226 2463
2519 3730
78 3004
2220 3671
1774 3853
911 4809
3500 2213
13 3067
2013 4492
403 3904
4850 3185
571 3232
3910 4012
2925 3409
2005 296
2595 2762
3060 4917
3379 1584
2445 1310
219 2175
1923 3882
3229 4516
495 4553
996 2383
2737 254
3568 4788
2623 1884
1982 1431
3461 2382
2577 4438
2204 2555
2453 2429
2505 4389
2863 3248
2069 3172
2650 2521
2715 4687
1596 2195
686 657
2686 2176
4702 2906
659 1671
4339 724
2602 3786
2617 3927
572 4651
149 3051
3929 1999
1989 4591
758 4850
1852 3695
1587 862
1951 3502
2801 3999
99 829
3916 2068
3060 431
3020 1751
1991 4276
1215 3818
4898 4441
4693 825
3583 771
4211 4934
3677 2248
2816 3380
4247 1075
1564 540
3131 1020
3243 963
2728 1941
4285 1834
1181 1846
1779 3992
4301 2562
1857 2340
2449 1138
1252 938
4552 2934
3786 1648
2973 2741
1269 2912
873 1186
2235 1906
393 3043
1154 4331
3552 2413
3006 2677
3286 3864
3937 1176
4457 1011
2744 133
2329 1396
1945 4439
2833 1123
4322 4534
803 3811
4312 3723
4447 1074
3839 4760
2070 741
4642 1025
2565 3128
552 2228
4472 2883
1281 1098
1830 1483
46 3658
3407 1867
64 1192
1975 538
1823 3191
1286 2927
1975 1129
1417 2152
610 1174
3817 4624
1296 392
2601 1572
1724 50
1089 2095
3127 2003
3225 282
4437 4095
2529 2338
3277 2902
1803 4032
3482 440
1603 3891
4616 1695
589 565
1635 3993
4425 4508
1792 4139
4178 1577
2114 1557
3415 496
4278 1402
1937 3993
2896 388
504 3183
3442 4948
298 1611
831 1914
4121 1979
3198 749
2992 200
328 4411
3175 182
2678 4624
3887 1684
4735 1363
2717 4237
347 287
312 2825
2978 2249
3574 2521
1576 1843
4314 2397
4680 2185
4048 1566
1374 2915
917 211
1061 4748
4689 4354
1553 1036
1992 2754
1727 1542
3932 1340
1247 2380
1853 935
3524 2983
569 4453
3132 458
3234 2085
4725 3605
4331 3852
882 1519
3644 282
1106 3217
3626 1506
1435 2116
2097 4149
3706 4746
3928 2181
4719 923
1666 1892
2664 2712
2111 2006
4818 1347
1791 2577
3736 3256
3582 1827
4732 2989
2494 171
4344 3008
2129 4048
1670 3221
3447 3909
4183 1614
4019 2354
3738 812
2043 2371
1304 2860
684 2501
2201 4473
3760 4649
2591 945
268 2596
2132 2627
768 4999
3984 2067
800 4826
4151 1654
1554 3447
2717 4274
165 3161
918 1937
3317 3433
2259 3018
59 3452
666 692
3262 2065
2579 3233
1238 1855
1298 110
2977 3865
3693 516
3137 815
1417 2368
1108 100
1696 874
3590 3330
2523 2081
12 3809
125 3127
1513 2672
3969 2371
4887 3459
1447 4790
727 2156
418 1139
3647 1558
268 195
2895 1834
4397 1691
2163 1260
4233 1087
571 3126
401 1915
4870 2139
1006 79
1078 4958
2812 306
2355 1918
971 4869
2847 4051
425 1692
2221 380
1997 2357
214 4772
3379 3633
3411 1280
4096 1603
740 3315
4149 4088
1446 4167
2982 1324
3391 720
4284 1675
1175 2862
2623 2154
4411 3875
2529 295
2938 57
128 4460
3364 1485
4134 122
3856 3820
2532 4848
3555 3964
1764 1614
4842 499
4347 3632
4917 3656
1849 2350
4296 1979
225 187
3040 4650
4734 3945
1172 3247
1874 2097
2349 4766
727 2057
3577 4360
2025 931
3777 2412
3990 859
1802 3654
4117 2968
1949 1986
154 2453
4807 80
1321 2677
3281 3214
1159 66
218 724
3546 1788
4368 3214
1581 3557
3429 1467
4829 4651
2829 789
1751 3589
1910 3483
216 528
720 4804
448 3909
1890 3601
1198 4551
3437 4415
2742 4264
1062 4917
3350 589
3708 874
536 3750
4248 293
1986 2393
4956 4288
4230 1023
3847 1463
3156 389
818 3319
1840 4653
769 625
2909 4607
4085 312
4175 4688
2053 2658
335 4223
3751 4234
3634 2152
1878 8
2355 3647
4052 2094
4906 1290
4951 1624
4975 1022
4055 3438
4209 2320
3629 2480
2071 3932
1813 495
243 1869
4769 698
4733 358
4044 351
1559 2101
2013 3088
3062 1434
2052 3931
1739 1815
321 2384
918 640
704 2482
2926 4258
11 1753
4502 2513
4378 2397
1363 1829
4379 1765
4656 3186
2784 2255
4040 1639
3416 3275
2466 623
3041 4504
3959 1782
743 4640
1285 4274
3699 2839
2414 1581
3083 1019
364 2977
729 1417
2542 2967
3862 3070
4698 4954
3394 2668
1966 2926
1406 4797
2234 2309
2898 105
2627 3003
3894 4498
3501 2403
4863 3744
4666 3771
2963 1608
2014 937
2331 2648
3645 4222
2179 4021
154 2376
3277 4811
3704 4352
586 998
81 368
3344 4794
4869 4711
1962 4585
4944 597
4525 734
4240 814
2780 2496
3685 1646
2431 3983
4554 4510
1684 525
4672 1131
2842 3149
4829 2600
4557 1260
2318 1205
644 807
4265 1457
1177 3991
4503 2920
2940 4971
1498 1948
4129 3790
2295 992
4257 3508
1120 1745
4610 3234
2508 4115
2322 4723
4273 1958
4925 2783
4230 3739
2476 1788
1966 4361
3824 32
2212 1135
1431 3666
916 3069
1628 396
1194 780
3916 4546
990 3429
1435 406
1628 299
4777 775
1818 622
94 1122
555 2268
3015 402
1832 4102
3164 715
4928 1125
3940 3410
927 1149
348 3311
1450 2734
652 2611
4523 4777
3022 2993
3863 1232
3509 470
1876 1170
2079 2090
2395 7
4506 785
2006 3463
3887 1552
1122 2031
1136 1233
3479 4060
1943 1272
727 1893
3854 183
4078 3791
918 2428
4464 2661
2801 1095
2503 2872
2038 643
3581 932
865 997
3814 3752
465 3438
3839 967
2215 584
3136 2918
3088 1685
4131 796
1740 848
4090 3057
2886 1610
3477 1054
820 3713
1368 2475
1737 4939
4365 1810
4262 2553
3832 2759
3888 2665
3540 2467
2283 519
4729 1974
2997 3788
4681 4496
2243 920
4569 1681
4557 1928
2431 4602
2525 736
1982 1801
2399 106
2906 2298
4272 4403
3986 243
298 4187
412 622
852 603
613 4380
3476 761
4469 475
2505 427
3929 21
2898 4283
1856 4446
3003 1873
1365 2038
4757 1259
258 2081
661 1503
1728 32
2570 359
3110 2972
1224 1004
2486 995
3285 1597
4465 1436
2076 4818
4843 3378
3309 4041
1860 4180
3217 944
2398 1076
2053 3524
1594 2298
4756 1415
2162 4290
2890 612
150 1293
4561 381
2371 4067
595 3446
2659 2384
3509 1537
940 702
1126 3893
472 4922
1820 2248
2912 4945
3111 3807
2953 1593
4681 246
83 262
423 1821
4477 4101
473 741
807 4285
4496 837
2785 595
51 1833
277 1182
4482 737
4682 604
4205 698
4876 3681
2383 4164
3210 2274
3106 4711
4757 2702
62 1963
2387 1318
3592 180
2228 3513
1312 2871
1818 92
2535 2182
3129 2926
2352 3606
1203 2622
4175 1598
4972 4746
4439 183
4422 766
3580 2616
4016 3724
1730 3609
2630 3210
4547 2520
4554 3785
667 1231
1397 42
4114 3540
1508 29
2893 64
1091 87
1676 2385
3769 2773
2788 4526
2063 2302
1179 4610
1475 4399
4288 3133
1066 3132
3780 3019
2825 4029
1741 4438
1645 1897
4001 4973
3898 2987
4847 246
1050 4207
3516 3703
2687 2589
3861 3505
2750 1219
2855 1114
97 2259
167 1464
3603 2568
4667 101
4276 4436
3470 4561
1774 1303
4118 3783
708 4305
4497 4535
4268 2133
4686 3539
1879 2524
4507 2374
3460 3552
4470 2006
2905 4498
492 4582
4224 65
2354 532
593 2505
2877 2120
4339 3478
761 1722
4285 3959
1705 4666
2950 4900
3661 3031
3002 1089
2323 2422
3594 3652
2619 1854
3737 1132
2216 1011
2234 726
4765 529
2987 1564
40 395
4746 1743
740 1245
3910 2771
4252 1164
4754 1363
1219 1968
337 1755
75 4166
3280 700
3131 1097
522 4027
1557 4692
621 2119
1327 4014
1285 87
3694 1908
3322 3846
1040 1733
1314 2921
148 3565
4951 4916
1877 613
4401 3458
4629 2666
397 4818
1120 2454
711 1742
2395 2912
2562 2810
1068 198
3262 533
3658 998
2613 1707
39 735
2725 936
3189 4466
3889 1985
2628 3912
1908 3154
2625 4491
2766 722
4778 2780
3352 3687
1117 4607
2018 1375
1001 702
75 2129
2798 2448
2348 3552
2525 1761
430 2235
1360 654
4503 1162
177 2998
3645 1406
3524 3884
4224 730
960 423
2333 2436
1187 2364
3437 1351
1268 1721
3989 1772
3221 559
3568 2310
2301 2478
435 2300
3088 1308
738 1684
1720 1576
3605 3698
1473 1280
4275 548
2842 1945
1412 469
1106 220
4027 1446
2327 2802
4292 1361
4399 2937
4472 412
4978 3599
2556 4643
4262 1027
3537 3617
1224 445
1660 1216
1278 4912
4181 2418
3106 3567
309 2247
1422 532
4277 916
4136 4060
2416 886
388 1063
2811 3860
144 2559
506 4432
4159 4737
1702 2175
3463 3092
3915 291
3332 4951
4788 1750
1266 2589
2606 1933
3219 2918
2691 2530
783 87
3752 4657
994 4628
3758 3
2703 4764
4405 3589
1953 362
574 2930
3964 3289
4641 647
2418 175
962 1259
1806 2110
4327 651
3312 3358
3759 3524
768 4097
4912 1220
847 2168
2135 788
3968 1951
794 4569
48 3505
2457 1775
2683 572
3133 2435
929 2950
227 2087
2816 2002
3396 2905
2943 896
4766 12
3021 1922
2690 3462
692 4151
3834 4132
1330 2020
303 2482
3599 3672
2917 931
3482 4646
1003 3817
2120 1003
225 3063
4793 4576
1673 3362
3728 2266
344 3234
462 4288
4152 1514
1483 3883
2381 3143
2662 4132
873 446
4799 2832
2529 2412
334 1287
4546 912
2779 4170
4185 3278
1870 4249
615 670
3876 1271
3650 2383
3043 698
4062 4510
2146 1249
3359 243
2092 4596
2154 741
2919 2715
523 908
4967 1390
1754 3329
912 1767
3763 580
3602 494
3887 1994
1817 3368
3669 2340
948 137
1228 4624
4396 1860
3826 4364
4700 3930
4056 124
2572 1161
3397 1718
2835 1960
2172 4341
4173 4874
2182 4765
3757 4393
4753 3175
4501 3860
4540 4859
758 1374
483 1420
3751 3143
1391 3918
815 2457
3360 3003
2519 748
4986 4227
2523 398
4734 2879
1367 1705
3886 895
4505 2195
3533 3042
4353 332
3103 1387
1905 1502
4936 2159
2161 2055
2197 3948
4804 730
4208 3817
27 2230
4247 1240
1236 1015
4736 4184
4494 2120
4492 243
2383 929
3039 708
4837 3053
4771 4896
1193 4881
927 3891
2822 900
1204 4823
2142 4531
4027 1941
1269 3866
2616 2692
187 2921
144 3892
4850 722
1878 1384
4943 3174
3976 828
2643 733
105 739
2986 1900
3631 2722
2008 2944
4556 4548
2541 380
2404 4034
2985 1098
3820 2139
1782 2436
787 3417
3226 2242
1674 4565
1396 395
2366 3990
4803 3134
1874 3334
1011 1826
2136 819
3641 51
4671 4652
1415 3108
1558 4747
3099 4458
3813 4703
1635 650
2064 4338
1938 4316
3237 1079
2211 4224
4212 1750
4129 1664
368 4892
564 580
1102 4979
2433 559
1715 2503
4032 3490
3067 4877
2569 3195
4575 2106
3697 1843
1240 2674
1987 221
4165 2793
4361 3120
4876 4626
4986 1505
4360 4166
898 2685
2226 4165
4150 1890
995 557
3643 600
2541 2395
3137 4655
4532 265
1753 486
3080 985
3942 3676
3095 2717
3525 2788
4049 2880
167 1824
4310 2678
1151 528
3309 1388
2272 418
4681 1627
4999 2270
1003 258
704 2510
4820 4867
1244 3510
3037 4298
1014 4518
4242 2587
2879 1124
2784 2390
1006 761
80 1703
2296 2259
3529 780
2372 1466
638 4758
478 4038
1754 1517
196 3061
1394 1077
1196 1421
1612 3713
2069 2944
3257 1707
1345 395
4975 2011
2651 2645
994 608
2866 2696
1234 2550
3316 3035
1284 521
1915 1203
4244 3542
3476 1922
4283 4828
2175 2614
4988 628
2652 4625
4127 3103
4660 1691
1427 2001
2005 4380
2694 2350
4157 4715
4260 4166
13 2166
3404 3080
1877 1405
4045 4842
161 3077
4583 2322
2188 1143
722 2599
1602 4335
4536 1801
2257 3692
4535 664
1345 2213
4065 1405
113 3813
117 4875
3794 1645
2773 2339
681 1424
4357 4975
3447 1247
4923 1639
2100 238
2133 457
4573 3933
946 807
1451 1668
1497 964
3433 592
1364 3905
1021 2480
3660 1283
1148 3967
1164 583
4187 1452
2389 117
2411 60
4689 2680
2322 4020
3241 1706
1505 3294
3889 3767
3851 1976
4079 1129
1401 3635
4643 2532
3000 1688
4084 13
2420 3892
4414 3265
1862 789
3547 1271
734 2580
4130 865
4070 778
2121 4107
4585 1412
455 3014
4930 1207
3978 245
4777 1041
519 3864
4850 4411
528 3413
2396 3940
3565 1231
175 1259
3688 1759
907 3850
1974 2400
602 1099
4261 1239
3931 1463
4829 165
842 4160
3902 3607
293 1725
2307 1945
1994 1863
3830 4259
3977 2161
4424 1059
3742 964
2517 2008
3412 3835
3912 3103
3179 4900
3309 2332
4471 3849
648 2353
4386 2645
4981 3320
997 965
256 3711
3667 3844
660 1220
947 137
840 3897
4628 2256
999 4955
4775 1796
524 1770
409 3600
445 3465
1891 2008
4411 2653
273 1496
2830 3002
1677 2813
3726 2159
3102 4133
1535 3986
3228 4789
4516 4403
4572 2603
3928 2620
3610 4527
4355 1560
737 2623
3918 3503
4587 3121
3790 652
3381 3785
3659 4189
4197 1272
3081 448
880 2020
4358 3262
1800 2592
2516 2944
4971 1796
323 340
4837 4055
2177 3656
4421 2989
4294 3152
4022 1357
1412 1201
1484 1163
2733 848
4210 2864
1057 3901
2069 754
2672 4769
2865 1843
2389 1900
4584 4516
2452 2705
4066 2536
4399 4121
1709 2581
2669 4417
1957 4409
762 3127
602 4900
1861 849
2097 981
3506 2527
1371 4161
1988 575
2851 642
933 3214
572 4437
290 423
3087 3492
1178 1768
1336 3054
829 2525
258 2322
3153 4179
1862 270
2082 4777
994 2272
4664 618
512 738
3497 3754
4832 221
2282 1614
770 1173
1017 2570
4636 582
294 2920
2888 3499
2280 2486
3108 1633
1131 4554
624 2575
4695 546
1989 519
3245 1576
739 447
640 4352
3792 2862
4175 3478
470 886
4387 317
794 3840
1547 3608
481 3964
2226 2320
356 377
472 2230
4944 2897
4484 4954
3732 4359
4343 4528
4274 4673
3573 4788
3868 2267
4046 3897
3464 3665
3784 2410
1670 2760
627 2458
1714 3488
3795 4806
4143 1189
2987 1502
2250 3012
1356 1175
859 145
4846 2008
1192 2922
2148 4908
3010 1762
4920 2824
1113 506
1879 1874
128 1118
2118 35
826 3584
3980 3666
2908 1328
1856 4990
3007 4188
4150 2537
3492 1159
299 1046
3658 466
2269 1877
3898 340
1200 658
2002 1944
2811 44
1641 4090
4932 4240
2413 2624
4727 2837
4821 2530
2086 1532
4567 3422
3575 2689
2677 1206
3315 1505
4707 4893
1990 4927
2930 4588
3827 2912
2691 1160
3310 617
257 1076
2374 3040
2261 3183
1342 1153
270 4197
1327 1155
4320 1306
964 3166
543 1867
773 2074
3710 1406
413 284
38 1827
4739 2198
4823 3204
4839 3745
4586 1309
3401 2956
4983 1879
326 2160
2703 1590
1620 4043
3671 3921
2983 886
1352 4570
4558 3719
2860 686
3602 530
4663 3024
3574 2974
1436 953
975 4602
1155 4644
2863 2233
1013 1524
4439 1669
3549 2277
3395 119
1960 2472
4194 2390
2071 1927
2332 1238
1090 4742
3594 3107
2086 3808
512 3522
3722 4264
3755 4161
1295 989
1056 874
954 1050
911 1102
64 2510
4263 518
2397 4614
2261 4732
4612 2893
1239 147
4866 2693
2536 1663
4383 2226
3443 2715
4983 510
2838 1373
3884 1245
679 1637
1006 2539
1847 4727
2706 2265
1236 930
659 4313
2198 1562
5 4804
932 2557
639 267
2454 3574
1471 1530
1502 874
4652 3650
3172 1571
2550 1301
4977 2894
4090 4108
726 4153
4571 607
4493 272
1431 1435
3061 1668
1873 725
2610 4741
4147 2295
1107 796
1621 3189
4677 373
3375 3775
4360 4250
2886 597
3788 1851
1750 1754
1001 4904
2559 480
7 162
30 675
471 1652
1996 4339
3550 4331
70 2400
1279 2004
1063 3470
1158 485
4558 4571
3041 2298
70 927
3872 4610
2304 574
4188 4911
2335 4800
2214 1931
3872 920
2186 4014
4316 4000
2552 3804
4248 4844
2377 2358
291 2249
325 592
2491 4792
4929 4800
4355 4137
460 1749
3457 3388
4045 2188
4683 828
2598 3769
4214 3114
1282 19
2342 863
3684 3252
2619 362
565 3808
3471 697
3496 1294
1918 4943
2291 3192
506 1733
4264 250
4828 835
4782 1676
1642 2542
192 1844
3363 1256
3169 967
3389 248
1469 3518
3524 1265
4478 3142
2677 4100
383 3814
4476 4313
1428 2561
2349 372
2010 3493
4742 2356
2219 900
4437 4697
382 4336
371 1480
999 4095
1893 2947
585 2368
3250 1340
1895 1752
59 3513
761 2040
4922 923
1907 3878
3680 3823
2680 3782
661 4632
3685 1041
1475 4154
103 120
507 3065
1878 4008
4482 3344
3946 1098
4435 2511
4897 1943
2607 1036
736 1847
3841 4662
2596 3048
2968 4100
1962 3054
3699 1985
3130 1313
2028 4897
2176 2968
4394 2770
2568 755
4414 176
1371 3854
4756 207
1770 861
1877 4602
1800 477
2434 4840
3803 940
4391 1281
1300 4892
3258 4263
3760 3730
1573 4746
1296 1872
504 1178
4612 432
1362 3617
29 1130
453 4773
1002 981
4029 4661
1183 11
2620 3878
1455 4374
3074 2864
1314 4520
871 2868
2252 965
728 4259
1283 882
63 4140
1984 4549
1085 4433
3410 3846
1931 4297
2126 4755
37 1278
933 4274
3012 2538
3769 908
4330 2598
1268 777
284 163
1590 1036
2452 3104
665 2190
4685 3126
405 645
367 4940
1179 527
1670 4973
3381 158
945 1147
177 1605
4177 4148
3700 4870
2159 2792
3595 3533
2187 536
525 787
166 1500
2760 432
4371 546
2771 880
1412 2396
2785 2330
731 3254
1518 638
1483 2951
4266 2997
1419 1034
1848 3241
2270 3217
1111 554
510 925
1641 4085
4470 2795
4781 44
3965 1097
523 3936
899 3560
1351 2616
737 3678
1870 3699
2111 1104
1748 4919
3287 1207
2470 172
3185 2777
3283 485
4716 3564
1129 470
2366 1758
1276 946
1749 2725
2522 3740
98 3446
4739 3119
64 323
3756 1830
393 500
1683 2702
3420 3851
2094 1990
863 1324
2386 4131
2114 1355
3516 4169
461 560
3642 1359
4666 3869
3961 3359
4517 4661
1083 4832
114 3832
4643 4283
136 4483
1668 2051
3378 3066
1736 4466
891 3061
4773 4454
874 4503
1324 2257
136 4275
1259 2467
405 3469
680 195
915 3438
3404 4218
1742 2750
2107 2177
935 4314
4159 3230
877 3603
4096 4532
5 1539
25 1743
4562 1740
1765 4007
3204 1587
4684 2887
3886 3661
1529 1030
1156 2449
120 4902
4592 1942
1639 380
1319 2034
1152 3232
460 954
3190 1828
4416 2763
4778 896
1679 1918
3419 4797
3551 1308
2363 3144
1438 4292
1354 3186
4885 3907
355 1455
2310 2938
4448 2722
4365 4116
839 1846
1269 4361
1599 4957
3442 2630
3035 4097
5 716
3894 3847
1276 1085
4320 398
2072 4349
3513 1875
2564 615
4604 558
3472 3596
298 3425
3596 1435
3062 3631
1895 257
4891 337
386 3572
803 4338
1307 551
3658 3082
2124 837
4428 3507
2910 2235
3765 4146
2898 586
2564 3034
4787 4823
738 3512
1792 2370
2725 3164
4893 162
2786 1611
2352 3695
4660 3475
2977 4499
2643 2054
4191 4701
744 4240
2182 1239
3013 4637
288 3075
4018 4076
3275 1142
588 2448
1300 2373
2623 712
3328 1346
178 465
1521 337
2072 4248
946 281
4837 2616
3507 2131
1305 1338
2799 147
3674 1090
997 4421
1710 654
2646 4532
4049 23
795 3982
601 1467
2306 3982
4435 601
2535 1687
4874 73
3318 3742
844 3677
1464 3338
4009 4929
4803 1944
797 1771
1311 3705
4582 123
3885 324
1389 4247
223 3548
4746 4412
2886 3280
3088 3755
2809 2927
2425 4636
2918 331
245 3825
1633 678
3198 2338
3248 4799
3955 4002
4012 3944
784 2670
4583 1780
1901 3765
3855 2250
1788 3466
2575 2177
2871 100
1469 3462
2339 2045
1256 2251
4161 2967
1945 3884
581 4902
159 3712
584 316
4857 672
3010 1925
2504 3247
127 1773
4904 2043
495 3571
4066 1086
2489 2356
3640 4100
3272 3285
3474 963
2157 4214
4228 3378
1213 2333
4194 3878
4771 3544
4127 3929
1666 1923
4487 2148
3115 4702
2918 2632
244 217
604 2290
1199 1882
1082 2621
794 2747
1055 4311
2799 2294
4660 2884
125 4852
1371 412
4003 58
179 446
68 2382
3862 3574
1195 1046
4297 2278
2444 2603
4501 3570
1768 1136
2979 1105
869 3928
856 1748
2082 3131
2248 4562
2527 3679
3187 4926
2432 554
2854 1958
2984 213
2650 393
4803 4559
3034 4013
17 463
4789 3264
2178 291
1855 4512
72 1185
1633 1278
1001 2401
3742 834
2845 2497
2010 4035
1123 4042
1284 1189
1942 4152
912 4097
2345 3678
2617 4475
4690 2951
4209 3673
2856 901
3611 1749
1575 4126
4102 241
919 1237
2386 4140
4442 2781
975 2105
1371 1861
2726 2181
3098 2685
2727 1195
2758 949
510 1777
1644 481
4747 2229
4889 3400
2374 3949
3158 4562
4457 446
59 2030
1746 4501
933 2003
1073 4210
1834 167
1323 2061
461 766
1586 2876
216 1808
4707 1585
4840 4849
2763 30
1747 2981
4834 4589
506 2291
532 631
4389 456
3938 1850
2490 4410
1774 3054
1014 159
3369 1825
1726 2410
2227 108
3439 1065
4631 1075
4543 4669
918 1752
954 1824
3827 1758
4681 3285
4845 78
581 939
2733 2583
1347 138
1847 769
539 4351
3432 3802
4045 2635
1418 4507
255 4860
748 2833
2160 1264
3727 2398
4042 4729
3527 1534
3973 1587
4253 4216
2752 1477
3230 4071
1012 4874
3455 4138
2699 3325
2834 812
2855 4386
1670 2280
4671 1495
890 1258
4943 2596
1038 4174
635 3701
4471 3523
2155 1237
1531 1663
2377 1127
2504 3599
1963 1049
1864 1874
141 3663
3185 2963
1787 4630
2353 2254
2221 957
4209 3639
3922 1014
1171 2614
1747 2691
1522 889
3264 3267
1782 1378
4892 1563
2539 3688
2398 1985
3026 291
2874 2701
3525 1753
3621 2386
3478 4684
3581 3281
1858 166
1820 4784
1267 2284
4051 4662
3743 153
680 944
2641 3064
454 1439
2123 2815
4682 181
844 4137
404 2086
3898 481
2144 1358
46 3623
1410 3372
4971 4120
1249 1680
3481 806
1651 4318
4006 4868
3626 2265
223 3183
600 1042
967 1885
2360 1327
4439 1915
4557 1392
4840 83
4342 1656
2197 4250
1960 3813
1971 2589
3604 127
3625 3709
2871 308
1971 537
1896 2254
141 4546
2567 2404
3132 225
2270 499
58 1656
4977 1080
1203 4636
1801 1616
2833 2365
974 1651
350 4588
3538 465
875 426
3460 3611
2179 2132
3072 3951
3756 131
1413 3810
3685 4350
3458 4783
3321 3832
4295 400
916 767
4158 4265
3732 3899
405 4258
3961 1730
918 2309
797 1963
3780 3028
1547 3512
656 1926
2422 2472
3786 4868
2213 4260
4637 1562
3084 674
2604 3510
167 4160
1027 2285
2470 4585
4534 2736
4014 2916
1782 2575
898 4046
1740 4918
901 3469
1292 2851
3002 618
1240 2763
426 2592
1601 1516
3042 397
673 2115
3691 1686
4291 3751
4289 3413
4742 592
3213 4296
966 1183
3992 3445
249 4355
3655 4301
4590 3204
45 1035
1248 3860
3618 2498
2530 406
693 1448
2202 2328
2028 2361
4488 507
2296 2909
652 2758
1070 723
1314 2460
2515 928
2594 184
3086 2676
84 3579
2547 1161
1020 862
3290 499
4327 2715
4077 1611
1168 2730
329 1577
3360 4924
1482 1854
81 488
3485 3481
51 1474
4733 3533
801 976
474 3786
4080 1365
3179 2606
4750 2965
1457 4510
1875 1064
2784 2690
2393 115
2819 3894
3212 4854
805 2914
2984 2337
2213 3780
4535 2676
2506 4682
817 4872
1342 3696
2652 353
4494 505
2550 105
4252 1209
961 3104
978 1529
4039 1873
4434 3256
3467 4975
4341 4200
505 2480
3737 929
1013 4826
2410 32
1279 895
3630 3803
2241 2766
2449 3045
1263 2702
4732 99
453 4640
112 4988
3742 4925
54 3826
4656 4885
1390 2361
1029 1118
3159 239
3834 2676
761 1012
3317 3239
1694 1985
3598 4059
1680 4864
534 603
4837 48
4055 1678
863 1944
3644 1106
646 3312
457 3426
24 434
4858 3144
1542 4448
2814 1137
3753 113
2433 550
4619 2718
280 987
3510 2179
1394 1737
4481 4082
3542 4599
2107 2693
2130 3962
1259 133
1082 4008
4362 3282
4642 3725
3087 3865
2245 4375
1690 1303
4098 4627
4863 4011
2045 4765
2942 3253
1217 1889
3661 565
100 2961
78 743
1356 2614
3172 693
1431 4531
138 859
988 2181
4613 4075
676 4707
1511 142
2408 1877
4629 2795
937 4188
3751 862
593 1474
4985 2746
533 3831
3238 4303
4860 1068
1426 1345
1564 1351
3227 511
288 1660
2278 4264
636 4798
2278 2922
2314 2596
498 1492
777 1653
4006 4766
3006 981
3773 4630
1685 2055
4921 741
2436 3164
4022 1070
4053 2477
1159 2917
1452 812
1497 3675
2084 4238
3467 2347
1360 1905
1654 1127
2035 3607
701 3006
2611 46
4973 2228
4122 1419
580 4167
952 3642
546 4867
4514 3358
4583 3119
538 4186
4268 1134
3813 3207
1212 1534
2963 3849
3105 3018
4462 2435
3390 452
3623 4429
3124 4159
4087 1543
2474 4062
1051 229
3927 3330
468 4333
3827 2823
4363 1758
796 2316
2275 3036
3098 2754
4100 3663
1162 129
2569 1825
3448 712
3736 1427
3686 3607
4494 3402
1885 3833
2706 391
402 1560
2041 2491
1856 570
1012 4003
1360 2304
2087 4873
1295 4782
4071 2479
3324 4243
1908 1419
3830 4878
3471 4096
594 2944
787 2297
4482 684
3404 623
1996 198
1730 2400
277 2271
1537 4519
3329 4667
2118 3417
1581 4685
3390 2280
2256 4057
3781 3733
561 2006
3894 4588
871 3745
140 4245
4664 172
2739 4209
3303 4158
591 3457
1723 1924
1537 4424
1366 2703
4729 4380
1141 4328
2921 2336
542 4468
2568 4858
4962 719
552 1402
2503 1137
3189 2001
2617 3540
1328 1055
4187 3525
1616 3149
3510 1856
4746 572
1305 1908
991 436
4238 4616
1961 2393
2098 2384
2618 4564
4916 4721
4864 303
827 1643
1561 3544
4727 2559
3504 4988
845 70
4694 2457
3596 1051
1781 1356
4151 2396
1970 2386
1428 4052
3437 4999
4749 1567
1172 1438
1192 414
907 3476
3463 3102
1949 373
2025 4894
215 4311
1877 3376
1903 1156
1964 4521
957 2902
1915 2593
1135 2683
3937 951
2679 2797
2792 2334
1167 3080
4750 1854
469 3038
645 3501
45 3797
4973 131
2645 566
1952 129
3748 2920
71 495
2932 1011
1475 3772
29 841
2275 4062
4096 4543
3101 2386
2999 3371
553 155
2159 1681
65 465
4109 1488
4184 3086
1671 3234
4880 2777
3838 4588
3998 3215
4872 2833
3422 3523
3913 4480
953 3944
988 4611
199 1891
219 4746
3390 2796
2592 1644
2235 4678
191 3719
2429 3968
518 4117
4219 2940
4328 962
39 62
4160 3389
3287 1132
4766 4253
1800 1714
1976 1941
1117 2099
2302 365
4015 1071
2370 801
1283 1765
28 3554
2936 2078
12 3347
740 4565
357 3026
1506 4210
488 4947
1797 4366
2719 470
1140 1025
340 1775
2991 3922
334 3201
2134 4742
3601 3683
4886 4507
4831 4250
3819 3219
3185 2707
2915 4995
4873 4888
1001 4747
547 4500
4947 409
2521 2711
3198 2087
3662 22
3453 1553
1201 4731
347 2460
4024 3746
3855 2774
4099 3968
4978 4791
279 3345
3230 3268
3022 1389
2480 1281
4422 4886
1288 202
4270 3102
1399 4116
1510 3017
599 2519
4245 495
931 3116
852 1503
3702 3114
3857 4249
1725 2654
1637 1475
2370 2266
1825 1106
2985 659
385 3386
228 2430
567 2094
4955 1920
4520 107
1427 4177
1273 2728
906 1179
2148 4711
143 4246
4280 477
3188 2211
513 3249
786 984
1678 1604
2731 3337
4934 4193
3649 324
989 2677
4953 1361
1109 2609
3026 4239
387 3550
856 2926
2009 295
1240 1573
2666 1425
1888 2809
1898 3298
4428 4003
928 433
4214 279
3228 2123
2421 2443
4214 1107
3549 4162
1444 1813
883 3316
463 164
3497 1484
4766 258
953 3176
3115 922
1456 4445
4220 2125
3939 2503
2732 2522
2061 470
823 4296
2619 4444
4272 3668
1775 953
1120 2577
1424 488
1056 1314
997 146
1303 2175
3132 602
485 4166
2100 4322
1841 655
1558 886
4990 2115
1385 1622
3664 47
3383 247
4336 2673
3533 1596
1881 3451
4857 1440
3636 527
1083 2436
1053 576
3944 1381
4737 3709
711 32
4457 1879
270 2381
2508 4598
980 1495
1356 3664
1028 4672
847 3018
442 1550
2201 4534
3301 314
2831 1389
2195 1715
2722 4187
2340 4764
4841 4127
4843 1583
1447 4443
4854 4104
2640 907
1902 1132
1716 3653
398 448
2183 3359
4670 4539
436 295
847 1101
3140 4908
985 1291
714 953
2198 875
309 3755
1582 2415
4863 2969
2012 3940
2594 119
2235 1585
2465 1891
2628 1174
3583 2550
616 3014
4604 3314
4963 1853
2151 2473
1246 293
2012 1184
421 1708
4574 55
747 1211
1377 3424
361 2867
4442 4647
2206 2939
4730 2371
1509 4518
277 4272
4403 1384
1774 1354
1379 54
822 3722
1043 1578
4488 4783
734 2856
2356 3438
4672 964
2678 1413
326 1123
1793 4256
4441 4977
4590 1373
4732 4582
4762 4798
2113 1007
638 3851
3524 2690
1431 3689
1623 4407
4096 4952
1597 402
4938 1232
2427 3011
987 4417
4553 3491
267 3655
2546 4045
2363 3749
2573 157
3869 4487
106 2609
2170 1487
615 2940
3545 3782
2155 4085
4509 1007
4581 763
1884 4344
1988 4930
1987 3159
781 807
40 1102
3623 95
3517 4977
3754 857
4537 1169
1560 115
2879 3754
4775 2841
4539 1422
4455 2699
4624 1393
2982 1956
1809 17
1969 1230
3222 1464
2290 2751
4391 4804
2069 1062
957 838
1505 1943
849 4408
3965 3544
1836 342
3119 2712
323 3101
1958 1551
641 239
4816 4811
1640 848
4678 4947
2822 2681
3662 2045
2805 4552
635 2935
4429 4683
1198 4579
615 7
3782 4765
2894 4795
3875 1047
3481 4684
2915 501
1582 593
4682 4948
3085 453
2562 3605
920 3832
3313 1931
3932 1722
1443 3026
872 3488
3770 3444
4279 1070
2609 1152
2198 2145
1561 3817
4426 3337
2702 3189
3088 4835
884 3880
1799 1260
3256 3396
3576 450
4342 3676
3079 1986
291 678
1899 2482
2547 707
1918 3294
4850 1961
1547 1201
666 758
4505 1227
4221 2066
748 305
3103 2493
4551 3208
3760 4157
383 3016
2062 1078
3637 2140
3742 3028
4362 1588
3043 1584
1143 2583
4225 234
585 1926
2480 4799
3479 4529
2793 1805
1386 83
3921 3163
3976 550
1162 1222
3603 3790
1578 4243
1472 2279
3258 2570
3958 2217
4342 1419
3209 234
1339 1448
1173 4410
2337 2854
1377 3318
924 2776
3140 2699
591 4598
1760 4635
4290 508
1267 4805
4593 4731
611 2920
1969 4823
4985 2924
2885 1851
3661 4923
2646 2118
2800 1668
3263 153
992 4206
3374 4424
3265 2515
579 742
3242 4968
4898 1455
2683 2101
2426 2881
4689 1262
852 646
2250 197
906 3229
3081 949
1204 4214
1848 398
1510 2341
2809 3573
4383 2628
186 1759
3985 1818
3882 1004
3028 1205
3431 1156
1680 3774
3122 314
3112 3319
3287 1362
1526 2125
4709 408
2740 1625
4799 3534
860 3898
3825 2717
2839 1774
2151 3344
4068 1313
2372 2201
1539 3557
1801 4132
3107 935
4280 152
1283 55
3142 139
1837 693
125 4423
1283 849
3671 4955
3905 3037
841 1933
1290 3973
4543 3455
3566 3374
4758 393
3789 568
4081 1425
1370 3176
3295 3322
4166 1678
1565 4459
1349 1178
412 4945
4611 3743
1792 1047
1283 2810
3732 608
914 3386
3618 1775
1414 3020
2350 3742
3606 2725
2170 2940
1285 2342
1249 245
1660 1080
1929 3957
105 469
2238 4879
1166 3572
572 1621
874 1501
2490 1478
4362 4038
3139 4799
1322 962
938 1523
4877 3983
1270 993
3663 1024
4606 3074
3622 4558
3394 571
2940 1273
2143 2338
3300 2654
4036 948
1828 107
3082 1654
4563 275
2776 1032
2642 3461
1955 3211
628 1430
2066 2497
3868 4881
312 2997
2883 3822
3804 632
424 4348
3919 2838
785 3882
1204 1236
1368 3523
3934 952
3766 4070
4910 3139
3756 298
4715 4596
2304 3308
468 3257
53 2607
740 1155
1373 435
3769 220
605 1654
449 4646
3940 357
1309 1779
665 2692
4352 4965
3264 4202
2454 3291
1458 1190
2306 3634
4872 3161
4078 2986
1654 1792
2839 2220
1848 2891
1222 4823
2615 334
4631 5
3757 4956
4850 3176
4058 2746
833 4426
2623 1260
3233 3230
4374 1670
3535 2252
3695 1375
4331 2487
1997 1019
1520 4959
2968 3322
3603 4573
2035 2294
2182 3749
1753 4344
103 1252
1264 3587
620 473
775 3353
4732 3443
590 2189
1130 3786
4080 1903
685 3126
1414 4447
921 4332
905 1692
1442 4034
1822 1595
2171 29
3671 376
4922 339
3878 2863
3816 370
4741 2859
3071 4681
1239 3423
239 3553
108 2641
3513 725
664 2556
4688 1210
429 3622
4601 1938
1829 3406
2287 4257
4440 2917
3425 1546
1402 1636
100 3172
3580 2418
4135 4458
2029 4550
2191 3929
390 1383
1256 2541
1109 1178
2516 4720
46 4866
4111 4501
2335 4968
3555 1087
4940 1872
119 3378
3446 682
2261 3786
4644 4935
1889 1537
4915 124
1699 1687
3839 3267
4658 1443
2258 426
3515 2623
1036 969
4661 1937
3812 2314
1985 4474
2867 2364
317 4034
4087 1161
3241 1787
4222 3292
4877 2853
2816 3581
4494 557
802 3996
1477 4051
4533 1891
3586 4212
1111 496
4804 1260
1167 4801
1644 4010
2915 3510
3926 2343
3051 4771
3779 2263
758 3398
2706 306
1888 2103
3868 3930
3034 3534
4642 3398
2237 1155
4309 4502
3319 2957
760 2458
3127 2002
4010 681
4043 327
4283 1260
3505 1891
1102 3443
4321 3282
2116 316
531 3443
2036 4384
2034 4327
4287 3909
345 1796
2550 2473
936 4930
3800 411
2512 1079
4661 3025
251 1057
4418 2121
3886 4136
2959 729
673 255
944 1870
1778 349
2267 2113
3721 3963
4114 3004
1150 2173
2902 1905
2499 3747
4857 3775
4343 2945
222 3396
1136 4419
4085 4698
927 3186
2680 182
219 3939
3348 3630
3094 4385
2761 3832
1298 1951
1920 1012
3778 3763
4664 491
4926 2505
3984 1066
171 1440
3774 4866
2350 2665
4800 4646
4405 2437
9 3938
395 2707
333 669
3522 3821
830 997
1233 2539
414 3189
3826 190
3218 1004
4549 519
163 1063
1417 1787
1003 555
3954 1585
3654 1559
2964 2670
2926 2422
3000 1476
1832 3997
3420 94
659 370
1008 2558
4294 2868
1986 900
3994 659
4077 717
2795 2536
3237 4758
3782 3170
1552 833
3766 453
3396 2493
3181 2086
1061 964
3556 2236
3985 3826
2255 2339
2098 107
2351 2314
2137 45
3513 3475
2362 914
4918 3488
4224 1365
4373 3479
163 679
4466 4864
4516 4137
1939 746
3042 3440
4520 3897
3784 3900
758 3146
3376 760
853 3032
3503 3028
2585 3682
4147 3115
2903 4610
1554 1466
4066 844
1988 2701
4882 1926
3079 2621
245 466
3067 4311
2179 2137
3401 791
2061 1982
2507 3512
582 757
2409 1059
169 3758
2059 3232
3622 2570
2014 3815
3292 4106
2677 3283
3902 3699
903 3262
778 1933
4150 2416
1303 2171
2395 2971
4355 4472
1434 1314
3530 4385
1580 2355
3653 162
4794 4827
2834 4610
1710 4705
1650 360
241 1933
4491 4914
1467 782
2961 2096
940 2643
4827 732
2188 2027
1529 2716
4892 3079
1243 3511
3408 3086
938 1425
304 4473
773 2020
4686 2518
3336 1306
3189 4795
3087 2437
2450 480
801 4556
2335 78
1729 4105
1486 2347
4370 2901
1696 1763
85 502
3099 2333
3439 3139
1485 4934
391 1146
2021 2896
2358 3000
3343 3494
1457 6
4967 447
3907 3992
694 557
1656 4095
4848 2717
1908 4778
2458 600
1350 1846
268 1975
2332 2563
334 4277
934 3367
297 11
2840 51
4936 3479
2875 1420
2782 3747
4038 701
1343 3374
1955 4110
2491 581
426 2161
2966 389
2537 2488
2712 3102
3082 1947
3084 1178
4870 156
2141 4565
3877 224
4212 814
2750 2710
4095 2011
1869 304
379 2995
4320 4965
4461 2602
3517 4562
3207 3793
4218 1109
4228 220
116 4449
3700 2562
528 1166
419 2058
1689 4706
2743 1610
775 1127
4797 331
1893 995
2543 3397
423 1485
702 1948
1218 138
3619 2392
4292 4907
3915 1909
4041 4524
4859 503
844 709
2609 4696
3160 2312
396 3342
2141 4053
3072 2987
4590 802
4664 1532
190 2767
2920 3705
828 4889
2896 3952
4892 48
1768 1399
1406 2150
1398 1384
4363 1026
3098 4084
3929 927
3124 2075
4443 1135
3388 3525
3531 1637
4844 1139
1691 3416
2115 2418
3360 1704
4534 1069
2994 3894
696 2471
3346 1385
4117 193
356 2821
2617 1677
2821 2820
134 3254
4153 1566
1205 2943
4314 4662
124 4845
1822 3030
3724 4035
2163 1600
4260 3651
748 1637
4263 112
2586 4559
479 4331
712 820
2776 1866
404 1262
3646 871
1692 4859
3476 3229
4848 1793
843 1050
1535 1396
839 1394
4718 3794
353 4958
3514 3400
3316 4607
1185 864
1969 328
1423 1011
1779 4780
3337 1926
3433 532
1615 336
2772 2873
3790 1103
1038 4302
4958 3354
1745 1734
1003 2031
4869 4118
3326 440
1356 2199
3187 2212
2614 3688
520 220
3552 3590
2645 4074
4072 1790
492 961
2563 1891
2815 2398
913 883
2933 3730
164 844
4926 750
4467 3401
4539 341
2156 4706
2135 394
826 4852
4120 1307
4963 518
3286 2126
4844 695
2611 2191
2579 1764
125 2472
4139 3866
1495 3329
920 984
1102 327
1685 82
4000 3479
1596 1642
28 1137
3250 1979
698 2572
2648 4604
860 4702
1302 3142
2324 2779
3850 3945
790 1088
2246 487
1708 1230
359 761
4141 3988
1819 757
1901 2523
2837 4837
1912 3538
2435 1740
1872 3493
1472 4420
680 4647
3342 3078
2249 1500
3515 153
1347 843
2014 1510
1153 1132
3843 4692
2966 2214
890 710
3927 1387
1394 3411
2287 1987
4401 2516
3324 3068
2360 1754
2652 3389
1677 781
4992 2442
3427 102
1156 600
2045 497
140 4060
193 26
1178 146
4192 47
2172 1990
3160 989
4256 4354
1277 3036
1708 4031
3620 2676
3464 134
217 361
1298 3539
2500 834
110 2251
4598 3956
3981 759
4444 305
863 3403
3547 3120
1516 4016
1903 4106
65 50
146 4524
4646 2436
2206 4958
4696 3624
3355 4265
1685 483
101 4032
4376 577
3393 629
2084 276
4637 2567
1055 3647
3853 4309
3026 3392
2237 1143
3220 1573
500 2253
4990 4446
3483 3867
4732 2967
969 3539
1588 1829
4017 1793
4556 4115
3910 429
276 2157
2317 2744
4228 3238
879 394
288 3620
566 4877
3867 4897
938 3844
2224 656
4319 952
4770 5
1388 397
4122 773
4292 1518
2812 3950
2223 2757
670 2329
1314 3671
1973 2002
3744 977
4947 2207
1113 4498
4264 225
3776 1993
4640 248
3471 1459
3227 3281
2159 2678
757 4088
3982 4506
2148 479
3665 646
1230 3591
2109 1908
2155 3704
2968 3631
4927 735
2163 4641
480 2952
4952 4204
1260 1551
2669 189
1859 2496
701 2640
2428 2473
1734 1646
3787 1852
4654 4254
3143 3933
140 3816
2631 2753
1927 3345
1835 3164
715 1065
4499 537
385 592
2337 1282
1692 2570
536 1340
710 730
2700 4535
517 2416
2146 1606
1272 2852
4240 3321
4720 582
199 4131
3415 4102
3960 2171
2185 4276
1660 1029
910 4609
251 4457
4694 2235
4438 4239
4621 1814
2105 2014
2500 2462
90 461
4264 3862
4924 106
2489 895
1840 3400
4568 4006
3301 1692
440 4761
1570 4256
4260 612
1892 1929
2010 3799
3800 1673
844 881
3714 2663
853 2995
1218 2377
2594 4291
1380 2340
837 4703
4309 1792
678 515
759 4883
123 2787
2014 167
2819 4140
1475 1751
528 4949
427 3947
385 3414
570 2927
4485 2279
96 2060
1727 2453
2297 3273
2351 3710
2607 1981
3729 1744
1260 4945
3197 426
106 3170
1012 2180
4570 3943
1737 3221
4083 4859
214 4523
1284 3140
3488 2153
1636 1617
699 1878
544 4465
1242 479
3233 3960
3099 4640
3641 4534
1210 3160
4769 3107
4819 2852
4187 3339
1940 4306
1803 3836
2778 1356
2097 3091
4614 2904
1784 3995
1746 4356
925 4014
947 4578
3120 923
2430 3117
3118 3580
4610 645
591 641
1681 3297
3818 1681
2237 3026
4722 1557
3190 1024
3321 3606
3104 43
168 151
3285 3155
3965 318
557 1235
868 3171
59 3459
2640 230
1636 2692
611 3371
589 309
1806 2403
1437 4189
4822 4810
4374 231
40 233
3871 3400
2443 4972
801 4042
4956 4353
4204 2039
1056 712
2942 1426
3479 3297
3588 1369
2211 3476
3456 837
2775 2513
2882 1072
132 1404
4343 4581
4913 1462
4700 2593
1230 1709
3349 4371
2000 4494
1773 1982
4213 4762
149 830
2340 131
4087 350
1682 778
3324 1038
3925 668
331 42
311 2426
3795 992
3420 2935
3431 3340
4798 2017
3695 4957
2376 844
947 3551
2524 2569
2140 2243
3673 2273
200 3344
4627 3941
1097 1182
3825 3229
2424 4656
3084 4912
1476 2962
3763 3240
1126 622
3095 1902
4545 2081
3751 2083
1190 2419
3057 623
1992 122
1225 2196
2796 3181
1301 1480
1724 2998
1665 3343
2060 3295
4863 2037
2688 1778
1771 3795
2932 333
2754 920
335 863
461 3037
2157 4155
288 2377
4385 2311
2663 4651
178 553
750 4871
71 3483
2515 1779
2020 3856
121 2121
3581 1100
4365 2769
3155 3942
4763 1344
1721 4997
3699 3157
4046 1578
3567 1546
4807 2637
1751 308
2746 327
2438 1258
3415 4873
4951 764
4228 983
4639 3602
2487 1097
1426 2343
292 2921
2030 1958
1257 4830
4034 657
3016 1176
883 2316
3540 2566
729 2136
746 3918
2634 2051
4673 4345
4447 1295
4312 4121
1722 2710
3310 1532
270 2524
2494 4
145 4186
2465 2243
4451 2736
3622 1778
1015 1072
3186 3923
2696 3508
3433 48
2567 614
2456 3132
2893 2503
280 891
2837 1744
2745 1252
2141 4985
4668 2912
134 1640
959 46
4622 3353
3683 3294
4756 1112
4207 3538
686 1697
1250 4776
4348 1699
949 1800
1855 2985
2889 896
2886 2625
1144 1551
1348 314
1235 1002
2069 2119
2314 178
4765 2354
1199 2198
2712 2636
2854 4531
4156 2221
1764 1927
2713 1324
3198 3033
744 1162
1452 4846
4967 186
2132 3702
832 3517
3454 4032
4212 3318
3551 1503
2384 4171
4075 3484
1671 584
2483 1787
753 3321
398 1450
2424 4216
345 2695
642 2876
3486 525
4643 3431
144 4589
10 4944
1325 2790
4388 3906
4307 3657
3490 2579
2136 3518
1414 1776
3094 1662
2587 3874
4603 3780
165 1564
4018 797
3322 2495
3605 2915
285 2794
4416 3187
4610 1631
304 1307
3468 3908
3300 2580
2239 2078
1545 4334
1249 2638
4577 1758
824 3683
2428 3507
1679 1490
1851 1155
4965 4342
4773 2581
3190 2038
1403 1407
409 1620
4585 2044
4426 3565
2629 4470
2248 2867
427 1446
1050 1977
367 509
325 3112
916 3918
1090 205
2313 1428
2203 4111
4394 2862
1176 418
3302 4776
3492 3959
3922 1946
2312 381
790 1192
1531 1425
2552 4061
4599 1605
3370 1423
3367 4965
2887 3680
1031 2224
3569 4939
2929 1082
4349 2176
1546 3159
4286 2297
4685 4641
991 3832
608 1147
4491 2250
3616 474
920 4313
3456 1595
1856 207
3342 1970
3205 2081
4665 4212
2551 1470
702 2866
4257 3519
2933 1359
4054 1400
1455 3743
2692 4194
3995 3539
3719 4659
557 1418
1563 1899
1182 377
3404 3322
1474 1624
4459 262
2027 1973
2578 4866
2735 2967
1073 451
1510 2157
3437 288
3454 1612
4394 749
57 475
3227 2386
4281 4918
1854 1607
321 2624
1051 184
4614 3759
2688 1946
4578 2013
1882 605
55 3614
4656 199
1157 4454
535 1554
1639 1460
3031 4488
3059 3900
972 2113
4962 59
435 3661
26 2280
3565 1593
136 4841
2462 4132
1474 4926
4873 3198
1643 631
2809 4343
4116 2066
2984 4670
1532 4853
2601 3280
2018 3735
1737 4298
4265 4151
479 3719
1458 2209
928 4750
4526 575
3704 1076
4681 3208
3786 2884
4709 393
1224 4104
1158 1545
3467 594
1010 669
1036 4084
3418 4470
3579 2921
4524 3305
2994 857
502 3845
765 4122
1638 4011
4061 1076
3404 3069
3723 415
1870 3350
4911 1633
883 4204
2870 1341
4517 554
3555 3386
168 1916
3741 2894
2865 1964
2705 1186
677 418
3481 3508
1290 807
3444 2703
2761 3140
2945 3404
4401 3806
4949 4237
563 3491
3886 4012
2997 4936
40 4346
939 3536
4890 180
2422 481
3618 4492
4936 859
556 756
3946 1355
1535 1461
1851 4299
457 962
4168 2393
4255 3618
4239 2424
3359 1971
4668 3532
3373 2672
3863 251
4099 4221
2293 3472
3374 4301
3598 2260
4529 344
642 3364
4966 755
1652 3283
1482 97
3714 2614
1433 1295
663 2078
1783 3595
4023 2970
1361 3447
431 443
1897 3322
2653 1030
3318 3798
1196 4204
3267 4962
2896 3174
2792 642
4300 1417
2466 4144
3972 292
2772 114
4824 321
575 997
2823 1096
4331 3397
762 717
3861 2319
2057 3843
1666 3163
1704 2042
2081 3116
151 816
3575 1842
2261 1305
2797 1365
3172 2371
1308 2401
3671 368
91 2826
2690 16
4512 643
1748 3799
3878 4935
779 531
1010 438
4192 760
307 3008
69 3070
2820 4554
1145 650
3189 2296
3853 4408
1411 427
1869 2744
3984 1370
2406 1079
2821 1299
1828 2452
1846 3187
659 876
4912 2260
798 4538
41 439
4928 4045
2107 61
2015 2165
3733 2348
1376 1951
1091 2275
793 2443
2147 2540
2106 1957
2745 3158
3343 1868
2137 4413
1527 2445
1574 803
223 767
4996 1799
2756 138
3968 280
2385 4395
2240 4716
3661 4704
2561 2762
2172 2788
1015 4209
2288 2614
1998 4937
4744 1952
4422 1463
1580 3968
1426 2748
212 3338
4529 1514
1828 2187
1065 4362
4415 1816
1715 4249
3892 2987
1287 202
3716 3967
1521 4800
971 2374
1759 4655
2271 4630
3194 3796
2113 3164
3310 2717
459 4091
1144 2329
3904 3555
3911 837
4182 4447
622 871
385 3516
2137 1717
553 252
1493 4979
3513 1626
2311 4183
3146 3977
2149 2862
4024 2150
4231 4830
3550 126
3281 2209
1494 2511
3882 394
1061 2500
3236 3171
4651 73
2177 4023
1639 1018
1304 4991
2628 2147
2292 1641
1258 1732
4092 2805
547 2411
4343 2799
3442 138
4186 1061
3788 1763
1494 1368
4042 3326
2562 722
233 693
3511 1239
2364 4874
937 4972
4757 799
3465 1057
4476 4421
1789 1341
4958 1862
1379 2440
190 1895
4079 2273
818 170
544 4033
4474 3582
575 2889
1343 919
1542 465
3882 3340
4197 2595
3947 3799
3904 2435
297 3496
1014 2859
3383 125
3233 3238
1527 788
447 965
2355 2739
1833 1355
48 3365
1105 2873
1800 433
4824 2827
1330 4161
380 3815
2233 270
3575 175
3589 2792
992 1621
3830 3091
4457 863
4248 2059
3850 2768
870 2342
3512 1891
3368 1006
1484 1901
3165 4666
9 1632
502 4802
3985 2129
3682 4659
1097 311
194 226
1255 3520
3608 3781
4442 1515
1193 3359
4527 1734
2124 3138
3487 2396
1040 1032
2476 3019
738 2970
4980 2666
1960 3591
2912 850
1586 885
2043 87
2876 2606
386 4296
3386 2689
2437 2283
1339 1842
1318 2027
3033 2086
2975 2820
2054 4726
1617 4457
3074 1410
743 969
347 852
3857 1027
2220 3012
795 365
3598 4848
3477 3496
4857 4531
1507 4227
3713 3582
2032 114
715 2031
1492 4121
2437 820
1840 1312
3379 897
3864 3385
4902 515
4186 4370
663 138
197 1548
4822 2164
366 2782
2237 4756
1738 3606
2249 748
696 1521
2205 4922
3247 3344
3372 57
3994 2582
2242 4696
1699 3373
4029 3791
1354 2452
4562 2482
908 2733
4222 181
1839 913
2310 2566
2278 1519
4601 4556
1361 40
242 4924
645 3259
4749 795
3910 2029
4721 1058
2968 1018
2208 2539
4979 1583
157 2425
2654 1737
1103 54
245 4375
2884 2146
4219 3343
861 511
3660 3314
4624 3637
1989 1210
1233 1939
624 397
3446 435
2433 1276
1083 1534
3563 1949
3468 2654
293 4819
826 2479
2546 2433
1402 3313
711 159
1915 4790
4103 3431
4313 950
1899 486
2103 1139
1585 1448
3016 3259
4399 1257
1836 518
1611 1004
836 397
1176 1779
319 1077
1177 602
3434 316
3546 2735
2316 867
920 3837
833 1691
4989 3542
3450 4462
4661 801
3874 3898
1696 1339
1954 738
3834 1666
4674 4623
3926 2293
4849 2637
377 3218
1335 3445
2242 1581
3795 2231
3387 4879
4119 4598
1065 4652
4408 136
555 4145
2949 4272
1223 3874
2000 1299
3032 987
1155 3076
4206 3249
106 4120
4546 769
3768 973
1883 3418
4832 1693
2656 1480
3225 1047
3379 4146
1970 1568
3437 2431
1410 4904
4810 615
3325 2304
1980 2275
3130 654
2353 4381
4314 1899
1343 3178
4725 4507
2640 4578
1675 1364
2245 2244
4213 1839
3415 2785
3992 2833
3770 2600
4831 2863
2788 4606
3671 3754
4225 1973
2183 4524
2134 2928
556 2335
1098 948
2243 4941
4256 3333
4787 1436
1707 852
2343 1849
2996 543
3089 2257
2541 366
2951 1922
1695 2794
2059 2145
4998 4054
3286 1382
1917 1482
2322 197
2430 2872
3827 4993
1592 4014
990 4400
7 2644
2696 1303
4530 885
728 3556
1965 1224
1889 3701
2890 1879
1215 507
3417 3388
4800 2358
4790 3984
3173 1788
4929 3002
3036 1783
3378 940
1 2291
4975 4968
1784 2968
2209 2172
4438 3056
1309 4389
1713 2294
1132 2160
2892 3212
3998 2197
95 762
2252 2368
1744 4861
1914 4732
2064 2076
875 1479
2734 4137
532 10
204 4053
1246 4069
2510 1605
676 1122
2884 901
1858 3275
2487 2381
2439 1144
898 4639
4792 537
1013 3914
1154 2031
1875 936
90 3745
896 4190
3707 4458
1890 4649
2163 1805
2398 4708
3032 1777
4573 2909
1338 2921
1261 4258
1025 1865
3729 19
2097 1074
15 1528
1961 1048
3478 1452
2593 2077
4190 205
3827 4206
1074 1091
3647 4445
2362 1055
4290 1261
4744 970
3929 731
3574 4695
648 3747
4053 3349
555 318
2188 1652
361 3561
539 1378
2185 277
4714 3027
2903 4994
4977 3893
1618 279
1243 992
3737 2133
4293 2637
2415 2734
2103 3917
3778 1922
1125 187
675 2617
1035 4332
2419 481
4106 229
2996 2233
4726 1300
3447 4253
1208 3786
4322 4558
3768 2361
888 117
3718 3059
3128 3128
3449 1361
1223 987
708 2069
1980 2248
140 4354
4939 4641
783 2562
3366 2361
848 4157
4864 4301
1723 4946
4714 1781
753 3756
1398 2282
4706 2176
4718 2132
3072 4397
1052 3881
2391 2451
1400 2258
3808 1145
89 752
560 4112
330 3826
3476 4112
3695 589
4402 4467
3439 2270
2603 2084
693 2441
4472 2853
3195 1912
4478 229
3746 3878
30 691
82 611
3005 4616
4894 3046
2587 3875
2963 1239
2006 657
3596 4367
859 4628
496 1181
130 1698
2275 2506
2215 4647
3041 2013
2867 3605
4164 167
915 1285
1937 2552
1912 2973
761 75
4935 2944
3404 2366
3960 655
3138 773
2596 2830
3336 646
1828 3781
2235 3500
887 3290
2029 264
624 3251
1811 679
78 4196
2385 1023
4478 1558
98 4721
759 481
893 1967
1385 15
2017 1586
2196 4000
2580 4538
3552 2230
865 2252
4849 1732
1912 1491
2370 2483
4370 1168
1936 3520
2853 4329
529 876
1817 1381
1184 2771
1758 3155
448 748
3468 1010
4959 385
3215 2607
3105 789
2268 4720
2924 3482
619 3856
2378 4623
3612 2640
1952 2269
2540 774
3970 3313
3155 2314
2348 2687
4557 3100
3872 252
4457 883
640 1946
2623 3903
2419 2240
3771 1234
1304 1240
4631 298
4627 4673
4736 2578
3023 2366
4144 480
13 1561
2638 4283
2741 1363
967 4823
4519 4908
416 523
1727 4800
1428 2789
4614 208
802 3215
44 90
2003 874
2341 853
4775 4245
2282 2551
309 4223
1760 4368
3509 3073
4891 1094
681 1231
1336 3730
1155 4194
4920 1487
2404 4924
2258 3141
4077 1570
4171 141
3819 3775
4720 2018
3321 2529
1403 4410
372 3865
1216 1499
4475 4617
1229 2060
2845 342
687 1093
789 1090
758 816
3184 2278
1627 423
4989 174
404 2707
4682 1987
1281 163
2685 3152
2743 781
3997 4900
263 3
730 1998
2364 634
4871 3008
2633 2555
35 3046
1727 2543
2620 3397
2457 1327
4894 4558
986 1425
3711 742
3588 764
1460 3793
2131 2725
3964 2584
230 4672
4345 1851
1442 4298
927 421
952 752
277 4299
214 3940
1836 4153
1645 3691
3674 828
2157 4517
4340 586
1834 2321
1979 2543
15 3757
3346 2794
4873 4719
3708 327
2969 3973
3678 4292
3132 3119
3479 2488
523 4657
2784 4245
2493 2678
2365 736
643 3352
2682 2141
4496 1889
1515 2942
2527 4629
1667 481
2942 1136
1864 2354
3260 1866
2424 122
3294 2494
2777 1555
2409 639
2325 4665
4782 1836
2164 1520
1853 4475
2126 235
3232 83
810 4903
3245 5
2686 2000
4147 2643
4531 4753
2981 4032
2435 1059
2768 2189
838 3105
4869 2426
689 4942
4442 4725
3686 4140
4890 4220
4359 940
4061 3694
1126 3804
1918 1529
3088 1322
200 95
2119 1012
3378 912
2738 1136
4901 4430
4253 1923
1749 2874
3138 3585
1935 1486
4099 1335
232 3937
1972 1411
4350 536
3861 2954
1407 571
3401 2020
2808 786
4853 3998
2651 759
3083 2980
1005 660
776 1778
2421 3961
1067 3566
4385 1907
4750 109
3258 4737
4636 2917
4902 898
2125 2004
4332 4247
565 3215
1354 1495
3834 748
4671 627
668 3332
3439 3794
1089 347
4262 488
4725 28
2430 1264
4536 4599
4043 3784
541 2507
865 4835
3957 2951
3957 4641
1285 4866
4689 2794
3114 2409
4133 4910
4874 1425
3928 4359
2791 3764
1327 1233
3367 2074
4870 178
2629 4660
2806 63
2964 1272
1284 105
2118 944
2623 4133
2157 3220
4072 2925
626 2163
742 4969
1260 2362
954 2120
2424 2396
68 476
4194 1697
2502 4113
885 4885
4515 4175
262 3648
2162 4816
1936 642
3679 3711
381 244
676 1712
3960 1395
3438 52
1692 4091
2450 2713
2309 785
1658 1830
2388 2322
3457 1275
1040 3015
916 143
3698 1542
856 3402
3495 2238
3142 3684
3101 1906
1654 3190
358 147
716 1542
4369 1367
2152 4281
2541 4943
141 1872
3514 1958
1312 1762
4218 1106
798 1176
1166 1459
3948 3120
3037 3440
2495 275
3429 354
3938 1082
3504 4962
4172 4490
1964 800
710 2121
318 2282
1724 4467
2801 4508
2212 4001
4446 2283
438 1862
2117 2953
4560 3904
4787 4259
560 4754
1301 884
4587 4045
141 2559
1180 1775
4164 1188
1774 3050
1500 2956
3950 1858
3740 1941
1129 1759
2496 200
4809 837
106 993
3525 4625
4419 2230
4385 1418
1703 4954
3724 4514
1106 1540
1267 438
1847 1526
3675 852
3053 3762
1771 128
725 3901
3079 3691
3664 678
1515 4368
2316 2841
3681 1077
4002 1586
4179 3049
1113 3939
4350 1806
4441 3320
2881 1413
2656 3302
1954 1470
3169 3462
4038 2545
1757 2592
4735 1430
1880 1973
1801 2325
2006 1951
318 3155
2841 205
1470 354
2938 1050
3101 1360
4008 740
3603 399
4312 2111
1319 3442
952 3775
4223 1713
1127 624
4119 4171
563 2405
1463 74
1242 3230
2818 2039
1464 151
3056 986
4361 3261
4660 30
3918 1026
435 4257
3913 1728
1955 692
4023 3042
1360 2832
4374 205
1665 3765
2058 2545
1351 220
4855 392
1983 2229
4564 3169
3905 4487
141 1639
3940 4641
1926 2624
976 4914
77 4931
3436 363
4708 4274
819 4623
3508 2669
190 14
3098 2877
4796 4643
3317 3787
3758 2110
567 3964
739 2153
1531 3162
4702 2480
2022 662
946 4645
2959 2868
3413 942
1362 2612
165 1952
3039 2477
3668 474
2912 3026
4540 2556
2700 4323
4855 2225
4867 4315
4820 1207
3165 3103
3796 3578
154 872
4142 3448
3489 3972
1760 1889
804 3790
477 3808
4303 2237
109 3537
899 1513
22 3634
865 3707
926 3044
2992 4054
2804 1724
3021 316
3452 818
594 2985
2758 4859
3960 1831
1240 614
1368 2737
2647 3600
4222 4767
1832 3876
4113 4384
697 3588
312 736
2772 2894
3968 411
2029 4988
1317 1310
1642 2154
1161 2298
4335 4637
4985 4826
2294 790
4413 1052
3949 2598
1179 1944
3489 1699
2725 2231
2109 2175
4302 332
303 3414
2942 1372
935 3311
2413 1203
3979 891
3424 4039
3664 1666
3289 2559
1187 344
4097 2484
2390 225
2297 2003
3643 1545
2835 2196
1809 2442
4047 1356
682 2361
3136 990
2391 619
3224 3054
1754 179
1823 1926
2920 4231
4644 3992
1127 1603
3726 908
1352 1218
1435 2847
1509 138
1834 1695
2988 151
3302 3333
1179 872
4085 535
949 3252
3314 2195
226 406
4530 3248
298 1922
2127 4634
1496 778
695 239
3881 2882
2790 2496
2888 1581
1686 2470
1048 2538
353 4089
3979 4505
1886 1839
3480 1889
3430 1545
3729 4602
1130 4466
1587 4214
4607 3663
3228 1820
4980 3904
4696 316
3242 2790
1517 4467
1381 2509
92 2491
273 1856
1090 1502
3020 4617
3631 3048
4129 834
468 1653
3963 1719
382 1671
1826 49
956 2414
4151 4312
687 4960
1964 4495
3599 115
1909 2356
2917 3573
2861 3657
4091 3496
949 75
2690 1944
2007 3517
1622 1707
137 4715
2772 1231
4699 967
582 3309
2054 1591
4561 4177
3220 484
1773 1811
2271 3118
167 520
1045 2403
2339 2424
2802 4957
2392 833
2888 2559
4727 986
949 4118
3446 3817
4335 4926
298 675
1744 4008
890 2764
2798 4295
4577 4475
4053 2218
1861 4749
286 4369
3585 3489
1118 3948
4986 2855
4462 4973
3946 602
2420 1386
3310 3358
4146 2073
2056 2058
2812 4104
47 2688
912 3062
3892 747
4255 4438
4614 3332
4843 688
34 4404
1266 2295
4682 840
181 615
1983 2573
3877 2072
1637 4779
4421 1301
4924 1902
2129 1175
1089 480
2789 4516
248 3020
3528 453
4480 4883
3785 1320
2565 1418
3356 1520
4348 4500
463 4540
1085 2929
3682 2364
1524 1844
4023 2125
4369 821
4182 2948
1464 3408
3260 4899
3142 2810
4956 176
872 2616
4455 2138
3015 1713
130 4401
1388 663
1410 2393
455 3158
2019 2828
1295 4728
4950 4655
2453 1370
1779 4472
2415 1701
16 2134
2337 4380
4771 4344
1687 2453
1108 3616
2583 2928
3610 819
3422 3114
4952 4251
819 2534
1494 3668
2656 2175
4012 1776
940 4931
4915 96
1230 4282
1780 3631
1144 3796
4464 467
2896 2142
1347 4891
1490 3413
4367 4408
3865 1015
619 1545
3656 4759
2181 3362
4225 2138
2379 1273
2670 966
1391 2868
344 1561
2420 2855
229 611
2808 4187
587 3008
1740 1743
155 4323
2792 679
311 4397
2026 3097
1725 227
4324 4040
1359 672
2457 3451
2043 4867
4349 1220
4580 521
3971 2374
3903 1097
2492 4700
1912 2663
2980 2000
1689 4277
4505 312
3404 15
1634 2610
3482 627
1687 580
2287 2545
676 2930
1350 2502
1034 3230
3887 3368
673 3844
4241 2883
562 3305
2264 1186
3406 1756
1630 2254
4282 3012
1401 4425
3382 2671
460 2225
2394 4671
4652 1932
3413 2351
4928 3759
406 1755
3789 2133
2341 3790
1568 481
3123 4444
4713 2870
2209 4853
1371 3811
208 4243
3598 3657
4686 623
3596 2498
1484 128
4019 3260
1585 2355
1876 3498
2131 764
4595 4967
3184 2737
2367 4715
2405 2751
293 1945
2692 1155
3883 2018
812 4454
4543 2321
1652 2218
2161 752
4709 3983
60 3560
2429 4599
884 1184
2734 1094
1505 3636
764 3333
4496 267
447 1586
605 4958
3022 3158
2702 2620
581 2974
2842 2536
1629 2574
208 4547
4602 3257
1802 1585
260 2451
2345 3835
4780 4300
4503 2063
4841 3486
3111 1381
1545 354
122 1054
2248 4782
4287 2564
1351 936
1373 4249
1254 2254
134 3856
85 2897
67 505
231 68
1305 4258
1246 4382
2366 2678
1637 2678
2824 2404
402 728
4513 416
4744 3257
3139 232
1982 3833
4193 1112
2550 3117
4730 1292
1453 2186
3735 3002
2299 3313
2909 4184
794 3205
4331 4429
1112 4437
4490 844
2876 775
2262 812
2600 1826
2285 3369
3042 2233
4842 3244
2772 4343
2795 310
3396 3161
3239 3052
2878 4500
2552 1878
3158 420
2377 2388
1329 2674
2466 4868
2367 1098
193 2835
510 1632
1627 855
2246 1117
3608 2449
4206 1446
2007 829
3159 110
4193 308
4699 1262
3790 2269
1870 3197
959 2698
1707 3959
27 4476
1578 673
359 3731
1346 2543
1158 4971
553 833
1884 798
4317 2251
1929 511
2864 2733
2116 102
4523 3042
3217 2556
834 1844
2755 312
1502 4956
3501 2513
1274 428
2450 2812
4405 3814
3996 4711
1790 4480
760 196
813 3057
3291 437
4166 3327
3562 3787
3893 3537
141 2585
1356 4175
1758 294
1049 2803
952 4763
1448 4670
4701 1190
3129 1170
2322 116
1084 3607
3036 528
2792 446
3939 2056
2466 2934
538 2216
3359 3714
651 3804
242 2807
190 4642
2006 4126
330 1779
4208 2067
1460 2721
4644 3255
3759 2864
3156 4705
2841 4379
2431 3696
311 3008
2406 1912
2222 1433
1688 1598
3306 1028
3077 986
4780 3155
951 2787
2808 1614
3249 808
2128 2477
3463 3808
2284 678
1872 2539
2230 1485
1414 2140
898 4375
2088 756
676 1443
1721 697
2704 3918
3115 4175
4586 4688
3258 4147
4425 4052
1745 857
3850 4297
1182 717
2250 3752
1187 4590
855 4940
1483 3215
31 938
3715 4724
3821 792
4609 1658
1666 1494
4328 1154
960 2176
4523 1408
3482 4912
1626 3855
4983 884
3414 823
4840 3181
2066 2502
2376 540
2812 1186
3322 3633
498 1873
4148 4880
3692 507
2596 2191
1384 1945
3025 3691
137 2472
4570 2421
3798 4309
3356 3256
71 2215
4682 4420
48 1674
1654 1703
4218 3596
4116 4576
4794 4853
1007 3363
3630 743
1956 1526
2258 2059
2859 1269
2080 4791
3482 4702
2125 3583
3797 2985
4129 3597
1337 1202
4803 2685
568 1976
203 2863
2262 1069
1177 4897
3035 408
3947 1504
2518 2014
4400 608
3288 4989
2722 3227
4844 4117
1689 1229
4068 4656
1700 4290
313 2110
1700 3017
3819 1283
1721 96
4512 1861
2694 836
320 2571
3173 2375
4172 2495
1659 1364
854 2660
2194 2261
158 719
1403 1626
4601 1528
1387 2896
3929 1841
1518 820
4031 2579
3971 228
1667 3406
824 601
3928 1646
4323 579
4806 4491
4088 477
1884 1310
1812 786
4531 3088
2539 577
2902 1629
3769 1879
4522 596
601 2734
3893 3329
362 2911
2979 4238
899 4547
2588 2543
3396 1013
4084 4449
2394 1149
3154 4380
3351 755
871 3626
1411 3544
3363 1229
3258 1385
806 2685
3464 4324
2139 4501
2496 3938
4563 660
2921 4605
998 1048
3647 3888
396 758
1866 593
4602 4000
98 2391
1595 64
1507 676
4905 1549
4538 2597
2158 871
1741 70
1089 1404
191 2177
4788 1413
1625 1006
3772 3481
1638 3376
3069 2850
4789 844
1372 2962
1709 1843
843 4209
1592 215
1063 3055
581 1162
3095 619
387 2223
1516 153
4860 2580
3570 3299
3740 757
3157 1262
3731 2119
574 533
1477 1583
2907 4804
2199 604
11 2476
3775 3607
1434 3165
1627 2952
4674 1758
1864 4899
2359 4559
878 1142
1630 3114
4031 4816
2123 884
2207 1
4867 786
4022 3281
1018 2078
3144 2852
1266 3837
1416 1189
1761 1387
2134 827
133 1254
1624 3875
4223 3384
2054 3987
2592 3021
342 4904
1171 3173
3 3336
1945 295
1196 2764
211 328
4373 330
1974 1325
2657 2083
3810 498
2994 3222
2527 2436
1754 2950
1910 2867
950 3123
2116 4451
2704 3786
3902 3336
2744 681
2530 1441
2235 4618
4039 4547
4464 3862
3076 3128
1940 4943
2087 2055
2105 281
2515 1824
756 3378
1576 591
3085 1023
3927 619
400 169
3974 2963
1826 4322
1829 4828
3917 3673
300 1449
4567 2712
4660 2173
731 374
3389 3518
710 4619
4666 1123
3844 769
1205 2203
1110 3803
3235 4672
3431 1657
3702 1765
959 1315
696 4292
3567 3020
1653 3408
3274 3057
4357 4846
3663 1090
3295 4082
1779 4067
873 2798
71 556
1792 590
2080 3060
4563 3250
1380 4100
1376 1857
4615 3284
2669 2539
1053 2691
4498 2754
1208 2328
555 2578
2478 4059
882 3321
404 749
666 1516
4147 1236
1149 2002
2192 2826
3582 4691
4567 3600
3098 620
3868 1159
1237 1173
3648 4689
3836 3151
2278 1136
1841 1288
3236 2584
3240 2330
98 1272
1909 891
3258 4245
2794 2956
2647 140
2682 450
1851 2059
2514 2582
3306 2075
4063 3978
1518 682
2288 4042
1879 737
4323 2267
353 2813
987 518
2651 744
271 4153
3720 904
2949 1675
3174 984
3955 2439
126 313
102 2732
4271 2219
701 2088
1016 604
3491 3910
253 4578
515 3053
3531 724
1403 4885
544 1950
1405 1843
793 483
2356 4047
4293 937
4828 4788
126 4984
4372 2470
2823 2125
113 3309
1755 3716
2718 997
694 1219
1661 353
257 1035
3595 361
3277 2411
3297 235
1764 1535
4481 2193
1907 2709
1532 3497
4320 3650
613 1738
4297 2594
1012 3219
2174 2380
3398 4821
898 1653
323 4013
1307 3058
937 3177
3114 1061
4898 1816
3981 4169
2209 2010
1900 210
1996 3433
1203 388
4407 3348
3767 736
2237 1234
747 575
940 2609
2264 716
4132 4001
20 2872
2681 3918
1839 2405
4296 2451
4051 1020
1486 1996
1562 1631
3057 2169
456 2191
1573 3955
325 3089
4155 1959
3459 2039
2208 3598
1611 1166
780 2174
4468 1356
430 3041
4771 4674
4929 115
3177 2723
3041 4889
1881 1533
2309 2549
1978 2808
3423 657
3063 439
3861 4949
1192 532
2112 3458
1449 3711
3874 2049
1368 3669
24 1223
1985 29
447 1558
1026 4545
867 535
4762 3163
918 4794
3066 302
1511 2443
2256 3485
1511 2172
168 2956
4593 3980
1632 518
4806 2841
1929 3359
3719 3562
3731 1137
1292 2174
898 1826
3561 302
3932 3015
3514 1593
330 81
2819 151
1696 153
62 4427
3531 3346
3816 317
468 762
4595 4563
4472 2237
2172 1962
349 3
269 1292
3243 3856
98 4304
2173 4192
4807 3309
381 256
1220 1598
2126 464
1521 2559
622 943
3192 1842
1063 4470
4871 2860
1896 3613
164 3064
308 3091
1100 4740
1352 2302
2291 2582
3616 1131
3833 331
2341 662
2488 3635
3608 959
3317 2859
830 1608
4056 1759
1157 1852
2904 2724
2059 2779
881 1447
3569 3520
4785 810
3265 2741
1716 3860
506 4521
2456 3603
4426 154
2496 550
2892 294
3494 2625
4909 2651
1902 3643
1579 377
1161 1340
313 3702
3272 3519
1844 465
3060 3757
3202 4839
205 1896
1876 2871
4966 4563
3157 2379
4600 2590
2725 4760
1171 1580
4577 1426
2558 3983
4109 1542
3065 1306
2166 1964
845 800
47 773
4567 1523
786 547
4125 989
1598 3949
1369 2409
1848 3929
3867 2740
4782 141
2893 3627
805 4094
2149 1884
2222 2837
1200 1559
2551 2965
1680 475
3467 1112
2028 1949
3267 4147
3308 1996
3890 3266
716 3211
2077 2236
2909 4389
3320 2932
914 1552
3380 4161
1338 1779
786 4055
2991 30
2288 603
561 2755
3934 765
3015 1018
4063 1606
1995 4307
3306 2044
2602 4757
1698 2610
3909 1687
2655 2555
2448 4175
4445 3836
1179 4170
1763 2873
3094 1582
4812 497
347 3865
1875 1062
3602 4292
1186 3773
2203 140
139 4860
3858 4128
1537 4023
4045 4391
404 954
1241 2000
622 3677
1017 2038
3682 2011
281 238
470 154
3549 4092
2273 2785
3399 3445
2408 2026
4455 4748
2243 582
2097 2393
166 3414
2253 531
977 3774
1610 1724
1146 356
3112 3568
521 2819
36 3104
3050 145
4404 4674
2299 1259
98 756
375 3828
4564 4998
500 294
171 2076
2186 3253
4267 4882
2249 4256
4424 2335
20 4029
2312 1684
4319 3332
3693 3517
2391 2183
4850 565
4009 4744
638 3684
4236 365
3418 1534
2409 1432
495 4497
4453 2411
358 3047
4143 2731
4073 59
2720 3150
1556 125
4199 4567
2280 468
3342 1980
3792 40
2519 1022
4198 4329
3600 1862
3531 2327
4472 178
3167 1009
474 4285
132 2307
2574 3861
1635 3257
2456 544
3040 1638
500 2116
3845 2450
1573 1433
714 2890
915 4837
3915 4298
4036 912
4396 1605
4211 2707
3298 204
551 2903
2645 4090
939 872
3323 3963
767 116
1263 2708
3211 217
2144 4970
2282 1339
2142 4348
2984 3099
4564 3907
1741 1636
507 4346
2377 3185
1307 1297
3776 1924
3804 3162
2203 1816
2226 2149
4125 1228
4879 3385
1871 3300
1128 3602
857 3753
761 841
3169 1674
3809 3359
2299 149
2201 4949
3921 3205
4414 4221
4192 703
1725 2648
622 4443
3824 724
1697 4666
988 1788
4826 824
1111 2124
1486 3337
1241 2490
1878 1553
1886 4239
4805 2791
4278 189
102 1116
1581 3845
2597 4832
4787 4898
759 2302
2681 4056
1850 4508
4660 1960
1035 3524
1756 571
4198 415
2356 4786
739 2243
4911 151
2822 2027
3441 1036
4022 4292
882 615
3501 162
4719 6
4594 2159
2653 4883
1978 45
4680 741
1255 3299
4544 3185
1484 2162
2886 3215
1803 1711
4796 4094
3047 4380
3388 1960
3228 4497
212 2077
1794 1824
2 3263
4867 4372
1942 4251
2828 756
3951 4146
4183 2184
623 1562
4865 1927
2762 1171
3971 4490
3782 4180
3476 1490
3016 544
3137 989
3701 2642
3850 4667
3210 2723
2744 4690
829 2761
2284 3258
833 248
3326 4303
1015 1582
4658 4186
764 4747
3790 3494
1364 777
4588 1316
2975 2137
3912 1049
3371 3637
390 3537
3890 4205
1237 3937
2691 3739
2181 2735
2588 203
2307 3936
4536 612
2632 1700
1396 510
4237 1969
2656 2885
4574 1528
3826 2321
4507 545
1010 4571
3445 537
4642 3694
3378 681
324 4462
337 786
3312 2460
3185 4509
3058 4109
3954 2097
1415 4268
4039 2268
1805 1116
1697 2194
21 3105
901 1439
2266 1655
1358 1767
2570 1410
2888 1920
4851 941
4558 693
3251 4256
1554 1971
4681 609
4813 775
3951 3685
1845 3675
854 4346
695 188
637 2508
81 3463
2309 4038
3680 2170
2487 4600
845 2863
3578 3746
311 671
4184 3987
1613 170
2568 2191
4218 4213
3658 51
4119 3506
850 1627
1698 3118
4862 2273
2183 2039
127 1909
2812 449
2821 3251
1606 3749
2607 1657
709 1024
2340 1202
721 1774
65 1542
3382 1832
17 2613
1366 4256
4125 3557
2495 2498
3986 4092
1394 3424
2835 1430
946 1055
3388 2111
1117 516
2230 840
4855 4937
4474 3563
435 3757
1589 3549
2729 4575
4630 1393
938 4391
4205 3936
4797 798
3838 4293
1192 3881
3418 2640
657 3919
2916 1387
4840 2702
1428 2046
2815 1450
4230 1328
2214 4192
3045 4973
2196 4760
2718 2602
564 4816
4717 4248
1797 1413
2722 1882
637 3285
4210 484
3530 2978
1844 4493
2159 4008
2718 4477
2076 1224
4335 4305
4624 1423
3070 1379
1780 4150
2930 1363
2185 3436
4206 4037
181 2102
1143 638
4610 4863
390 2601
2957 4540
2445 1873
4688 3948
270 2072
84 3143
32 484
378 5
27 1751
3221 1969
3101 4161
3550 3607
1824 4608
189 3103
1651 3373
583 1551
1746 3463
1034 3266
2624 4390
475 557
3957 1095
1766 1301
3646 2614
43 1297
3891 2456
196 4981
3918 1377
3309 654
308 2527
2852 2793
3176 316
2801 4266
1647 829
1739 4377
3350 3279
4712 1119
2576 304
978 4285
4776 4496
4665 4448
723 4387
1666 2209
2757 4155
2414 1778
1360 2494
451 3980
1135 1839
62 2578
4905 1170
4612 4278
3073 519
3377 1612
2505 1511
3451 4007
1578 393
2261 4144
3128 1475
3421 4331
887 2240
1214 4170
4779 3922
3262 56
1982 4978
3045 3046
1616 2537
4338 741
3350 3032
2079 204
2913 839
4923 2418
832 3424
501 4115
4260 2706
3470 3313
2455 812
4877 3131
3620 1251
1917 4075
4778 850
2261 1348
995 3564
216 2796
3095 2647
4167 2753
516 4807
3440 618
4745 3795
1456 614
4092 3948
2213 2872
3558 264
3073 3153
3573 1305
2749 310
4917 2829
4736 3484
3069 1642
2324 4959
4741 523
2308 4642
1417 4206
731 3648
208 1733
206 1534
4697 624
1323 1088
767 4099
31 892
1112 1600
3292 4058
1254 4030
3366 2938
1670 2681
2089 4286
4747 1381
3542 2264
1855 4403
2584 1907
1956 2035
2746 728
2396 2546
1534 4197
3749 1484
1496 4778
2107 2424
612 2754
1071 2994
1508 4192
1053 4803
614 2285
1859 2066
520 2672
4646 766
4933 4598
3595 4533
1214 4924
836 918
891 3435
4709 2018
1956 3187
3792 2896
297 2639
2227 1412
2862 1920
1919 19
3475 4287
2147 4017
2469 3097
651 957
3099 4678
4676 3966
2329 4321
132 3187
4281 610
1767 3534
1397 4354
2637 4886
5000 48
4489 2935
2872 4053
1995 3859
3439 1664
1120 3245
2068 3721
1257 2959
977 1470
3552 2931
992 4000
975 1069
75 98
649 2723
3304 3345
2766 1508
4506 4110
4838 4181
4334 1128
2331 2482
2855 1340
3480 4145
2193 2263
2674 3573
4301 3678
4220 2171
4678 1287
4467 665
1346 4440
4440 74
2008 100
3032 2855
185 2879
3929 1564
4182 2404
1796 2371
2790 1606
4721 4511
2620 4670
4720 3317
1364 1597
2933 1669
2277 3838
3496 236
4803 1105
763 4177
4087 3514
4593 3851
2295 1376
4052 4244
4277 2949
2674 3253
1817 2311
449 4961
4255 4696
733 700
3244 4907
3192 4996
305 3745
1933 2143
808 3024
167 2038
2579 1235
4849 630
4305 3040
3120 3402
1490 274
3939 2351
4996 4550
4147 1053
4302 2765
3065 994
2935 83
3457 171
679 4813
3001 289
2927 3419
4827 4557
3647 3706
1981 2150
1048 685
3104 659
3174 3273
1769 3510
699 3982
3514 781
4610 3612
798 4143
2059 4681
2016 197
3049 1163
1166 3152
3715 413
3438 454
1111 3970
523 110
1519 1407
342 441
574 3486
1479 387
380 4037
1287 2289
2321 296
2511 4555
3873 4320
3681 2677
901 1070
3012 3185
2629 322
4069 2159
4192 579
1780 1771
1090 551
3730 4401
1178 123
537 1342
371 306
228 2859
4844 2643
2558 3164
3098 3488
2746 2063
636 2283
575 1593
2860 4706
221 347
3788 4242
1390 4169
3512 74
2934 4469
1575 1589
2535 988
2231 820
266 412
1287 4415
4264 4867
3255 2589
1783 361
1048 4487
677 3211
4554 810
675 3330
3030 769
775 971
4864 2856
3219 4661
2440 3759
4430 1766
42 4136
1958 1659
2388 5
1006 4078
746 240
1804 1881
827 1776
3388 1818
1684 4624
428 2719
640 881
3175 3659
4892 1275
4156 3619
2821 3972
2073 1275
3590 4325
3199 4705
2951 2622
1483 399
3335 3523
973 2488
2718 3623
253 3243
3891 3508
4449 2141
3047 3840
1255 3841
680 3202
1018 1357
2488 3546
3539 1867
3015 1189
92 1920
872 2566
3657 500
1575 4584
251 3933
1887 3865
2720 86
4579 3007
4197 1578
1292 3380
3109 526
3655 763
4006 730
1368 3997
376 1644
4688 2874
560 1136
1736 1021
85 4144
1177 1538
4839 292
380 4243
1619 421
965 1555
2474 2465
973 212
1181 917
2061 1670
2242 973
4326 4795
1917 1681
3464 1795
2636 3644
4030 4373
4161 1490
1086 4430
1086 3219
1210 2634
4324 3795
3270 2021
4208 4199
1817 1298
2315 816
3024 3466
1364 4692
4412 3772
4545 3622
2783 2302
1917 2962
3143 2024
136 1699
93 4870
1565 3203
3631 3984
3502 3394
2751 868
2734 4564
2363 2070
1863 4359
4385 4362
2101 2899
805 11
2785 87
3560 2990
1564 4053
2035 2280
2742 4481
377 3250
3212 190
1459 815
3728 2219
4532 4336
1301 3822
2600 1156
3556 323
2527 4160
336 3495
4788 2321
385 1452
2475 1926
760 3244
885 1685
2422 115
4120 3881
4598 323
4470 771
540 2775
1618 893
883 3214
3545 2827
1246 2849
27 4890
1441 4178
355 3497
1666 4395
1417 4066
4544 109
2962 974
403 1159
2963 2989
1428 1975
3965 3073
4224 3593
2613 115
1766 4197
511 3784
2057 2294
2244 179
2717 3266
4375 4452
2019 704
358 1795
2617 2973
4312 3270
345 2902
2089 1498
3146 4375
2140 4055
1405 4819
2470 1091
2180 4480
2786 3510
99 256
2256 246
876 3317
545 375
4528 3161
3086 2229
4201 871
402 4429
3433 2686
31 1588
2740 3185
4740 2622
4022 3949
4055 1208
4773 3915
4196 2825
347 4160
3130 2032
3673 2130
2709 1504
2098 711
777 2232
60 4479
3226 3623
4387 1546
4687 314
450 863
1020 1947
2055 2901
1391 1652
2723 1361
1853 4637
465 2306
2365 355
4183 2037
2427 4667
1740 550
2311 1888
838 760
2804 861
3096 262
4778 1791
4962 198
3498 4977
4185 4496
1798 1209
4184 3295
476 4536
2320 4604
3171 2998
4739 262
2258 1963
414 3020
3232 4546
2991 3392
1625 4828
1767 2045
4286 1706
1039 4709
2284 4590
1510 2439
2047 2552
197 345
1248 511
79 1726
3411 4906
4858 2561
1074 4443
3665 1987
4023 3587
4753 2098
3763 3376
1972 4764
1076 3226
3059 4795
3774 2449
179 2133
797 4227
644 2959
499 1596
2955 3235
80 986
2894 2034
4082 4893
1345 4989
2001 1305
2899 1775
2237 2238
2578 3975
1231 643
275 1244
1407 1891
2293 1616
390 2696
2936 3177
2677 3960
4833 2925
4228 2674
4284 3680
668 2336
2091 304
3995 4530
3583 4413
1401 2577
3096 1087
4445 1802
4092 284
4581 1470
989 4393
398 4534
4044 1069
3623 65
867 964
1340 3292
4642 4452
555 4845
1047 2733
849 3915
1820 3789
2179 1995
778 293
1728 3363
4770 4079
1154 803
1446 158
3589 2889
1700 1099
1368 3716
3701 1195
3286 554
3400 408
840 3657
3809 2778
3442 4949
4728 1664
2592 2718
1354 2928
4220 556
4098 664
2436 2567
1891 987
60 1105
424 4868
3057 2384
4272 4055
1576 1601
620 1
3394 2016
613 1897
3128 4288
546 244
2131 2675
167 4564
4173 1310
151 2702
3965 4845
2341 273
3102 447
4215 887
4093 4696
4117 1983
1776 1415
2180 4415
4272 1239
4750 3242
3056 3213
3587 763
1014 2176
948 4668
3958 3546
3443 1129
4428 2416
2158 3254
3536 1591
3739 2110
3189 4230
3373 1152
4363 2256
4617 3323
4876 214
1869 1796
2164 2166
718 2078
4524 4222
3976 2028
4145 2061
357 460
4010 432
3955 3499
4192 3354
3653 4842
4458 3313
3328 3335
2555 1065
3895 4533
4337 2363
1682 4513
4752 4956
1496 1032
3682 1252
2669 4632
452 3193
2366 4896
395 2405
2251 1616
4845 3154
4948 2734
3643 1159
2571 1735
1273 1570
4065 1932
3369 2433
254 986
2986 4149
2316 3720
614 69
3514 2426
1228 230
4323 651
3312 1255
4146 121
1426 4356
4204 2666
2952 4720
4569 4274
4594 2806
1798 2778
4506 218
3622 1025
620 3913
690 1022
4178 3691
4796 2111
631 605
6 544
149 1370
4400 4819
503 3750
1624 1219
2240 3057
496 860
1012 3934
651 858
2513 730
2523 1195
1940 2858
591 2866
4509 3398
3342 2367
158 4915
2119 3428
3882 739
526 2178
105 216
3751 1965
819 288
550 1244
2861 2081
1226 4536
1130 1612
2 2196
1367 3171
897 4653
345 2285
923 774
412 1211
4803 3296
43 4685
4126 2797
495 3541
1541 599
1508 3267
1252 2030
4808 591
27 442
2270 2788
3598 3096
1996 1380
2888 712
3139 3015
943 2720
3188 1167
4317 1383
3292 1750
1898 2264
3685 2592
3021 675
3854 1376
1545 399
4341 2493
887 1061
4448 3630
4161 480
4530 2636
4629 991
2649 1362
3694 3504
3968 4031
4717 3569
1918 4701
1513 1077
3179 2652
4055 3348
2823 2470
3977 3924
688 4124
275 2321
584 3311
760 4941
4577 3127
951 4076
135 414
2841 667
2688 4311
2156 2107
1521 3794
893 2322
1167 1610
36 3324
4611 1665
4671 1167
3073 258
1963 1519
3167 2966
503 1309
321 3926
1810 1892
552 1685
161 4475
2430 1641
686 1009
3757 2185
2407 714
3454 1756
4001 3747
405 4107
1248 4865
2641 3356
1729 3479
4087 3218
4710 3094
4453 4251
3657 3086
297 2939
4163 1914
1735 2795
2636 1402
4660 1267
3363 4699
3704 98
4043 2897
3226 2037
1158 3763
143 1001
4986 160
1567 2101
625 1846
2129 2179
4458 2907
1917 1852
4601 4866
789 3815
271 1516
2630 3355
4227 23
2998 3183
3374 3735
1978 3251
4277 3002
4893 703
3204 4350
834 1911
4970 2615
414 3458
4894 509
3810 4500
272 4478
1477 1498
3825 3249
423 4074
3787 3733
1593 3838
1651 1539
2437 1761
1076 4941
1616 1380
156 3953
2530 1283
3488 3316
2485 3679
847 1358
4560 1242
4712 4481
3967 4284
1988 2647
4453 2670
2898 1359
3494 4455
2283 1419
1233 1585
4362 374
1464 1070
3633 2425
40 4977
891 4002
4053 3077
2465 1431
2509 2266
3154 1358
753 4255
584 4901
1290 3220
3723 1030
4252 2997
2595 1494
2907 4407
2173 4422
2631 495
2233 4508
2026 3775
3096 4780
1905 4788
2866 3508
1031 1184
983 3493
1392 155
1247 2434
1510 3926
3060 439
1707 2325
689 1937
3512 3342
4302 1875
4920 4802
2183 3979
4363 2345
283 2635
1402 1742
3316 260
2479 1993
2476 78
3244 4820
2256 369
4992 2629
434 2872
285 4202
1140 1623
2117 1115
874 4760
1305 2987
2900 302
2737 2265
4938 3119
1015 3493
4423 3440
4309 4637
514 2361
3388 2988
741 3635
3760 1021
2606 2324
4768 4539
1125 925
3337 2531
3844 559
4387 4454
2244 3231
1922 4852
2941 3236
3972 4765
421 645
3713 1912
2081 3717
4664 4995
2203 1218
4924 2770
4976 1585
1524 4108
2838 4466
3220 706
1589 1857
3403 4572
520 348
3197 223
4218 1575
1761 3399
4669 900
2008 2737
398 3387
4024 323
2228 3508
873 300
3693 728
2891 1361
4362 1201
2138 4124
1756 874
2998 2352
2065 4937
615 3850
2925 2312
2055 4620
3393 624
1831 3683
1773 2828
4887 668
4143 1256
4982 3528
4152 3410
3313 3059
2854 3460
1263 2323
4476 2411
1643 2091
4740 4950
1103 2402
4252 750
1838 2493
3166 4100
3741 4198
595 1550
4085 3087
4098 3356
3090 3283
3492 4665
1170 1930
2174 4185
1235 3090
1493 2030
4931 2140
4763 1642
3042 3806
1736 1986
468 796
4965 4470
2180 3880
1813 4340
1105 308
4851 3125
3806 807
4167 3671
1068 496
1528 4200
4987 4663
807 3783
907 2629
1515 2657
1007 802
4036 3586
4749 3507
3938 2489
1908 1543
1380 1739
2076 2074
2352 2857
2399 4970
4306 4308
4913 2152
4726 3216
4576 108
1217 1765
902 2969
4534 4096
182 1505
1776 204
3192 1911
971 4848
2895 1412
3274 1083
4581 865
2776 4521
16 722
1483 922
513 1989
1477 3737
4827 96
3570 3117
1898 2384
2370 2856
3889 2028
171 1812
4550 3954
4257 1230
2193 2218
3670 2705
1580 3481
2201 1020
2332 3664
1019 4523
890 4587
1627 4445
2920 3077
38 2118
4675 864
4851 2060
1289 788
3007 2763
3444 1203
4185 2620
4633 2349
2850 1402
1437 3211
3411 549
4385 3546
2780 2239
3056 2553
953 2060
1633 2232
15 1709
605 2168
2434 2847
3628 3501
4803 175
2515 4650
1476 3897
2613 1498
2732 3677
2002 1556
2546 3940
2750 1106
1417 1903
2783 2197
3930 822
1193 374
888 2354
3497 3462
200 1963
1624 2570
4611 2756
3208 3053
4740 496
2952 123
2138 4943
4061 1424
1180 2322
1096 3087
983 2995
3216 1848
4661 3294
2347 1746
647 1061
605 3825
1818 3282
4134 361
1439 793
1398 4400
3758 420
4082 4957
2813 2465
2752 2056
1317 1272
2438 1538
1961 721
4879 765
2449 1565
3684 2314
637 2582
4288 4399
4482 623
581 4085
1750 4273
1506 4815
3190 4179
4871 278
3912 3048
1935 284
4360 312
13 4850
3436 694
1721 1530
1395 327
2914 4187
2945 415
3107 502
1606 1636
2617 3461
1545 4782
121 4119
4758 1992
543 3288
3551 2968
1663 2609
807 4596
3329 101
3701 3530
470 1215
436 4423
1235 1816
3809 708
1275 865
233 977
4105 4379
2555 237
1010 4178
4626 2817
2785 2808
4512 2449
1509 3323
1020 4063
1909 551
2252 1232
2657 1451
1993 2032
2365 1410
1116 3546
3120 3131
2499 4947
2124 1008
4755 1939
1104 4242
1866 2277
4322 1184
2536 1658
3406 940
82 2731
2606 2205
1383 3526
1809 2595
2242 65
4172 4136
34 4740
1634 4477
1484 3463
385 1724
3277 978
674 1016
1398 807
3142 1486
2901 4237
3877 404
2329 1929
1997 3983
2554 4306
1421 4357
531 1529
3642 2163
1141 1010
369 502
71 1703
1586 130
4469 3983
1872 3560
2712 2873
145 4336
3443 3737
3019 1620
864 4065
3662 4477
2413 4228
3103 4363
3551 4136
3681 3971
263 2910
2962 1045
130 4542
368 4084
2013 2880
1778 4780
4481 3033
4822 1303
593 1676
4136 2037
2470 4492
4071 2080
3150 1772
199 1987
2118 3779
858 2369
756 2784
547 3967
3071 1112
4817 76
3522 4659
2040 2031
426 2255
4862 4171
1485 2385
2493 4565
2770 2443
2183 2539
3910 88
3194 750
174 459
162 4092
1188 569
4589 3700
3346 393
1942 822
83 3639
2925 1492
4026 4859
1492 1957
3903 347
3366 4604
4607 2914
2154 57
797 3561
2358 3296
3642 4366
860 2607
2433 2793
4945 2357
3584 1420
988 3107
1822 4166
2362 2156
449 2895
1014 1787
1654 469
4116 3498
1437 2637
3138 2132
2808 1500
4411 4431
3206 4694
1498 4478
3755 3707
3067 597
4483 1178
3271 3055
2122 1843
632 912
218 1787
3180 385
1828 1073
2876 58
262 4398
3841 2162
4529 1156
1852 1967
1245 2261
3269 3089
3177 2523
3467 1333
4317 3451
2176 3909
2922 3760
3267 2617
1643 246
2537 1449
4155 2183
393 965
4543 1212
4746 1296
3950 909
4799 1398
2107 555
906 54
4608 186
2508 2299
3461 2105
3585 612
726 3968
2856 4855
1239 4523
4194 2769
886 391
4658 840
2033 77
2016 3511
3472 4477
1646 2156
1715 2777
4625 2942
178 3631
3127 2435
4793 56
123 3407
367 3262
3068 2480
4977 1634
11 4572
234 2277
84 3569
1344 2463
3425 3235
4188 4566
4823 3781
3378 4261
4346 2154
2237 914
2068 3255
2723 2673
2812 2960
3906 2672
1568 3313
2407 4535
4200 1176
2562 833
2818 1877
4664 1330
2111 3251
218 709
2519 1574
3196 1407
1514 1692
3690 4002
3754 2995
4173 4828
2899 4062
4075 2617
1084 3380
4050 691
1343 2187
2209 1189
3720 3368
246 2251
2222 2469
2683 4165
3154 3654
465 4162
2340 1301
407 2919
4656 3910
3619 667
2921 766
1192 3035
759 3822
3993 2208
3821 4549
389 4112
3256 4195
711 4048
1513 2001
4172 4909
66 733
1756 3855
3012 3061
4865 2049
4394 4305
3668 1951
1397 2074
3860 1143
2816 741
710 4676
95 4768
480 2365
2056 1443
4167 3747
542 3630
3382 4745
3498 1163
1158 2918
2670 1613
260 573
490 1894
4605 231
1672 3447
3944 190
2132 2704
1661 4013
4542 3685
2973 984
460 1114
2423 49
2928 489
2326 3473
483 1041
4183 600
1824 3846
1096 743
4919 872
3277 122
3775 2189
403 3125
4390 89
3494 827
3700 1674
3350 3935
1920 160
3043 2534
4115 4543
4831 3505
4286 2393
311 2272
2903 4863
1627 1984
1286 3412
2288 3953
4626 353
1998 1144
1807 3607
2022 2460
426 1387
3155 897
3200 2917
4728 750
1724 867
2269 1396
3200 1241
3125 3898
3260 3020
2775 596
1981 583
3859 1611
473 1328
3406 3686
4244 2792
905 3508
