10000
86 4173
2307 2706
548 3822
4371 97
3862 2324
3171 3460
4534 4797
3321 4895
2516 4311
4909 4592
3463 2616
3456 3941
2648 1085
537 3212
3585 3420
123 1254
313 3498
975 528
2250 2780
1141 4096
253 2846
2733 3437
1049 3706
158 1316
2943 4420
4525 4766
123 2697
3800 219
4133 3732
3041 4763
504 2083
1037 1838
2953 2949
927 1194
441 4128
2606 3378
2764 1208
4317 18
4440 1122
1451 2256
879 2510
4578 3283
4768 1701
3971 2527
1190 4385
724 822
4392 619
2948 626
2804 2154
4253 3094
1462 285
2726 3193
3467 1015
4300 35
3686 3308
4300 242
3059 4888
477 3672
1238 4459
2204 2443
4973 2859
149 4644
623 397
74 3412
2421 1533
937 326
3161 4550
2641 1361
356 1522
3092 3639
1168 1156
4343 2505
1405 3590
3204 1764
4014 1374
2190 1069
2740 3797
1448 4743
635 2765
319 4026
4649 651
1630 1744
4140 1266
2828 4156
3929 680
1462 2086
402 3699
4273 374
152 964
1621 3688
1167 3166
3655 2859
4690 3198
648 2460
4324 444
4603 157
2094 1112
3217 4614
167 1954
17 2901
2242 3224
1748 443
3282 968
3603 4745
3389 1548
1588 4954
3667 4256
2744 3521
298 3768
2501 534
3412 1094
717 4514
832 1794
3277 4921
712 506
516 2615
3409 910
2737 3600
1384 630
2031 4433
1999 2561
1045 4846
992 1596
4280 1279
1966 2027
2979 3200
593 4426
3751 1851
3828 33
4873 3221
4932 2340
1205 3278
2326 3936
4580 2072
2972 1200
1767 4944
2743 4531
2546 169
1388 3407
2609 1581
4686 372
4016 2503
1620 119
689 1106
2359 844
4076 3298
1880 1074
4349 1539
2003 324
69 2483
2813 4834
3853 2005
1282 1911
3269 4210
2233 1169
4385 1579
2386 4924
493 2687
3194 2291
4177 3248
3667 1131
4456 156
183 3265
3367 2665
3019 726
4211 4060
4959 4513
277 2484
2577 9
2961 4475
490 84
4776 2373
2679 3447
443 2331
3475 1324
1663 2826
839 2297
1798 981
3522 4404
3546 3729
1878 1905
2119 623
4094 4686
2977 3959
3113 4250
1487 2693
993 767
1520 2077
3090 4447
4444 1197
517 589
4288 2243
3361 89
3301 3906
4749 2369
4876 180
688 3248
3167 3153
2183 3065
565 4405
4098 348
1845 228
4619 1059
4767 2770
626 766
4927 4465
4130 2323
1669 1390
2073 3666
3411 3544
2917 3628
3391 4173
2099 2340
3162 4108
625 2942
175 2300
3029 2949
1715 2949
4483 2285
2064 4370
2850 2513
4119 4987
4129 1287
3317 687
2625 1984
2981 2272
1464 3608
3974 2537
4310 899
3966 1995
3147 4172
1574 4958
3983 387
1304 3786
4480 3878
958 4825
1580 1397
1031 3800
4246 1338
2089 3449
3018 3990
4741 4734
4004 981
2186 2116
1212 663
3363 1923
2640 1261
4308 4838
4785 4012
676 4880
4139 3670
3801 2004
1823 3931
3917 370
4609 2335
3904 3742
1849 3481
93 4029
4308 4910
2516 3968
1818 1188
453 1468
3185 3111
4599 1230
184 2745
3711 1387
3343 2743
235 1336
3502 4615
4452 4711
259 3753
3585 1359
2962 1476
3468 1669
3497 3511
560 2149
178 4741
315 4175
489 1072
3159 2859
2220 3133
235 1147
3388 3547
591 2517
634 3365
844 1588
1059 1722
3386 2138
2536 1569
3733 2516
2118 2194
1452 4130
4634 4081
3330 186
3680 2405
4195 4538
72 3509
3611 412
1430 3069
2651 3402
3966 1831
3878 2532
1131 3217
2263 2766
1472 3549
1161 1370
3428 4023
4183 4266
4717 20
3015 1054
1208 1501
2407 2063
3194 3934
4610 4655
2733 915
1046 4907
3832 2174
1482 4334
54 1046
2157 2047
4143 4916
3265 1653
3288 4202
36 4656
1155 1331
2213 1742
873 3285
2619 1900
4218 3269
3972 3107
4178 3965
324 3533
593 268
3003 4174
3241 4500
2863 3193
3648 2795
932 1867
659 930
2252 1009
4726 4665
1934 4181
4276 2820
4537 4353
2255 3092
3720 2707
3425 1544
368 2650
2580 1831
964 56
4289 3931
2925 4079
1324 2215
2546 3538
200 3267
1985 2197
4983 3794
2583 3955
831 2940
962 1216
1440 620
4983 1238
2925 4194
4459 1520
653 4692
1674 74
540 4721
176 535
2069 684
2159 3832
100 2766
3610 961
623 4968
400 42
2439 2412
4523 2993
3866 2584
3280 3892
3407 2743
1767 2853
2375 1589
2254 1710
1683 4985
2072 1704
1419 3592
2396 4431
1833 584
4424 3317
2780 3289
2226 2730
1686 1365
1623 2543
2310 90
2097 2705
1420 3539
1211 4929
25 3085
1138 347
4634 1512
685 3074
1155 4251
2021 4451
1198 1326
2347 2114
2471 2610
1363 2092
958 4258
1455 3907
1042 4096
4749 3975
2007 3361
4386 656
3369 2350
4316 3177
415 699
3812 3362
4004 1655
1459 4046
3064 4685
1617 4646
4381 2275
3304 2860
2043 4885
4829 767
1354 2394
2971 3760
4473 4794
2776 2123
1884 3648
690 2047
3141 1951
2410 1118
4838 1779
1942 2266
2305 4345
2168 3591
155 3046
3131 408
4125 340
3511 2753
4932 4378
3164 2072
1769 323
3177 73
2814 1536
4236 1498
2472 2554
1527 3486
1632 3760
450 4885
3735 3819
3156 1512
2791 197
678 1718
577 1122
1303 1950
1764 4668
4837 549
3151 658
4634 1372
4718 557
4583 2964
1369 391
4604 3061
4289 429
1967 3192
529 2126
1977 4454
1317 2791
4190 4764
1878 2344
90 3623
2899 2843
1218 4520
2150 1236
4941 4578
2651 1950
2388 426
3023 1952
2623 4742
3796 4507
2423 4257
4716 739
1307 1660
3254 108
2368 762
1374 2695
3032 341
150 1414
4340 4331
4411 1320
3044 4411
1404 61
3999 4149
3281 600
2326 3451
243 2248
4681 271
4807 1253
2084 1522
4061 2643
14 2659
4705 366
3361 1068
3533 3190
1068 1849
4253 392
4780 3612
784 4626
2803 1756
3360 4912
248 3623
4895 4701
575 1985
3171 2743
776 4142
2476 1829
2259 3926
657 3208
4269 2160
1601 3391
1196 1888
2066 3418
465 1588
3840 4694
2165 36
1935 1031
2846 1084
4216 1059
419 305
3492 672
4325 3819
3613 4636
3102 1553
1851 1333
46 2972
3141 446
602 2311
3171 4405
4914 1506
893 2777
2945 1715
573 2891
4761 930
3230 167
638 700
37 1111
2455 2752
609 707
2180 4213
1821 3658
3548 4072
3415 3245
1182 4040
2274 2863
4451 1574
842 3598
4277 4938
4356 3393
1075 740
3843 4980
2064 3437
3947 1041
2150 4672
303 4017
1022 1799
412 3081
2478 2361
1613 4433
1476 1968
1605 1963
4280 4068
3757 1013
1009 206
1647 4043
4302 1734
1901 249
2550 2754
166 378
2731 1158
699 1717
4986 507
2301 585
2682 1056
3636 4475
968 3297
4841 3771
4675 1249
464 1574
3201 1221
916 1854
1934 3225
4839 349
2186 3246
1677 4963
981 3060
241 4633
302 942
3723 4467
1512 3593
3545 4592
4919 263
4360 2198
964 1725
4698 2550
2549 2867
3406 3835
4203 63
2953 1403
1882 3416
293 4812
2906 3050
335 4334
3448 926
440 3124
2330 699
3207 2258
571 3816
3207 4613
4631 4018
850 132
4023 275
2423 2937
1560 4759
3588 308
1851 4606
3231 449
3397 169
2275 213
4662 4733
955 1856
206 3733
2929 3843
2393 3572
4561 513
526 3170
4991 2206
2254 1888
893 2904
3248 3773
1326 2878
4537 58
2520 16
2992 1815
2002 4122
832 2835
4913 3623
927 1234
4186 4188
1423 652
2998 4681
2095 45
1257 3362
2076 1430
2486 476
3992 3162
4924 4493
4658 3483
3998 3605
2549 1620
534 505
51 2731
145 1959
727 1314
2240 4735
2537 2519
2008 85
3915 3153
3860 815
4355 1698
1437 2524
451 4443
282 4101
394 2778
3045 3174
433 4784
54 715
2318 75
994 178
3442 4795
4544 590
824 1945
1085 105
1650 4757
22 1224
2765 3539
886 2388
784 4964
2673 3018
607 3282
4014 3786
1654 415
3154 3973
1465 603
1841 1797
857 4893
1584 1185
4061 3362
4100 2249
3962 795
2843 4071
422 2390
4824 3975
37 1700
1756 4991
2115 1216
2099 2104
27 3238
3709 4236
2413 3825
2285 4182
2271 4539
1809 2523
3818 264
2013 1131
3 1570
1479 1912
2840 1641
2568 2425
145 3451
3299 3932
3992 788
4107 260
3421 1413
3325 3159
2229 2382
2828 2044
2956 4743
3625 3845
2815 2316
1464 4772
1567 4154
1624 2767
4437 298
622 422
529 2909
920 263
3019 738
3254 4675
1565 573
1318 2215
1296 513
2808 3986
4856 987
1295 1903
4740 4898
4613 1421
3047 2191
2029 4455
793 4633
3556 2233
924 934
1196 1066
3219 2653
2243 4899
571 1949
4646 1724
4872 108
1815 4531
1533 2769
4578 864
214 2159
3102 4442
3420 4266
2346 142
2822 3319
301 2026
4355 2186
4226 1651
1604 2571
4980 1947
2040 4201
4433 1896
4732 2743
3661 3585
4977 1015
1384 2734
409 3292
1272 3285
3810 4827
2706 4120
466 3209
4785 1708
3200 144
3779 2980
1796 1065
3733 2758
2760 655
1874 3690
2326 3606
4204 2323
4875 4506
169 4266
37 2170
2087 148
3164 1924
3679 3242
4969 4409
3896 3878
2869 2523
3567 3322
207 4161
2725 461
2737 3855
960 1684
843 420
608 4413
1186 3783
4454 3689
3826 3973
162 2263
46 1524
920 4427
474 4994
4046 406
4542 4631
2595 873
112 2038
1862 4277
1707 847
2908 3274
72 1474
391 1480
4652 3496
3826 757
2712 3941
3474 352
1369 4722
2602 505
1997 1458
3169 2299
3917 3765
375 2639
3020 4971
3941 157
880 1623
3730 3596
182 1608
4126 557
343 3433
1739 4241
1524 499
3520 736
4871 2460
1868 3839
4014 2916
893 3223
2760 285
514 3172
3577 4399
3324 3843
3560 649
483 1596
4008 724
3175 1467
461 3910
2391 4034
3699 4321
1920 614
3200 2104
2192 611
3770 826
33 2684
77 2064
3039 4348
782 2196
1695 1208
533 2314
2204 2948
4178 1082
10 1342
3572 3619
3780 3803
4605 2546
1866 1434
3385 3992
3500 2891
4366 4874
3791 3368
3891 547
3774 1301
4818 1502
418 1779
2169 157
315 2031
4963 4667
4426 1817
4756 3758
1028 3780
2465 2714
4304 2432
1832 639
3271 4739
4315 4294
3131 4618
3027 1588
200 3108
2855 2936
4493 485
362 4178
1644 298
3376 4143
2297 2551
210 3016
2882 4456
1956 4735
1174 2133
1263 813
763 3007
1923 3131
4363 3712
2579 1102
1999 2369
683 711
2682 4470
1483 757
560 3951
4176 4233
3851 2212
931 3949
752 3099
2285 13
1813 901
1844 1928
231 432
3849 1539
4121 620
3620 4144
2721 4522
2576 4886
1671 1687
2729 4545
884 4873
3629 4893
610 1805
1283 2213
1090 241
2468 3800
3099 1811
4566 1696
1324 2980
4616 2784
61 2538
79 831
263 923
71 3196
4731 116
1380 4107
242 239
2352 893
3859 3498
1591 260
4717 1154
2025 249
2514 4466
2652 3724
4495 4817
1311 3498
943 3717
257 1580
2300 1455
541 2371
2544 3127
797 4002
25 523
2726 852
2754 891
2871 1916
1187 3317
30 4111
4755 95
2321 873
410 3691
1184 1290
987 4413
2555 3482
2670 4900
1014 3973
3005 1288
1186 2674
4389 3007
2048 2290
3581 3231
4473 126
1404 3360
2610 2412
732 1818
1154 3553
4584 1497
3459 4133
262 3306
2297 749
43 4354
839 2075
4527 4847
3567 1433
534 3094
1243 1196
1607 3998
4386 258
3089 1199
2726 4843
1516 3218
889 3494
4108 636
1470 2715
522 3834
3941 1329
1009 2109
457 1800
3857 2649
1854 546
4367 1622
4696 2010
718 3843
2496 909
3612 3617
3906 676
185 1241
758 1356
1509 4061
4093 635
2257 4887
4695 3067
1691 888
4868 3192
3982 3439
4375 2282
4889 2559
575 4907
1344 3919
1760 2676
4892 4685
4813 2139
3765 2805
4084 4684
2157 1046
4693 2813
3368 850
696 2194
2179 4327
1691 541
3305 1517
1365 4328
2987 2377
3483 4478
1325 3849
4884 551
667 3222
1663 165
482 3476
199 3117
1166 713
352 3534
213 2963
2014 691
92 4277
331 3297
2001 850
3208 1473
800 2345
2233 223
2481 4728
4917 2329
2131 3468
3452 2164
2895 4700
4521 4797
13 2597
1634 3000
146 1902
4545 4873
186 3350
4477 2477
137 1909
341 4812
3879 1740
4502 3693
2934 1270
2132 611
4749 4960
4990 1347
1692 2388
397 3184
1428 1656
2425 161
2546 3179
1425 4219
3669 1026
1588 2930
317 2447
2354 1824
2120 1881
578 4736
4224 4151
3069 2899
3613 3033
2339 1253
507 678
1812 4271
4188 2676
3970 3715
2846 1967
873 2020
2489 2370
3757 2580
1685 2870
4437 2885
3821 728
3443 3287
4678 1653
4382 4545
2040 720
4663 2492
4097 2957
4019 4604
246 3030
3106 748
4179 2953
4123 395
2942 4701
1827 3853
2689 1831
3480 1337
2518 4139
2427 2334
3879 3444
4003 2867
2333 1396
1580 1083
3096 114
898 2289
1524 2175
3167 4079
1754 4118
3779 4932
2512 11
3864 4990
3888 1652
1493 154
4132 2498
2729 3140
2248 4437
1772 3161
2247 1076
2836 2017
4665 4397
3812 4753
1839 3937
2819 2587
3741 3890
3484 701
504 253
646 3005
849 4387
176 895
1836 4827
132 4803
1590 1749
3235 2913
1710 3982
1901 4987
1615 3273
1352 3157
2332 3470
1434 4409
734 2962
618 1773
3866 3280
4077 3177
4777 2249
3907 3296
1646 3132
4502 3655
2853 3913
3059 2612
4151 1200
4508 1115
1291 2569
2814 1450
78 4512
4618 1562
3870 558
2882 1955
4853 1826
4946 170
859 1573
2491 567
1331 632
3283 339
775 3754
636 1124
957 4329
3069 3948
4898 4183
3029 3506
56 1033
3554 4082
4736 1399
1510 2374
1116 3573
4231 502
3636 3300
2288 187
4215 4274
176 101
838 4993
4732 3195
1063 4814
2063 337
1674 396
1445 1676
1513 656
3155 1284
3028 3922
389 1304
4978 47
2579 3129
4847 1150
2399 2638
1464 1957
4340 3596
4760 1177
3027 3344
841 3997
4953 2030
845 427
628 395
4493 897
4754 876
1662 3070
1959 1659
2044 548
2134 2872
212 4908
699 192
1440 685
4460 2231
3661 1205
3454 452
3406 2166
1259 1345
3847 2961
3941 2741
2208 2762
862 2884
1477 268
3804 3408
3428 582
1803 1550
2231 255
329 4818
1891 1245
4895 3868
2590 4928
1812 9
4974 2476
1996 3029
1148 1870
2343 798
4970 3732
32 4971
750 917
3621 2410
1837 4576
3213 4893
1275 1652
3128 2377
4887 4546
1500 491
2276 4722
3020 3695
4899 2003
1639 544
3514 3250
1487 104
235 193
4944 4884
712 1120
150 4134
351 1304
1645 4486
2761 4026
2544 4816
952 4988
1112 572
690 1143
1978 3824
2179 4000
705 1613
1638 4231
125 4480
3119 1873
1944 404
677 4961
1749 286
680 3428
2915 2642
3298 400
1613 1361
3372 3702
1043 3688
4208 1906
2974 907
4067 3507
3763 1321
4942 2374
480 487
1754 2288
3064 1663
2057 1947
321 2189
1980 2278
2738 2370
358 575
1401 2773
656 1226
3682 3524
3513 1654
4410 43
1469 2718
1855 4503
1715 1077
3500 3949
385 2758
4630 2850
604 1896
3610 4728
2156 1456
364 1681
4273 160
1150 2137
2003 1517
2290 97
4784 2659
2940 4990
4598 3549
4803 4188
3468 4276
4121 2499
3795 3127
1804 1122
4375 3023
838 2504
2275 3691
2667 2397
4798 2926
4409 3013
1799 1280
3664 1727
1492 4653
3272 3782
3669 2953
29 3972
530 2
3844 3713
645 2378
2437 3018
2128 3244
710 3486
1776 2486
3625 3346
1432 1925
529 3904
1351 2846
2310 788
3335 3771
3206 2987
3600 2114
3242 2265
600 3627
4528 3839
4963 2757
2648 4480
3745 942
550 1800
1212 3040
4534 1789
838 1375
4963 1829
198 3842
2844 3324
3852 2163
1639 3552
4495 401
2228 3875
3199 4254
1929 2841
1684 4607
2517 4320
1286 3449
1817 4480
3190 1583
315 4361
3488 716
4953 1288
147 82
2149 280
4446 4794
1153 2417
1601 3374
2350 3912
2507 4807
1284 413
2638 4665
906 3535
240 39
268 1099
2453 2940
993 4624
4281 4784
268 2030
1218 3137
1885 4157
1721 4950
3957 3507
3079 4681
197 972
1921 290
3659 2310
4750 2258
4122 734
3077 1322
1865 4629
1110 1316
555 1259
1953 4203
4585 1536
3686 4077
4572 2751
4438 2237
3722 4488
551 1839
4512 4832
1705 806
71 2003
4627 1020
4580 4643
1473 3484
1828 4912
1339 1211
1904 2645
4306 724
1967 1722
665 4201
4422 73
850 121
3342 3636
667 4067
4154 850
212 4686
3500 4543
3314 2362
2139 1252
3351 433
901 1737
3598 763
4563 1234
4511 79
3827 4766
2829 794
3762 2317
3484 3708
1523 1063
1262 2308
1233 2666
1348 188
2320 4681
4374 240
3086 1337
3378 1055
677 2047
3264 3063
1007 773
879 4149
4216 2122
2534 2523
3261 1433
1308 733
2389 4292
4733 3937
4918 2237
2666 2384
1386 700
4294 4069
2116 2612
1127 4135
686 558
2908 3935
2058 3188
3368 3304
179 1563
475 1016
4511 1474
3974 3190
3494 4557
1810 1256
2055 1482
2384 2572
1644 257
1420 847
2869 3824
3917 4089
2511 766
3445 1533
4080 1555
4694 2367
3344 1304
912 886
3555 2817
2371 3113
3212 596
4729 893
193 337
3767 2659
3997 3654
2106 1226
47 867
2278 2024
1628 3969
2870 4796
1731 1749
503 4748
1324 4956
1746 498
2918 88
3030 665
2055 3093
4227 2069
3884 1089
3510 3798
1311 3383
1013 3363
166 4703
3346 3991
4652 1115
2006 3969
2916 2100
4616 3675
4471 595
4441 1473
3569 1261
4436 4681
2454 421
3948 4172
4930 1120
2308 3809
625 2582
4542 2679
3756 1606
2614 3250
2714 3073
2728 2098
569 4790
3812 2788
3158 3735
1708 2053
4837 2286
1905 2912
1419 500
2609 3094
561 777
2793 4346
652 1534
985 4094
3285 3891
1014 1052
2975 300
3768 2066
4600 3676
4329 281
4838 2838
266 2965
1813 2633
575 2582
2338 2760
1114 2248
3018 3991
1713 614
3758 2065
3154 3198
612 208
2193 4853
1663 862
4118 4351
983 3574
3350 83
414 722
1065 3912
3692 1692
1299 4898
4289 784
782 1713
4042 1463
2929 218
1486 2183
3258 3063
446 1776
2072 4047
1569 2310
4257 1355
1503 1911
2407 409
2784 3795
4078 3496
325 2467
1935 58
1757 3989
3836 4365
1805 1214
4239 3445
2126 902
784 4276
4426 639
899 2869
4850 1991
4652 4485
1622 4908
3871 659
3591 2306
3987 51
3585 4598
3169 1816
1663 4790
114 1714
3153 829
4533 2905
1189 332
4159 3812
1971 4935
4493 4050
4036 2045
3695 750
1623 1603
4146 2079
1446 1581
372 1061
2699 3932
256 1253
4015 1994
4000 1717
4598 2727
348 3556
3198 1520
4745 2731
984 3604
143 2404
305 854
456 2085
3800 4430
143 315
860 4477
4324 311
2559 1291
4846 2784
1260 2153
3093 4497
524 2171
1328 4764
2702 1358
29 2822
4001 4040
3245 3155
4365 4548
2663 1008
2132 787
4307 1250
3967 1136
4827 3150
3353 2883
1 4622
1991 2845
995 886
610 3968
4470 954
4228 755
4497 1005
4083 4096
4444 2812
1200 2511
2424 2877
4676 1164
3826 2984
2761 895
3211 4893
1732 750
2703 2356
1139 819
4088 1205
252 2853
4888 4000
638 1380
1424 1044
1236 4696
383 2972
3280 3887
849 2020
2527 2532
1806 2238
27 1096
1403 950
4442 1038
970 4723
407 2152
4318 1997
2937 2356
3210 2689
122 750
4797 239
2994 4149
4569 2305
4262 4902
138 2369
3969 3550
4128 786
4479 3912
1301 4723
3311 2137
1543 35
831 2500
4347 2671
4493 3884
813 2755
3956 979
2199 2403
646 568
3852 1818
4134 2026
2861 268
3596 2851
3026 2230
1810 1551
474 614
2424 4550
2843 3884
3718 1539
2839 229
2821 710
2239 894
4896 3852
2672 2953
951 1723
4867 3129
3715 1053
1442 3058
1419 4530
432 4037
1654 2162
2881 2773
3255 4503
2075 1379
2948 103
1083 4834
4766 2768
2043 4955
655 1859
818 4380
2141 4882
3058 88
1889 4893
1218 1259
4038 2819
4336 945
4074 4978
3527 4735
2813 2177
4337 377
272 4193
68 1598
1844 1655
3521 3241
1068 331
1196 637
3277 450
1513 2620
3435 1501
1153 4427
336 4078
2404 4484
4174 1113
983 4440
1517 3295
2464 4589
1775 69
3530 3000
3145 3774
3460 1658
3094 2401
3149 4527
1123 3839
2172 2377
4879 3323
1036 1304
3701 1666
146 527
1514 1571
4796 53
4668 2949
735 4863
3137 3813
1311 1804
1862 4074
1002 4116
1853 3559
2485 957
2237 3692
1393 4198
1693 2881
3614 3149
867 2756
106 853
667 3398
3702 2639
2159 4538
263 2030
276 1200
3296 615
4583 3815
629 1990
758 3716
3481 3289
3801 1066
1018 2424
1254 2692
1409 414
838 214
2682 4302
1817 2219
2803 1209
629 140
2482 89
225 3492
4595 1787
1938 4413
565 1160
1538 4250
3467 955
3381 4311
2979 1689
747 2457
4045 3325
2004 4229
2725 2219
1881 1902
3546 333
3422 3325
696 703
2599 3192
4431 330
1133 2870
3348 2150
2456 3213
268 723
1135 3119
243 3687
3338 532
727 960
4255 3186
4044 778
4151 3534
1490 1420
1769 3033
3887 155
1424 2055
521 1895
4121 1166
4842 1150
4233 4239
4698 2906
1232 4962
4063 2408
1763 1876
302 4739
4343 4690
3785 2571
1920 4541
2129 3636
593 3933
4715 2519
1217 2493
167 2539
790 230
3778 4988
1393 3658
752 289
2548 903
4845 2810
3694 1578
697 4877
3427 3671
635 3103
3637 3797
631 764
3764 811
3293 4278
2591 2812
1839 531
721 113
1820 2789
4805 3537
2279 3886
294 2031
3399 3852
3277 2014
2416 2270
1301 3487
358 4800
624 164
1249 726
2778 2676
1634 2239
1663 3199
3575 1299
2911 4625
447 1928
4947 191
1398 1219
3836 658
2511 4260
1887 4423
742 3817
2746 800
541 2059
291 1692
2958 1314
3245 1548
4461 2927
4404 4474
1119 4021
156 3991
483 495
2269 1019
790 3462
4639 2859
4111 3615
4580 1520
3205 4483
1868 2352
785 112
4224 209
1152 3979
2848 3034
1259 1745
4753 267
1196 1722
3774 2818
3487 2725
1306 2362
4465 281
3468 3158
4108 2500
464 1560
2848 138
3758 2850
871 4229
1324 3905
2495 4625
3998 3481
4925 262
3108 1437
3055 44
681 4053
4725 4322
4020 633
1936 1030
2913 3301
3304 1607
1228 1168
2382 2999
2576 1355
2016 4995
4118 4682
4657 3601
2326 267
1250 3536
4488 652
581 941
4320 3990
4439 4122
170 1253
1204 1437
1752 3869
2457 4461
4798 1062
2319 1808
874 3951
2606 2743
3429 4035
3490 753
492 2404
4913 2235
3778 3971
2442 37
872 4422
2292 2481
1177 1531
1088 3913
4102 4751
2211 182
4265 10
2562 4856
2092 814
4723 1847
361 828
2036 767
1917 4029
852 4041
393 1794
3349 4866
3353 2163
3455 908
3249 1648
2173 4828
2204 279
1249 356
1380 3044
2903 4817
262 1692
2410 4094
819 4372
2979 3824
3871 1862
1978 1128
1777 3707
2516 4763
3001 1609
1965 952
806 2050
2877 2532
4008 2960
253 2945
3738 1911
3565 1849
2267 1584
4805 2187
3218 730
2382 2562
1229 4367
3493 1617
4035 1785
2360 2825
4458 3297
1462 2629
1048 1059
3764 1946
3703 2776
2685 2756
4896 1300
4600 3826
2280 2045
2352 2271
894 4075
3950 4209
4478 1086
1019 2758
360 804
4108 371
3994 130
4361 3984
551 80
3292 4774
1442 1693
2976 4661
2035 3044
4066 1277
180 2991
56 3574
4185 446
2363 579
2162 3627
2225 542
476 972
3931 2067
4493 4339
624 1047
4549 3579
4151 1822
3195 4214
1051 439
2380 1544
401 651
1092 3104
2746 3761
4760 3529
4687 1703
4600 3827
847 2346
3897 1661
268 2030
824 4117
3224 144
610 1716
4475 3721
1201 731
4742 2781
691 4727
2114 2984
4703 3057
2427 4372
3071 3019
1815 2645
4770 3674
2737 2156
1808 68
1126 1132
1870 3775
2564 509
4301 4474
4698 3685
943 379
3800 1168
4340 4352
2334 590
811 2460
3897 3517
623 213
3566 1558
2881 2769
272 1213
4408 4799
2504 4426
2052 3253
1954 666
2697 2511
645 1006
4700 990
129 1255
1936 789
4047 3749
4422 2577
569 4819
1550 3809
2055 2219
3817 3901
2512 4497
3176 2273
4564 4468
1034 4938
2887 4805
4105 2052
607 3518
1887 4742
680 2672
2665 4555
434 504
830 1379
120 1030
93 3323
365 57
341 4269
3501 261
2996 692
1224 1214
4405 4432
78 56
4613 663
2791 187
2607 4001
1437 222
2942 3892
4593 3078
4323 427
2383 158
3716 1407
68 1629
2724 1438
1575 4140
3064 4948
3663 3009
4567 4789
2179 4474
3510 2907
2246 3233
3650 1921
4081 332
1204 868
1277 2040
2084 179
4296 1959
2653 3353
2431 1551
298 1969
2579 2350
744 2571
2933 1486
4637 97
4455 2010
149 3129
4815 3359
2810 4826
1009 4174
115 2834
3732 2692
4826 208
807 643
4462 4604
1325 4015
1721 3695
4965 1119
4155 2297
3729 2313
4453 3160
4596 4708
3638 2352
1725 448
3399 3875
4421 2712
3005 83
837 2225
2253 2832
4416 857
2614 1861
1094 1590
4247 3636
1735 1007
4459 1898
2112 292
733 179
2852 364
600 778
4872 4317
1350 4720
1146 2637
1098 125
2376 398
258 4120
1275 1622
538 2438
456 990
4812 3058
613 2309
1670 4894
4701 1053
547 2550
4096 763
4151 4916
4858 1997
3686 2786
1007 3266
1216 2276
139 84
2428 4012
2057 2593
2426 1704
1175 1943
4862 4216
1465 2612
2031 4580
3892 3413
4489 4647
3712 4873
387 1492
387 2818
2393 1920
120 4180
678 3949
2790 4373
4182 3149
2018 509
3460 4584
2925 3182
3712 2211
2195 4944
513 720
1893 1001
2356 4003
3537 4458
1076 2389
1333 3604
2641 4297
1281 3993
4584 306
1995 4803
3530 424
684 3720
3040 4656
4794 4690
2283 1583
3698 3933
1301 1426
1300 1034
2987 1738
4454 4106
3478 3434
4792 4996
4694 3566
2705 1877
985 2964
1872 3422
2902 2608
876 4071
1062 1922
2674 3374
382 2203
2005 2471
813 3554
3087 4663
4107 1649
4807 4891
4635 3914
2529 2151
3853 2055
2407 821
2633 2962
66 4575
984 1214
797 2559
3883 3395
148 2118
1862 3279
1971 2703
3422 4482
4314 2737
2449 1211
3278 406
3170 235
1953 4646
4370 3794
2239 4661
3304 2510
789 3936
3184 419
2820 1943
1356 982
2061 3528
1750 3551
1993 2917
3563 1876
4310 2865
2987 4209
255 1811
2585 3550
595 101
3899 2659
3605 4184
2953 240
1486 47
713 2081
134 3063
158 373
1991 1706
4516 1079
4771 4122
206 4309
4159 4181
4937 4261
724 223
2151 247
4813 3114
3045 469
315 1245
3852 3547
3919 984
2922 691
4170 3164
4953 3077
89 2425
56 1640
908 1711
1495 658
2900 265
3487 2024
2827 3177
4694 2171
3011 2129
4975 4108
4661 1626
2108 2613
1014 4747
4901 2725
860 3967
3252 114
2098 849
1200 904
440 4336
2426 4151
1607 1906
4781 1171
4389 4204
4387 1326
3802 1094
1428 1300
3327 448
4526 2126
923 295
2195 2981
2135 2121
1802 1415
2087 1062
1987 616
3859 4730
4177 2233
2245 613
1113 141
1357 4113
4587 3527
1377 3835
1876 1220
2789 4370
4961 4869
1741 4977
622 867
4740 1748
1359 3521
209 2576
2182 3649
1360 2575
4474 3415
201 4757
1523 4184
2846 2287
4575 2629
692 238
3516 446
523 1514
4248 1333
3695 3045
3343 174
1101 4511
2609 4520
2438 2569
3870 814
3533 1549
2608 1366
4323 3999
200 4043
3581 2808
4250 4230
1704 1576
1941 1433
4768 2607
1006 555
3092 4589
2199 59
39 3142
1931 4326
1319 1211
1005 826
118 327
3272 1312
2846 2288
4925 4556
2410 769
3411 1259
1023 740
4619 1700
2208 382
2493 2412
930 1345
951 716
3072 1569
3548 1132
4006 4994
1533 3063
122 1191
3930 129
2084 2067
2649 2606
2259 2627
1564 1647
995 2023
4728 3428
499 4163
942 2242
1069 3599
1801 1712
3970 4769
2260 4856
4761 259
3170 981
1012 460
1585 3925
4606 1642
4743 247
1678 597
2100 2335
4267 3178
536 827
2935 838
3855 1327
4781 3898
4154 1964
640 3360
3172 4239
3570 3201
678 1172
2475 411
4232 3660
1950 4859
1195 3629
3715 3900
2760 2506
1172 2732
3544 794
3762 1718
3263 3721
3461 4285
1542 252
3272 2195
676 3787
2056 4481
1020 3044
2039 2794
4348 1380
2038 2801
1008 2830
3014 2563
2955 4378
1196 182
3589 4286
1580 1499
3050 2351
2330 4824
3207 3682
3455 2049
3092 13
1311 520
268 453
4358 251
780 2697
3175 4254
3069 3777
4084 323
4822 4976
3410 3079
1517 1645
3988 4791
4707 1459
4357 1207
60 4415
564 36
2635 49
2899 3425
4090 3755
4533 3814
1922 3667
637 1178
4157 3900
4066 1180
1921 3297
1407 358
1875 3442
1319 4361
3535 865
429 1412
143 3748
4520 225
4789 1541
2587 3294
852 4270
1387 3225
1690 1382
399 2220
125 2038
411 3460
361 3286
3277 580
2010 119
4455 3483
2367 1615
1380 618
4334 1720
2449 1263
1942 685
3047 1290
2037 1498
4201 326
3630 4173
3246 3609
3750 4584
411 3455
4504 3303
2261 3747
2843 4192
4631 2826
1482 1921
4726 1856
3929 450
1895 1490
3934 606
3271 3745
3772 4271
2674 4520
1418 1652
1298 525
3438 3764
3700 2669
2522 3576
877 929
3061 4617
3089 2054
1977 4475
3599 4827
2178 1450
1289 1301
3071 3771
1418 750
3255 485
423 3659
3832 3644
2347 3388
2953 2760
703 3241
2671 3431
175 3554
1199 1036
1833 2805
616 2457
2066 3041
778 4363
1698 4219
4518 3748
1130 503
4820 814
4420 2633
1784 835
3547 4634
4275 721
4983 4679
1181 2567
3013 4586
2600 4482
612 2581
4570 1873
1936 1853
184 1286
1553 2413
2191 900
1296 41
1317 4888
4751 3449
4380 354
3734 1489
3113 4818
353 94
2608 2231
1112 2762
2764 551
1254 2040
2806 4879
3672 4217
158 3113
3428 1138
4832 68
3511 3705
3733 1010
829 145
908 4207
1631 3729
171 2338
2613 214
90 457
2199 3275
2289 306
1723 4893
2878 243
3967 3837
4122 1653
2718 404
4133 941
3600 1358
677 4408
1979 1654
232 178
4199 493
2363 2166
3261 843
4969 1185
1960 1137
299 1781
2057 1832
2141 1496
974 479
503 384
2228 2434
1972 4712
1084 2085
1523 1801
1760 2529
922 1710
3853 4359
2383 3541
4862 1138
2899 282
3368 3648
93 2193
1472 1597
2426 1280
3925 2932
167 2159
1360 4164
3528 3658
3845 2717
2285 2244
3566 2060
1176 1984
3355 1213
602 2043
1489 4758
1189 1580
1772 3550
4795 3077
1815 874
1693 3269
328 3228
805 377
2961 1511
4527 3588
4235 3200
2122 4390
1431 3491
455 1500
1642 3648
4945 4521
1378 2705
530 1767
4102 677
4444 2220
3960 3916
3809 71
2449 3378
3149 1756
1096 3764
353 4305
4038 1166
2078 1560
2032 1577
3781 864
688 2384
2404 205
3142 2852
2550 67
4606 4806
2520 267
4537 4391
292 2157
2802 2518
3378 3186
1401 4727
1699 2279
1162 4447
182 4206
4211 3033
616 624
3411 3934
3809 1540
446 3596
1608 3670
664 657
1995 500
3115 11
3742 3773
4890 1875
3851 101
4090 2742
23 1635
3123 4560
1549 4393
1873 2741
3982 228
4094 132
3521 2144
3297 60
724 3411
1376 2833
1848 888
1200 49
4367 404
528 743
2568 1196
3148 1749
353 215
2873 4487
4194 1449
3087 1372
2522 2647
4932 3957
2951 3909
315 1991
3511 1414
4125 1138
3690 3251
563 2605
1823 2686
3506 2813
1951 784
1714 259
4108 1823
1184 1292
3235 611
3193 513
315 4917
3165 3544
2205 3777
4259 4097
2862 2761
1414 4760
1239 2899
1752 4542
2687 4114
3765 2544
1471 1923
3150 1676
4615 1319
3027 3035
12 3793
2069 4338
644 4946
4981 3819
1088 4306
2376 3797
967 398
4092 4733
4480 216
3597 3162
3077 2977
2326 363
656 3700
1953 3815
1857 4552
3629 1837
3461 1464
3505 1960
247 4630
634 2442
149 1600
1010 3423
844 3515
630 2818
2460 706
2430 3806
3612 1122
1255 3799
1004 848
2499 2283
1903 485
3173 4462
3104 4318
1796 4966
319 838
3328 2598
3544 1019
479 4358
3188 2518
1210 4856
2941 2112
4221 4078
2592 823
1958 979
2507 4010
2898 2442
2016 3422
2617 860
2372 2489
2475 4871
4964 1158
2022 4327
3469 2394
3325 2759
3431 1664
4048 4038
1151 917
629 4869
4879 4033
2382 3936
4742 1277
2126 860
1183 335
648 3722
356 3879
532 1946
2581 4249
2920 4506
2767 3456
1617 2470
4438 2765
2490 2467
504 1806
1006 3932
2736 2663
2220 1281
2175 683
3031 189
4026 813
2789 3207
4571 2849
2680 831
2307 2336
630 130
3636 2501
3532 4807
3619 119
3527 558
4737 1292
4081 1077
517 3099
4786 1845
1787 3067
3633 4885
3979 2151
3201 3498
1323 2652
1005 2067
2515 4181
4343 926
2902 441
3465 119
928 1278
1520 2904
4148 4109
4066 429
4046 2884
472 3456
3273 678
2125 3618
2417 3792
2404 3918
3523 470
4037 3503
3839 3470
3373 1879
4936 2366
3036 437
3896 912
2387 699
824 4641
4063 953
4658 2795
3106 2192
3773 2936
2685 301
2816 1283
2900 3844
4932 565
3299 4886
2189 296
382 3719
677 840
415 3735
2147 3794
2957 2811
3724 4928
3534 2640
4456 894
3141 4028
138 1778
373 2514
1351 3531
4646 3663
2047 4282
753 983
560 4117
2975 156
2295 2893
4238 1241
4902 387
715 1109
4975 524
167 2370
2931 965
224 2526
3526 1134
1152 878
4114 300
3622 2710
3982 2471
1553 2199
4082 2720
3390 3172
3784 4539
381 3349
4644 1673
2351 1808
1746 1115
2797 2996
2766 251
3941 2640
1694 1535
539 1233
4024 4484
4819 4037
1060 3491
4022 1617
1994 4119
4835 1
140 333
3217 1337
1417 4308
986 3896
2388 3057
2251 929
1587 2710
2991 2752
2443 2550
270 1392
17 4262
371 3277
550 2862
2721 3278
1153 4040
2689 141
459 790
3621 1720
1443 2774
3476 2717
2927 165
567 2045
1869 3025
1674 2620
4688 799
4187 4284
2003 4231
1491 1958
2357 2914
453 3086
3896 4000
1381 1428
2166 90
2212 4964
2223 3899
1518 18
3144 1435
3420 3495
2271 851
4416 3275
1414 4002
598 4886
2309 3969
4340 560
1458 2058
2988 4469
2748 2112
1246 3912
119 2066
3225 438
1743 1282
2388 3428
4955 4726
2502 4019
2574 3181
628 4529
3340 4337
2811 3783
88 2005
2506 874
1536 4317
3832 1391
2669 402
3870 310
3388 1021
1076 2197
4425 4168
705 4720
233 3111
210 2280
2088 2958
2148 4940
3104 3980
349 4732
2378 2973
120 3805
4167 2660
1815 4928
883 2762
1125 3740
3518 1736
1506 1814
107 1220
1025 795
4861 1338
351 4383
512 468
3711 4455
1008 1272
4410 2466
3445 4455
3593 2469
1426 4184
4796 2676
3354 2268
2347 3212
1849 1104
2941 3492
397 4161
324 1858
4236 1112
4847 1841
2930 3845
913 1077
3938 4697
4063 2894
641 1809
3024 3433
220 1767
2845 2433
1411 3513
2789 3528
233 877
3728 763
158 4349
3385 4671
366 2564
2996 1605
2988 2054
1157 1611
656 698
2411 4855
671 1640
3268 2837
334 2041
4718 165
3563 4790
196 233
3581 2482
193 840
2213 1323
1928 1935
1170 2191
907 4267
4692 1353
4114 2147
2341 1614
1540 1657
3386 3515
3343 3211
2905 4760
4390 1195
1764 4759
355 1601
1485 1912
1588 2649
2812 2086
4529 2557
4500 2493
1729 914
1101 2841
4376 444
2459 429
2319 2016
2911 331
1714 3860
4351 2703
4792 3965
3212 2648
3584 3276
1305 2720
3506 2574
4899 3412
1852 12
985 3333
2540 1184
4788 984
1523 2752
1063 59
3880 990
4860 4480
3615 4744
3099 3276
4300 1868
2213 297
3138 69
4514 1661
110 3447
3558 3466
1512 1893
4369 1707
2993 1358
3952 2938
1624 2690
1936 2332
1520 2388
4321 1717
1938 318
2300 3945
2671 3546
2109 4561
2390 3758
1597 3607
3680 393
4055 388
4038 739
4143 4036
4741 3072
3471 4930
4531 3510
4723 3459
1556 340
214 2343
1001 453
2621 1708
4453 1232
2507 3374
4895 3700
3742 2238
4772 4824
3744 4196
1615 2374
4339 2544
451 2392
703 3162
1267 3459
4225 4365
188 1760
3292 817
3583 2615
633 1639
1963 1694
3897 4693
1316 2346
1893 1492
4117 4957
3414 2546
1110 2974
3594 1725
3889 2970
4083 3440
2173 556
1824 1751
303 3472
374 4280
2639 4573
3689 355
1228 87
4789 1698
3597 3817
3768 3625
402 735
1614 3638
4704 169
78 4065
2427 353
1054 3002
4659 871
4212 789
781 4606
56 865
816 4955
3989 1379
2160 267
864 4883
3119 24
3898 3739
2213 1013
3371 704
344 2608
4703 2400
4368 2891
3367 2619
2734 2634
3874 1774
1951 2347
1352 1061
2007 672
2660 4928
4186 1442
1906 3236
3424 4816
1390 2241
1803 3254
2142 1813
589 773
714 4521
1751 4925
4944 1701
1156 2154
3674 2221
865 4254
4863 1209
305 754
2640 4345
3656 682
1285 874
2397 4256
643 1578
3470 1634
3312 1295
3452 2440
2074 1011
826 4014
837 439
1892 4039
135 3821
2585 2370
2949 2089
3792 4207
4647 2527
1529 4615
3138 919
4567 4984
1264 3328
1582 273
2522 3916
3248 2267
4994 2694
3243 831
90 2550
2877 2018
3174 1238
1807 4596
3352 4823
344 3543
1953 737
3029 4002
2588 3069
4190 981
4096 4399
1281 974
1559 2105
4809 4605
94 295
3892 4102
3700 1405
2485 2182
4409 841
4528 2822
2011 459
3196 1945
3884 4548
3634 232
1843 3263
2218 492
1033 2787
656 1091
1301 3757
2037 2364
387 4961
3196 3346
2554 2443
4246 4262
4059 1698
616 3802
2062 3468
566 3342
1740 4573
2166 4639
1788 955
576 918
892 3060
1589 82
1103 1941
3053 645
2554 955
1230 1412
960 3335
1490 1665
1515 4029
2638 2796
2778 4831
992 4699
4599 1002
3550 3490
4872 2288
2116 497
278 2994
3112 3245
1478 3069
1378 2309
1143 4323
2874 1075
971 4292
342 4841
2552 2607
4628 1006
407 2122
4944 867
3785 2408
3136 643
1473 1355
3938 2109
4443 2998
1101 2264
909 4040
3455 4547
4815 966
1553 4958
3587 1908
2509 2899
2264 2470
4753 2676
359 4432
2955 3930
926 2655
1503 597
2466 4631
1598 2690
3262 4904
1789 854
3125 4903
4380 2148
490 4360
1125 3612
2671 846
2897 1669
3116 4671
2276 4004
3627 2053
3874 1521
4373 2088
4158 3200
1101 828
4672 479
3513 4698
4171 4868
1165 1306
2700 1901
2545 1188
4570 2043
1994 2934
1351 4846
173 671
3758 3984
1919 3752
3922 3807
2004 3893
4781 4717
1658 1387
4473 466
2159 1308
4846 1204
3370 4576
4188 1272
3377 3648
291 2655
2432 166
500 4423
2159 2992
1890 3997
2704 266
114 4765
4048 2050
4842 3996
2568 4202
3218 3423
3990 1930
4852 4889
2787 4608
1232 4274
749 661
4959 4181
444 132
2311 743
4845 3568
1068 357
129 844
3192 2813
2924 2845
2496 3096
721 4384
1907 593
3112 2535
4900 3162
42 1237
2559 415
4977 4321
1700 4201
4820 3964
895 3457
192 2194
2893 2583
783 4483
2612 3392
2860 3796
4131 3740
81 3627
2401 643
2622 2225
3563 4703
4744 2715
2085 4341
1314 2053
799 1163
1291 1722
2279 2646
3668 1186
2902 1882
2197 3271
1769 4923
355 4684
4775 1177
1106 1670
4235 4007
2818 3086
3412 3546
1466 1528
3289 246
3988 655
2454 3573
2295 2349
1521 1036
4426 1354
4686 1119
2183 2483
1539 1063
2304 4191
2811 401
3614 4745
2578 4281
1131 4535
1180 2294
4340 3348
3511 3849
1476 204
4986 204
1451 2521
4513 3744
3713 2472
4505 1585
4490 4930
4675 1608
3767 4577
1192 3670
2146 2572
16 2177
1956 4700
2368 1202
2830 1153
646 2007
346 4114
2162 2385
2520 374
2900 287
2178 3165
269 2222
3647 2772
2461 4945
2780 1236
2946 568
42 4615
1982 1178
4678 103
1824 1989
2720 1508
2324 3270
146 4361
4051 3317
4898 990
3736 260
1910 166
2247 360
2232 1186
3463 770
848 4646
624 3327
131 2882
4482 2925
4697 2985
3636 2218
2402 4126
69 4442
2738 369
4748 2592
4326 4598
2169 4608
119 2507
626 4423
3412 3212
1748 693
2736 3511
1106 1354
2563 4218
81 4805
3320 2968
2780 4637
502 2026
1842 2466
257 2967
2020 2900
672 2120
3363 1685
2319 4248
77 2043
4555 3996
2930 4920
1713 861
1446 213
2390 4858
971 2783
3213 952
2127 4239
2670 2970
1681 1353
2207 1888
2001 3514
1520 2889
4232 1274
4861 2382
4065 1208
1851 4477
2270 4812
955 2798
2745 2388
3023 2711
2533 2224
1759 4754
2917 2788
697 2144
3048 823
1652 628
2952 4758
481 2714
4081 4076
3681 636
943 224
2078 4446
1201 1368
851 52
654 3179
1483 3563
393 1637
4626 3129
3101 2509
1089 4947
4837 1181
4022 2472
2978 4870
3707 1690
755 3329
1109 4028
787 2552
3825 2441
4655 3672
1194 1216
3640 3504
2234 57
1257 2292
196 87
2626 3436
3645 4937
2098 1188
1630 688
3564 4739
4594 3434
1361 155
1730 4434
528 3435
3329 1763
167 1727
3051 4475
4277 4543
4015 749
1367 3668
1593 4264
4621 3126
1636 3276
4341 1451
2963 1769
2618 1004
1908 453
4617 2315
1788 2036
4006 2613
1101 4096
3768 3208
2619 4877
1495 195
2598 1704
4868 4426
3562 3391
4940 580
2339 911
2999 672
2185 4146
4927 349
152 1539
1393 4068
1346 1825
1005 3553
226 385
586 630
2698 4201
780 934
1929 3438
346 872
3766 4555
2492 3081
2192 905
3617 3871
4679 3347
100 2141
2637 842
3602 1040
2637 4744
4457 468
3986 4938
2787 4434
1903 1709
3569 708
3293 1083
1838 1257
2384 653
2112 3749
1399 4217
3725 258
1653 2000
244 3342
3077 1827
2578 1285
3507 1971
1776 1066
2828 4247
113 2480
1538 1317
3909 452
4972 2537
3075 2490
2283 3941
3512 1449
1859 2449
4643 275
2244 3417
1994 2863
4051 2574
1999 4656
2313 1194
1899 3857
1613 311
599 1270
3133 1173
2000 2327
2213 902
121 3213
3112 4610
3695 823
2352 2945
3772 1494
1660 4003
1791 4268
870 264
1169 880
3685 2102
2123 4666
185 3131
2617 3290
4467 1049
1262 413
348 1763
2068 4781
552 675
3647 2876
3722 196
1611 910
2983 1826
4344 4277
1661 1181
2822 321
3027 180
3282 4953
1724 2349
1432 800
4639 434
380 1064
1344 804
2040 3330
712 2687
3524 4169
4924 2252
3231 4963
662 727
2657 511
359 3674
2930 1418
1574 1654
4736 1667
4374 1943
978 575
3333 1043
2838 54
1937 567
270 1023
4762 292
2717 4013
2582 838
4431 1703
4394 4746
1979 573
2571 2089
3543 2775
3001 255
1785 827
1189 116
1587 3020
2843 4291
4166 2540
871 1258
3709 3266
4382 1714
805 1751
1572 1265
4722 4571
4487 3067
4976 1039
1934 2743
1992 1343
2674 4427
660 4786
4508 4115
4612 465
3227 341
3676 4990
3104 302
1942 2286
4504 2472
2714 1063
3188 2550
223 1860
3245 792
4117 3593
1747 1438
3497 336
2302 272
2440 4450
933 3119
2929 4279
73 2710
413 786
3032 692
3970 1625
856 4217
4663 4373
33 220
1093 3564
2400 4016
1922 1577
1455 1991
3948 11
2072 1230
2993 1037
1970 1617
2700 4368
2387 1374
954 1493
4120 725
1166 2257
1381 115
4127 4105
1998 3513
2732 1117
1855 1713
822 2157
402 3444
3853 1054
4730 3556
3245 531
4231 1093
947 792
3473 3939
1307 602
1874 4062
1432 2988
3167 784
1441 2872
4102 966
454 1115
2305 1746
1114 3126
2222 4211
660 4135
3147 1152
2197 4850
1676 4447
1431 3380
4068 108
1702 2663
413 4140
3425 237
1312 1502
1987 1130
807 1127
2317 4865
2484 3557
4194 2517
3484 4354
4653 1789
2796 442
2044 4623
59 3063
539 4391
1521 3081
1771 2162
2211 763
1085 4545
1817 2484
1635 220
3691 1061
3669 1565
2865 3760
4554 2699
1409 1476
2233 1115
491 2083
3805 4948
2380 4859
2143 2691
710 782
2849 3986
2863 2403
2016 839
2952 2797
3770 2844
3947 1583
3537 484
1277 4483
4076 3552
1575 289
427 1888
1159 760
1411 4214
1585 20
2489 1918
1671 3667
2673 3572
4392 1889
237 3489
4981 3608
1285 3853
464 1330
1590 2817
3376 473
171 1673
1869 1642
3293 1973
3200 2043
2779 1802
3569 579
659 60
3452 3930
3650 4382
1852 3615
2547 2001
1104 3438
4974 3639
2983 3075
1598 2923
4609 2711
1164 4327
4038 1287
159 4434
1824 4597
3883 99
1143 2185
592 3533
4252 1222
2036 2007
2745 2393
1657 20
2690 3671
1282 1393
2768 581
853 561
1626 4865
1399 3453
75 458
891 1638
3468 3422
2707 1817
2956 4160
1970 3474
3751 597
4521 3783
3664 4865
4395 4014
4645 363
3551 982
4184 1555
1342 60
2643 351
2222 4756
3426 3512
2941 4609
618 3648
213 2719
2372 1503
901 2690
336 2031
2454 4613
174 921
1566 4266
528 4127
1618 4422
4147 4349
1878 4208
4822 3001
3344 4225
1986 2886
1706 3678
1955 1167
2945 1854
2284 4623
2344 3426
997 1348
3830 2495
2853 5
2328 1564
3919 3335
2894 4822
3244 855
147 1730
1071 1552
3817 162
152 3388
206 4775
824 4975
2587 2156
1856 1161
3992 1432
4580 3959
4394 458
4157 4502
4553 3239
3776 3605
3831 3926
933 2368
4474 1111
3679 3433
4899 4415
3456 4061
3266 3014
1697 3410
547 310
488 2374
1102 8
3143 4999
3457 1689
1804 1841
3301 600
2883 4404
3147 66
2007 3345
1146 168
10 3234
1279 478
2945 3832
43 826
733 4101
3837 306
1051 1187
2102 974
1494 930
4747 3148
938 1891
2798 4526
1619 4495
57 1475
1732 1556
695 2467
4717 3942
3704 4449
4020 3233
4439 4223
729 675
4259 1897
3978 1969
3850 1159
2866 4416
915 2530
4809 2708
946 1975
3652 3956
3182 2888
2677 3403
41 1091
3191 2677
3178 1486
3656 3655
2704 581
2860 3902
792 4686
1559 1908
1502 375
2407 1316
2587 1240
3107 4927
3082 1033
2844 3443
410 4737
3183 1609
1139 722
664 4301
1523 3396
467 2441
2746 560
4165 1237
4040 3740
3933 1244
2527 1490
3410 4825
4395 1694
3029 4412
4638 1518
2288 284
1975 1361
2621 4308
2485 2070
4515 3682
472 881
1430 3838
4100 1404
3640 3928
4196 4118
1390 437
826 1839
3432 3850
2739 2751
4643 3406
4062 797
974 327
960 131
1825 4351
4426 2394
1734 565
3577 636
2311 2894
3529 705
1850 4977
2492 2229
4199 2528
3644 3882
1533 1765
726 981
3534 1833
3335 3559
697 3041
884 1049
805 2615
1397 1757
245 321
4843 333
2702 3169
1507 465
2032 3376
4225 4429
1246 508
4288 3936
3877 3088
887 3480
1745 3312
671 2653
2319 643
1968 2638
1016 3736
654 222
4137 2843
158 3611
1933 890
1005 3316
208 11
533 52
4440 231
4362 275
2072 2547
1902 169
1571 4309
2954 1524
4604 2939
1391 1099
2175 289
4247 222
4684 4819
2784 1415
4935 359
4164 516
4558 1766
3757 161
4991 104
3240 4054
4915 3625
64 2310
4678 2380
4611 559
3846 1405
3970 1610
4007 294
3077 1602
948 2413
2060 2930
4531 1587
332 2416
1964 3941
827 4286
4518 4366
4245 1410
2046 3807
295 4822
4806 313
3619 4625
3750 4861
1932 4229
3256 697
2745 2439
3825 1017
4818 1123
4099 3754
4592 1302
2209 4926
4942 2482
1980 4559
980 2409
639 1220
1892 1067
1736 3111
2520 4967
960 3464
639 43
2413 644
2348 4757
19 63
4350 14
3085 1250
718 1165
1520 3068
954 4301
2225 457
3473 2533
4988 1226
859 1315
4992 1476
1 269
3170 4802
2539 4310
2293 3256
2592 1515
24 2214
2936 4852
554 4012
1440 1530
4046 4339
4577 4485
1215 1821
3186 3667
4068 3501
1001 450
865 4755
2642 4629
4187 3067
3408 425
4178 575
1969 4152
1978 419
2473 3510
5000 3701
4785 2005
1794 3855
4310 368
1858 1694
3576 1878
2216 4387
3871 1775
3396 1844
2428 2265
211 252
155 1461
1927 2895
2250 355
2096 68
4073 4832
4367 3238
2741 4280
1953 3593
4467 2641
4680 987
3365 1326
1203 1109
4838 1729
4142 2241
2796 928
4360 3985
1364 3916
4083 3259
3291 2987
1247 1001
3846 2078
36 896
4079 2845
1808 928
4857 1390
264 4182
4075 977
2080 1829
63 608
4978 3919
620 2320
3877 1403
1968 2815
1686 1688
3345 1982
2869 2739
3528 3341
2860 3160
1501 2266
4945 4595
2295 4861
3401 4850
4287 3243
827 4877
3574 1092
1329 3272
3662 1315
4320 3760
3496 4597
1550 244
4969 1816
104 4916
2907 2732
2572 2877
3235 3428
4338 1603
2319 3303
3634 237
1506 2251
710 822
3426 633
2581 778
2943 4987
696 3438
4902 1893
3611 209
458 4723
1253 2859
4140 2187
1509 3642
2439 89
3777 3402
4864 3821
4776 3457
3768 896
1505 2277
1360 422
3108 2962
1695 468
1525 147
4931 4390
3858 705
4650 2772
3109 2993
1899 1349
3624 3854
4541 4669
2096 2835
1878 1192
4917 2345
4694 2856
4162 4748
1823 497
1599 1832
944 4178
1567 1681
1077 671
3082 3962
2394 3611
4004 808
1421 4884
1269 1318
2691 2109
3544 2982
2999 2834
3614 3592
514 4800
2994 4517
1661 1070
2312 1015
1726 2446
568 4103
733 2552
1543 1827
3870 279
2089 344
4466 1101
3521 1407
1805 966
1602 2198
4632 456
3864 4357
496 4119
1742 635
4975 881
4073 1006
3664 1288
3337 2221
855 617
2509 469
4690 2481
715 4739
2911 1636
2257 4618
1397 1026
3740 1167
480 967
165 267
3573 3420
3467 2373
454 71
1935 3697
1680 3620
883 2655
1013 685
4467 350
4277 2028
719 3291
4378 1220
3826 3663
218 630
88 3659
1398 2367
3762 4619
4240 3555
962 1887
2954 4849
1481 2821
2774 3459
3602 2413
3588 451
431 3437
147 1817
1571 3041
3084 3615
3727 3773
1255 2620
3725 2558
2401 1379
3528 2372
4200 1087
3602 3332
1628 334
484 4348
3468 3475
4390 3544
2154 3860
3438 2913
2171 4769
2052 3968
1927 3757
4807 3968
3874 1527
506 735
3973 757
22 990
312 3979
2041 2543
3459 4324
273 3235
4875 31
405 3812
982 3780
3881 3534
4260 1317
176 1644
4704 1556
4237 4284
2341 3273
2253 3702
4981 43
2364 850
2653 503
2323 3016
2407 356
4290 1826
3117 3070
3579 823
2252 4809
3293 938
4994 4583
569 4290
1105 4573
1667 1462
2387 311
1561 1722
757 2391
3946 2325
2533 2120
3154 4690
2781 85
88 3674
3791 3769
2266 1519
2055 1169
4347 619
1504 4639
896 3240
2151 4079
4578 508
10 285
597 2176
756 1068
990 977
1320 265
307 3560
4928 3991
753 975
3103 4032
3800 1427
934 1056
975 3766
667 2043
2585 1706
3310 99
4613 3120
4274 3125
3092 13
3729 4299
4691 2506
3967 4444
2055 1287
4886 230
4956 4193
3488 1104
1118 658
4865 4745
4762 225
4058 55
3159 193
1693 1508
1977 1098
2866 3303
4864 697
1330 1619
964 2639
1576 608
4065 1237
262 1039
4164 939
2317 1720
396 3104
4991 1827
143 4511
3513 3235
1522 4433
2874 2208
2220 2919
496 792
3464 1195
3518 3561
190 3109
321 2420
4833 422
840 564
1342 514
4176 1216
4832 4388
2521 4507
2594 173
4434 146
4018 2484
916 3694
774 2362
4440 1424
3014 3454
3343 342
3661 1397
2657 926
3973 2994
2795 1164
4716 847
272 648
2088 4991
1416 2957
593 4822
2931 4460
4042 2093
3983 4843
2036 2609
3870 1189
1973 4387
4731 2116
1962 3640
4728 1648
4019 1843
2102 943
1627 1271
4264 138
41 1920
2892 2839
232 15
3675 4577
4272 4135
866 65
4520 4444
3885 1969
4004 443
3299 1067
2967 4391
1551 3338
4232 3233
1206 2165
4363 2196
1853 759
764 3922
1884 343
4714 4545
3115 1949
2579 4179
1677 2167
3356 365
3035 3657
1128 1117
263 2775
1095 597
2678 2817
1023 2442
4043 2499
1252 2109
2364 486
1762 4494
1488 4834
2234 473
558 4807
1476 2704
796 4582
1102 3734
3444 1484
2514 3929
3657 1445
1489 1708
1281 4729
2292 757
2370 116
3299 4810
3544 977
3985 2401
287 2770
674 1829
3873 2112
2066 3635
2760 1303
719 3408
4172 2963
1438 3513
4936 439
4993 777
3492 2453
2725 1272
1621 1219
2346 812
2749 4807
2107 2195
4232 4039
2136 2905
4494 3901
1323 2869
4282 3859
1165 4170
4225 2965
1848 777
4432 3509
4154 3549
522 3275
3342 513
3492 3650
1899 1266
1901 1158
1297 1149
3453 2756
2536 4364
3921 3632
2280 355
3868 4845
2933 2903
1009 3173
3395 2754
2915 4064
4670 3687
2311 2184
298 1211
4275 1069
1762 4941
4686 1800
4002 2558
1085 2090
3909 2079
2125 1571
1646 3938
3158 841
4072 3757
703 143
331 2698
1395 3114
1480 2994
2678 768
2714 1661
3329 2989
1116 2508
32 442
4560 994
3942 270
3149 3627
2668 2402
1757 3029
1045 2900
526 1388
4268 4290
4938 211
2472 4168
4970 1005
4868 4183
1275 552
2886 4736
526 934
4709 1795
4243 2875
2076 4870
3913 2134
1461 513
2607 2925
3809 4865
4940 3515
4111 1907
3786 2420
1361 2785
4102 3688
2221 1969
4746 3344
844 2334
2584 2568
1231 1043
3345 2117
3019 1167
1967 4885
2814 200
3799 727
4270 4264
2807 3683
4478 807
1100 1275
316 4838
3617 1111
720 2055
763 4739
334 2187
4039 4909
919 3717
3234 4714
1068 4114
4816 4451
1442 4492
4373 3778
2460 1574
1790 2068
1620 2454
839 119
2583 1092
37 3768
1746 530
3902 3580
3843 1786
2316 4933
2590 628
914 1582
4633 4151
573 968
18 4523
2814 190
1361 2137
4471 988
1021 1754
4776 737
2925 4215
4458 948
1570 579
2406 1492
3307 3859
4858 702
1983 834
2988 3156
1321 823
4559 1812
4268 1776
236 4687
799 1609
1670 2200
1494 1769
2750 4109
3767 1300
2402 4834
2909 4172
3256 381
3553 301
374 4666
2429 1479
3872 1637
23 2656
2819 3569
1875 468
773 3279
1525 2349
794 3700
2564 933
1566 2519
2420 3882
2905 3421
3280 4026
4817 2343
1238 1893
2432 3851
4982 1944
2691 1242
1705 839
4338 4437
1928 3126
3220 1104
3907 923
4997 1244
1204 4627
1711 3536
3086 4145
3176 4070
2788 848
3441 2481
330 1220
1103 1463
3325 3857
3607 2095
3056 2201
4293 3326
362 15
1333 1885
3385 633
4766 4609
925 1368
4198 325
2685 3590
4816 3072
4290 2186
682 2740
3792 3720
3909 2140
2780 4725
2931 4450
2745 580
597 2353
2228 1808
4753 2582
3633 2003
4608 2315
2736 1016
4278 625
3868 3907
4090 2824
2529 3257
4742 4895
2444 3716
3715 3124
249 363
4879 1833
4065 2526
661 307
4266 1007
1394 2199
1239 205
2599 4028
4253 2908
4418 1755
3031 3839
1381 2599
1488 3886
4345 298
452 1897
761 4103
1887 3273
3410 3038
3095 26
2286 254
152 4583
3370 2188
3236 791
3621 266
1248 3667
4033 928
1093 4916
1260 1721
4522 2595
469 2125
2723 2412
1965 4655
1525 383
3887 3368
4157 2021
1088 1201
670 3797
1467 1388
4985 4756
4646 496
4648 4873
3400 2797
2444 1673
2922 3536
1460 2411
1908 3266
3993 1441
2423 1196
1255 3259
3729 2790
3829 4526
3366 2416
4352 73
2591 1330
2423 2989
1279 3590
3288 115
3265 2340
4269 3944
1698 4824
177 2641
917 2710
389 498
305 1262
434 3109
2955 1781
916 4037
3198 3011
536 531
1971 1398
1958 3540
3610 3672
4629 2501
4010 1786
612 178
4229 898
427 4006
3839 1467
114 857
174 2843
2555 2645
990 4986
3534 3136
1859 930
3387 944
4060 3737
2196 4132
2260 2621
2381 3508
986 217
208 769
1797 3900
365 132
2277 4379
4489 3169
3351 1049
1970 1089
4985 1040
3191 1793
4836 4543
2562 4960
1994 4576
3827 434
3340 2168
3960 1878
1204 4831
1718 2765
997 4538
528 3006
1263 29
2662 2072
1355 1908
2164 2945
1946 3829
172 3958
3025 1171
4380 4891
1786 2617
3370 1391
2665 4993
2062 2628
59 275
4086 4713
2824 3332
4542 70
481 1470
2053 4872
1452 1251
4835 2602
1819 4227
2959 3230
397 3044
1613 299
1434 1568
2834 4441
1960 2445
2088 1796
1653 4355
2701 631
4485 2332
2996 121
3597 1084
1300 4796
2134 976
2793 1304
3711 4727
598 1606
1553 1177
2053 1369
2894 315
2108 4642
4442 4257
4482 733
1640 2401
753 1049
1294 3838
1274 2403
920 3116
221 442
859 1720
1027 4832
3365 4913
4437 1709
2738 2756
4986 813
865 1346
4994 649
4878 4580
4547 2010
1613 68
4612 2732
2914 1824
1534 1024
1647 766
3139 1186
1675 522
3892 3827
1769 2711
4276 1655
3168 375
2595 180
2553 2799
1166 48
4430 4666
3897 3323
2604 1721
652 144
4592 494
4862 1254
4875 1168
4630 3311
590 2146
1581 3596
1910 1998
3855 2500
3344 3089
4069 3481
3473 4769
643 4268
998 3742
2534 3372
3190 2760
4826 1488
1330 3617
451 1036
2042 2870
3270 558
3502 1649
3903 2952
2076 4507
3149 4140
306 1259
2349 4274
4400 2123
3989 4049
4666 1930
1364 223
941 162
2524 727
2530 4503
2383 1127
2292 1872
3167 2025
2826 3505
4268 3406
4314 4344
3958 973
3933 3970
779 1852
1309 397
1674 2646
2632 4334
4758 2931
4057 2561
2224 1614
858 1002
641 2181
4462 427
197 2591
823 2448
3960 2542
4612 2964
3139 2362
4873 3519
1614 2304
2791 4907
4412 408
2915 4339
2012 2448
4224 2157
729 2539
483 2907
4850 2019
1108 2734
807 4758
491 1955
4105 718
3434 1193
1493 2554
869 3689
3283 3085
1271 2199
1753 2746
808 868
4772 1995
4740 69
4237 840
1052 2671
294 2816
3076 744
1408 1122
4263 1597
3803 2872
2002 2361
2961 1071
1006 4202
4742 214
836 4247
4491 4232
1150 1403
2419 3970
1519 3486
1374 1356
45 2659
88 1540
4665 1089
296 514
3698 258
629 3318
2184 2971
339 968
4092 4996
271 1696
750 1628
4734 1855
833 670
713 3755
3954 1135
2808 4028
393 179
3539 696
3628 52
1946 853
3515 854
1464 1576
310 1487
2175 646
2270 3779
1507 4319
3232 1148
3410 2540
4977 376
928 2129
2162 2551
4682 381
1390 874
896 1132
1802 4611
1955 3389
1717 2965
943 3693
2558 829
3706 1842
351 4540
3299 2251
3305 179
4491 1993
1168 4901
1306 4023
978 1661
1191 3547
3995 684
4750 2325
2408 2353
252 3647
3497 364
1265 510
1972 4864
595 1624
3111 3967
4598 2872
1577 12
3288 2313
2436 2428
808 4092
219 1798
2083 2973
4191 3608
2128 4122
2589 3839
431 2916
2349 1390
3631 4490
2440 4323
4071 1050
2727 236
99 4111
4226 2330
2939 616
4147 685
1796 4724
4923 2473
3766 3911
3624 1435
4513 1339
692 4414
2292 2150
3711 836
2951 3024
20 4435
2746 4736
1211 4829
3411 3756
73 1334
4615 390
1998 4514
1020 4369
1178 3167
3093 2938
3565 4349
4238 2354
3979 579
107 1868
158 324
584 2948
2749 2344
2871 3837
2739 3055
3248 1574
775 1464
1368 890
3368 1156
158 2179
3881 1383
1037 1583
1718 435
335 2569
2676 2016
3254 4835
1574 280
2771 2289
4553 1569
3440 2011
1949 335
2589 2091
4707 2762
2135 4204
2241 2177
2036 2321
3094 4865
22 4856
4098 3690
2749 1897
4619 998
1276 4660
1241 2323
193 4210
3395 1798
2674 1687
2940 1295
155 3699
4284 2728
1679 365
3818 4885
4945 1115
561 4821
1650 2959
1222 4756
4157 4017
3092 2816
150 3336
3582 4738
88 4909
4140 1331
4052 3249
3621 3600
1899 862
1945 2164
788 2809
3836 3522
1554 1729
2163 2015
108 3302
731 2960
3376 2490
1095 2787
4941 3546
2904 1930
2758 3955
383 4213
1106 4632
1871 2492
868 710
3450 2830
1046 1170
3790 4212
4097 1026
3776 1015
4429 3461
1051 941
2552 2689
4122 1254
470 2653
2072 658
900 986
4704 499
3341 786
4079 2614
4041 4900
3280 2101
1810 3320
2935 3244
3449 1236
220 322
1995 1875
4018 3848
1154 1172
4470 4658
4121 3700
3594 929
4277 3015
3768 2819
2544 4547
241 3679
3626 965
44 2770
3361 2122
1156 335
3116 1876
4131 2933
4232 1421
3403 1492
2158 591
3365 2405
2229 3302
1887 863
2427 4407
587 403
3104 2517
2011 3815
702 4964
1702 2014
2106 2551
4928 2333
1007 4104
952 1204
2359 537
4265 4439
98 3854
1213 3744
1555 4969
4025 3687
280 3606
4342 2810
1303 1302
1333 294
1633 1251
1010 2517
36 640
135 2120
2339 3860
4955 2398
3098 3313
2667 373
4179 2096
681 2837
3442 4968
1388 2901
615 1365
1598 4117
4570 4520
1959 4879
797 2956
2881 589
44 1909
3850 3057
2237 3497
4860 636
454 4092
1120 2115
555 1331
4043 1692
4038 2982
4035 277
3567 1840
4521 2469
1605 2364
1148 4903
1915 133
4087 2174
3450 2210
1401 4876
4116 3805
1280 512
893 1358
4379 4903
4284 1564
3908 2310
3202 4652
4636 2336
2223 1605
1868 2454
1107 2897
4192 3898
3594 3597
4312 1576
3760 2204
348 248
683 185
324 3757
2849 750
2227 3009
4695 2722
4619 3231
3490 3863
2974 134
4966 1131
2906 1685
1001 4666
1206 2028
4736 213
1428 1189
1635 3702
744 908
4295 1396
3471 4844
3187 4834
949 4609
949 1646
1801 2257
4076 3188
3609 862
242 2166
2963 3911
3022 1883
4997 2272
4654 4731
3801 2305
1761 2416
2898 3939
1843 3193
2537 4593
4565 3385
4805 4645
1544 1314
4038 2680
3041 145
491 4720
2801 330
2937 1287
4522 4889
2410 2092
4075 2699
69 894
872 633
2449 2133
1523 3211
3879 1605
3641 2925
1527 804
1707 1085
2757 689
3376 3272
4625 4093
3160 2877
1731 2168
2120 4303
421 374
1733 205
2196 754
4368 3798
3499 1859
3562 355
4023 2057
3327 1855
2565 2920
330 1236
1765 4173
2184 2577
4764 408
3380 4542
2440 4165
2207 3824
4365 3060
2233 3744
4720 857
2726 586
2400 2935
4721 3110
4721 4713
1931 2706
4484 18
42 605
1944 469
2237 4023
1060 619
4973 4044
4448 97
1620 4325
4613 2958
1282 2615
729 2546
2162 248
301 1700
2193 3507
4070 4932
2904 886
2452 499
155 1778
4556 4717
3648 2740
4018 567
4071 141
2124 473
4934 185
2465 531
3696 4540
1275 3132
3011 1167
77 4309
1300 3014
1320 3689
1019 3124
898 2205
2219 3926
3553 3091
2786 2747
1141 1429
1380 1786
4891 1983
2349 2586
391 172
4129 840
2031 2090
937 238
1489 906
2009 860
3139 4134
3638 2633
358 2477
3603 2785
4258 1369
1808 4369
1876 4345
4702 7
3937 4863
1720 1037
2461 926
2148 260
1839 1438
3999 3423
3080 2129
4056 3505
1639 3086
3757 3332
834 2289
1161 977
1635 4756
842 1029
4271 414
975 198
4522 1626
229 4738
1690 829
1075 1145
978 904
3055 4764
2770 600
4833 3909
3883 2623
41 2661
3938 303
619 2250
3845 2859
2801 704
1008 3934
3162 755
2157 4622
4176 3704
1311 1118
2945 3058
1739 3841
3981 1866
3407 4655
3068 2205
2312 892
907 603
4419 2218
4531 3687
91 2286
1992 997
3525 3221
2200 94
2267 1251
2135 1767
4998 139
3341 3150
740 2947
285 2336
4356 3476
1637 2123
2902 1112
2790 3536
2129 3298
4314 1941
1120 3585
4440 2538
2404 3735
3307 1615
3319 4627
3155 1079
3093 4102
2734 2922
2400 3559
4394 4264
3078 456
4465 4592
4994 2669
615 3141
3034 1195
1562 4831
4021 2376
2156 430
4333 4529
4496 2780
4908 438
1734 1572
3925 267
2923 2288
3001 2722
3873 1855
1342 255
621 4858
1006 1566
392 4354
992 2673
3898 2652
1434 1300
3047 1345
3185 12
4192 1442
4936 2634
4274 3619
2642 1324
3185 2692
4373 2232
1046 118
1977 2254
80 3012
3759 4799
1546 2775
2695 3496
2972 2618
3199 3305
277 1677
2190 2102
1578 3217
2794 4548
4168 3429
4196 3724
4631 1331
3178 4377
2102 4177
3391 3772
4788 2225
1157 2481
2553 3970
2875 3227
4973 2094
2006 738
3748 2081
4958 1551
4255 1393
1731 783
1582 447
3528 1987
2874 4122
530 4893
4505 4509
2084 4032
4759 1081
3421 3745
4602 4236
117 4259
2260 3542
4525 3369
1540 3432
4861 4679
3131 2151
4822 4539
2060 2272
3036 1050
506 3616
2555 4165
1044 1961
2032 4060
4287 1507
4115 93
545 3941
1657 1229
4517 1377
1888 4126
1650 3993
4289 2455
724 3831
1717 4237
3400 4803
2987 1725
1282 1546
2488 4292
2029 1414
2241 2125
2429 2803
4268 4626
3872 147
2074 1279
2194 2405
291 3021
678 2746
3545 3082
4808 3072
809 2261
1745 2571
486 1524
2023 613
2586 1247
490 84
434 2790
3754 818
1817 3131
3792 2389
2624 2891
2116 1195
1940 2406
4055 1612
77 2382
2542 1951
3941 2450
1631 1145
3907 1300
1805 1446
3372 4051
2553 4568
1320 948
3402 2775
2615 1047
2561 4069
3690 3432
4567 1112
2185 3338
754 2387
1335 3331
3860 4958
4581 4113
3757 27
540 4276
4254 3557
1293 2344
159 4007
2706 639
3062 3097
2561 2361
900 2300
2306 1071
4830 2275
1945 4813
3683 4059
4507 3353
1522 3013
2987 4865
1395 1808
3833 4275
4836 2405
4974 4456
384 3950
4755 4263
1768 1063
4462 1115
1152 1351
3111 2489
3865 115
4043 3764
2539 3581
3147 1239
3489 498
4159 1806
151 3599
3391 1094
2746 4280
596 907
3083 2700
2789 4293
4279 4233
2817 4694
409 1663
1513 4734
2921 2255
2394 4402
3093 66
2344 3577
1107 840
2211 2675
1426 170
4305 1618
4998 4128
3577 3656
476 4304
1294 2111
311 4616
723 4708
4036 2630
785 4570
680 3879
1761 4989
3723 2527
1872 3835
245 1360
1368 1368
3873 4092
624 4983
4971 4595
4550 1985
914 3180
3121 877
3136 2834
4120 2206
3942 2672
4312 3420
1376 187
45 610
3205 2993
4917 187
1645 1468
1381 2374
4280 4101
4668 2615
1597 3793
3113 4414
3705 1599
1517 338
34 4266
1758 1108
3400 2484
4484 1108
2582 2899
3709 125
2619 4101
4472 201
1470 1909
4066 276
1551 147
3564 1426
178 3540
4075 530
449 4891
2424 3645
3093 1075
4210 4155
2428 4365
1693 937
3162 2525
3543 3427
4594 2743
1476 474
656 4198
2958 3764
1518 2681
27 4803
2023 4741
2524 2702
1584 4152
2993 30
2507 3810
1093 381
3612 3414
3335 3759
462 4620
2374 1967
4722 544
3890 4477
2122 2956
26 1254
3811 163
2570 58
3999 670
24 515
797 3357
2660 4773
622 1786
2342 4335
1386 3140
900 4861
2086 4998
2086 1474
2296 2646
3497 2346
1521 1932
496 410
175 3312
453 1260
1410 4087
2869 1716
275 4588
856 1980
125 4397
3834 1699
2323 1507
1656 552
1100 3213
983 496
4224 3399
1146 1538
484 4429
1085 1349
221 1325
4387 822
4967 3750
134 4638
74 899
2414 1376
1007 4737
4088 3302
2473 166
3471 252
239 3396
4787 172
4841 1695
27 4387
4384 2630
1523 675
863 2284
403 1384
3805 4318
103 4241
2338 4304
4373 3110
3520 4567
222 4805
2361 131
3507 4443
4345 2427
1019 4224
512 4340
104 3877
869 1650
3552 2394
1503 566
4513 3590
2188 4844
51 4145
1909 2746
2564 4325
4762 41
1070 4948
2699 1318
110 4891
4038 1338
1994 2660
3427 4621
1241 802
3949 1684
4918 1083
1334 2692
4082 1366
1758 1883
2419 843
1846 4229
1566 2303
2048 1910
2008 452
1487 4688
1749 362
3972 2912
3037 2674
3200 1850
989 763
44 4041
3033 1412
3153 2072
2698 4422
2367 698
2798 4597
977 1672
4748 28
3831 2826
4601 4709
1127 1568
2067 1255
775 4068
903 872
2446 4193
4561 2547
1779 2858
1063 4181
1506 325
3237 2400
3151 1690
1343 1492
2715 2281
1268 14
4559 4743
4343 2553
489 1091
3975 3366
4824 194
304 2041
3535 1428
1107 1597
3616 4731
1593 3526
2477 2693
627 30
2055 4127
4643 1376
3552 4364
1575 3111
1081 2149
3156 569
4479 4464
4693 3841
3374 4987
1477 721
4230 2724
182 1668
1602 892
2583 2889
3877 2512
3417 4239
2729 2693
657 1193
2517 4720
4552 4348
2134 4464
4529 4278
1678 920
262 4527
4715 4172
3769 1215
2927 3152
712 4669
4409 4406
2491 2974
483 2971
4933 612
4284 4690
30 4242
4782 3358
1305 955
4715 4773
4983 2766
3442 836
1787 937
4637 1596
2854 1970
2661 1657
2113 4679
4446 4084
3897 68
2661 3187
2385 2391
1968 4896
4042 859
601 1192
3184 4846
918 288
1386 266
779 960
810 895
4903 3019
4448 1575
3779 2758
4787 4085
786 906
2509 2669
2171 4572
2147 2316
1169 3957
2336 4599
3497 1985
44 1974
2306 4724
1406 4328
887 696
400 1327
4392 711
1564 3882
4913 4406
102 246
4588 228
1181 1047
364 1836
3288 1299
3247 3891
4137 2312
3909 721
2905 583
2478 727
3698 865
342 650
4786 137
30 3727
2934 4623
1954 1394
732 3069
3764 554
3774 2925
3926 3191
2155 1253
1893 2191
1583 4549
2454 3013
2663 4911
177 4781
668 174
2194 623
951 2934
3493 1212
2353 4168
1247 4776
2009 421
158 1728
4944 4607
2349 3617
2118 1123
4082 771
1988 1633
4482 965
4235 1512
3469 1217
1534 4668
977 1025
1297 4969
2671 3068
2136 779
4988 2368
317 3498
3447 1161
3766 1355
128 4980
3311 962
2306 1670
2290 3747
1942 2198
4111 2847
1878 2101
238 2344
4262 3285
2345 3850
4882 671
3541 159
3537 4968
4768 962
3220 4839
2205 2472
930 3069
264 2397
2424 3115
1017 1150
1336 145
3325 4221
129 1823
1041 250
831 1267
2855 609
4644 4445
3888 4466
1655 2473
4695 1630
1156 2550
1087 2594
3155 1320
3319 282
1924 1535
1040 2369
4029 551
935 810
4910 264
4617 932
1072 365
2600 4803
1913 4793
413 1195
1549 3449
1838 156
3034 2112
2206 2008
2058 2513
4034 1041
680 1673
2164 3055
4505 463
2338 2612
2477 4120
1244 2456
2016 3634
1417 3258
2019 2134
3896 4287
3576 884
4791 2067
4348 3833
4698 2915
3607 409
2470 2310
3494 1447
2256 3223
3215 4075
1516 1900
4054 478
3434 1817
4595 3001
10 1530
3826 1642
767 4606
2140 909
4908 2625
4101 86
3375 4486
2102 1844
560 3841
2875 3319
81 413
2297 788
4248 4753
624 4446
863 3565
4137 1282
2123 3173
2870 451
4766 3593
3530 3019
787 1817
2066 95
2236 787
140 778
2613 3999
1459 3007
3787 1729
3111 4831
2885 3515
1589 2
3640 2551
1959 2580
1140 2233
4783 3513
4367 812
4139 3690
4572 1599
4836 3161
2065 1908
1809 1640
2080 3298
805 4841
2232 796
51 2345
2478 4195
1377 2233
387 3159
1624 3870
2644 4550
4269 887
3701 3777
135 3445
1942 4182
4086 1591
4818 4896
3130 3177
4702 2343
1920 619
150 336
2020 734
606 2135
702 4990
3704 3020
2703 3798
4164 1138
1630 3513
377 2829
4075 2916
634 1732
515 3198
1395 3096
3662 3091
1884 1353
435 774
407 1214
1377 3634
370 4296
820 2804
446 993
1356 1107
3067 2274
1813 4990
4097 988
1400 2924
4873 3644
2715 1498
2029 4316
3494 4406
4383 257
834 4064
3059 4291
1140 1077
3780 3306
2127 4539
4525 3375
3657 3841
3797 4806
1592 1325
3679 2287
4896 1118
694 3439
4830 772
4562 2252
1050 2570
655 4449
4896 2026
2519 1606
1822 1137
3640 2811
360 4587
2122 1704
4603 2943
4924 3260
116 510
4115 3971
266 4286
3325 670
3305 4657
2922 4392
1997 2199
3605 4840
791 1238
3440 3488
3779 3449
82 2178
1471 801
212 2523
2439 2338
2855 3434
2834 4829
1029 822
1652 507
891 671
651 3066
1683 2770
1131 1183
62 4929
838 4560
320 4532
1453 747
2036 3391
1773 3639
4865 206
4658 3254
1559 402
2341 3966
2107 4722
778 2701
4571 2308
886 2970
3394 3620
2719 3131
1307 4520
3670 3696
4126 3153
3235 908
279 1772
1541 631
1414 932
1207 1177
2881 3887
1777 2620
149 4509
1512 188
3002 4414
4379 2048
2414 4697
2766 403
3792 3480
1214 1514
4765 2935
12 1663
3962 3235
3587 3907
4733 3852
3673 2888
4554 1600
937 4742
2264 3072
2417 1202
4079 4322
3405 4840
4755 4312
4192 3774
4657 713
2468 1780
3742 4985
4847 615
4936 1047
2195 1276
4764 738
3478 3502
863 1352
2676 1510
4603 1514
636 4538
2766 2911
4769 4160
1542 3082
2956 1156
3711 675
867 1401
3313 1969
4032 3240
933 3039
4693 2232
1852 1964
535 3915
1606 4200
4578 3475
4201 3374
768 1241
2716 3128
61 1227
1826 1631
1324 344
2109 3863
1130 2492
3280 4316
3048 2876
1690 3027
3599 272
3554 232
3695 3794
19 3520
301 503
2465 192
2182 4592
808 4310
3462 4361
4624 3966
389 746
2834 3529
2005 1995
3457 94
4661 2625
3453 3388
3995 3833
1807 846
909 562
3340 1860
4828 799
4437 3338
2087 1980
2984 3261
1972 1486
2813 1482
2011 3102
140 1984
1940 3122
1194 4194
326 3006
3093 2378
3477 1334
3291 3104
1766 3599
1925 1818
3058 629
2390 4126
578 2805
976 898
2650 3213
2075 3116
4522 3789
1334 653
3898 4232
1744 4355
3641 4249
3817 1790
674 965
3157 3386
2503 3517
1659 59
207 4113
1186 3576
3632 652
3730 2405
3374 3369
3146 187
1684 4669
3464 2388
3087 3158
2168 3960
4983 2523
1145 848
4819 188
1832 4826
3052 3997
3816 700
698 1559
1047 391
4623 3447
3291 4397
4658 4179
4710 4846
403 4851
3523 1041
3259 4774
3898 1008
2890 1088
2341 689
3310 3223
1989 3996
2911 1141
1160 1421
3542 2866
4906 4595
4936 3256
1034 2286
607 961
1714 3458
3787 364
2613 2272
1378 2880
2031 4261
3657 2373
2900 1037
4377 4690
3357 4862
2483 475
2217 3661
2164 1295
2250 1881
1475 2459
1922 4566
3678 3919
4380 3537
4746 4952
1465 1815
3658 3420
2931 4195
3589 3244
3946 4302
2018 1161
2920 3874
524 4981
3273 357
3067 1212
428 1852
587 1789
1072 71
2949 3641
989 3407
4681 4037
857 3318
2366 2637
2443 3156
3366 3355
3162 2083
4722 1359
528 1477
4575 3145
3426 4807
2225 3043
1078 1431
1423 179
3807 4163
2152 95
204 4279
2663 2670
1042 2821
282 4787
1353 255
3424 2731
262 2815
4235 4849
3505 2234
2982 701
4676 4927
4159 4120
2180 166
4149 1352
2845 4089
2688 952
1345 4988
776 628
985 3699
911 4918
4420 3305
2972 4363
2674 3817
1253 1029
1374 450
2042 2947
3658 1839
1654 1053
3280 2103
4629 4323
4251 123
721 301
4012 2721
3127 2375
1845 3050
856 4159
3481 2807
2342 4022
2586 386
844 452
562 2124
3112 3197
1476 266
4615 1932
3945 1203
756 2570
985 1542
704 430
2496 2414
4186 1073
3428 4592
2199 3528
4236 4885
3223 1047
4821 73
1368 12
3718 4852
650 1568
3451 2436
85 1460
2742 3373
1291 2668
3489 4043
4444 4022
1292 4377
4389 139
1972 405
4517 799
3868 1958
3115 1785
3659 4110
1166 1914
3398 864
3052 2050
742 3377
4670 37
308 2615
4734 3347
4922 3690
1635 3227
2672 2555
1790 3555
2190 2260
2819 2734
1165 2462
4213 3527
4289 586
1578 1870
3889 2973
2928 3090
793 4590
2944 2676
3749 3928
305 1070
1266 3268
4335 3935
2171 4923
3725 58
3085 5
2891 640
203 3485
2388 4415
2551 1500
308 4929
4783 7
4199 4740
4051 1802
3060 2774
4611 2960
4361 1665
3075 145
556 2987
2085 1165
3455 2280
1577 4396
1171 2517
3324 4914
1702 1622
3376 843
4280 1478
1554 619
4477 1003
2432 4395
470 3466
881 1554
3747 3613
1733 226
2713 2607
4904 3763
4195 4907
3782 851
2303 1261
1275 3232
6 922
1534 1613
1957 1398
2183 614
1597 292
677 3676
4593 4984
2832 1250
1843 4699
2974 1906
4709 4442
53 626
3487 2323
4120 4478
4370 2389
1936 3604
387 1672
3472 2001
3721 2546
2509 2175
2900 3515
330 3689
2738 1053
2724 3390
3249 582
561 1554
3675 2352
767 2575
3279 3917
1951 715
4306 3171
2634 2756
3860 4325
1621 1090
604 1289
4419 189
4236 516
1982 4533
3195 518
2392 3270
2190 1296
4918 1050
2217 3764
423 3127
2247 1228
1745 2254
1113 40
3583 741
3361 44
4558 2758
2084 1076
1956 2718
247 3249
447 155
3900 3037
1693 3652
3851 1854
3757 2911
4512 2337
1950 804
2842 2508
663 221
2290 2410
14 1598
2506 1852
3982 4484
932 2681
3158 2524
3277 749
3366 2404
250 336
3735 2188
2914 2774
1170 4736
3586 1355
1253 4262
1941 2283
84 492
4515 554
469 3523
4017 4023
4504 4633
364 3341
4426 1115
4957 4379
3553 827
1317 338
3827 3174
1240 4529
1278 31
3021 3704
4276 602
3580 819
4862 2244
2941 76
997 1622
3655 4709
1768 952
2785 4534
4416 3503
330 126
2937 4456
4858 3573
2064 363
1836 3737
2789 431
3207 823
293 3064
197 1633
4377 50
1965 3275
603 3042
684 4162
450 2885
1437 1770
1869 658
1214 438
921 1892
4848 1827
893 1274
384 4121
1559 844
1600 1457
368 3744
3900 2680
3450 1277
2746 2800
448 4414
675 3602
1545 4
3344 4676
1539 4797
1954 3512
1031 4215
2572 840
183 1594
836 2276
2364 1682
412 89
1036 2021
896 4765
2975 585
778 1411
2239 4373
758 2096
4239 1663
4108 2673
2639 401
1908 1219
1106 4488
3347 3825
3410 4869
1180 4831
2158 1190
2894 2157
132 4646
1475 4974
3387 1440
1840 85
3476 3480
4189 432
3475 510
1470 1777
1574 493
605 3146
2385 4441
2096 3992
406 1525
2902 959
1052 546
4688 4989
1776 109
1680 1800
503 4834
840 3742
4864 920
4823 30
933 1772
4857 2136
2853 3366
3522 1790
2853 3905
709 775
1076 4605
2887 253
1837 4014
2268 682
2862 4348
2640 855
2645 381
4248 1523
281 670
4777 1670
3296 4048
4907 4473
36 3220
4630 2600
3979 1186
2870 4283
2898 2799
866 3874
4702 3571
4390 1437
4301 2319
2082 408
4196 4266
2539 469
1236 1836
2544 1757
4367 3847
660 4464
383 2874
1239 1695
1885 3729
3094 4311
1110 639
2327 733
2189 476
4908 4472
544 3135
3772 217
2247 4926
867 2262
2590 933
2098 1740
1301 4037
4831 4144
3595 4144
1597 1334
4409 3394
4621 2158
1448 3859
942 3889
4030 4671
1522 2258
771 2401
3232 65
179 187
4473 4762
4220 1117
2715 4286
2233 3236
4087 3901
3667 1852
585 1802
4076 2522
3480 4993
4420 78
1193 555
2663 2210
1100 4687
4276 4995
1946 2848
4089 3718
2357 4925
2783 270
3038 4784
1874 60
2389 4856
3145 1441
1501 2696
2851 1244
3406 2044
2893 1637
1688 3071
3042 997
907 293
1533 546
2342 670
4626 1313
54 1568
217 4000
2399 1308
918 3594
3204 4416
4959 3156
3916 3283
3009 750
491 2843
632 4067
2000 3817
4174 1522
3253 4467
4228 3057
557 1206
1713 4096
3716 2655
122 4686
3368 76
4675 499
4455 678
502 2649
3193 1282
3994 1286
108 2654
2182 1053
1987 4158
739 4716
3504 892
123 2997
3505 675
672 766
1204 883
3205 828
1645 2413
3374 645
2147 3059
2833 2142
2453 3832
157 888
1386 4133
1524 576
3722 4104
4679 3439
3437 4016
3720 4949
826 3555
3056 2338
3428 4354
2143 3877
384 4144
1573 4116
3976 2925
2409 1746
779 1900
849 1488
4660 3011
4289 2045
4017 945
1446 2882
1470 3321
1614 1778
408 2261
4277 845
2302 1823
2519 684
1273 2664
2863 1786
4649 4035
3807 970
636 2678
1179 442
673 4254
3109 1555
336 4910
1421 1070
952 3812
4207 4804
4846 963
274 4695
611 1511
4419 3453
1415 3286
4968 1485
4789 3188
1444 2068
1514 2191
665 129
2956 849
2121 3661
1450 2933
149 99
2380 2829
3121 1861
1768 2603
3070 2767
186 4115
4644 2252
2182 2376
2829 1689
1255 4008
3741 3867
1328 4688
1933 4094
2027 2387
259 3499
1366 718
721 4354
614 2493
796 3904
144 899
2199 4016
4149 718
530 3480
82 3447
4504 2209
704 2501
4867 4429
4085 452
1522 1765
4069 4028
3443 88
1153 2301
4897 800
3323 2462
3982 1204
4540 2482
2864 4566
4694 4256
718 816
2048 1243
4471 2168
4375 1813
4321 3590
4626 3825
1867 1527
603 3876
3544 351
415 414
3130 2595
3093 4433
3270 3062
3058 4040
590 2758
3186 1797
1388 4705
436 4710
2568 4485
3599 68
4789 2757
801 1291
2655 4282
3018 1938
1172 2182
1309 1964
167 3926
2787 566
1834 530
2163 4446
2251 1290
1062 645
2454 195
1956 4744
1845 666
4470 397
1243 666
649 143
73 4598
3122 3815
2038 3994
2827 3621
2456 4149
1028 2671
4121 4078
4676 2874
4935 1931
4954 4182
2410 1532
224 3232
942 4165
4021 1016
3593 1162
908 448
4853 2706
4316 4491
387 582
3803 2184
3015 123
3417 880
746 2694
2145 1330
414 1145
2957 3491
2997 987
1082 3440
687 333
10 474
1307 1628
4424 857
2717 3785
2596 2673
3401 1118
3950 445
2535 2990
2205 741
2013 4889
2037 4341
1682 128
2047 743
1978 4488
2348 3971
3621 4938
4831 2112
2115 2759
2556 817
2467 1002
2757 4265
4698 4369
542 3338
3591 2655
1774 3317
1702 87
813 922
3864 3140
4200 174
3280 1873
3215 2743
4701 1752
1175 1470
4727 3938
1451 3558
2436 4334
3209 3497
2446 2067
4930 2263
382 884
1716 487
2102 485
3527 742
3361 260
3004 3199
465 1897
2292 3568
3439 3820
4916 1622
3472 2972
1652 4050
4560 2024
4959 3496
4264 3204
4400 922
2020 196
4347 4777
214 3213
4938 529
3400 1197
2820 1024
769 1242
334 2869
1564 4830
4798 3592
2170 2010
4965 3836
2189 210
1516 1414
1787 80
3016 1373
3906 2597
908 2458
4524 4464
4968 3633
1105 2258
3231 3582
1131 449
1144 4734
4712 2609
2401 4335
3685 3874
869 1839
1193 1835
4612 759
335 2527
2666 3724
250 791
1813 1233
3814 9
4677 137
1544 4516
1248 846
477 2468
3705 4148
4546 3701
1302 1883
849 1930
3844 3744
1356 906
1139 1006
2999 4950
4055 4560
776 1214
4989 3423
4151 4655
1107 3048
1521 448
4964 695
1021 156
701 1743
1467 2049
2713 3590
3599 4053
2630 823
3172 227
3833 413
1498 4652
2583 4545
4505 4714
4850 1047
4266 3833
711 414
2803 785
3437 4349
2782 3552
1391 973
2292 1377
4657 985
2264 3794
914 3144
1368 3347
2122 1840
2050 606
4734 3768
4239 21
1016 1390
2329 714
932 3682
4078 1095
3468 4595
1322 4656
79 963
3978 1907
4260 38
2514 2033
4541 1171
4749 1884
1656 4193
1069 4380
339 70
4578 797
3448 190
1907 3712
3637 3544
4064 3959
1532 2138
1975 4488
380 3300
9 1846
2689 3546
3697 1974
2472 161
280 3438
4513 3791
4570 3957
1038 4532
4843 1386
1336 4318
1519 4775
2405 4216
1459 3939
2764 4168
622 2582
2932 2627
2102 1591
2584 3257
3461 3394
954 597
2206 2912
4242 737
4452 626
1370 3058
4531 1857
4675 1227
3418 4845
2385 3283
2104 603
3552 2017
3955 2112
205 417
3393 4635
1244 1514
234 452
2471 4586
3226 4993
4816 728
2724 4277
3975 1263
2747 3745
1830 1428
518 2900
1938 2279
954 2795
1871 4411
201 4146
1317 581
166 197
1161 3594
1173 4230
223 4274
3382 2182
2407 3931
1480 917
109 4452
1029 3391
934 2885
249 3484
2520 1555
1723 3221
4161 640
3978 4092
355 472
3073 3786
64 4191
2300 3188
4566 2606
4752 2332
1243 3019
2108 1886
1191 2437
3372 1978
3162 3156
927 854
2336 333
2733 2669
73 2379
1895 1428
1571 2728
2455 213
932 4892
2539 1987
680 2282
3464 31
4267 134
4007 2009
4709 2210
2330 3170
4032 4727
3847 1385
408 4997
2327 405
3030 1877
3431 2135
1146 3087
2976 765
4114 641
954 3018
848 3125
528 1310
1809 1258
4671 4746
3456 4049
1337 465
447 2592
4218 2249
4861 1002
640 4836
4452 4102
1824 226
1560 1333
2470 2259
1872 3551
4538 1757
2158 3939
2560 948
1384 2450
849 2066
3854 3138
3444 937
3216 1485
1497 2878
3601 2701
3449 1754
65 4161
2189 1695
170 4463
585 3460
2691 1020
3727 773
4902 1520
4146 1702
1194 2439
1177 3338
1392 2033
666 2196
3155 2111
2858 4821
3499 508
457 550
2142 1194
164 4786
3500 1852
285 1370
1504 1720
3162 2831
3860 4255
2782 1833
1925 4296
4738 584
4276 3530
2877 3705
1052 4382
4453 3245
4227 1252
595 4614
1879 4969
652 2039
2401 1530
4135 4652
1951 4976
546 2627
4364 103
7 3179
1663 4808
1656 1483
3411 4820
2785 1096
1450 1590
2461 67
4575 909
2613 1202
3525 4520
793 2519
1303 3371
2873 396
83 4332
3994 1707
4460 2639
2840 2433
2912 3453
4597 4167
1168 1687
3416 4772
2455 445
1083 985
1281 324
3771 3761
1198 4922
1499 1089
703 832
582 4566
1413 2099
403 2790
3208 4755
2903 3253
116 1031
4450 4413
96 1775
4276 3687
3911 397
3684 1844
150 1463
4994 3776
2976 4601
1404 471
4157 3260
1276 3880
998 3482
3403 2912
305 14
2173 1661
4140 2155
754 274
2576 2618
3902 1016
2592 1829
2421 4007
3927 3614
27 3944
3386 4684
4505 1539
2053 2444
2541 1368
3277 1966
1833 4210
4033 15
1098 3142
2114 530
4914 3662
4612 545
3410 3196
2014 4825
3315 1922
2095 1471
250 1691
1546 639
675 3048
1096 4263
109 4848
354 3502
969 4671
243 520
2194 290
1656 2565
2493 3461
129 2054
3126 4778
3636 3522
2399 3003
1871 59
1520 4639
4630 3543
2417 4094
2669 4100
2098 711
496 715
3116 399
1736 1317
917 4355
4388 3646
4096 2642
2051 252
3935 4117
2150 1879
110 210
1898 1768
249 4707
1725 4959
3524 635
4481 4750
1970 2146
1627 4359
3864 4870
2664 3345
2954 3113
1314 418
1879 4431
421 3666
266 3845
1424 1284
185 4523
2178 1598
3087 3890
1510 2206
210 4203
1436 4791
1013 4001
4992 4974
2660 29
1047 3784
288 3502
3227 183
2864 484
1119 3154
4055 4820
1079 1421
3308 4382
4023 375
4269 2247
3183 1291
3326 235
1122 4396
479 4983
809 3425
4139 963
3489 2367
4003 4513
2221 3209
1595 3727
790 4851
4629 2238
3571 3209
823 1614
3307 4886
1717 2518
366 2778
3759 2375
3113 2667
2127 1845
2320 2524
951 3050
1022 179
4109 4004
4932 3400
602 4598
1116 4988
2223 1808
1786 2552
4886 2990
3302 324
3393 3241
3320 4302
1472 3896
2358 1766
1566 3797
2236 3578
1814 3790
2979 3080
3937 1182
3875 775
2497 540
1842 2563
2251 1988
2744 4151
1745 4708
4945 4242
1644 1978
3604 4381
723 982
3225 3368
2208 2390
1144 3013
4825 810
3738 4049
831 3850
4471 108
196 1685
2324 2990
4357 4297
4157 2573
22 4100
2050 4089
2371 1477
3761 1937
2001 2083
4613 3000
1185 3702
2492 3777
2915 2228
2347 3860
3861 1264
4131 3080
599 4606
3802 767
2907 4434
3621 1031
3568 1308
1862 659
4001 4080
1696 3680
2268 2450
3633 3555
346 2798
31 853
1702 165
1859 4275
3412 1887
1368 635
1774 4379
2624 2310
497 2553
4459 3132
2164 1593
2583 1984
945 823
3586 1476
1193 4501
4737 2092
4639 4824
2624 2197
1120 1414
3630 86
721 2267
3734 10
3477 1268
1559 3101
1468 1437
2442 4996
4860 1535
4082 2931
2229 4972
4752 972
3203 4190
3520 1181
1702 3929
158 2429
502 1806
3076 308
735 2978
3218 3035
4457 843
927 3740
3980 2386
1052 1834
4038 3858
4583 2359
4680 3721
3577 4818
1768 220
597 942
260 194
3755 484
525 4212
149 3361
4980 1000
1600 2764
1299 882
3027 3246
3102 2050
1140 2602
287 304
1169 2376
2526 4503
4451 3414
641 3285
2925 767
2028 210
3228 4847
95 1788
1211 806
824 1768
4488 4952
2438 2028
1053 4636
1374 3774
3632 1673
4982 4700
4708 1661
4173 3956
1916 2020
837 1530
4095 2457
3181 3064
470 3445
4287 4428
4130 3193
1339 4554
2161 2489
656 3624
460 3351
1922 886
2068 2064
2087 4934
4620 4316
4020 3491
3264 4050
495 974
1812 3088
4583 891
2278 2443
1682 3725
4936 157
2234 3768
1538 553
1925 1498
2405 3129
3763 1120
1345 1778
4366 3081
1004 2224
2280 497
1712 4540
368 3292
3542 4626
1053 1307
3458 1051
1369 3774
1139 2125
986 4029
1206 824
622 801
1222 2898
1791 3723
3251 3616
2095 4844
3665 931
2507 3259
2659 1781
3965 596
528 1967
4931 332
3783 3667
1269 2923
4810 719
2185 4121
3717 3482
3702 1777
3396 3595
1286 1835
622 515
1179 1277
2840 4497
4672 4029
4382 4911
2718 2548
2372 663
1132 756
2975 1381
4550 2701
4977 872
4756 197
3485 1812
2302 348
1877 2125
2762 3225
1953 1094
1283 602
664 3310
921 3629
1533 66
1167 4770
3929 4560
2478 1656
4724 573
3757 54
1331 2239
4951 102
2691 3791
2728 2754
2472 441
2430 3200
1901 4318
575 2975
2193 2760
1426 4832
2789 247
4934 3246
214 377
3317 4383
261 817
1938 3171
1160 3786
223 3393
4200 3730
3215 3699
16 3906
389 2280
4479 4781
1536 892
3155 1823
4410 1650
808 3866
4124 1
4042 3409
3285 2559
4860 1166
3172 3882
263 1242
518 1397
1863 4990
4391 2573
4966 3628
3780 4762
4622 2407
3410 2716
1901 145
38 3791
729 1171
3140 744
2003 3462
2458 3737
4749 984
876 3585
3033 931
4060 1194
1758 3891
1071 4205
1388 843
1851 2359
3673 1612
4805 3954
2378 2826
4741 4471
2586 3437
2061 4816
907 2660
1034 1138
2776 2617
2300 3635
1496 1319
2215 253
4877 118
3110 4825
3746 3562
2969 3676
781 1004
2655 3439
4087 3498
1410 928
4322 4143
4840 3866
3155 4678
1032 436
3000 387
953 1362
133 1405
4412 3183
2168 2424
1586 2624
615 2499
1684 3705
3830 1756
73 4260
2207 2992
2473 2834
3007 4539
1421 1989
2103 3136
659 3256
274 2359
1506 4715
2613 781
341 2152
3656 4479
1018 4501
2184 4572
109 1592
1669 2232
292 927
4304 1152
2605 3417
4425 2323
1656 194
1579 268
709 3062
4764 3391
4961 3801
4413 2220
1374 519
2476 3557
2453 1066
4921 4990
3570 179
258 18
333 588
4099 2139
4816 3102
3676 3307
1796 1485
3758 4908
2291 3613
4626 4860
3997 2654
3280 4913
4905 75
4268 4385
3587 4864
1201 1484
1831 1459
1393 1413
1753 3194
2563 4878
453 856
1576 2271
1067 562
2720 3150
3248 1662
1651 3095
1158 2089
3314 3594
4393 4206
2453 3631
1082 2798
1456 3042
4384 2430
888 284
3428 660
1151 2180
2278 459
2689 2419
4712 4817
1601 2333
2472 127
2261 4518
862 2154
3431 720
1816 2886
3604 1323
3637 235
2044 4990
3127 263
4850 2999
701 4273
1566 4979
719 3699
3950 426
430 3946
3644 2377
3830 3675
2618 3482
4545 2041
1944 1472
1963 3712
2852 965
1993 1298
2506 2993
2117 1138
597 4512
2566 2303
3350 1693
3733 4538
1290 3363
1261 692
3446 1154
1390 3787
4722 664
1891 2863
2158 1034
3037 2126
1730 1099
3081 295
3722 86
2780 1511
4588 792
2266 3471
2477 3410
2957 38
1562 4540
116 1184
3086 4132
1621 2058
4046 3824
2803 3128
2065 4865
3632 1731
301 1521
4617 3601
3244 122
3976 4070
381 393
2772 3480
4596 2610
1586 148
2045 2699
313 2353
2686 1713
3894 4594
4295 703
28 3885
1264 1951
986 4630
4946 4263
3773 1356
3967 1894
2994 2556
1507 1781
4644 525
1522 1204
3073 3006
4540 4067
3438 24
4906 3762
406 1124
1094 1107
2032 2625
2921 2778
3329 3854
611 1969
627 1079
4490 4712
1867 991
881 3467
2223 4967
3524 3071
4908 3286
4360 1500
2175 153
1428 567
357 1832
2275 391
464 1308
177 1986
242 3138
3835 3095
2232 2143
923 2431
2713 3982
4878 4474
2400 1378
1257 658
818 4466
2888 3813
2098 3813
3492 2127
230 2508
1285 660
384 2992
4964 447
1355 3721
2684 4360
4154 2039
359 3854
3258 752
2146 4312
1828 2127
1575 2117
3396 4577
1975 2277
3101 4334
4387 3221
2487 4887
1964 3848
3537 4956
2283 749
2236 3200
754 917
2297 151
2605 1808
4698 1447
4689 2418
1229 4808
7 4623
3733 1573
3871 2125
4470 546
4697 3347
1947 2460
4670 858
633 2112
1979 2032
2553 3313
1429 1804
902 4043
408 886
346 4663
625 1849
2097 336
1580 486
2200 32
4004 1265
738 1640
3678 13
2075 3003
4608 2849
4440 3201
2007 825
2006 2379
159 618
1116 2202
4451 2035
1726 641
4582 4540
352 1675
3313 2714
722 629
1898 2815
2921 4495
355 1866
668 477
1573 3534
3768 4611
1131 1126
1327 2061
2377 4169
149 1531
2888 3391
1681 1267
4690 2322
1456 2484
3325 2009
3238 266
2057 3201
4350 818
1328 4390
2354 2802
4374 112
2669 3068
2418 3156
410 2928
4243 2123
1637 4831
4371 3732
2812 3156
4893 403
2434 3977
3002 2082
724 645
2100 381
4950 627
2252 2009
4312 2158
572 1624
1952 4707
1974 3968
2423 4708
3962 513
1384 956
211 2474
1731 2060
175 3150
4377 1082
870 2695
2865 2795
1191 4508
2927 4411
875 169
3243 4160
3717 3078
338 402
4155 1812
230 2572
3121 264
1742 4720
4249 4295
266 3265
4140 3656
4318 2996
3615 1329
4948 4603
1698 3028
133 1754
2166 2944
1396 4487
599 752
295 577
847 3347
273 2903
3198 791
103 2071
662 3913
398 1049
4813 232
3983 2990
3572 1836
694 3065
4976 3693
1664 3210
3777 4856
1537 1829
115 3176
3252 2684
575 2765
3813 3968
2891 3245
3286 2299
4568 4550
972 4579
2546 672
1260 4243
54 216
2900 3545
3881 579
3765 2348
3183 615
3042 787
2054 1324
3711 4883
2050 331
2306 4052
2744 1367
4482 2911
3774 1168
4560 1171
3008 1536
2734 4531
177 2842
1690 3063
2737 4001
2126 343
4979 2260
4725 1669
2627 4191
4393 3349
2906 1611
525 3884
971 1775
1235 442
2521 3531
2424 1158
4291 3830
3093 2435
4750 4041
4607 1218
3938 4717
601 1222
4654 1453
3590 3086
2704 4006
4359 141
2066 3451
3627 3277
4859 2335
3035 462
1519 725
4964 2311
2288 1768
3868 2417
4875 2854
4222 4768
40 4511
370 392
1708 3322
1558 2693
4648 4999
134 2943
631 3478
2924 3827
965 1513
4955 4291
4247 1576
3688 347
1591 2882
4122 4357
2267 72
2959 3298
4646 1023
2657 3551
3609 1518
167 2552
4046 4342
1210 89
574 1648
4668 1707
3523 2750
4043 4311
3910 4135
1856 1030
685 4135
4746 2958
1371 4636
3775 3698
2712 1469
4340 938
2354 2465
712 255
4 2634
1713 1918
4701 3406
4935 1354
2104 1980
3877 1211
1267 698
803 4831
1148 3806
3388 4440
2904 4182
1632 2697
3780 4158
1532 279
2084 968
3949 1254
3912 748
390 2487
2900 369
454 3620
2447 1990
4488 3779
3703 125
2070 1770
2483 3408
1336 1238
4526 2498
4272 4822
1864 4790
768 1276
2363 1500
4341 3126
4758 3397
244 1092
2024 739
4541 4708
110 2802
3655 2865
1813 361
3752 678
4500 2352
484 982
4581 2768
2951 3582
2023 98
1561 625
4297 960
2066 982
1903 3968
3171 3220
3761 1422
85 2493
4507 2492
2767 2392
3989 4751
922 2499
2964 3899
3769 180
709 3974
1103 3881
4871 1078
4874 4488
2788 4384
162 705
3280 3448
705 4468
3914 2904
1787 3805
3019 4043
2950 1790
352 1046
374 1766
4900 1971
1547 3743
4099 4230
4187 3500
4197 2906
576 3075
4595 3938
3295 2574
3324 1951
1038 2857
1302 4895
1248 109
1178 4404
1067 3230
2194 4339
2102 1453
1119 2350
4247 3603
3740 452
1530 4775
736 1339
3054 3519
4687 2469
240 2622
4893 3231
1555 2400
3337 2547
2661 1466
175 4103
1313 4395
4101 3233
2357 738
2201 1106
65 1464
1913 1029
2678 3815
649 912
4082 4550
1582 3041
4284 4390
411 3286
3574 3083
4815 3843
3432 1772
3033 2956
4859 3596
3439 3054
3918 2629
33 544
78 361
288 1462
2282 3779
3981 1468
2526 260
1212 2650
3206 4728
4843 4130
2632 710
1399 1597
3910 2174
1426 84
4998 894
4324 4195
3027 568
2411 3113
4511 558
1829 1304
3985 112
2639 4356
4786 4368
713 2498
3690 3498
1024 798
2782 4236
1057 4627
3804 2705
2096 2138
236 1743
2331 1386
2921 1518
3363 1083
2873 4078
2924 4906
4167 3320
4736 2937
3293 3403
184 3006
4914 2757
3808 4479
4385 3773
956 3987
1970 682
3686 4679
3109 2261
2971 4684
683 1016
1453 1399
1815 1790
4971 816
3452 247
1299 2463
4870 1469
4041 4377
43 2703
4424 3382
2739 1583
1636 1956
1447 2814
776 1066
958 3003
2161 3291
3872 1389
2597 4779
4699 1892
932 3807
2271 4289
2211 1010
3703 1807
3116 2388
3921 4178
939 1075
2632 1722
3011 233
3096 537
2942 2072
4421 1489
1596 2333
3842 4340
4194 2640
900 2564
4770 4953
3881 3734
1081 2473
4146 120
590 1414
751 28
4449 4839
4839 4676
4344 625
706 2919
1212 227
4720 425
1810 4135
20 4683
2912 1974
2943 1193
2830 1482
1154 2908
2563 3897
749 1783
4743 1648
4669 674
241 4941
4090 1525
1248 4710
1067 4166
2749 4876
2194 1680
1193 3868
99 4229
2252 3514
2288 1800
190 4234
4662 4753
868 3038
3477 2949
29 2360
1755 4012
3387 293
998 483
4774 2789
278 710
1717 3797
3237 3933
711 3360
3197 1846
994 4543
390 2787
13 1178
1994 2865
2120 3559
3470 4677
4502 64
74 759
4607 1478
4337 2400
3782 1894
3159 4436
2368 228
872 2119
4826 409
4758 4944
3883 1773
1203 4210
2756 1607
3193 4916
4981 2023
2056 1019
3642 3589
4207 2827
342 3935
699 1430
4550 1776
1915 3757
1630 4458
4532 2128
880 678
2338 387
910 3024
965 4320
1441 2464
2013 2809
3080 1143
4303 2644
1095 4973
4384 3036
3976 2051
4287 3523
2907 368
1886 1100
1553 3839
4147 2791
4754 1427
1926 3596
411 557
2806 516
90 1093
302 2279
2203 4961
1006 3774
1533 2253
526 4140
3238 4290
66 4100
4457 3771
3491 2248
113 503
4249 4372
3642 3401
3435 1718
1574 3920
1469 408
4734 3803
3955 1982
837 974
112 4009
1958 1420
4351 3350
4407 3813
4347 3998
1404 4845
3651 409
2061 4641
2013 2192
4530 2432
397 1121
213 518
4508 706
4831 890
702 2592
56 4276
2707 3586
2648 4369
4142 4895
4622 3429
888 1595
3819 4954
431 4953
2927 2767
3643 3962
2038 3018
984 2165
889 2037
4820 2960
1934 946
1465 3051
3271 4726
825 2563
3330 4734
1275 2115
4183 1015
4978 3925
3446 4875
4318 4651
4448 2112
688 1460
4580 4142
3570 403
3233 2525
2192 4224
1400 983
3743 1191
2218 2731
3719 443
4486 4360
1194 1319
3610 2854
674 1402
1671 2989
3884 1010
1780 3119
181 1854
217 2171
4001 1883
799 1881
4643 1535
3785 3195
2427 3265
710 2876
6 262
837 2653
2597 1488
1579 1925
2496 2666
3683 975
1378 3554
165 3489
4 1836
3720 3007
1873 4487
2384 2104
666 2084
4178 1549
3925 1556
696 3948
3651 3353
79 4577
1193 4144
2222 926
4313 3318
1708 2409
2316 2281
334 1325
538 4717
31 2154
325 1432
539 3227
1201 3955
1322 3745
1747 2576
1202 4172
4185 2736
4321 2091
3525 3156
2378 4640
525 4098
560 2590
4830 998
1172 3113
905 2877
3020 2382
2925 4878
2938 2060
3060 3311
2262 1804
265 4565
4248 4986
884 3688
4526 4375
1725 2417
1759 3443
4823 4205
3220 2976
2125 4198
2234 4810
1759 4138
3632 1409
4345 3078
2959 2592
1577 463
2140 2607
1964 2969
4817 3025
934 3645
575 3944
2309 1729
2311 1542
3562 3513
3194 1867
4712 2578
480 3494
3508 2919
1104 2485
3543 2783
53 599
2796 3325
2226 2731
4729 1942
2859 2316
1105 16
4023 3827
4423 1416
4865 4088
4694 4021
810 2022
1023 227
1496 37
4302 3029
2946 3662
3664 264
2614 3274
2917 639
4437 1227
2175 230
3619 1459
1856 2903
3790 2998
3203 3524
2643 1353
3564 3345
3202 1813
2166 1960
2932 1548
4034 683
4645 3458
4275 1682
2488 1389
1562 2636
4003 37
3600 3153
3003 213
3605 2620
2656 1510
4494 324
2533 1235
4403 4627
1107 2628
2137 2171
2134 538
1545 2261
1226 796
3245 428
4127 3247
101 17
3566 3934
4171 3905
652 4309
3483 731
1850 922
1260 2289
3541 4823
4132 1961
3813 1737
1482 4860
3790 46
2906 4574
222 299
1162 3899
902 2094
2017 4832
2224 4150
3725 4281
1536 13
1837 3864
4117 1424
4287 3625
3054 2754
2066 31
746 2627
218 1335
4647 1362
3941 1854
3873 4079
2102 1547
1997 1366
4687 4861
4243 3429
521 1550
2062 2009
2560 3452
213 976
2940 1576
403 2286
1911 3238
195 2610
346 408
2515 2084
1572 2515
184 3664
3394 4922
4944 3711
1862 822
3740 2627
4098 38
621 4949
2472 4200
3602 4711
3878 2241
2535 3452
4701 4535
4892 4074
845 2868
209 2811
4595 320
1083 796
2765 4634
1475 3445
3371 1943
4799 1369
2316 2823
3998 2666
953 4552
1928 725
4743 4799
208 3969
2337 4609
47 3302
2192 3437
2366 2343
2832 754
1592 2326
510 2190
3765 945
4408 4895
638 1062
4151 1142
644 1133
2942 4458
1626 2289
3179 2704
2533 1239
702 4123
4572 3814
3932 4844
323 4468
2675 3104
975 2083
4619 389
3633 2936
2834 1180
2408 455
4391 73
1664 2540
87 941
1504 4449
69 2478
4407 3399
3678 4775
2053 602
4414 2313
1183 1973
1180 1633
4465 3188
4207 3882
3064 3367
2807 3720
4077 3523
1744 3626
3030 4888
4322 2755
2326 3486
3596 154
3106 4385
1170 1886
974 2640
3089 419
70 3302
4788 4414
3152 2904
1961 1385
3225 755
549 3015
2470 1546
517 869
4029 3907
2863 716
3602 3936
1727 1807
1950 3312
2912 2972
4605 540
4223 652
3540 1747
2498 220
4839 4032
4094 2172
1650 466
4874 326
2676 4023
1537 2267
68 797
33 2623
2674 1189
4321 1087
4256 709
138 4558
2385 4649
232 204
3159 3879
301 394
3556 2213
3601 1046
1071 2182
3945 97
1601 3079
3700 3782
460 3154
3931 3527
3344 1095
3549 2243
14 2364
3984 2880
3955 1377
1018 4524
2068 1075
3070 2016
927 4724
2350 2079
131 2416
1497 3904
3532 1555
3406 4082
2614 3223
2109 940
633 3143
2016 4532
2420 1687
1643 4543
1578 2030
3829 4860
3953 1979
3993 2667
1401 994
2091 4077
4788 2870
4830 235
1103 3040
2457 1199
71 546
2140 260
833 1035
4249 697
1699 1783
4210 4997
3309 2343
2873 4256
1655 383
2267 4187
1707 2381
82 4205
2709 1259
3217 1320
3009 498
990 823
3935 3154
2517 869
1772 4941
4806 3799
4110 1280
4530 1218
2519 834
93 3134
163 1117
1645 2886
4558 4964
1331 4455
1717 2961
1064 1558
4201 3059
327 3040
2366 1131
2050 2258
673 2516
1328 2649
1223 3191
1854 453
3609 2456
2425 4005
3477 4889
571 1950
1489 3742
4555 2781
4590 1861
1784 141
2889 51
4115 1705
1055 1126
2838 440
2933 940
4183 1526
2914 3414
525 3683
529 3090
400 1923
3484 1869
977 1132
378 1101
1849 452
3897 937
3485 3229
4009 1126
1600 813
433 3044
35 2074
3739 4186
1953 2831
4371 3806
2973 1562
3027 2578
841 1991
2369 2397
2791 4131
1413 2171
64 3354
3318 589
4434 4359
304 898
2683 2911
4266 4611
4664 2212
1833 1622
4120 3640
2939 4440
1508 602
2450 3476
1119 3766
4858 638
4686 1614
4251 2821
2642 1287
186 2816
1433 3934
2882 4836
4002 3466
4016 3246
2310 3946
4360 503
1648 73
2085 2017
769 4620
106 1253
4101 2537
248 69
1731 1436
2667 175
1166 1832
3132 921
4921 2834
3276 4014
1942 1729
2335 1710
4301 4928
3863 3796
2595 1637
4005 4923
1100 4760
15 1287
1926 1149
179 4154
1081 3315
3340 4837
830 1971
2647 2074
4950 960
1508 237
523 198
874 4031
2455 2727
3698 2939
3784 3730
4133 1017
1001 3276
4991 3296
1825 1243
464 2501
395 396
2845 339
3777 2129
4823 2640
1598 1121
3749 3323
779 1134
288 365
1844 4608
3375 1979
2544 354
2369 3397
442 2737
804 1009
3318 4958
418 2813
2891 4013
4596 1417
4066 1796
508 687
1201 1828
3689 1893
4522 3557
3555 490
3024 3727
175 2568
77 2858
1265 4111
1555 3630
1910 4485
1244 4475
2808 2498
2488 4246
3158 4988
3150 4075
3094 2661
789 119
3350 2717
3671 4535
4626 2516
420 3333
2027 767
1171 1343
2255 2575
2120 602
4583 885
2615 2818
2971 4525
2582 3510
554 1465
3913 1290
1138 2278
3166 2264
4659 1865
1248 1838
389 352
1376 3596
3415 4233
1933 884
3644 1941
1107 2248
1193 217
1318 3276
1135 4165
2978 3632
1990 1522
4359 3808
3153 811
2944 2116
876 1028
3532 614
2750 4344
4674 821
2815 3522
168 3139
311 4327
1290 4467
3084 3972
3851 2459
657 4133
1605 2872
417 1000
3568 3303
3803 1222
3300 3122
2190 1886
870 1585
1401 3523
4395 630
2362 2479
515 298
651 3139
4468 1356
1484 3988
1490 2251
763 3328
1096 3947
2174 2472
1553 4006
3842 4589
2741 3503
4169 2990
1263 848
1672 3663
2794 3751
485 513
2892 1531
4044 1703
3908 1984
3225 643
2730 221
1965 2318
4727 2216
3671 372
1757 4777
3983 1265
4365 4875
4132 527
526 2768
544 4345
1926 1865
1840 2694
2981 1203
4747 481
2116 1331
4220 1136
924 1787
3306 1418
2443 1048
4540 3867
4245 4054
1201 3949
3400 3323
1596 189
2649 802
3633 482
2028 604
707 2561
937 4082
2611 1993
1679 3514
3694 4290
4584 146
3867 2560
704 2768
3989 1523
2889 4387
4386 2956
4351 586
1509 2702
1196 1904
362 4351
1180 4320
2174 4099
4962 858
3887 81
2146 1256
159 4338
1025 4071
1300 2688
662 2318
4179 1800
3161 3293
3469 503
4659 2313
861 359
1597 2923
4410 2126
2678 1700
1437 2350
4174 2878
1260 3158
1184 934
4117 2482
444 853
3551 1937
713 496
634 962
1506 1543
2021 3494
2816 3821
422 3575
4051 3224
624 2730
396 1846
4256 406
3911 1717
1614 4238
1331 2366
299 1664
2514 3681
1692 244
3611 4546
362 3113
4482 1772
3580 3681
1033 3451
3053 367
4738 621
154 2466
375 4295
1352 123
12 3867
3393 1675
4261 3163
3010 3410
829 4406
4847 459
725 505
2425 14
4527 4121
167 1154
2909 3159
4953 3081
680 3529
3435 114
610 2151
2534 1880
3367 2593
3749 4320
1355 3578
3045 1861
4334 2182
4560 2314
4487 665
358 2140
4977 1878
4805 4704
447 219
2533 1393
990 3625
2249 941
2611 3257
3165 4100
1617 4441
2815 4004
2833 319
4640 195
228 1912
3688 3054
1360 2617
1945 1337
1504 298
257 2228
2816 2906
1033 4210
4181 594
1293 4718
1785 1214
2110 1604
513 2405
4614 1194
1990 4455
2011 916
63 4672
4550 1690
4254 4801
3780 4068
910 3052
2524 3819
3910 4812
4766 599
3338 3952
4967 2289
962 4091
134 2966
2765 1862
193 2919
4073 3897
3728 658
4704 1148
1477 2869
3353 2762
4214 3102
3330 980
671 3746
2179 3869
2283 6
3113 4124
2189 1917
4187 2975
908 1879
474 922
3107 3238
966 3093
1689 1111
2677 879
2203 1723
645 1572
4338 1632
2002 2879
3407 1365
3039 3386
1990 3497
800 2196
4130 2284
3125 4253
1807 4872
2801 1733
3852 4592
2716 1362
2041 1782
4145 749
1088 4127
4872 3438
3863 307
1019 1199
4529 3882
900 3581
470 565
4009 3623
2325 3323
2630 4694
2277 549
4070 3913
538 3788
2858 845
2586 10
434 3955
659 3604
4747 3031
1562 1989
4697 1372
830 706
1809 25
1707 4292
3260 827
1721 449
4512 2079
155 2181
934 4097
4442 895
3272 1034
3146 3566
1147 4586
835 1917
3227 3979
3210 2289
1632 1286
4021 4672
645 1214
2837 3949
1723 4599
4761 508
1968 4592
4246 2576
1447 3321
4687 4154
2333 4522
901 1519
4049 293
2396 2993
237 2850
758 4291
1982 3514
1635 4686
2275 1620
259 3282
4516 2744
2128 716
993 2019
3715 4394
462 3502
2281 4832
3686 1006
1710 4836
4815 319
3909 3595
1983 4337
3639 264
632 902
3470 4902
2235 2985
3770 343
3730 676
4758 3482
1311 3722
368 723
4547 1719
3063 3583
2791 2768
2593 4679
2966 1468
2580 781
1529 2846
743 1272
1639 2897
228 3090
1153 3908
4820 1687
3013 2110
1904 4980
974 873
2514 4549
2497 577
189 4943
3881 1256
3644 466
2431 3115
2424 574
3768 977
1020 3321
4017 1741
1634 1773
4152 2165
2320 3226
1428 574
1112 4947
2103 2620
4538 174
3970 1665
2095 3089
2588 5
4355 2650
2279 4106
2849 985
2280 86
4535 4861
1004 1879
1344 944
564 1642
4698 3123
4505 4401
1930 3835
4844 1381
1067 179
1711 501
3286 4962
2043 4562
1513 3956
2893 4090
2662 1902
245 2282
385 2359
4422 3117
727 3338
754 1119
3809 734
2860 1583
2066 976
4693 3866
4718 3227
3576 822
3760 2889
510 2001
2135 4472
1689 333
1515 1150
2370 3102
4935 2244
3779 120
776 2270
3083 3708
3416 1396
2373 3204
2961 1402
1367 1171
3153 165
2237 659
3900 4754
3889 1772
2830 54
805 4724
4212 2767
2827 315
2226 4792
2026 3073
3463 626
1034 4006
2763 3877
2768 3728
2085 489
2854 2888
3226 2736
1489 3240
2817 1227
1480 4561
2580 3423
4004 3873
692 3963
216 3668
3549 1529
2797 4675
3047 3944
3713 194
2756 4424
66 3352
3615 535
2604 2456
3902 4118
1827 4008
3480 2441
1704 1130
2401 2660
3151 3812
3645 2021
3385 3934
2220 4822
498 4920
4166 763
1383 2025
1077 4516
4038 2485
420 971
2250 916
1168 98
4900 1555
511 4980
1740 339
3170 2871
2678 236
4596 1858
2800 4218
534 2119
4305 2744
468 4559
1840 4751
750 4822
4072 4847
3574 4538
1596 3489
1463 3139
3029 4005
720 2283
11 202
1231 1523
4244 4096
4652 3608
383 3523
3850 4621
1025 86
4742 562
1217 1092
919 4127
1646 819
3882 2882
1621 2809
225 4010
1725 4391
2985 3601
271 4368
3985 1426
1153 3793
452 3848
721 4984
2443 2163
3166 1776
1389 666
677 1548
50 1164
2279 3283
4229 1980
1191 1293
3890 530
990 3961
3400 4296
4542 3885
1684 50
3708 1168
3995 2162
4380 4289
4185 3461
4992 4098
3980 4830
3192 2585
2384 4688
3581 2638
4270 864
1414 4591
689 4732
4046 4430
114 3076
1494 3306
4009 206
4887 2627
1328 579
4139 2260
1483 3
1037 4671
2081 3985
2229 1713
3058 2655
3765 549
2545 541
4622 3033
2496 1068
1938 42
4168 3158
2456 325
866 3191
643 2447
233 948
2620 2038
2834 4043
3258 141
891 269
761 2991
519 3759
2964 363
3591 3746
3622 4305
4985 4581
1290 3718
3452 2633
4490 2968
3716 330
4163 3579
4309 4968
1103 3510
1657 3794
3795 2702
486 799
579 4067
411 3530
2203 265
2687 1703
3957 2741
3209 4529
239 1333
2146 332
1973 4393
3347 4556
2890 3788
4983 4808
1331 4162
1661 4899
21 4171
1862 4832
1103 1416
2641 2986
4745 4399
4866 1067
441 2569
384 2221
4039 1486
2732 3949
295 1048
2394 4232
2671 1991
4426 3003
1086 2794
3860 1656
2405 3229
3111 4855
799 2565
88 4677
1579 2539
4933 2196
4505 1513
4064 3198
2995 4354
167 3013
588 1692
4369 144
3182 3473
424 532
3283 747
4573 2327
1133 3855
2382 1581
3972 1421
4593 188
3231 3473
675 4501
3642 2352
1761 3373
560 4424
601 2426
3905 2455
2094 970
173 192
30 4372
453 1039
4905 2864
1047 478
236 1902
3540 1476
4043 2440
542 4816
4783 2122
3296 3337
1347 3244
4549 39
339 335
7 3098
1406 1560
1864 1652
2793 1815
1893 4296
1259 4511
2601 1348
1293 2528
1309 2230
1216 2081
225 3869
2695 1280
3604 2954
2206 1027
2996 3017
2316 3813
3902 4644
3560 4882
1226 2705
2437 312
4613 3150
3705 885
4794 988
3274 1661
1694 1144
4459 4348
2269 862
235 3525
247 868
62 2878
3993 3099
168 1009
1257 211
3889 3475
2682 1894
664 1776
3396 3812
3104 1018
1376 3366
233 3921
2566 1687
3385 1833
635 699
3588 2609
92 2408
3841 854
3988 2301
1980 2394
4282 4618
3251 1713
574 2001
3332 839
4457 4859
1226 4442
894 3330
3399 1166
3531 1020
2976 3417
4053 1173
1332 3874
2026 227
2659 1864
552 1801
3563 1706
1631 3174
2943 1510
2790 4852
2166 490
928 3227
27 3354
2270 2498
3802 3482
1748 11
370 310
4716 1561
1304 4706
2920 3854
620 1592
1051 373
2952 3024
4943 195
3925 3444
925 1745
2384 3295
1133 2215
1355 3591
36 3037
2044 816
4868 4818
687 2993
2459 379
209 1815
1326 4788
4173 1194
613 4868
