242
29
138
458
289
14
32
384
305
202
26
104
281
163
204
44
264
435
174
137
184
230
55
199
468
125
47
134
267
43
273
626
106
58
218
365
17
435
633
61
671
60
368
570
372
297
389
297
416
133
84
151
75
220
291
320
442
139
438
160
77
327
24
282
101
343
358
190
355
48
445
664
125
342
389
26
483
318
468
253
232
72
625
403
93
117
350
17
400
212
118
125
102
74
166
231
390
34
133
429
436
212
6
290
141
484
238
315
383
348
299
231
419
36
82
690
93
179
308
545
143
240
378
125
195
202
225
236
163
85
168
568
348
107
235
225
148
432
392
194
229
177
74
125
210
433
16
4
263
270
34
5
150
137
228
244
518
14
121
124
444
150
19
411
72
143
563
171
569
259
254
10
27
214
216
170
320
84
339
275
244
262
190
446
221
134
280
294
58
22
63
167
304
26
237
190
95
8
200
294
61
472
87
65
67
411
106
69
44
476
537
492
132
301
114
476
69
243
122
331
190
34
357
482
239
342
43
439
183
178
643
75
159
484
264
240
10
206
484
357
25
515
232
71
139
234
57
264
272
243
179
358
316
408
308
300
180
61
342
118
90
578
286
93
189
10
127
208
54
219
291
147
193
219
282
400
439
499
424
386
141
216
192
287
246
245
204
45
569
267
304
168
353
321
135
115
463
473
479
275
177
374
16
68
421
431
353
406
322
606
604
201
307
572
174
295
415
73
255
427
70
67
126
373
322
79
117
200
237
219
49
461
138
274
516
496
22
86
43
253
226
133
340
474
266
165
216
229
110
47
297
193
368
276
86
478
218
6
103
115
549
396
16
237
138
140
31
171
118
36
168
169
19
166
58
234
201
422
9
64
170
76
220
39
53
489
182
14
407
33
330
414
147
193
160
272
276
365
15
229
37
449
54
288
214
147
121
145
258
58
218
577
423
283
160
122
59
525
300
162
71
211
102
65
325
470
141
224
178
261
61
191
356
82
283
261
294
3
35
150
660
467
83
213
469
80
474
135
293
75
277
405
53
229
227
495
0
108
116
499
36
44
621
410
35
232
146
389
302
123
461
425
314
117
50
350
61
628
249
23
463
187
430
348
306
640
409
7
154
22
569
337
69
374
9
419
159
101
17
445
118
89
25
77
243
234
194
239
298
6
169
131
184
392
324
55
47
359
446
416
270
178
112
118
245
346
248
431
244
233
398
21
466
267
114
560
348
247
543
105
373
65
70
399
211
117
308
341
345
99
322
109
72
585
38
593
682
461
444
82
478
201
74
85
381
492
471
72
124
532
266
363
70
359
177
100
474
69
311
171
366
52
6
13
453
195
205
223
252
90
336
240
615
49
164
71
81
14
18
329
348
548
605
180
65
318
99
71
520
240
51
255
209
143
341
518
410
12
41
187
130
187
155
267
267
42
362
183
282
363
144
416
279
16
517
465
111
143
70
319
250
59
541
286
29
137
32
73
167
129
63
384
331
84
263
6
4
97
487
12
237
273
267
47
102
189
253
545
674
3
11
144
240
179
4
11
567
162
107
122
76
305
367
269
106
524
20
161
300
240
709
598
296
337
45
488
94
601
78
553
140
165
124
255
320
664
54
150
318
46
302
231
445
432
385
334
190
534
672
71
513
66
392
9
223
4
175
123
59
445
518
7
127
64
386
137
37
585
91
20
4
74
367
171
147
325
262
269
507
276
291
296
217
33
506
521
590
243
343
113
108
449
169
435
554
363
436
159
149
94
319
476
80
135
39
165
254
46
401
542
51
238
541
506
334
23
181
412
430
71
107
48
53
364
163
118
61
230
451
476
187
229
492
438
531
591
275
422
389
251
187
346
95
387
191
128
557
239
44
435
34
167
388
247
400
579
547
59
255
307
164
9
213
148
308
83
146
170
14
290
184
148
502
682
44
40
464
224
267
255
520
546
86
480
63
144
214
159
276
183
528
559
169
216
202
36
314
506
349
23
35
382
457
118
347
330
187
504
270
251
151
274
12
216
385
184
300
373
577
393
683
437
373
155
13
5
275
305
243
51
329
61
541
199
38
15
159
471
206
34
8
169
301
148
400
535
237
332
193
536
64
70
585
600
531
259
341
346
52
7
72
392
181
154
310
644
282
76
456
122
163
155
53
483
155
412
25
252
699
435
43
428
19
34
274
420
95
42
196
224
359
209
220
247
151
29
317
468
135
244
22
41
465
62
288
332
504
194
275
61
131
42
119
74
320
7
155
304
22
345
90
44
450
447
354
256
147
195
463
238
153
194
75
297
551
449
89
442
132
409
115
207
568
404
181
366
493
248
63
596
272
465
185
427
479
417
21
61
104
647
179
353
204
83
57
343
619
442
508
210
92
17
229
138
232
492
632
267
27
104
9
28
209
137
89
95
15
188
115
20
209
184
30
71
113
135
57
340
294
54
287
104
207
165
341
325
435
192
117
272
238
247
330
74
129
111
5
56
547
117
379
131
5
314
152
20
150
99
238
189
55
145
19
164
62
87
580
544
221
27
61
418
322
610
66
19
390
364
13
4
575
146
435
139
281
22
331
147
311
190
18
146
286
232
306
341
35
32
128
143
229
205
97
53
167
122
306
349
182
437
526
364
546
123
86
321
647
104
422
54
-1
442
483
313
200
44
18
34
9
104
122
539
367
173
106
7
54
58
202
320
118
643
64
157
22
442
191
347
308
-1
209
19
38
249
584
643
224
1
510
327
322
223
464
309
482
429
222
437
245
52
439
256
238
430
118
352
259
10
58
22
147
427
194
402
57
88
449
76
105
316
389
106
127
35
255
92
188
289
120
179
536
444
116
98
169
388
212
350
356
254
226
335
332
74
55
74
104
456
61
372
229
60
159
48
43
123
341
71
216
261
22
69
72
240
79
60
646
363
215
128
426
221
399
351
6
38
125
206
320
319
287
339
506
130
129
88
553
94
336
35
375
129
218
65
166
491
236
325
528
105
426
76
57
89
557
357
200
291
88
507
366
50
582
135
479
338
199
180
347
105
156
49
8
171
178
17
23
180
70
315
226
211
112
222
5
88
371
590
514
262
42
334
406
109
437
146
307
160
315
378
225
143
395
2
83
56
12
555
60
84
345
309
130
388
236
326
601
89
47
229
77
26
642
229
555
155
144
185
285
412
43
284
328
85
459
121
436
98
533
327
139
250
648
698
597
31
498
38
41
413
272
111
468
30
375
251
357
57
672
524
98
340
607
379
88
6
365
285
262
486
156
244
447
71
105
184
46
39
368
440
16
433
158
62
419
482
154
95
206
248
475
377
417
56
165
81
329
279
231
266
543
70
381
159
216
103
78
345
591
49
207
316
226
34
171
16
7
264
566
322
471
373
402
154
201
736
298
457
158
359
386
695
563
58
157
16
75
529
307
187
645
307
438
507
363
500
141
424
203
411
490
512
401
363
296
148
213
447
18
448
529
406
151
55
250
230
105
71
71
41
50
376
98
270
339
163
74
221
456
306
570
732
400
6
264
243
72
342
422
146
46
14
88
14
574
357
641
602
48
626
108
346
58
43
350
262
320
15
608
98
176
162
169
307
142
424
422
649
439
77
508
285
143
60
4
177
6
111
359
22
410
470
94
439
96
9
19
164
159
322
579
18
124
511
221
139
503
218
63
240
304
28
287
404
290
316
390
84
582
605
359
431
545
16
15
197
29
308
712
91
464
174
33
44
43
331
220
642
242
99
86
439
178
330
113
78
370
35
263
7
351
231
332
59
272
162
179
435
406
134
202
544
28
335
54
267
285
281
92
130
408
393
224
74
302
118
547
42
131
198
414
49
14
452
188
123
392
51
416
128
327
559
367
231
75
167
174
113
341
61
233
98
24
516
702
704
12
75
236
333
51
2
267
163
568
373
703
553
275
98
154
82
114
121
321
253
87
132
433
110
194
63
90
5
178
97
406
115
74
615
191
156
145
129
419
11
8
514
110
128
400
60
431
245
711
104
44
15
123
29
12
136
149
109
2
216
23
355
389
661
35
49
175
14
260
299
486
260
135
242
404
335
58
379
261
37
148
309
225
310
150
150
475
154
550
277
75
106
175
35
241
479
96
153
304
121
268
496
418
538
347
212
399
308
630
517
107
377
437
282
294
387
234
155
94
61
98
304
471
278
435
232
325
403
262
293
599
273
64
265
429
33
35
38
502
107
245
331
188
49
274
490
122
305
176
386
231
7
139
523
214
135
522
411
237
350
124
356
72
142
305
386
379
234
410
203
290
161
104
23
310
241
459
275
212
116
108
52
461
262
433
692
20
177
3
94
5
399
177
391
164
510
406
481
28
392
416
37
306
229
292
301
166
354
65
43
195
101
188
700
111
259
49
90
121
330
277
569
217
74
198
98
97
99
3
219
121
126
21
106
191
129
106
225
59
253
516
339
500
372
460
324
549
543
145
465
135
257
44
354
303
123
55
494
14
211
6
386
13
431
241
68
56
148
10
15
21
435
81
33
6
327
631
153
54
142
103
59
289
377
209
124
160
315
171
564
133
52
362
2
66
292
401
412
303
162
580
115
20
285
293
9
478
457
241
561
200
202
11
481
74
9
59
375
473
483
237
95
344
124
117
273
111
178
215
215
18
114
142
13
39
7
77
72
46
185
367
387
444
550
307
24
51
561
292
252
81
383
184
122
146
68
77
97
319
84
395
182
410
558
375
224
301
306
70
195
274
231
461
288
164
243
206
67
100
418
503
68
557
250
543
397
52
123
6
608
542
22
456
4
317
188
223
295
350
7
102
199
409
203
285
280
37
55
426
231
378
322
15
60
370
149
103
21
591
355
424
527
170
271
38
443
369
60
340
486
74
529
228
47
119
436
8
136
201
92
355
244
84
606
204
87
112
65
412
3
260
170
222
427
382
250
237
17
366
213
155
54
524
515
117
168
379
224
162
252
199
66
285
234
121
132
188
69
247
85
135
180
302
133
14
209
192
409
248
238
496
285
163
75
441
35
384
618
392
89
536
606
110
7
440
94
224
20
169
638
477
167
186
39
137
86
409
19
130
545
422
287
267
375
131
548
100
369
293
19
443
595
141
671
144
144
42
387
140
425
353
9
32
676
117
132
273
311
363
50
281
365
266
69
275
79
562
61
250
12
115
34
12
397
6
53
335
35
29
485
217
544
480
189
3
630
344
363
155
191
120
293
155
22
499
577
53
66
326
137
56
377
246
24
257
221
87
49
175
195
184
189
97
221
199
167
21
493
542
52
577
202
229
534
451
57
210
225
195
191
355
475
371
290
419
50
486
426
445
62
50
389
51
232
240
2
435
313
466
402
138
82
87
241
498
174
528
351
409
51
107
93
272
475
654
562
486
209
380
212
455
196
147
60
138
413
47
40
34
131
491
97
395
356
89
46
377
24
319
99
399
48
159
597
50
461
494
204
363
413
139
272
415
507
4
171
175
210
290
184
107
101
126
45
190
218
351
103
24
212
2
542
317
180
160
282
375
190
90
328
274
461
54
49
458
228
588
186
272
237
481
405
77
207
492
131
3
194
77
50
401
92
165
21
80
218
340
696
89
287
504
3
419
433
417
-1
388
87
65
374
110
360
3
351
207
164
393
281
122
696
238
230
20
26
114
300
33
15
438
313
318
23
143
504
44
127
19
491
129
203
306
341
518
375
183
117
208
109
45
273
471
217
45
654
87
78
488
111
312
283
23
82
79
551
1
165
66
247
129
77
93
365
146
305
478
77
321
572
508
430
15
131
449
39
257
265
76
307
93
79
119
93
320
242
258
138
258
11
97
365
259
202
147
34
7
133
186
554
188
308
358
556
283
323
121
401
95
420
272
295
293
460
58
154
26
52
152
378
289
466
492
625
564
59
421
494
75
212
39
549
65
673
306
87
151
389
20
295
60
302
71
283
176
20
67
413
118
6
406
116
163
15
151
108
63
95
620
138
162
13
11
190
456
70
270
140
590
191
11
143
167
245
93
425
381
66
86
290
239
197
99
102
2
751
91
303
432
392
340
83
167
246
647
387
553
48
53
89
627
191
7
511
34
446
284
373
39
176
463
213
221
420
655
229
46
79
314
118
191
15
373
168
17
498
640
240
378
310
191
231
679
353
173
248
332
150
318
487
39
130
379
470
406
115
6
357
161
22
282
109
494
206
396
5
45
579
460
669
155
41
70
528
201
89
239
94
130
166
79
12
163
123
422
28
195
148
40
258
14
414
115
307
233
323
125
294
99
95
324
587
320
41
293
71
102
212
226
120
422
520
104
2
414
104
276
130
379
73
188
456
158
253
260
208
421
269
261
303
398
154
215
103
290
53
268
120
191
483
191
15
156
299
78
185
367
142
276
639
185
248
446
61
320
18
361
353
195
321
508
141
162
122
178
600
131
148
216
184
82
369
64
180
76
330
307
23
99
303
9
603
596
365
25
481
320
50
154
625
385
126
226
56
27
263
76
405
145
342
28
655
531
19
609
256
61
657
178
275
599
274
340
12
471
104
105
101
327
6
120
96
229
486
48
489
600
284
529
39
437
328
58
658
618
223
80
420
110
175
89
464
504
6
265
444
607
294
351
563
41
427
184
192
30
66
17
205
198
3
45
80
152
174
328
555
601
360
3
108
474
249
16
575
320
488
462
402
147
524
216
385
117
43
548
97
28
25
428
244
172
141
51
20
81
319
75
252
338
452
236
473
375
9
340
241
169
277
23
126
327
20
32
225
200
17
49
16
104
263
335
179
232
27
312
469
649
142
58
205
218
374
140
78
230
371
614
205
253
30
141
308
46
59
304
89
458
3
27
92
446
486
112
120
596
450
234
534
683
208
20
578
293
175
737
51
178
8
292
279
390
347
159
763
276
26
61
223
116
386
247
25
49
30
36
337
60
11
62
120
193
188
100
327
117
141
77
468
79
193
242
304
356
152
105
427
111
149
188
624
485
648
268
146
303
135
52
170
357
-1
101
208
58
3
130
212
133
240
251
467
243
548
346
358
466
87
474
183
522
130
211
133
69
184
300
9
302
314
66
4
174
299
372
296
529
461
4
-1
343
317
185
467
72
229
437
36
77
507
626
61
235
17
181
359
30
374
102
282
177
613
220
137
354
163
140
415
54
120
104
97
262
737
258
155
239
20
227
606
21
39
149
393
318
17
263
237
231
464
349
75
72
65
382
20
100
542
213
401
326
198
192
206
110
119
237
57
589
20
23
76
96
396
140
195
250
136
428
17
392
234
361
301
465
282
483
430
135
3
214
403
26
567
11
204
270
186
274
94
139
176
525
177
191
399
342
210
446
404
242
47
34
88
342
176
472
57
368
486
41
518
428
134
265
303
558
228
64
338
35
304
482
43
148
34
604
433
225
154
170
93
174
460
285
450
17
76
381
96
212
289
419
342
181
26
137
117
324
441
158
610
715
295
62
27
621
334
58
76
146
516
462
75
18
447
227
339
332
212
64
28
47
321
118
493
107
143
9
553
384
226
58
214
296
47
592
410
124
468
21
427
309
88
13
134
32
306
89
526
340
422
606
120
427
325
574
352
602
142
386
525
225
715
286
406
227
72
187
54
537
126
29
14
220
371
56
82
87
321
201
44
311
157
385
211
399
70
296
119
18
150
89
52
378
316
383
20
187
445
96
229
100
8
244
253
522
156
67
144
566
470
364
107
82
93
364
55
122
238
94
15
249
236
12
25
124
14
92
616
590
132
16
123
63
340
197
64
557
347
304
225
426
152
62
662
5
215
239
13
165
122
329
441
221
371
23
166
580
624
29
36
334
117
542
73
39
494
179
591
551
416
163
363
388
194
467
195
192
516
340
154
375
183
133
367
319
304
53
289
122
490
598
506
173
186
196
210
382
390
113
95
323
116
390
473
34
383
44
189
200
201
18
339
39
584
17
118
103
274
348
416
36
472
460
102
19
50
385
497
587
599
67
157
42
29
294
131
410
119
404
67
48
195
56
213
71
121
511
457
99
162
69
54
291
444
6
120
192
262
308
26
10
67
652
6
34
198
121
40
20
116
179
156
320
190
138
55
183
103
433
51
87
26
287
475
98
12
68
558
179
335
137
43
251
459
77
376
63
48
346
213
90
423
238
411
579
128
184
402
352
395
349
159
187
152
263
263
417
350
501
166
247
129
287
11
292
131
50
17
256
104
453
369
337
115
159
369
71
215
681
108
669
403
96
259
342
47
591
458
556
545
76
15
61
10
77
255
456
207
100
297
201
61
442
226
479
409
249
564
9
135
175
451
68
168
573
366
195
161
59
247
29
576
276
628
191
348
333
76
169
167
480
224
512
463
130
616
298
10
421
639
174
475
140
197
459
324
11
360
144
281
79
473
140
239
392
291
290
235
85
240
211
350
294
202
166
413
407
188
178
397
579
74
102
317
549
156
255
236
622
303
16
60
153
375
146
25
442
75
311
202
123
376
133
584
81
549
527
429
142
288
440
282
151
26
17
558
301
20
466
55
65
109
111
10
171
382
28
61
667
13
459
536
169
176
150
169
141
21
32
267
161
296
321
123
5
242
408
624
419
499
324
654
414
242
81
542
147
234
672
288
1
386
137
364
276
78
511
28
56
54
138
383
66
192
285
73
164
53
143
47
169
46
372
307
66
592
355
36
82
401
370
196
215
259
87
319
318
347
125
134
318
119
265
255
372
436
237
220
115
434
147
135
114
12
91
273
379
205
303
508
95
152
289
563
68
47
34
14
311
562
24
297
241
449
343
311
288
60
3
205
315
270
194
75
8
503
224
5
530
487
103
260
224
400
266
388
153
70
64
425
434
495
633
514
417
388
62
453
342
592
136
147
521
678
42
433
616
334
277
22
125
410
304
442
150
257
372
455
174
237
393
639
129
87
71
475
456
36
20
623
22
27
232
26
10
129
212
28
265
375
76
96
113
187
13
79
358
187
183
198
231
171
124
388
470
445
164
479
162
174
133
67
49
42
230
52
517
327
438
12
83
68
107
250
357
281
38
570
104
33
331
37
558
85
88
57
453
74
493
60
101
8
450
3
196
94
390
611
397
237
707
128
77
86
255
23
727
124
60
431
557
241
242
201
87
79
71
113
520
180
43
36
7
219
117
316
98
595
536
313
402
263
18
108
293
76
65
476
43
295
246
525
177
456
175
450
93
229
228
114
190
466
53
30
456
9
135
4
426
189
360
301
3
377
448
157
21
72
207
319
176
161
37
614
286
72
559
389
149
18
276
15
206
274
83
287
419
471
82
260
85
311
244
276
249
216
64
29
427
91
176
239
31
39
327
114
277
9
117
10
48
39
209
78
114
295
128
92
577
258
120
287
276
319
117
14
284
231
605
270
39
449
203
427
149
47
230
181
162
280
24
32
63
318
337
181
23
120
197
480
127
129
385
95
232
319
102
97
155
360
294
369
-1
111
261
38
431
68
367
17
209
578
580
478
636
513
284
130
224
72
89
540
381
273
178
69
166
507
419
216
35
360
22
17
266
375
372
506
75
260
212
288
220
158
283
330
325
523
349
60
47
12
55
164
224
588
47
70
216
290
53
2
190
260
213
358
471
396
360
183
561
176
420
226
65
516
196
78
201
353
273
72
12
66
263
314
209
75
522
172
222
265
661
276
50
465
60
203
109
128
361
367
52
112
13
228
35
419
510
208
526
29
276
44
97
363
358
475
573
49
5
192
442
356
87
10
130
513
241
139
220
709
-1
248
123
99
595
166
40
155
117
88
262
9
78
127
349
308
73
192
155
6
48
165
249
62
251
285
95
281
240
319
275
196
61
222
626
214
90
50
610
582
181
10
62
305
253
216
151
429
544
101
149
165
143
355
235
360
68
331
463
549
287
38
274
73
30
125
185
33
193
20
50
109
71
79
239
625
69
464
84
484
384
415
86
167
184
123
131
55
370
304
102
117
474
373
4
51
480
487
418
259
203
571
5
30
580
295
232
77
67
135
105
290
7
193
78
153
670
437
357
61
582
296
151
282
86
105
24
279
294
215
216
375
129
3
246
39
131
84
552
15
19
318
80
322
17
163
218
703
64
55
184
431
191
319
583
687
245
49
151
275
341
140
131
67
265
120
315
201
257
353
160
273
7
402
281
412
315
104
58
287
316
136
89
106
176
183
227
424
169
542
197
20
453
483
120
449
97
177
68
41
309
440
241
212
253
42
209
245
167
47
449
-1
16
219
367
49
188
3
208
118
73
477
70
530
21
262
62
426
52
241
367
176
122
492
196
231
16
192
340
397
226
316
80
277
-1
202
152
15
110
189
168
96
267
156
172
344
104
93
413
295
122
179
207
53
247
426
27
454
258
189
132
246
553
95
174
86
218
302
179
189
132
5
231
441
151
-1
12
671
182
488
622
111
40
509
223
157
156
208
345
302
202
343
197
240
390
14
46
246
135
244
158
98
152
351
46
426
175
402
231
222
149
280
356
542
164
95
27
106
30
210
10
92
325
305
627
174
425
120
162
523
268
236
130
465
584
158
443
108
260
186
219
44
206
30
122
139
134
79
517
165
449
157
410
372
489
611
349
313
370
68
140
192
365
309
339
408
323
140
393
365
246
41
164
525
57
534
510
446
241
237
32
643
115
113
454
67
260
105
305
124
37
556
90
153
167
180
560
401
228
304
122
161
60
230
222
108
35
164
168
369
30
91
152
94
49
194
615
33
433
650
501
455
89
125
58
110
538
29
110
40
394
81
61
162
584
125
624
5
24
461
355
68
450
116
16
464
340
454
65
518
74
18
149
167
167
679
115
163
106
369
241
433
47
596
214
233
546
272
197
25
237
664
163
238
498
334
32
142
40
172
129
73
308
264
473
3
283
15
114
54
293
281
263
260
51
414
201
63
11
494
357
75
46
381
326
59
274
218
90
223
231
434
59
74
218
43
74
243
73
355
88
228
695
376
94
377
31
213
260
415
101
376
348
181
388
152
240
5
179
93
295
393
61
71
392
224
59
99
43
126
42
435
584
206
131
26
152
461
182
197
299
595
289
167
121
89
446
115
75
203
73
344
155
171
57
660
321
183
108
268
241
213
184
169
131
151
334
455
5
216
184
344
109
60
456
95
220
458
203
362
508
174
521
483
59
226
18
613
162
251
14
17
32
187
391
112
28
203
40
611
267
65
225
59
386
31
130
468
137
414
15
456
82
217
162
169
38
175
36
494
554
374
306
301
122
31
143
257
691
548
131
508
390
385
540
650
404
312
64
211
29
111
262
229
286
566
394
227
151
252
478
392
16
316
63
95
61
414
182
31
389
355
107
8
358
444
217
67
68
570
11
496
162
354
465
477
541
291
140
456
425
645
105
187
595
455
34
43
24
549
314
184
396
684
66
138
461
57
50
49
354
526
17
293
44
339
173
15
89
588
40
33
125
128
216
44
322
317
617
181
584
531
453
129
373
13
263
374
181
406
304
50
225
54
404
247
425
208
219
32
348
714
431
245
21
15
217
78
113
84
391
55
5
210
21
108
386
489
94
212
84
274
581
251
88
342
254
544
11
140
248
220
375
166
362
36
224
40
492
22
105
361
418
52
305
41
571
724
284
280
293
383
518
194
11
538
430
189
82
9
275
35
14
469
514
344
263
230
20
532
60
357
223
166
185
68
129
59
353
235
82
604
2
7
225
118
46
148
91
395
503
325
168
449
404
89
437
387
346
56
300
271
399
91
230
381
355
303
193
252
171
151
40
126
8
257
189
303
364
285
185
78
145
6
486
366
94
85
206
73
523
264
60
149
49
76
361
570
110
494
23
119
61
121
380
85
414
357
75
29
297
509
275
316
59
45
125
447
322
109
230
151
482
91
353
68
493
208
362
653
197
203
276
173
47
33
280
263
372
647
33
190
4
89
91
346
162
243
100
305
67
39
224
317
322
382
510
186
236
504
229
256
278
129
255
294
239
64
8
205
168
66
520
118
474
300
83
132
527
487
286
634
196
99
370
346
190
19
193
88
47
441
87
93
513
54
100
170
202
468
148
267
291
169
129
182
390
217
64
14
362
620
169
42
413
260
138
81
264
160
320
111
545
3
523
50
102
131
162
520
10
134
324
21
39
151
367
301
247
379
189
483
64
311
658
70
105
276
542
319
21
367
147
123
73
187
12
208
353
90
60
85
358
72
507
4
40
150
89
31
7
425
74
105
413
348
306
197
315
178
198
319
351
431
129
288
30
524
155
409
480
301
20
246
683
13
131
412
299
406
74
310
258
242
155
229
478
297
448
43
72
84
63
338
21
401
155
37
110
9
67
179
9
97
223
29
196
48
354
578
228
85
67
3
201
187
438
2
268
76
297
217
107
20
353
93
390
468
16
196
263
84
123
27
489
228
341
379
78
237
151
580
97
250
80
174
594
256
170
544
60
88
76
18
132
17
305
556
440
427
493
262
11
323
295
281
61
69
359
479
128
349
85
166
35
315
98
16
288
97
514
12
193
72
116
427
488
116
150
224
316
426
200
533
233
416
124
57
21
381
257
763
291
328
251
41
421
42
597
18
135
513
314
6
115
155
238
261
364
517
503
135
15
467
414
38
76
96
194
174
181
24
251
24
67
403
252
410
34
247
380
65
167
310
365
525
10
497
76
567
169
635
34
141
356
489
300
140
78
530
651
43
23
431
419
228
392
70
107
127
295
209
360
79
153
18
209
192
49
43
66
452
71
94
464
185
344
14
13
587
-1
361
377
122
364
406
83
210
93
114
329
296
272
180
123
77
19
317
622
301
89
159
320
79
358
125
128
301
218
93
700
130
364
170
31
338
322
717
466
157
6
55
220
555
106
553
38
227
92
139
66
716
68
403
102
15
120
253
248
212
269
73
220
281
209
95
70
453
139
191
250
370
455
63
26
262
69
149
291
135
159
258
590
585
9
63
132
109
44
321
428
11
22
49
376
63
535
357
524
100
252
136
39
196
89
243
379
123
24
150
574
116
328
233
347
179
95
84
55
167
340
56
136
327
46
116
283
264
487
66
435
512
313
288
157
319
324
225
229
255
135
133
190
64
9
279
35
320
121
2
484
412
118
622
321
486
216
365
229
433
185
268
555
135
40
453
134
253
75
587
254
371
191
3
133
59
169
373
458
177
322
295
519
39
483
295
345
560
105
181
22
432
289
32
99
149
272
284
367
22
346
626
140
277
28
-1
411
423
247
129
419
155
617
173
212
176
75
209
225
563
126
453
164
359
144
24
337
66
202
193
503
569
112
27
626
237
123
612
337
352
229
250
69
438
390
55
304
212
316
51
72
3
52
258
3
135
327
217
275
203
396
377
201
75
10
17
159
17
368
123
139
30
236
135
422
141
591
272
4
273
339
88
91
281
450
533
447
197
489
43
95
465
106
23
134
305
191
382
331
415
114
446
477
294
74
287
118
521
481
110
113
226
566
153
338
130
604
277
28
93
128
126
69
251
623
90
256
82
113
219
42
203
550
34
12
221
608
458
307
277
490
211
235
81
136
584
297
124
234
164
450
453
201
216
604
683
300
62
369
189
213
369
333
19
21
243
334
446
260
171
264
592
38
223
189
211
467
375
52
173
146
50
132
17
61
99
302
103
141
144
168
604
484
386
78
133
47
368
50
28
457
427
127
251
250
24
121
455
273
501
205
369
50
349
231
227
4
370
288
215
490
173
389
267
98
371
185
105
462
208
626
583
72
191
127
38
354
22
19
460
146
275
20
444
58
470
284
390
550
543
69
167
261
304
26
30
551
343
278
347
279
409
593
177
247
238
81
201
69
2
275
112
141
187
118
59
382
597
166
173
318
572
218
96
325
99
183
64
310
693
170
571
508
31
322
290
85
265
81
396
171
215
166
168
175
38
35
15
86
216
34
217
680
358
198
434
471
288
45
528
76
145
447
51
545
184
28
2
182
2
43
255
51
322
353
460
283
102
8
147
242
559
412
217
329
64
610
127
86
405
38
43
224
174
280
153
481
293
44
225
196
189
161
605
74
53
494
184
64
88
472
180
521
19
73
32
74
28
170
692
114
383
360
87
91
264
86
214
357
360
112
256
402
79
244
142
22
101
49
452
160
51
261
358
348
585
461
75
475
37
108
31
2
426
610
8
406
199
305
49
139
108
254
279
61
464
347
7
275
259
205
35
163
165
177
303
67
452
141
136
160
308
466
405
110
30
367
405
85
95
261
389
152
278
138
128
210
21
301
40
119
19
74
445
622
161
282
57
372
288
155
296
142
393
112
164
425
33
37
329
417
242
88
76
272
511
15
152
468
390
205
231
627
653
298
68
416
408
60
105
524
120
48
301
240
576
109
491
470
204
552
245
425
161
330
300
689
150
102
24
326
500
105
150
60
118
270
286
222
218
289
155
212
365
311
260
267
220
213
258
491
302
96
524
537
153
268
218
244
78
241
267
311
75
147
147
84
247
496
213
312
143
61
138
621
112
91
250
607
189
132
251
119
372
81
153
130
40
339
65
321
482
384
254
231
597
94
170
152
467
9
329
61
357
504
324
260
114
206
102
611
253
131
152
13
30
425
157
93
131
134
121
3
2
516
109
37
493
115
281
279
134
309
514
491
27
65
331
99
113
51
183
28
83
155
143
110
117
130
279
448
287
223
570
54
307
348
51
217
54
114
82
22
106
230
268
456
547
94
22
4
89
264
69
38
579
175
98
192
258
309
450
83
232
165
474
436
91
456
115
535
343
357
213
26
272
93
176
55
382
8
324
56
401
75
268
189
235
280
217
197
113
189
347
88
37
132
523
235
296
256
144
134
463
656
2
481
549
441
207
37
161
4
101
563
175
19
221
263
281
572
152
99
102
56
251
514
113
131
229
240
577
67
193
233
191
124
26
532
90
231
146
73
105
81
100
19
93
89
142
207
216
177
375
456
208
432
135
569
202
20
615
179
124
164
357
289
46
530
34
168
175
367
136
80
373
20
173
172
42
294
246
259
417
4
168
145
132
161
4
469
320
34
44
640
372
149
116
96
293
301
436
393
131
234
554
369
76
-1
3
427
408
92
326
223
304
113
380
239
170
324
488
103
76
177
106
541
82
508
250
126
94
285
317
347
104
403
469
482
225
263
381
254
375
67
299
23
278
27
15
507
461
473
62
242
551
104
325
152
282
63
286
349
417
87
578
91
606
7
309
160
129
90
322
55
20
3
221
271
151
36
271
383
207
77
401
381
79
208
73
75
560
133
162
382
60
279
313
125
230
93
38
435
317
135
381
118
244
286
316
73
416
3
195
240
410
344
424
202
38
332
181
414
129
61
559
598
85
135
3
381
265
126
644
189
84
424
117
323
2
307
89
70
296
54
263
185
431
281
260
280
349
119
237
331
349
225
248
44
639
18
191
183
453
303
372
581
381
57
88
437
249
189
5
225
595
140
8
88
380
599
110
188
101
5
135
143
115
330
321
550
290
21
237
4
36
630
349
369
230
124
260
225
346
60
177
349
17
34
15
156
40
35
2
428
213
243
26
12
374
549
631
296
17
271
86
336
60
358
82
483
270
71
178
488
503
603
481
211
74
154
63
165
496
401
509
500
277
174
612
28
113
180
71
273
585
349
137
20
44
260
119
62
674
79
94
2
70
252
143
105
171
182
100
66
377
339
88
235
442
196
67
224
100
533
585
261
270
256
439
536
367
368
259
389
276
453
101
3
125
13
226
503
552
117
184
188
164
91
237
104
241
411
111
669
24
219
280
19
29
175
487
632
104
272
415
360
195
462
531
125
98
269
555
620
411
296
44
233
536
203
494
113
24
177
224
321
205
140
129
607
256
301
434
431
58
305
366
397
507
395
187
402
371
630
326
126
304
373
249
73
407
494
345
368
114
306
625
252
237
542
281
25
211
325
451
340
289
381
119
452
545
43
144
374
43
17
192
61
284
316
135
376
469
164
433
353
117
536
362
75
527
130
415
69
271
439
112
193
362
226
147
402
82
453
41
1
286
6
191
133
60
104
209
9
255
3
73
311
524
492
2
13
121
249
195
356
66
501
230
66
66
57
82
321
161
554
381
15
128
399
539
72
120
194
188
333
79
247
645
499
690
510
372
88
195
262
3
486
229
4
67
533
195
278
254
208
105
309
435
290
64
384
175
52
26
67
489
182
16
481
13
504
291
387
51
601
261
408
290
183
34
117
647
506
686
116
14
240
351
366
221
378
113
92
99
522
180
371
6
17
192
389
9
478
420
156
155
277
52
86
96
207
66
258
323
70
159
426
306
7
115
38
564
111
599
277
127
250
6
189
3
243
226
494
672
44
31
270
156
85
328
386
369
271
64
401
343
90
261
129
603
213
48
107
215
235
17
372
249
139
71
128
233
77
264
17
439
529
88
14
17
460
87
217
127
3
63
372
127
69
188
610
538
9
111
180
12
379
213
296
49
394
253
490
217
476
83
153
243
440
5
422
276
23
5
54
3
433
337
86
85
59
172
498
620
157
201
393
105
124
127
96
424
382
462
141
56
446
112
297
302
94
105
242
463
180
91
307
45
14
237
28
24
561
142
319
299
226
42
391
484
72
454
64
84
68
11
251
509
265
135
121
177
8
62
257
389
37
229
106
79
274
139
542
111
25
144
570
445
180
5
111
370
66
306
6
19
7
207
228
40
261
243
123
262
431
269
291
53
69
107
137
572
443
76
1
317
215
40
105
191
22
299
273
650
341
232
21
226
189
351
179
227
211
274
422
463
323
113
112
79
140
575
240
235
3
482
36
202
485
40
419
111
213
156
33
52
21
401
364
26
169
252
309
176
51
16
131
496
41
266
406
101
226
114
82
205
195
480
391
158
40
371
297
201
245
13
419
295
520
252
58
423
432
316
235
151
476
258
30
301
322
140
180
253
28
545
6
352
673
568
74
366
429
300
400
21
148
193
202
72
84
513
265
450
205
52
130
412
318
229
62
284
229
24
260
116
56
207
41
82
229
147
618
9
199
474
12
129
408
129
225
129
580
32
448
333
243
647
636
239
165
225
183
356
474
243
277
193
366
77
368
30
104
122
10
56
370
81
302
140
348
354
301
109
76
112
173
368
214
44
474
319
63
527
370
193
281
140
202
95
53
194
12
207
545
126
31
164
209
132
333
368
341
87
125
109
416
419
416
144
22
571
557
335
11
251
44
327
591
235
74
306
493
142
501
62
301
563
229
304
606
32
75
99
181
4
416
196
140
162
264
414
4
495
71
220
358
446
189
222
96
166
66
546
85
399
538
62
380
102
273
354
352
179
326
446
346
661
558
53
228
222
169
257
36
482
399
139
87
28
170
307
283
400
410
361
105
576
463
47
367
248
152
131
209
666
54
152
289
35
83
167
148
415
273
61
268
237
7
104
30
440
267
456
180
6
275
483
216
438
74
169
421
102
366
354
222
257
732
367
134
613
118
317
102
653
229
228
5
12
181
142
324
212
455
178
352
432
257
142
184
108
96
141
85
127
329
337
346
365
232
299
69
180
97
506
296
252
282
161
54
130
386
96
50
649
407
197
294
218
122
98
714
440
242
645
361
28
107
631
288
13
338
477
86
246
194
107
421
126
126
277
413
357
404
253
449
435
171
250
156
97
326
89
73
17
229
156
218
18
284
124
370
190
95
163
380
13
461
320
731
20
303
143
342
140
107
55
358
271
169
57
142
7
278
520
400
404
539
52
431
143
104
154
116
49
132
213
204
387
305
324
366
358
234
116
52
202
234
292
224
195
97
297
535
197
349
156
207
80
189
216
267
224
144
230
150
538
213
342
21
316
91
402
159
543
406
318
31
280
592
331
552
376
469
186
200
270
358
189
66
246
37
191
323
306
170
97
310
602
117
10
422
17
32
154
318
28
64
412
513
231
584
255
697
435
281
62
16
189
354
114
173
306
101
31
69
233
115
225
162
652
101
304
436
254
133
315
-1
525
294
238
315
279
415
34
209
576
255
457
418
27
342
251
198
53
316
426
303
39
264
164
170
264
645
139
334
361
279
159
219
160
333
151
2
626
286
445
490
363
82
170
293
355
61
428
457
214
363
269
188
132
564
437
659
411
222
425
368
508
348
20
63
13
152
266
132
572
50
157
260
82
320
668
333
507
16
245
325
232
269
655
378
355
227
244
42
549
503
635
220
62
181
280
386
198
190
317
136
44
51
582
106
40
97
395
326
313
322
360
337
138
25
165
475
684
501
114
452
163
275
261
119
277
505
658
24
90
19
75
20
50
21
194
286
295
466
145
298
238
59
269
139
32
79
737
39
36
42
267
153
334
265
454
582
195
306
173
613
535
141
129
44
122
71
189
86
31
80
181
230
330
384
20
473
102
101
7
281
285
609
331
289
164
134
238
159
95
211
61
499
87
58
534
244
33
410
150
188
112
40
258
536
148
440
477
491
24
33
57
447
317
445
240
21
126
228
296
21
284
267
575
36
382
155
371
79
217
332
289
181
1
338
169
161
280
76
598
51
27
317
381
156
373
468
633
476
139
406
239
286
473
518
106
65
131
192
499
402
109
3
76
4
133
96
187
24
405
424
162
162
18
239
408
560
15
81
8
6
83
218
5
17
33
151
500
360
37
414
153
50
131
201
393
510
171
284
463
23
313
568
542
263
371
445
269
575
355
8
182
369
105
443
127
103
278
123
30
306
417
60
478
131
348
21
13
542
21
5
1
210
124
214
183
131
84
38
183
478
54
179
513
511
313
120
182
3
397
319
570
7
541
38
11
290
100
393
274
109
188
96
181
23
456
14
238
12
394
362
219
129
83
427
64
601
69
251
387
24
177
222
657
100
2
91
10
288
92
437
590
449
411
145
334
88
67
477
193
159
279
272
136
96
15
31
49
77
339
246
165
640
451
121
252
396
339
381
592
33
111
71
84
119
465
256
504
561
304
229
105
217
239
165
154
508
273
29
250
38
279
405
585
176
59
301
76
21
407
87
170
276
166
380
401
457
191
35
81
22
400
382
345
129
206
350
19
207
39
480
509
62
286
39
149
162
332
362
341
138
393
128
270
425
157
127
23
141
3
37
308
31
152
77
388
138
316
386
46
116
151
202
225
567
466
639
327
224
92
436
147
11
234
178
74
160
13
505
254
48
577
366
47
430
18
135
226
619
199
22
42
158
260
150
225
189
388
244
179
369
631
383
130
48
146
45
50
136
391
220
136
53
105
550
475
200
99
185
241
328
113
211
103
356
329
64
206
488
247
325
39
16
589
128
141
31
94
385
168
59
135
4
132
469
2
281
97
99
277
294
247
270
94
263
196
80
335
18
155
256
513
184
669
363
15
327
177
40
177
168
33
77
227
168
288
337
664
185
257
95
241
393
39
131
75
422
26
70
243
78
101
25
140
135
154
189
229
192
116
302
376
260
20
201
95
384
20
247
572
164
332
365
267
49
60
438
313
348
397
80
432
513
109
14
458
171
292
172
158
97
165
304
224
102
75
154
292
50
30
210
394
470
355
241
22
293
174
32
448
154
192
201
111
103
151
136
153
399
55
214
48
70
171
558
10
19
75
417
520
362
321
475
87
178
164
105
156
119
378
152
80
339
39
204
605
2
13
114
218
269
571
203
156
77
48
388
117
40
3
432
421
191
36
321
2
478
365
305
181
297
104
263
81
239
477
574
182
161
39
343
320
209
79
201
67
133
142
175
175
107
150
415
18
312
294
111
18
21
496
325
547
74
223
506
92
97
111
244
54
66
313
151
112
104
447
436
88
131
429
87
2
74
87
302
421
246
140
467
518
480
307
262
43
71
133
47
244
80
308
269
457
535
45
385
141
117
18
191
308
299
251
367
62
221
11
311
70
133
213
265
56
32
95
367
346
165
147
419
287
217
291
217
126
213
281
-1
534
405
283
142
174
26
48
287
487
192
314
185
83
238
178
79
235
156
302
363
199
101
175
363
435
316
155
133
6
385
445
562
527
47
68
366
136
73
161
236
498
167
399
115
436
319
51
42
79
506
191
271
205
22
573
216
553
458
205
346
435
22
25
247
248
43
384
36
560
181
110
137
550
18
23
638
369
527
313
21
137
138
477
61
197
407
231
174
420
69
135
185
31
503
300
110
379
609
71
182
340
367
434
498
273
421
316
86
36
45
49
562
414
83
111
101
485
358
5
146
217
339
141
449
200
78
342
124
552
302
370
296
59
351
158
174
323
164
456
140
239
83
486
153
429
183
298
5
138
163
482
376
113
47
118
89
37
662
120
320
221
90
213
557
315
129
96
133
53
536
147
613
167
79
286
542
186
54
607
33
271
178
6
67
219
78
173
270
603
443
226
466
142
244
450
108
309
399
214
177
179
240
238
249
81
413
231
129
548
180
220
235
4
249
37
130
49
409
283
43
250
569
121
119
546
111
469
191
189
295
167
396
163
179
435
225
120
98
223
224
4
95
208
470
333
66
135
293
143
392
9
204
494
83
134
132
561
319
391
76
330
220
547
417
2
322
376
261
128
149
339
246
528
139
431
321
196
140
635
308
328
112
599
40
368
193
527
157
141
280
183
64
8
506
195
59
280
161
110
125
185
264
523
102
213
251
296
488
371
37
9
13
137
425
184
329
7
591
329
44
146
313
231
269
472
131
218
162
178
463
227
159
32
63
125
103
215
519
546
476
473
50
173
132
244
203
171
148
65
79
17
335
130
466
39
141
429
100
384
202
208
132
18
443
186
31
34
326
180
18
540
160
463
92
491
274
22
537
85
2
378
37
137
647
358
186
210
503
216
579
474
41
353
61
15
26
24
2
149
96
535
340
408
120
245
449
8
169
361
308
41
25
247
5
367
227
362
59
154
52
156
276
188
362
225
193
142
201
122
409
599
301
509
60
136
171
599
356
289
102
316
279
178
521
95
66
243
191
227
173
191
421
278
168
47
99
330
434
184
376
561
679
226
697
21
482
89
35
461
573
284
413
144
172
301
367
314
313
77
285
233
48
9
405
14
339
51
181
45
287
20
110
105
220
111
58
226
26
451
540
31
332
173
415
552
110
275
190
482
199
416
494
249
42
371
37
407
428
117
421
9
123
143
160
194
180
111
111
7
339
648
123
139
121
123
43
30
291
41
17
279
209
457
262
627
271
69
715
42
271
406
606
130
226
15
124
212
123
395
82
405
185
184
187
312
98
351
296
81
207
460
152
33
355
134
106
521
215
173
395
217
483
31
184
30
147
26
481
265
191
61
269
65
343
56
559
142
-1
372
313
269
7
163
443
375
182
544
476
20
108
103
52
54
263
111
207
251
214
122
74
21
13
16
470
22
577
69
62
107
420
92
4
42
551
311
330
118
232
104
94
201
473
91
265
118
136
85
467
306
108
276
246
12
41
120
313
124
193
101
420
193
147
320
464
81
57
271
74
241
649
164
494
405
149
240
20
108
82
172
151
431
23
300
138
497
172
126
340
623
187
38
152
257
71
93
133
138
192
310
556
2
123
3
159
607
31
19
449
639
66
323
137
410
232
313
573
99
5
457
392
205
425
21
335
80
371
302
333
8
4
115
71
181
198
55
68
250
276
207
312
343
199
534
173
270
263
195
10
366
494
111
381
425
229
420
588
648
325
242
30
48
91
240
290
274
468
207
43
155
298
132
63
38
148
274
113
476
312
208
195
299
512
249
634
19
339
507
271
339
230
365
61
49
160
260
421
435
271
285
512
40
182
136
389
191
269
39
202
113
366
495
365
264
521
560
269
126
121
361
132
441
276
432
4
261
84
271
146
589
103
267
274
289
355
583
293
75
109
256
338
101
160
131
123
384
67
536
148
114
24
75
260
19
125
396
14
72
155
98
49
540
397
367
297
105
51
332
90
235
395
190
56
63
48
448
436
393
142
11
217
259
179
82
91
107
43
99
83
530
376
140
16
146
82
88
312
120
211
267
577
189
159
425
699
216
166
95
311
235
72
358
89
42
185
178
391
214
164
487
58
340
246
625
364
154
606
262
74
147
687
513
34
260
624
54
343
88
524
581
343
635
635
472
244
143
432
348
281
406
110
58
272
17
105
476
38
23
106
188
223
544
169
419
152
200
119
428
196
90
197
98
9
702
499
628
54
24
76
347
56
183
410
224
134
59
211
342
137
107
215
290
225
9
322
32
257
141
141
110
240
255
235
74
169
97
16
135
360
230
292
264
241
238
162
155
133
204
129
110
185
159
401
458
428
64
43
150
144
182
138
375
492
343
613
15
173
105
284
452
149
21
145
399
141
121
44
167
286
391
22
68
290
235
281
15
161
644
100
264
386
85
172
488
259
221
123
211
310
16
21
232
27
221
462
119
28
79
361
296
73
579
83
14
283
1
605
469
545
403
212
169
93
5
172
149
229
235
404
51
338
127
180
120
269
430
260
167
280
486
422
381
163
270
38
439
111
148
45
562
440
157
295
16
134
237
481
160
38
58
461
207
218
224
168
517
183
330
87
296
43
452
49
12
203
392
310
58
12
429
152
463
120
57
378
419
33
167
344
588
37
214
85
12
36
3
141
242
441
355
433
413
277
56
242
287
237
141
230
432
210
467
95
454
320
53
253
126
289
176
243
285
29
584
528
10
260
160
576
8
7
295
309
167
66
215
574
169
21
519
37
266
238
658
187
321
10
644
307
662
41
399
506
45
317
280
148
358
111
246
246
186
99
261
223
126
28
563
