511
262
178
121
310
124
167
7
409
90
254
59
439
189
53
556
386
202
44
365
497
55
320
211
178
88
89
31
45
76
138
105
95
56
237
108
18
469
26
39
425
225
198
16
34
163
129
169
63
193
474
566
575
48
204
242
264
412
501
247
79
293
295
134
304
20
359
189
163
631
369
336
184
254
35
322
179
232
16
214
49
10
222
434
77
269
600
221
130
371
21
128
71
110
75
196
154
12
154
289
87
324
660
280
453
-1
296
666
328
203
743
337
223
371
668
228
66
282
528
290
184
461
304
16
55
10
174
221
26
340
315
290
308
169
152
352
14
142
29
348
236
364
267
217
174
614
235
638
43
158
571
247
221
149
273
399
17
312
173
206
543
448
418
320
332
599
131
254
176
13
25
174
226
61
104
25
270
531
42
124
371
21
46
3
484
481
177
600
154
152
35
501
163
487
642
34
167
391
166
38
152
251
165
321
202
42
30
100
127
193
115
331
16
237
317
171
263
353
373
185
34
98
117
302
188
28
160
158
444
112
119
219
318
221
372
234
396
65
91
244
599
479
29
27
28
109
189
525
588
563
108
381
496
181
215
173
218
234
649
504
80
71
483
364
327
178
58
279
249
414
10
93
17
90
0
398
168
136
363
163
10
173
128
429
145
162
221
117
99
104
436
26
147
165
42
389
141
47
346
64
546
81
150
656
100
270
289
366
144
172
266
236
207
118
170
501
29
405
47
2
122
260
38
97
347
153
88
240
513
137
476
167
40
445
139
318
116
177
138
138
220
114
189
145
159
351
562
406
272
453
263
203
265
148
273
499
263
488
221
63
448
85
314
464
45
248
16
147
34
352
56
82
284
214
239
434
16
452
319
67
616
163
545
424
80
48
119
69
427
162
283
114
95
558
519
231
599
313
531
160
274
207
437
397
409
165
178
557
6
52
56
329
157
358
375
416
330
196
27
169
407
61
349
213
120
250
130
244
345
466
185
210
383
244
352
25
462
74
89
196
179
378
124
135
185
119
238
608
328
79
166
11
139
60
632
152
92
120
272
206
296
18
55
206
377
169
11
9
193
463
36
310
60
505
275
488
127
198
607
207
567
295
511
256
245
169
180
66
274
572
225
156
442
333
414
397
168
89
322
670
478
374
542
69
110
205
111
27
19
229
420
48
218
17
211
15
128
230
300
234
140
178
250
132
294
33
240
515
435
105
33
213
19
272
219
564
133
434
176
335
329
504
135
447
234
424
445
486
542
20
193
189
33
235
3
250
77
369
186
339
232
267
179
567
200
50
337
202
37
161
436
202
609
13
96
107
121
379
653
542
19
33
503
216
410
371
503
233
74
567
249
368
325
417
322
490
451
36
179
101
133
453
489
118
539
422
256
223
22
597
346
510
161
70
56
291
16
360
440
363
99
339
286
191
385
119
12
262
129
159
109
277
606
153
12
92
355
329
34
579
59
218
658
162
209
160
439
519
355
41
183
485
112
380
91
460
402
454
610
158
246
88
136
730
65
85
276
205
647
114
111
57
128
384
293
82
369
474
397
194
96
354
446
386
340
608
501
58
87
206
119
11
538
588
308
485
568
19
253
117
168
450
168
83
316
148
4
48
113
493
128
8
536
425
477
357
108
488
37
413
411
325
134
15
139
289
436
183
285
180
171
112
334
454
14
346
144
312
404
193
61
38
32
340
305
618
401
180
234
472
646
198
91
49
397
172
51
151
300
218
179
146
362
293
195
40
118
321
544
389
108
199
112
446
47
509
14
161
331
184
488
480
497
625
117
495
40
61
126
255
695
154
352
287
140
157
222
497
127
9
110
61
650
189
141
6
108
86
152
41
62
407
53
135
56
454
129
99
30
288
368
16
195
347
343
40
75
352
427
17
47
29
125
268
597
210
189
242
294
59
458
263
260
148
188
34
80
553
144
581
555
548
155
343
522
145
78
369
171
64
95
175
297
446
74
326
581
171
70
127
173
330
383
107
691
69
57
220
137
250
333
146
123
185
187
70
333
14
349
113
94
60
239
152
598
214
149
282
196
411
591
58
125
663
5
74
330
499
382
251
91
58
44
107
134
336
101
37
90
516
336
73
306
112
17
7
421
201
18
82
49
390
475
30
78
551
16
301
292
398
543
7
122
71
10
134
392
185
150
501
205
94
134
17
202
121
25
399
18
198
116
351
81
488
143
362
15
173
173
393
29
487
221
70
232
136
4
152
216
132
338
6
407
396
65
30
219
360
367
55
29
50
431
48
165
133
579
537
301
97
298
559
481
9
548
250
438
403
52
115
198
300
458
122
27
93
191
314
77
82
415
108
97
374
533
474
331
509
165
77
237
370
220
751
446
56
335
520
140
443
484
122
57
427
56
132
246
204
354
58
318
66
197
76
170
27
49
383
161
151
568
500
62
107
268
235
330
161
254
14
130
350
130
31
118
287
249
202
233
90
114
73
153
313
22
415
240
83
70
374
52
187
311
513
491
103
198
125
201
339
52
218
319
486
109
163
377
324
367
151
527
10
414
285
627
439
276
325
419
190
225
254
379
71
374
225
492
46
516
123
80
32
600
66
136
95
308
210
256
219
328
154
353
120
100
271
44
127
546
188
283
69
122
353
214
166
34
83
268
215
154
113
679
17
19
194
147
60
376
386
260
350
425
396
307
182
470
188
131
277
36
648
550
16
165
3
441
85
94
36
283
127
171
106
202
138
556
326
476
53
271
142
149
164
170
375
171
283
80
13
5
173
217
39
161
240
238
198
399
54
271
394
384
269
782
150
212
149
231
192
72
71
173
323
151
356
93
441
212
255
261
395
510
578
249
362
25
151
268
216
56
204
57
21
58
444
54
168
175
24
236
63
437
92
19
421
102
512
95
68
276
474
73
24
306
253
461
271
268
304
215
21
57
488
377
245
122
32
338
32
136
231
50
400
172
372
45
104
348
411
300
18
64
120
63
290
117
352
130
55
176
372
506
260
236
344
275
67
293
358
255
108
127
281
208
375
642
9
469
275
186
133
521
41
182
171
411
314
212
67
230
257
294
184
317
29
201
489
52
162
463
157
258
349
94
52
299
506
212
246
127
292
68
208
471
482
22
152
18
490
342
43
79
144
65
21
272
243
162
67
283
15
446
114
571
513
72
441
259
65
204
35
25
641
13
334
562
81
55
136
326
321
146
612
132
56
11
594
226
62
53
450
207
383
11
320
50
12
301
39
294
273
325
28
164
191
306
42
550
309
130
77
184
171
408
117
105
137
93
355
39
647
228
40
382
399
272
264
276
237
30
193
52
313
241
394
19
335
134
145
210
239
300
146
162
156
141
37
158
132
231
504
150
384
99
204
102
227
357
6
597
472
251
340
248
132
449
393
441
25
266
278
213
378
69
442
433
12
129
234
358
195
161
280
114
107
563
310
179
426
175
150
478
197
23
568
20
231
608
401
429
299
641
454
36
95
40
149
23
84
294
295
259
350
279
102
349
535
286
7
436
77
227
311
537
429
485
414
585
136
109
133
344
403
148
103
70
427
353
352
310
118
262
363
629
400
332
61
221
517
162
45
275
289
467
256
366
393
398
225
136
32
399
335
413
132
186
82
92
540
18
98
289
78
127
487
22
63
108
114
220
293
528
71
276
254
163
576
180
340
341
530
98
215
168
366
529
4
609
48
8
543
347
228
270
53
292
501
416
182
174
374
415
531
272
164
204
142
155
96
422
101
619
163
312
47
133
260
59
171
220
200
329
273
695
245
313
602
310
174
44
112
99
287
552
310
137
401
68
392
243
510
258
13
438
57
11
4
22
2
14
369
426
76
134
397
254
49
334
397
161
156
329
371
101
385
335
127
345
439
196
591
207
41
352
2
743
15
554
326
229
9
188
14
104
636
125
192
112
27
192
132
623
55
529
281
116
38
154
478
142
419
78
507
328
124
298
46
8
23
287
287
662
243
158
351
415
15
35
281
17
107
278
22
222
21
84
138
291
549
54
81
304
6
7
92
383
629
17
272
22
421
126
333
405
406
199
424
91
274
111
483
159
47
33
96
84
25
7
358
211
558
549
145
485
128
532
48
88
369
379
67
295
140
466
591
194
320
343
295
18
72
355
453
343
233
101
488
397
574
451
412
215
49
238
54
200
221
27
217
216
303
39
647
693
6
214
319
314
243
276
332
309
169
191
45
100
139
57
402
277
221
290
413
96
87
176
110
211
27
14
517
96
108
132
128
417
152
192
155
106
59
137
291
174
159
16
387
348
192
137
406
109
522
58
140
154
12
114
214
247
110
31
250
291
265
105
543
588
148
528
369
148
171
389
69
335
71
55
321
22
89
61
104
37
86
561
25
428
251
137
45
216
23
206
201
30
413
523
228
667
22
319
64
63
202
415
75
-1
738
578
190
177
320
35
433
17
20
238
515
381
240
205
302
140
142
35
465
351
263
237
267
436
175
190
99
608
306
26
134
148
252
261
426
95
258
139
522
12
137
15
232
75
409
11
96
316
403
306
249
391
425
326
204
495
238
296
390
79
61
32
458
149
474
532
310
269
285
207
140
654
319
207
405
278
116
176
256
197
361
390
370
330
135
285
471
320
161
250
395
133
595
153
102
233
63
123
176
152
498
42
343
276
228
321
176
60
698
264
140
340
504
325
651
105
302
470
454
133
358
388
608
571
79
75
399
271
28
57
322
83
251
697
154
492
463
294
156
210
142
552
164
238
315
196
348
47
55
485
64
58
151
73
483
25
75
246
292
495
206
23
6
182
291
105
44
587
49
28
146
22
559
142
495
418
279
184
57
297
402
11
35
557
1
101
291
306
133
289
158
86
61
481
240
190
581
65
156
398
247
32
24
139
394
155
108
231
87
415
231
69
329
320
99
182
231
148
490
313
211
410
99
87
86
603
197
416
379
63
350
661
217
77
267
356
142
169
414
123
165
604
171
70
122
32
467
163
256
223
389
174
405
317
283
561
282
46
127
366
289
129
478
284
135
379
327
169
56
5
472
284
114
15
251
54
51
72
71
169
162
558
71
226
78
143
361
477
512
125
268
105
147
202
109
168
60
383
73
382
147
136
473
135
69
444
84
234
208
223
231
169
49
281
507
363
151
264
212
478
575
523
342
468
300
369
434
2
217
32
441
18
167
229
310
139
568
250
74
337
432
477
99
170
425
161
90
392
130
142
287
231
162
103
293
533
215
111
300
314
47
38
280
548
153
17
36
476
696
176
54
594
258
586
105
212
214
234
57
55
325
33
184
253
68
398
240
523
39
559
224
11
197
324
133
29
288
498
538
676
268
105
501
31
22
139
87
275
53
115
304
442
333
214
73
66
331
334
410
436
392
470
344
243
272
403
132
128
508
8
29
184
166
304
566
200
59
-1
544
304
157
179
49
328
292
391
584
187
153
602
407
127
217
25
239
160
24
39
251
180
8
175
6
312
10
484
398
48
255
127
261
255
318
95
591
78
201
359
563
308
127
105
659
14
138
324
123
263
527
56
428
363
14
279
131
85
211
56
329
154
146
563
113
2
252
50
610
193
74
564
95
18
140
584
53
84
223
-1
277
156
67
201
399
160
185
167
54
75
154
331
105
256
505
408
238
549
4
547
559
238
300
102
437
331
382
192
194
355
17
89
22
160
273
443
275
468
11
565
241
103
288
743
52
453
392
236
68
557
48
370
72
530
188
20
407
329
195
114
428
439
246
428
126
23
285
393
370
253
184
115
261
182
230
253
138
140
349
126
280
340
173
424
581
76
170
79
120
54
28
142
198
292
462
528
12
362
150
198
18
286
136
132
211
188
118
257
274
164
489
109
157
314
467
355
280
4
385
137
87
318
501
131
406
291
395
223
306
332
149
40
100
50
89
90
191
142
310
479
86
155
139
135
28
149
294
207
256
118
60
429
284
226
120
46
496
53
113
667
252
34
258
408
356
427
157
151
133
152
421
306
104
576
533
74
67
99
331
451
200
9
304
389
65
485
358
241
335
180
576
158
144
13
395
355
74
350
325
99
182
215
326
621
18
339
91
36
270
330
237
375
198
526
205
442
29
139
619
619
513
384
193
297
683
219
124
182
327
519
673
19
497
151
106
194
37
245
434
154
238
385
552
597
99
399
142
12
178
91
145
346
180
357
677
598
123
740
147
133
466
61
129
527
154
262
22
456
123
68
590
82
559
56
145
304
193
342
77
455
483
335
79
124
111
235
12
431
182
114
25
118
84
526
17
93
301
309
41
92
473
226
405
269
149
7
354
373
215
244
294
266
500
313
425
324
22
49
12
253
579
302
348
434
716
169
26
313
425
8
5
313
84
239
174
574
13
443
65
102
463
558
366
503
287
169
75
231
377
43
83
107
183
15
641
391
141
319
82
89
121
217
10
13
151
221
139
631
35
578
10
4
207
195
187
533
142
133
506
552
179
198
258
223
452
286
186
614
69
171
372
290
20
671
207
175
453
350
248
190
584
530
287
656
445
484
144
139
120
157
424
128
406
265
433
369
406
258
490
385
82
113
84
536
228
439
279
8
391
87
99
540
185
116
272
296
219
456
109
315
119
421
196
391
93
271
15
17
102
152
296
55
155
97
169
112
5
52
183
154
93
178
120
440
198
601
431
259
177
292
459
282
90
201
329
344
98
173
25
564
129
406
11
19
381
479
336
347
244
65
52
286
155
371
474
30
31
225
559
166
378
168
341
58
417
12
288
17
300
405
335
156
190
260
28
317
369
24
48
405
181
432
29
234
513
109
9
259
133
47
219
123
13
385
61
22
9
27
189
545
85
23
268
94
54
321
239
307
60
17
349
64
100
182
82
208
183
91
87
281
324
136
8
54
2
111
593
295
265
42
72
179
89
4
98
525
524
152
252
515
374
562
72
98
88
372
203
217
133
114
340
258
349
207
43
472
275
660
246
270
325
122
47
416
466
592
373
102
330
380
364
167
400
16
331
4
193
343
169
103
48
338
131
80
99
679
180
465
470
203
601
133
555
298
190
284
350
397
65
127
471
105
433
233
25
232
391
63
31
126
99
486
203
330
109
407
324
56
29
264
174
464
373
329
313
537
478
21
116
8
137
145
229
357
387
237
191
465
66
5
391
25
159
31
369
305
169
159
286
478
231
219
378
533
103
373
13
96
556
164
204
200
333
76
502
358
65
273
222
393
38
112
109
472
194
524
255
385
35
425
34
332
268
84
180
572
162
699
574
185
281
250
369
64
261
175
119
142
378
148
222
8
283
124
238
23
11
159
619
149
588
435
68
182
186
517
209
336
420
212
227
349
422
668
208
398
124
231
120
202
95
104
662
179
107
344
269
41
353
152
84
214
186
408
162
153
21
43
294
562
251
92
251
579
172
224
64
398
247
98
621
557
207
513
178
95
7
316
143
362
151
151
23
209
131
2
362
401
136
434
692
97
179
195
436
39
3
59
11
202
152
364
191
68
196
139
18
190
349
26
484
300
11
489
-1
41
325
3
4
347
322
152
423
177
169
306
350
500
228
145
74
405
573
12
276
11
123
471
291
344
8
571
170
127
352
270
581
4
341
109
129
639
46
6
26
177
94
201
74
518
565
250
429
48
696
28
286
439
379
381
403
146
61
62
368
556
49
66
258
41
92
485
210
282
558
64
105
110
208
128
389
469
266
204
295
254
157
552
134
160
388
66
106
291
108
67
44
273
78
475
10
471
11
489
531
183
122
37
473
125
71
30
128
68
21
50
10
540
278
188
430
665
696
84
320
245
335
207
429
123
209
252
197
24
434
198
532
609
378
236
349
36
624
265
2
45
326
312
15
640
330
101
174
88
135
3
23
52
486
257
455
58
412
628
517
478
60
233
16
222
72
149
392
310
574
41
48
161
512
347
103
72
317
236
383
434
176
441
157
123
195
169
101
155
282
215
258
79
339
431
409
434
117
316
224
575
100
354
165
89
150
427
614
66
195
360
89
455
36
38
211
70
157
370
522
138
330
344
87
373
338
433
137
190
72
535
301
292
481
298
282
134
252
314
177
402
189
136
304
2
11
4
396
68
103
62
303
625
130
437
122
379
391
8
143
488
139
425
486
603
205
129
497
343
111
154
25
105
85
409
6
85
223
198
49
19
329
573
111
55
165
229
136
368
351
214
55
589
107
47
178
55
81
91
611
212
201
463
2
53
15
31
253
101
155
639
150
661
142
15
307
155
62
512
140
47
107
101
648
25
10
252
187
159
465
397
143
7
58
123
352
522
272
73
187
398
175
127
79
183
222
170
521
206
327
512
365
38
-1
320
293
57
526
502
146
59
56
383
234
166
278
325
138
533
150
139
380
254
136
33
347
156
44
162
15
221
146
123
478
367
679
37
609
96
43
368
2
117
451
107
213
552
299
339
31
483
250
365
238
217
405
182
252
17
477
254
4
202
221
149
445
202
45
79
398
284
64
102
493
344
170
168
192
250
75
530
357
187
627
669
198
416
390
358
176
105
21
10
72
597
302
51
292
29
540
37
333
324
399
84
382
57
92
112
295
352
303
550
501
169
227
232
44
268
251
52
174
119
636
491
115
410
201
155
120
229
469
127
388
82
484
208
38
305
54
159
36
437
272
8
318
110
285
52
197
146
547
263
355
66
62
64
376
126
133
352
100
499
254
336
528
236
371
439
379
259
84
618
75
346
49
51
360
557
42
233
572
478
467
118
492
354
133
395
511
-1
244
567
187
179
43
97
149
438
270
41
249
461
136
54
515
238
102
151
175
495
262
104
49
211
192
561
113
124
506
34
154
167
169
20
91
55
482
320
67
277
310
368
131
86
271
385
21
272
348
275
120
90
97
83
452
32
207
137
590
93
314
400
166
76
330
642
66
644
296
114
555
222
107
176
199
238
82
54
179
250
618
342
215
53
5
327
451
92
389
154
211
91
313
56
139
292
90
73
616
273
530
2
474
658
90
286
244
384
350
308
81
284
264
11
639
215
63
17
283
36
278
273
1
296
379
539
57
593
71
149
595
429
382
18
297
265
162
295
15
3
259
490
6
226
312
473
274
475
85
314
182
31
79
71
382
66
236
685
125
473
450
209
346
99
346
466
437
100
154
367
161
96
636
140
522
393
85
544
68
22
202
476
648
197
277
64
98
369
17
56
5
198
618
487
123
193
414
36
24
83
23
554
62
322
76
75
182
182
511
217
401
90
644
168
98
68
95
209
526
36
44
231
292
142
288
171
268
85
4
485
348
55
69
188
250
105
333
156
174
69
211
145
394
145
424
267
193
41
132
88
319
577
135
460
69
41
76
30
514
451
347
91
189
265
155
180
80
177
145
268
97
297
278
186
190
12
180
423
230
15
26
299
268
552
525
402
37
56
82
221
62
158
219
37
217
216
93
508
100
62
482
712
386
28
353
202
517
341
513
145
384
233
430
297
504
147
44
372
102
426
267
655
239
340
60
135
173
73
349
183
30
226
136
109
289
461
111
228
79
385
157
363
597
119
281
277
125
378
169
152
440
256
537
28
143
67
322
327
306
317
369
148
155
91
324
31
149
516
329
277
497
197
411
83
120
429
671
94
218
604
323
38
65
312
248
369
72
338
26
60
208
538
746
280
79
87
13
131
744
374
177
279
383
2
147
393
19
90
120
109
436
386
173
78
319
171
301
376
88
268
444
569
78
125
111
123
373
340
243
188
5
142
304
150
98
496
19
95
20
361
548
8
459
86
189
530
16
63
462
233
170
73
139
356
499
312
152
45
126
194
151
336
60
79
183
185
347
83
173
88
466
417
100
328
491
125
20
461
545
425
141
257
165
168
142
115
283
402
508
442
8
380
433
23
483
11
86
204
138
199
420
443
109
239
45
146
100
246
221
90
317
464
237
184
593
268
415
208
259
565
203
228
314
355
58
276
192
328
436
0
79
184
302
372
43
136
248
555
108
448
169
98
399
87
307
580
62
224
57
75
539
75
284
178
87
11
340
655
231
12
104
27
48
323
423
338
260
108
353
463
67
333
203
37
138
36
88
60
362
384
23
104
311
99
237
114
63
164
33
184
136
55
153
362
448
47
13
343
233
89
254
211
154
387
74
24
56
185
90
525
169
490
183
466
229
294
299
427
437
56
180
648
686
108
199
160
342
195
383
56
274
265
319
84
56
133
59
661
204
305
322
81
95
700
11
26
458
161
285
105
316
37
78
245
250
11
180
360
430
330
506
6
293
615
319
70
496
26
16
96
26
25
4
209
306
496
239
646
509
163
199
11
86
420
528
614
321
194
79
142
420
81
124
523
597
285
42
137
605
452
125
71
285
150
507
645
362
90
596
173
138
230
161
105
156
246
280
503
28
255
101
190
114
250
154
37
215
255
332
247
25
255
367
79
161
568
672
302
143
3
261
76
45
509
248
142
165
103
201
445
286
17
421
608
623
501
514
428
305
26
123
138
619
165
118
320
306
204
234
50
145
367
471
262
539
575
384
310
230
88
256
151
532
515
219
449
103
365
339
277
599
77
383
285
334
651
258
91
488
213
34
271
306
131
511
226
68
65
648
14
657
421
268
457
668
688
234
19
65
299
321
440
182
28
6
51
614
536
309
600
276
115
403
143
331
252
17
205
233
10
296
2
263
281
43
387
188
16
258
122
365
289
282
386
323
302
12
212
193
470
106
346
580
112
283
154
28
757
687
484
557
287
162
273
47
481
294
253
137
399
184
125
126
191
195
637
32
699
96
342
652
194
224
508
577
103
508
210
70
701
10
458
84
456
82
366
57
419
339
309
586
402
371
229
298
355
143
424
540
492
150
261
357
238
422
620
327
293
14
74
468
20
103
61
123
269
124
112
98
130
533
89
478
356
230
239
197
243
173
75
540
63
132
596
342
345
196
50
103
28
102
117
173
83
479
12
170
215
466
186
137
441
91
71
183
205
233
475
354
241
144
234
222
3
364
572
78
425
407
221
437
189
534
192
615
41
69
419
51
403
42
335
63
211
37
390
414
19
130
180
587
98
154
1
44
423
270
24
232
171
145
13
360
282
85
13
190
274
378
72
257
305
215
477
340
106
109
150
23
695
17
187
139
506
82
232
494
3
155
261
269
163
20
116
30
232
311
74
15
193
223
90
422
98
354
120
71
500
290
4
88
363
261
68
136
406
193
14
218
153
43
270
100
217
168
489
267
102
395
237
66
65
109
161
356
57
45
249
22
191
34
541
67
644
337
145
714
390
106
299
58
138
375
174
90
29
57
29
175
37
8
261
226
520
87
440
554
248
404
460
267
323
86
416
10
208
189
200
22
66
521
197
578
74
302
329
489
311
69
36
300
316
88
63
408
355
365
380
33
489
47
310
81
89
91
485
82
55
62
81
503
556
82
181
574
359
119
538
411
41
97
394
60
128
485
319
61
181
262
28
16
339
170
20
500
414
28
263
94
240
22
3
235
13
323
406
42
512
41
274
603
70
130
185
276
562
328
256
266
173
217
492
414
515
239
173
212
233
356
55
511
431
65
342
9
448
243
189
151
687
377
246
204
154
409
332
21
5
116
214
346
467
102
94
329
44
256
92
491
256
155
138
574
304
163
206
3
86
197
203
8
34
347
45
190
123
503
425
171
157
580
76
10
275
221
148
2
57
292
125
37
186
145
457
47
610
125
115
675
85
140
508
322
308
365
276
239
397
292
309
1
131
266
498
296
49
44
189
263
445
137
115
136
74
578
230
494
152
145
285
144
281
50
116
91
294
191
585
188
18
306
150
531
562
38
46
306
165
630
460
513
444
569
10
272
92
431
563
223
132
454
155
471
55
133
422
153
428
437
28
523
519
231
-1
261
266
321
280
247
574
118
267
504
57
86
107
264
319
206
228
76
44
513
135
164
119
638
213
413
421
207
143
552
437
63
81
217
571
432
204
261
23
172
104
221
280
129
577
126
217
178
211
185
209
564
583
252
451
470
139
70
349
230
120
182
29
38
236
24
226
111
392
52
204
221
134
46
659
601
101
454
243
71
210
232
394
675
191
38
250
138
73
163
236
52
267
87
339
109
190
63
149
546
575
267
17
269
92
410
226
317
584
419
656
346
287
124
470
15
129
91
131
386
507
217
111
280
494
197
31
568
144
377
424
322
165
412
109
12
46
47
42
148
89
94
104
462
9
475
498
268
423
274
278
6
170
327
460
191
401
126
74
160
265
278
341
138
402
280
17
220
52
150
609
586
124
198
178
45
49
182
159
510
466
522
241
55
265
177
141
643
171
107
216
170
444
486
398
494
43
475
14
126
52
315
127
135
86
240
478
512
111
223
376
118
104
393
25
361
5
529
40
201
334
119
467
411
27
585
506
160
59
100
452
394
63
253
55
22
471
26
19
188
613
87
235
472
4
193
446
150
13
248
164
304
222
264
30
267
267
343
83
100
214
198
282
6
229
112
467
114
306
111
274
140
119
540
44
360
190
82
21
60
125
329
122
17
326
391
467
23
254
128
495
441
691
75
452
285
1
12
398
40
295
60
174
85
88
449
286
198
499
186
207
23
229
175
335
12
121
162
106
260
282
155
151
324
69
360
149
67
163
135
444
233
346
183
445
286
23
24
142
232
548
447
42
478
491
375
101
456
70
421
367
222
156
116
161
0
508
204
664
134
263
392
751
197
364
142
514
141
79
69
132
81
595
39
582
209
60
403
494
324
130
148
107
428
560
222
249
19
46
295
629
505
29
68
637
336
35
270
510
561
17
28
376
201
229
406
68
178
15
260
384
148
0
222
322
15
324
376
130
90
329
355
472
417
56
164
546
17
425
3
109
61
272
334
257
390
131
123
276
513
82
387
266
523
2
233
174
170
14
444
550
507
55
102
130
402
159
567
459
439
98
145
144
227
349
487
65
110
239
386
375
153
25
325
108
636
109
517
438
202
19
268
170
65
560
649
86
380
379
500
78
552
198
405
14
421
527
167
179
261
62
221
8
146
404
15
493
352
408
521
533
142
86
114
497
17
36
229
46
535
141
98
74
23
73
276
385
617
87
564
248
362
471
173
224
195
539
393
443
203
125
565
302
536
137
261
675
140
217
237
258
47
425
72
400
483
573
339
129
109
353
449
320
118
117
361
216
370
25
214
561
209
21
65
111
410
7
48
203
487
62
320
595
502
127
93
519
609
62
474
160
632
37
421
413
45
269
74
483
463
135
245
363
74
171
205
284
344
760
73
218
390
408
177
568
41
278
301
494
157
124
169
174
78
229
182
265
23
494
334
34
36
176
338
137
458
188
320
200
639
112
363
490
125
90
43
453
307
64
312
528
162
683
199
530
183
127
119
268
94
100
485
133
12
438
380
84
73
394
128
507
436
497
233
69
129
228
20
141
67
130
329
12
532
353
392
82
316
416
57
519
177
103
105
386
406
364
379
331
115
41
439
203
229
156
103
245
507
235
568
579
224
144
25
250
97
44
31
248
134
65
162
94
246
112
234
494
236
128
618
148
60
238
57
636
465
309
320
282
143
234
13
305
53
67
241
9
85
191
48
152
43
39
29
516
145
120
17
192
358
185
274
106
120
409
178
167
331
163
38
398
208
349
192
190
344
316
228
16
299
434
110
38
256
398
467
54
269
644
254
106
388
310
172
359
412
344
133
44
45
33
487
426
333
124
138
196
60
148
10
75
199
532
469
275
428
107
231
257
163
232
433
30
149
402
347
527
139
110
86
291
189
215
75
480
370
229
72
521
546
333
15
96
592
578
124
191
630
281
379
476
572
87
304
227
182
307
285
115
61
85
299
137
189
331
471
19
133
110
590
401
544
347
177
342
133
495
29
155
176
238
301
93
59
365
283
101
480
433
18
183
60
177
304
18
202
282
348
105
251
111
113
124
229
166
271
43
212
424
431
494
220
543
110
611
479
14
619
430
480
242
312
138
231
232
53
525
531
161
116
382
73
312
364
41
121
157
404
2
323
19
368
31
283
601
166
280
63
98
91
224
174
216
112
57
472
145
233
49
328
267
147
522
419
410
11
359
152
213
56
646
447
92
373
356
500
333
516
228
38
157
208
255
328
366
0
129
472
40
27
344
575
375
352
256
342
362
125
19
504
137
335
437
203
76
213
503
233
693
259
358
24
253
438
206
4
488
299
20
146
164
438
383
126
477
215
10
476
137
424
572
312
136
223
510
141
220
70
34
40
96
225
41
313
488
59
166
186
229
15
379
205
491
396
155
483
239
48
385
29
391
161
300
148
536
38
160
35
533
147
144
134
430
395
126
306
21
207
96
488
217
112
60
403
102
476
239
574
120
141
300
386
290
271
258
80
318
398
140
238
209
7
125
94
202
21
80
250
152
122
139
171
66
158
242
343
80
235
331
182
8
185
1
122
319
74
28
157
16
129
466
601
439
10
299
4
468
402
43
456
452
56
93
487
627
76
306
108
155
416
287
83
280
63
177
99
137
308
108
539
396
179
198
119
212
313
650
90
5
94
277
139
340
463
192
376
164
-1
191
249
42
361
159
459
43
227
486
34
499
497
170
324
8
31
38
323
6
193
619
174
480
15
180
204
337
14
403
67
203
66
40
46
92
43
654
469
237
116
251
363
182
409
379
58
224
105
510
159
133
34
16
423
480
686
8
165
55
149
66
668
416
387
151
94
73
39
586
48
79
365
114
450
192
232
119
25
16
208
213
26
483
198
47
457
160
620
321
27
8
295
496
583
635
63
123
410
38
470
319
283
13
62
323
262
261
308
267
155
349
12
211
52
36
418
482
86
299
124
190
483
146
476
154
250
502
198
455
17
150
335
586
21
87
362
147
100
581
469
208
121
237
288
69
26
215
91
17
354
402
480
70
160
316
328
26
225
201
27
132
317
161
8
33
122
412
140
64
114
383
47
292
373
508
356
29
329
61
370
33
71
195
168
69
175
101
72
441
148
569
96
280
195
301
432
53
390
161
83
578
50
186
19
28
119
149
522
289
251
7
353
81
304
109
577
85
77
334
128
64
310
65
190
78
394
357
203
249
85
42
624
176
107
118
141
120
163
616
209
176
28
446
438
268
421
103
396
174
382
335
145
472
41
95
112
240
42
178
24
573
287
443
449
265
7
177
275
320
135
505
112
408
331
285
60
263
284
26
62
429
152
228
184
8
513
188
147
278
440
436
412
361
322
398
103
664
156
179
175
168
15
390
620
247
90
331
673
5
19
289
289
288
485
391
2
358
13
4
49
285
79
566
19
235
141
437
388
33
224
493
296
289
269
144
148
632
261
199
494
328
405
435
278
537
389
585
418
217
376
154
174
507
649
9
90
460
129
169
665
54
83
134
555
389
287
211
168
415
64
41
546
132
270
9
94
84
593
483
584
64
126
127
182
476
657
138
106
211
200
109
383
509
40
172
91
249
212
74
353
354
103
22
96
488
645
325
269
249
124
106
73
40
117
108
172
201
184
576
36
223
45
586
313
184
132
47
42
593
216
285
258
41
9
320
199
55
148
170
28
309
92
308
159
44
383
147
242
122
464
114
466
216
190
40
191
95
74
55
69
454
11
568
127
325
484
145
51
163
583
115
256
152
299
34
415
408
66
137
471
141
318
191
142
193
520
205
55
93
383
16
257
157
95
333
75
342
18
261
562
191
480
191
107
160
240
43
633
355
220
371
463
483
65
176
406
338
149
40
6
20
223
392
186
388
66
97
55
65
306
25
410
78
300
244
115
73
297
241
311
522
361
25
109
126
345
116
276
515
615
369
388
72
531
670
46
39
347
152
153
91
371
239
538
380
31
309
698
497
422
152
42
100
321
468
119
203
394
416
495
239
283
488
98
2
132
258
7
196
479
727
86
151
57
426
547
129
593
142
248
61
654
346
141
337
124
67
314
110
295
634
63
301
104
511
120
157
617
208
48
67
256
244
389
199
270
182
638
101
216
68
35
117
96
181
98
628
284
352
6
595
125
368
343
92
469
22
526
303
165
593
63
404
198
55
141
140
596
157
44
184
24
259
240
188
9
477
39
580
556
46
17
256
236
76
143
230
327
301
93
139
369
198
535
101
244
69
498
383
201
399
364
342
142
10
447
6
75
155
297
225
227
271
459
574
171
36
48
73
281
92
397
192
65
479
196
41
138
173
435
80
222
221
358
69
365
613
30
123
99
138
547
353
453
223
232
640
10
92
157
499
156
66
170
265
16
268
409
162
167
211
214
34
115
-1
21
360
37
333
276
29
361
363
204
196
356
26
64
150
124
277
42
387
105
37
471
688
10
113
180
151
34
280
383
236
32
194
165
7
79
462
221
8
170
4
621
70
277
98
539
362
280
28
253
444
273
58
79
309
105
76
440
355
45
395
291
531
386
286
369
125
49
323
388
289
173
4
-1
155
214
65
29
102
300
238
9
88
56
12
536
227
623
295
200
521
239
137
309
234
188
641
188
92
413
324
102
225
416
122
91
177
130
24
295
28
214
301
702
306
115
95
175
485
437
145
451
147
15
106
394
374
23
200
279
208
515
255
562
3
150
30
396
482
99
23
435
65
124
625
223
33
271
16
6
199
565
502
243
12
76
383
70
78
174
9
279
129
120
131
126
324
315
292
28
81
489
385
299
62
124
213
223
211
71
257
478
79
84
371
642
215
136
393
281
183
241
468
329
-1
102
192
171
-1
578
32
289
149
515
131
63
269
592
406
422
34
34
383
160
116
303
426
93
78
96
386
131
89
279
80
504
294
28
85
179
93
92
111
1
147
527
533
213
171
88
435
266
239
237
364
252
17
388
9
226
640
498
130
7
238
178
7
193
164
127
8
32
473
222
36
105
95
365
149
544
340
88
225
244
152
10
219
22
253
61
112
234
50
609
228
12
193
337
105
14
251
47
271
443
256
574
364
455
-1
445
118
142
121
297
452
623
28
530
481
378
393
447
197
124
364
327
230
201
347
260
204
272
160
192
152
6
121
369
289
176
85
30
120
101
595
24
227
137
145
323
38
13
95
33
68
155
441
284
166
487
649
131
153
51
125
60
496
49
498
393
159
182
119
19
45
102
108
201
115
533
558
214
418
471
216
80
100
159
40
221
183
570
83
254
406
454
412
58
89
260
520
110
264
210
359
232
4
48
464
365
261
414
613
394
412
126
460
46
210
601
117
564
342
22
58
441
12
502
284
110
536
356
258
235
208
542
253
71
14
487
215
71
135
165
130
272
286
532
178
14
221
508
135
117
441
237
238
102
428
80
83
218
16
285
67
224
214
568
17
183
585
85
452
254
570
520
42
37
112
299
664
426
237
270
251
10
120
241
233
309
301
84
459
51
274
155
51
452
160
312
377
70
28
498
48
533
36
65
415
121
144
115
238
243
257
254
347
89
278
561
497
115
268
401
128
200
44
119
225
87
274
422
178
669
29
185
96
167
80
284
285
121
87
478
461
15
533
70
394
344
140
311
86
33
52
182
389
198
194
647
77
105
79
127
136
465
176
136
14
235
14
587
159
297
131
563
608
197
363
152
424
360
126
382
170
455
263
131
313
98
334
42
34
101
194
480
231
55
291
189
101
57
169
178
657
16
33
89
118
113
168
89
42
216
469
521
186
58
354
154
633
14
239
352
207
134
149
578
605
313
451
8
347
501
184
166
63
462
14
63
5
218
108
456
50
175
43
212
370
278
205
173
366
192
380
410
127
69
19
503
459
10
428
100
372
145
145
168
16
99
5
102
339
180
130
29
281
226
65
252
103
174
394
112
388
287
82
269
89
145
310
15
47
171
183
155
83
102
257
354
568
22
205
327
18
292
263
151
488
228
137
126
152
236
278
549
28
113
126
196
173
377
559
401
768
223
101
398
99
253
539
275
482
253
453
211
403
187
52
366
1
305
54
274
104
50
731
197
261
56
364
431
642
174
36
224
40
461
347
30
33
56
332
155
29
39
198
213
59
272
108
442
245
194
77
486
194
357
271
74
357
194
49
179
75
101
86
253
313
12
431
611
24
151
194
202
358
230
27
230
74
344
252
722
296
364
164
344
311
136
33
70
341
66
80
185
362
408
96
114
650
292
126
69
267
4
148
323
191
638
253
39
84
45
582
282
448
233
409
151
114
398
264
240
90
148
20
131
163
520
527
67
386
149
26
268
32
403
351
41
305
26
519
342
133
102
37
383
671
124
405
216
70
359
273
223
98
290
67
22
340
210
162
70
502
32
348
310
8
314
93
273
103
150
120
423
295
538
336
580
424
8
98
263
306
216
68
117
28
151
97
324
298
240
99
282
273
345
573
143
625
313
461
377
128
525
376
540
196
51
196
166
23
207
436
418
28
153
28
116
497
99
373
486
306
49
552
479
105
268
435
24
402
338
279
173
65
350
291
293
150
104
454
320
267
546
666
362
71
182
394
480
118
235
145
326
345
2
158
136
436
73
286
288
136
72
596
198
351
27
635
351
47
449
149
28
492
243
234
286
472
52
410
296
169
360
218
273
298
99
175
414
361
133
246
373
137
12
119
645
76
91
17
98
159
0
392
142
69
546
339
146
384
653
129
615
109
339
369
171
393
94
410
102
173
109
27
447
286
453
35
58
149
187
69
108
412
510
117
320
230
126
268
369
580
71
196
481
333
353
249
220
202
7
89
133
95
21
367
67
399
338
100
65
443
4
390
528
303
152
238
357
385
93
2
316
239
315
387
47
205
616
540
195
198
50
483
136
342
505
329
298
24
125
670
228
442
434
403
64
57
238
174
199
94
164
75
185
166
285
304
199
178
157
151
279
637
298
289
368
180
403
190
42
158
269
197
587
487
50
94
255
563
17
39
22
138
309
277
269
360
283
268
306
384
214
21
89
5
56
242
23
66
356
489
618
509
20
314
455
98
144
352
530
345
382
261
250
22
160
28
67
491
209
233
177
366
158
120
486
51
71
251
264
122
71
112
344
419
176
43
48
15
25
446
519
418
408
10
483
117
350
175
396
474
538
3
137
442
269
12
622
13
91
605
50
40
227
534
367
177
727
527
527
225
353
217
231
61
61
427
493
530
406
10
136
72
97
121
170
545
253
80
118
703
286
32
228
353
442
105
619
343
237
762
318
401
317
382
144
325
290
208
183
371
452
87
235
228
229
23
381
465
5
14
488
123
31
384
46
398
741
597
133
222
337
181
80
37
322
176
59
433
66
99
48
2
227
356
-1
26
257
246
124
214
152
705
634
274
511
139
614
205
168
29
4
46
238
273
104
397
495
102
349
205
385
220
693
230
226
12
508
194
362
62
510
423
200
78
595
267
456
427
655
247
184
22
590
435
134
221
342
140
22
356
137
329
207
426
183
157
297
5
202
216
333
385
62
120
167
286
226
52
140
433
127
157
117
95
258
81
98
6
110
70
293
8
274
2
148
32
238
201
84
14
74
522
319
77
204
42
189
110
643
261
45
289
96
8
265
252
130
2
145
414
231
21
330
165
107
155
544
300
159
166
5
42
-1
399
182
21
236
5
449
343
188
-1
88
320
163
17
417
473
140
99
501
172
114
552
159
103
217
56
17
320
105
182
135
409
165
92
146
313
319
335
273
304
401
489
373
13
267
395
316
232
360
468
134
286
74
306
558
19
7
408
53
322
201
526
64
274
501
43
21
275
179
88
230
225
61
168
608
392
104
99
453
106
706
86
81
435
646
35
121
313
142
205
310
25
231
381
103
139
283
518
533
472
37
540
2
382
278
8
179
91
233
204
171
67
2
37
394
337
54
389
393
204
13
224
71
372
17
296
47
79
378
392
-1
111
40
474
368
24
340
322
287
395
81
242
510
408
61
388
290
273
296
175
460
303
17
333
87
163
59
126
177
154
18
155
61
214
380
26
214
101
98
136
219
121
168
306
22
301
167
280
301
67
448
210
402
17
337
92
478
141
188
415
96
128
239
453
41
466
129
76
231
306
291
133
155
20
83
237
352
40
3
137
386
176
145
138
141
557
300
335
173
116
296
392
73
72
208
153
9
317
56
550
413
501
266
140
352
602
133
136
29
46
268
248
62
271
237
6
145
100
293
52
129
440
265
533
187
139
92
70
77
153
556
237
327
516
118
70
478
592
295
18
268
500
116
297
50
656
241
262
198
90
138
67
622
395
76
407
220
599
307
238
316
71
479
204
498
194
395
349
84
279
91
464
265
58
351
125
337
7
294
368
44
117
10
160
4
368
67
390
213
207
159
264
7
295
338
325
278
693
507
125
232
72
225
214
211
8
355
33
415
124
191
3
312
89
207
26
406
356
307
38
14
49
75
44
233
50
688
182
371
6
68
177
42
159
531
268
419
457
146
439
196
304
55
66
211
325
186
249
111
181
391
112
598
298
29
222
337
148
154
88
424
299
6
85
183
349
82
2
565
34
314
696
291
289
18
239
419
499
65
65
387
150
73
90
-1
57
102
136
397
118
136
655
47
7
157
231
196
460
144
480
299
154
87
199
640
250
88
499
87
56
399
305
589
145
330
122
316
273
225
2
241
291
159
467
207
36
98
24
93
355
39
69
99
79
97
322
117
433
165
482
426
299
165
291
735
71
419
248
48
613
281
104
583
532
600
34
301
68
512
38
24
67
307
309
48
156
52
242
413
65
56
264
18
128
345
42
305
78
96
576
388
372
206
144
334
208
211
384
71
219
176
30
423
185
426
494
34
235
43
171
9
29
123
193
219
214
63
289
332
255
163
223
82
76
258
126
121
496
466
285
296
134
526
64
139
371
141
481
27
674
279
184
522
315
361
118
74
325
343
291
56
64
227
6
682
66
387
288
156
93
37
203
229
21
170
231
340
179
365
313
128
9
458
429
49
591
61
77
37
327
152
728
123
343
283
305
54
443
80
106
8
480
11
165
472
128
395
180
161
421
175
128
207
421
27
222
272
357
76
183
265
439
303
155
388
33
247
466
436
540
238
558
44
35
8
38
80
63
132
426
364
528
739
395
361
264
413
53
509
53
212
326
85
476
279
7
215
100
311
323
230
129
467
278
130
241
229
225
537
15
27
182
254
286
591
182
48
327
148
373
147
62
147
186
150
143
142
2
222
97
16
59
367
71
193
129
603
103
462
213
352
144
134
117
145
86
136
344
241
526
652
612
183
701
164
301
200
256
86
262
438
12
424
428
507
270
175
147
309
371
107
96
45
571
36
134
71
30
161
218
86
139
34
403
73
125
652
139
43
111
399
336
423
243
377
31
8
140
454
456
170
592
454
11
271
5
349
103
384
202
27
641
645
231
310
635
672
14
247
240
159
103
51
400
43
87
351
9
192
226
148
40
135
96
151
248
328
436
4
79
471
144
174
86
203
116
38
41
109
309
151
114
160
136
272
223
8
40
314
68
109
85
255
103
297
354
286
466
15
282
142
481
95
66
157
49
349
54
685
237
127
12
253
136
141
535
6
574
109
606
216
382
226
127
479
323
356
2
194
402
63
168
301
208
38
298
517
538
363
401
639
42
220
115
437
503
331
69
34
201
48
439
622
45
144
290
403
152
134
363
24
75
280
170
311
567
233
90
310
42
352
-1
171
124
404
72
583
174
145
123
23
569
75
43
-1
92
160
187
98
59
184
62
416
3
744
162
82
555
98
385
333
297
528
224
306
66
203
440
133
66
357
248
347
79
577
98
196
149
489
605
281
165
-1
154
126
255
196
147
77
493
529
13
60
508
23
44
367
568
325
310
146
517
124
410
450
454
34
213
121
142
35
518
25
301
496
231
481
629
16
543
269
167
157
222
511
715
520
424
110
106
425
110
100
483
142
173
624
313
428
308
705
223
118
594
194
293
95
247
21
240
726
306
602
241
12
148
159
325
93
438
411
39
311
383
439
257
316
155
374
285
632
73
119
43
104
261
41
202
158
59
22
225
482
267
2
425
95
249
22
39
572
181
650
348
197
223
411
344
132
55
275
203
232
444
414
20
149
260
554
497
393
201
394
61
486
413
357
496
604
274
8
205
515
49
538
441
511
604
465
341
81
307
30
174
448
445
120
311
517
166
143
243
16
224
429
161
166
228
431
93
442
34
300
310
530
60
75
349
341
42
76
438
174
11
248
125
12
268
71
562
163
21
30
94
273
343
400
526
272
84
97
321
10
59
555
390
221
71
21
82
509
447
7
241
391
296
352
227
71
216
67
2
135
104
309
9
83
394
457
308
488
63
241
351
354
217
194
51
49
68
67
199
14
68
85
632
246
35
312
147
392
260
151
321
522
127
63
350
149
132
25
460
135
103
17
560
13
357
110
707
193
293
82
39
334
-1
434
86
378
167
202
106
41
168
57
300
118
286
481
49
35
227
302
424
2
25
35
360
144
126
185
39
499
53
214
282
504
250
331
210
340
224
2
183
293
107
374
168
9
116
411
282
62
126
61
116
326
148
154
204
184
248
220
47
23
423
5
37
290
120
284
126
228
156
357
102
449
157
91
199
345
308
190
370
243
213
212
64
218
394
48
31
25
329
389
109
343
181
137
30
462
27
211
24
89
203
311
65
298
239
56
142
264
229
640
330
222
561
137
230
156
686
242
509
263
337
212
247
249
280
192
118
162
522
294
78
113
444
738
23
266
169
296
158
518
182
114
44
61
210
171
145
249
293
7
310
28
123
62
279
330
262
35
23
416
618
109
322
259
86
322
46
44
75
171
154
57
114
545
238
243
219
203
554
284
