10000
4005 2378
3868 4167
3688 4678
1574 4928
2557 285
1846 1257
3839 3592
1396 4120
1168 3124
1655 205
2132 2251
1017 1726
3471 1700
3861 2296
2599 4298
1680 1429
651 2617
4755 2407
1473 2289
3601 3057
4565 3147
3742 2241
3232 2597
2823 1598
3814 752
3385 2165
1195 956
1936 2916
176 1846
1996 1779
221 2226
135 4681
3858 2242
2298 1680
1934 3572
2753 52
2770 2653
1041 4181
4142 200
2164 2772
4656 300
4614 4331
289 2890
4888 1376
10 3834
2863 935
215 3105
3721 1557
1892 4912
4854 3665
4545 4917
2290 3233
4211 3985
2405 1022
4554 2375
3596 1999
4564 1032
1338 343
504 3416
4968 3958
1953 1469
11 2345
3473 3125
3893 2071
1813 762
42 2492
3920 1109
2095 1517
232 2701
2884 2147
229 3428
460 4750
4983 3147
4008 1670
3063 399
1481 553
4044 921
939 2735
1299 4199
3619 2226
203 1636
1086 537
165 4824
4118 2613
2442 1038
4108 3353
4381 2261
3295 3243
725 3597
2442 3977
2179 2918
1852 1096
737 43
3424 2902
3551 2345
40 1626
3551 932
10 1013
2300 3211
3605 877
3223 932
319 2000
2312 2410
745 2844
2650 3764
4964 1794
2896 1325
2363 4645
342 2607
4099 2363
4681 2781
73 1752
2926 61
3649 4478
1841 2370
4492 42
2856 1512
3449 4726
1057 3571
4806 1256
507 1531
353 2086
4598 1909
247 1129
1382 71
1700 405
3587 2526
1896 444
2306 1314
639 1432
1191 159
531 4732
721 2222
1400 1611
1874 3471
2492 3900
2194 1111
707 3599
570 3878
2971 3661
901 2415
2412 1531
4638 4202
3908 4813
3158 4480
438 3442
4300 4250
4870 4904
2131 4040
2928 4900
1277 2027
4452 4478
2520 3636
2643 1997
4083 2544
2122 696
4350 592
2572 2667
3278 2455
1757 979
4844 1839
2390 1193
561 941
747 3767
2559 3018
3486 4497
325 4434
1243 2530
4422 818
4471 3739
418 1746
1801 2247
3747 3982
3874 2493
566 2093
929 2200
2774 761
3710 4296
3219 1029
1615 265
1082 3380
2407 4602
3257 4641
4894 2179
219 1558
2767 1642
2897 4941
1864 4008
1121 2043
3393 3384
4305 4713
1753 2845
2893 1167
3780 3701
2682 4394
4900 3641
2570 3391
1827 1897
560 2022
1088 3091
3551 2731
4680 1632
4937 4525
26 418
3574 4080
3600 1099
4793 4585
2407 1848
3478 3921
4029 878
259 4555
4221 1997
718 1851
3796 1582
2718 2462
4474 1156
1032 1542
3833 2276
415 1068
3782 1594
2430 525
1708 1517
1731 4393
3462 455
386 1819
2112 230
3033 2092
3153 279
76 1705
2822 1968
4878 904
890 710
3197 4311
1175 4466
4968 2577
2929 1396
2444 2480
3466 2158
896 4148
4342 2555
3942 4055
617 4374
4427 3917
2869 3388
2949 4085
226 1646
387 530
1606 3644
2388 81
4538 2889
1191 2480
489 2866
4895 2818
1099 4151
2180 4182
3678 1767
3475 4331
2894 2696
3114 770
4733 4477
1942 1306
145 4427
4956 2951
1651 1049
3065 4272
4656 4711
2519 1710
4933 3790
2013 2122
26 1542
825 3291
1383 346
1879 3504
970 2533
2070 4118
4154 2039
1700 4651
364 3931
472 3567
2501 4800
86 1098
2385 4266
1902 587
2871 1116
1175 3478
1976 483
1441 3047
3950 3724
3887 167
3584 4599
2168 4893
1615 555
3929 1632
2728 741
3015 1641
4578 3829
901 4237
4362 1310
136 3890
1026 3157
2738 2020
3515 808
1007 860
3305 2910
4997 2229
3427 22
2112 162
4497 2017
4230 2428
4750 1302
4783 986
1480 97
1899 4251
3981 364
2827 1768
2088 4175
1829 4336
2222 2745
1438 3417
3199 925
78 500
3177 2563
2606 3676
1527 4185
3644 1932
4331 3735
1831 1060
1548 3151
2482 4342
2739 4173
1469 1639
3772 756
670 1765
376 2320
3948 114
4660 395
1633 2525
270 923
1709 1408
35 1836
55 2035
2202 1521
3953 1968
3784 572
2682 4851
3248 4946
3146 2012
39 1967
2702 3454
3862 3683
3283 1293
2152 4075
1369 4326
1431 3524
2367 1240
1236 4527
3450 4888
2313 2428
4521 3890
2438 1907
755 4709
2728 4600
2828 2945
850 2548
1404 2458
1690 2698
1548 1328
4080 2896
3648 4760
3174 2939
1052 2244
2532 1471
3536 3514
2059 3282
2788 3237
472 2236
2912 4562
1670 4746
4539 3659
2419 2881
3658 2432
3450 4261
3603 2217
869 600
2266 2634
4777 1572
916 1578
3689 4088
139 3065
727 1501
1009 3375
652 3790
4085 2860
1818 3177
3013 3959
2569 4806
2018 4035
1812 4455
1693 1785
713 2399
3906 4201
4820 1972
2238 2758
3489 1550
4245 3406
3205 4266
3756 4400
4712 3604
4534 2798
1148 1328
3035 1575
4373 1001
99 3165
2340 236
571 1758
4204 3382
3139 3488
329 4194
4179 2228
2573 2014
3697 4217
1587 3266
1354 990
1313 1909
380 2577
1420 4936
1828 2878
2914 4775
1533 2801
3317 4892
2263 2722
3241 4575
4552 2262
3908 4376
3340 1600
2814 4702
3017 623
4485 4497
1924 2155
3212 4349
4648 332
89 4747
1373 927
1642 187
511 3774
3385 2828
4185 943
1817 2911
1553 3702
1355 839
1378 3394
3735 1025
4080 3213
1531 3169
4064 2517
4663 1770
4324 4324
3105 3887
2821 3797
4999 1903
1333 1119
4519 4834
4734 596
1861 4772
1886 1094
2780 1328
3822 2724
2658 398
1761 4492
3165 4551
1470 4768
236 3302
2955 4790
1189 2515
3435 3829
1234 3833
4940 4782
417 4931
2700 245
2296 1945
5 3330
1803 988
1733 4619
3767 1979
2651 540
4279 13
2116 767
3490 3580
939 2017
2540 2707
4990 1243
2838 4346
3180 2790
802 3507
784 982
819 3883
1231 249
2884 3606
316 421
1712 4942
1270 2343
2598 2099
849 901
2769 2289
1350 2980
1746 3105
3668 2348
4065 2507
2000 3906
3814 3803
2382 3609
3357 2806
1093 154
3919 1394
1001 2591
4902 4162
3355 3109
2549 251
3694 699
1905 4897
4126 2898
1531 370
4348 4921
2349 1591
2697 4482
4248 1885
1834 3287
1629 4636
859 2163
1632 61
3260 739
3208 3100
1049 4391
2461 176
1273 552
639 4500
1861 3416
3536 1857
4764 1098
1968 202
3176 547
1576 1258
1741 2264
4159 1628
3313 4853
3938 4661
2654 546
1531 3920
2761 962
605 1168
2276 4607
467 732
2967 3478
737 4889
314 1591
3904 107
706 4528
1252 4566
3335 171
1921 2340
4761 1744
4280 3494
3643 3521
1585 1075
3255 844
714 4343
1930 4619
3753 4280
1536 2446
4463 984
4536 3802
4855 2969
95 589
2038 4485
1616 1010
4954 4495
4350 1274
3854 4381
4239 2202
2488 1407
3258 550
2431 2075
3778 3862
2268 2203
194 3460
4211 3353
1286 106
59 2045
2968 1053
328 1203
2195 4624
590 2184
380 4635
325 1786
1707 598
4159 4648
3621 3272
4794 4878
1623 1750
4694 2547
2173 310
1330 4778
931 4280
3701 1534
4322 3640
4930 2711
1343 1940
2289 1787
4211 683
2809 3547
1799 2486
3217 1483
2282 3839
3715 4746
2160 4629
878 4538
4939 1236
2983 2826
2435 2751
215 1536
4651 4046
1891 626
3582 2536
4603 2616
1895 3840
1642 2460
3215 858
3137 2510
3320 1471
798 3400
1095 2115
4382 1647
448 2445
2151 2106
4050 628
4160 1135
2326 2599
1627 2625
3726 3094
1880 4212
4099 2980
2651 2506
1 4004
3008 4125
4924 4635
1953 2964
3897 3643
1267 712
2741 1787
2925 2266
4118 4810
4713 2255
550 3448
2917 3564
1318 3248
2005 1548
656 694
1280 631
1093 4538
1521 573
2715 1187
3873 2095
4631 3373
1976 2324
4941 4337
1192 120
3686 2241
4651 1029
4483 19
3759 2388
2163 2246
4016 3076
2728 4490
2143 1225
4539 4498
87 153
195 4319
2097 2006
4628 4280
72 997
4135 3643
3536 1429
2113 267
4579 2286
1563 1402
4892 1419
3053 2919
2272 3432
3803 1654
2049 4405
4782 159
4612 936
1305 3487
56 2911
391 851
4613 1431
2036 535
4422 486
4921 3582
4585 911
4350 3440
4193 3150
2428 1566
3029 1402
3786 1701
4122 462
2769 2857
80 1205
4781 2700
289 117
3224 1343
1222 368
3895 1173
1789 4641
2536 4852
727 3406
4456 2562
1015 4838
4429 1000
3263 4746
4934 1431
4620 3123
2448 89
553 614
2947 1443
2822 2872
1539 422
1476 645
4360 4940
1269 4471
4966 1065
2451 2396
1076 2011
2860 3566
2068 4873
4995 3848
4437 4489
756 4953
1368 3030
2443 2366
963 929
2713 3276
121 2578
2300 1103
888 1886
1467 3828
2416 3816
1973 3920
4602 1315
1964 4057
707 2792
4036 1612
73 1705
2885 3155
775 4438
4127 1331
4908 15
1734 2320
1468 4080
3317 2952
843 1610
759 3869
1885 910
352 3722
430 3599
2390 34
3498 246
4932 3948
2408 3764
2414 3115
128 2460
3281 56
4836 4304
1132 157
4192 4472
3626 4741
4684 3288
3486 3676
3724 1105
4370 798
700 993
2707 4422
1121 4870
497 4097
2384 463
1703 2354
2720 1553
3470 530
2716 429
4085 4548
2048 2931
4135 4600
3901 4276
3624 1216
3239 4920
2421 1650
3134 2771
1666 3443
416 3810
4957 1955
1073 155
2764 4541
145 3762
1953 4946
3714 32
961 4249
3857 1101
623 3734
4001 1523
3539 4612
371 1594
2519 124
2048 1971
4435 1802
1275 312
3162 2434
255 4279
2480 1912
2140 2336
3135 201
1094 1874
3587 4852
971 3838
1842 270
3185 729
25 4175
4397 1802
62 462
911 2815
1406 3106
2373 3131
2122 2436
2047 580
2743 1653
839 3301
3384 3949
1858 2919
1110 2543
3413 3786
3371 1465
576 2481
1590 2566
1007 4406
467 4743
4971 4513
516 894
137 3483
3452 4817
1797 3990
4412 2205
621 4886
4855 284
1577 1132
890 4251
939 1477
3639 2710
853 2365
982 1862
3893 2263
1757 3531
4048 377
224 4309
1757 2960
674 2191
2561 4220
4564 4226
2304 4649
884 4496
1589 4206
2611 3401
906 1169
1757 4585
4023 598
1355 1578
1138 3505
698 3194
2723 4193
4154 858
98 2270
3120 2015
2615 1549
2962 1215
3297 3239
4891 3451
3463 872
3133 2205
3284 1150
3565 530
609 4863
1460 4427
4931 208
668 3807
4142 2548
161 1884
4560 4193
2888 2863
2418 4419
2359 4519
1949 3219
3513 3649
2367 4706
219 525
459 4475
1788 2171
2827 3081
2436 2604
3187 2126
252 3380
1985 217
2147 2376
1841 1905
1877 3110
1274 3093
127 1119
1121 4294
4003 292
388 2100
94 2332
2727 1940
429 4181
3442 3982
651 351
201 4429
4453 434
4263 1843
3820 1104
2173 4671
1465 4077
2195 2497
752 679
3654 4201
1748 4598
2606 1885
1992 2921
3542 1513
4798 987
2968 865
3539 4081
1280 4707
2297 1992
4525 3532
2723 1716
3657 4289
3210 182
1545 539
4245 1520
2411 2558
828 2601
4354 158
421 3378
2482 1918
476 3621
1724 2002
4622 4440
4051 2298
539 4070
593 195
3173 3392
3582 4958
1886 3372
2468 164
1231 2753
297 2194
2064 3901
3644 2572
4184 4238
4202 2174
4935 1981
1752 525
966 2704
3001 2646
2020 1708
312 3600
1908 2465
1415 3545
2593 853
4300 1423
2700 1961
532 2642
4235 4390
3813 2957
3773 3843
2249 1512
664 347
951 3262
1678 1750
3876 2872
2640 911
1285 662
3051 792
1003 467
1488 1692
315 3581
3215 26
2652 922
165 2145
4582 3113
4915 3819
1751 5000
3629 2151
2693 1639
2062 3733
3682 3084
2358 431
821 4251
4232 1298
2683 2182
36 3246
2547 1380
4246 1282
907 1231
533 2099
876 4869
1636 3572
4252 3352
3137 854
4466 741
1713 4019
2994 2420
4620 874
2439 4568
365 3201
3036 3754
3555 722
3219 177
1823 4917
2523 2216
2914 2518
1525 774
161 4974
4229 3852
2511 4907
1122 3017
609 1481
3657 3226
3080 860
4988 782
3243 463
4786 1097
2387 3942
3823 3314
4555 4458
138 1765
2900 2246
272 2215
1225 4381
203 4841
1997 3888
4328 4170
4318 3563
4706 4652
4338 4177
3856 2435
2449 1387
1361 844
4141 4979
2921 3043
4715 3516
3021 2247
791 690
2100 652
2620 1781
4166 4325
596 186
1925 2716
3820 2879
995 340
4199 2025
1517 3158
3965 3793
2287 4403
1812 748
1977 570
3205 4136
2689 288
566 3525
4376 1138
1297 2114
3258 3861
1822 3921
2024 486
332 2119
2563 645
1182 1366
1167 2070
4230 5000
933 910
4090 4451
4068 505
2554 2797
3186 597
856 1199
258 481
778 3066
1882 958
1849 2239
1908 2999
3195 3921
3192 4774
2857 1577
4800 4502
859 1860
4564 4433
4527 3461
3030 2329
3559 4192
3932 1
421 4471
127 2688
625 862
1883 2276
899 3997
3150 1052
4184 210
3938 2309
3367 3254
3208 658
370 2729
1903 1844
3720 3689
3845 113
1198 264
775 3957
1861 564
1880 3910
2552 2150
2764 589
4085 2633
3166 1100
4734 3840
4837 4453
1368 395
3671 1842
2157 4413
2477 411
4054 1833
1561 2306
4107 4391
2472 3342
3534 2335
3441 2222
4296 2616
3604 3258
2199 2009
2000 918
3664 4848
2248 159
396 2909
4043 2234
897 3843
577 4874
129 3816
382 3811
1186 427
2249 2912
2809 557
4488 280
2750 2044
3976 1403
4870 4327
34 63
4493 1589
1971 4707
2220 171
2171 4033
691 795
1753 1630
3500 3304
659 720
3943 3261
320 1268
3883 276
904 2545
4346 3161
3640 3252
3755 3835
372 104
4558 4265
1674 422
757 2949
1401 102
165 4737
3990 2328
2504 3650
1006 599
3016 156
2836 1131
2509 4644
3147 1054
3421 304
1669 3209
3449 3559
352 140
805 2521
942 4872
4502 289
595 1426
3419 3423
4005 608
3571 582
1469 3920
776 2529
4617 2026
402 2357
1021 4534
134 3174
1079 2626
3911 1152
2014 3283
2791 2075
4007 1122
4519 2252
2191 4449
3707 827
2621 3912
30 2648
2970 4920
4313 4891
1751 1377
3532 3752
2614 3648
4475 1973
4360 2680
2563 85
2765 2132
4286 3611
1205 4549
3076 3644
3562 2881
2940 660
4729 2055
2886 3155
1010 26
2995 3265
2751 4601
657 1809
4611 3539
4876 3323
1559 2986
2377 1217
273 4199
2022 4236
1790 3019
2104 1488
1231 2362
4799 2291
687 2211
2187 4856
4176 2429
4917 3441
2553 953
1295 3955
3993 1903
1327 786
4750 4381
4537 4992
2579 1952
3209 342
143 826
1615 4401
1205 3385
1834 1764
2110 3261
2407 2062
489 831
2935 3829
871 3252
4470 3956
2069 758
1038 3231
4612 4954
2176 2680
2039 1518
4105 2494
1082 1536
3775 4295
4620 391
2594 4198
1964 3456
1417 2098
2849 66
3502 4999
3578 555
4977 2119
3315 3290
1833 1567
3454 4293
2355 1102
3376 1298
1910 3614
4564 2170
1778 4199
4877 1070
2993 1770
1248 407
2869 2502
256 4262
3140 3612
2464 468
4331 4540
4765 2318
1235 806
1849 373
734 805
3095 2162
3144 223
483 1903
4916 2932
4201 684
3742 3031
4232 1409
4073 3542
4951 4549
3904 3382
3919 184
2594 4159
2297 3607
942 2925
1018 1150
1233 4750
2337 4781
1491 749
4622 958
2526 3390
1455 4671
1503 3163
598 2557
1267 2535
2963 667
3124 4414
3510 2444
749 882
2780 2846
3092 4328
2235 804
842 1236
4978 4785
4017 2759
1276 1710
3676 1608
1445 3046
1412 2992
2226 1452
4269 2892
4135 4156
2713 3379
482 3099
3728 417
4333 1990
3550 2840
2070 2337
3788 1658
3093 944
2533 2586
622 3597
4060 4914
4667 2626
3687 4847
3490 1447
2879 424
4616 3079
1712 2737
1010 3613
637 1422
1628 2234
1206 990
2617 2678
4457 862
1276 2720
3785 3296
3118 1001
2852 973
3904 4909
546 3368
2832 1333
2146 4442
4711 680
4304 4657
2250 1805
2186 3956
1902 2431
921 847
4604 386
682 1266
4010 448
859 2023
1731 2804
437 1750
1118 3147
3158 933
4707 4949
573 2620
218 2590
3102 2571
3055 89
4093 4185
2977 201
2913 3077
22 4080
4723 2573
4593 3180
3528 1621
4677 735
4106 602
4907 235
721 773
1068 4650
3953 3649
4471 4161
4437 1834
2748 1491
4873 3733
4841 1744
722 559
589 3303
2609 4901
1519 4032
719 869
4359 3
501 4286
3142 4889
2920 547
4532 12
3594 255
1260 525
1520 1489
1665 4331
2137 136
1803 3219
3461 308
2835 3702
2913 4672
3720 982
4640 4123
4156 3553
2050 3581
517 1187
2047 1718
4123 1669
1223 4955
4154 4173
188 3277
1104 100
4349 4758
3615 928
228 3965
1252 253
2495 1577
2478 1239
1095 2892
681 3886
2395 4842
1007 3858
4295 4541
3662 4894
722 52
1835 4248
2270 825
894 2544
566 2745
3723 139
1292 2818
3790 1189
4524 3512
4625 3479
1532 680
4088 4599
4930 2645
4635 1309
1631 202
4933 3546
4622 2577
4523 3066
2136 2420
134 1349
2732 2752
1810 1729
1836 3745
4247 577
818 2096
4221 1027
1715 4138
2728 15
1979 936
2466 1241
4970 7
1670 3620
1918 4684
1639 3563
4082 1683
3150 562
4170 471
36 4150
1881 1339
1345 2548
2172 2066
1123 1662
4334 850
3361 1357
3468 2337
4481 98
1561 4032
791 4005
489 3882
2253 4715
839 4361
618 487
3684 1226
672 2413
4904 2447
835 4440
3705 982
962 3866
1391 3805
3447 1519
3529 4143
3336 4902
316 3660
3606 4490
692 3987
4114 1351
2274 696
2007 1018
4147 4799
2315 4195
2562 4484
3542 2718
137 676
426 1098
2452 2209
3602 3362
4086 1478
3339 2217
2503 4404
1193 3670
4136 3085
589 396
703 2400
4211 1489
1184 4062
456 4129
4344 639
2454 974
3168 3165
2414 4330
501 1748
2480 1891
966 3451
1460 4481
350 1193
4116 4070
3372 3226
2056 2646
3918 3824
678 4855
1017 2518
4861 628
4471 1550
1183 2669
4791 695
4028 4781
424 3070
3164 4032
3488 3227
554 3028
2197 4122
2502 438
4669 4766
466 4845
531 321
4822 3658
1770 2625
1689 2982
1876 4108
221 1235
4976 2459
1283 4401
378 4764
171 3088
1395 770
516 4342
4695 3503
2276 3840
397 595
2757 2783
4850 3664
3812 3634
3816 4610
1864 4368
2493 2052
229 3218
3658 625
3055 3366
3287 278
1464 208
883 690
3231 3352
1498 432
2771 1731
3659 1597
4344 580
4342 4357
591 1501
82 3826
497 2056
3052 4072
3184 216
1938 3417
2940 2313
2094 3849
2290 4192
4397 4589
4053 2159
522 3968
4604 2411
2937 879
2827 326
1346 1684
4699 770
237 4520
1194 4976
758 3761
4862 1265
4725 4762
474 546
4968 3647
2610 2847
2235 207
4738 93
1096 3024
4932 1894
1292 2174
2937 3102
1371 1108
4462 4114
1950 4392
2377 3964
4430 412
1358 3086
1377 1003
2632 3272
3916 1110
2308 3189
4005 1570
2695 4006
4096 3646
4330 1908
4605 4105
1791 3697
2786 3344
1051 3557
2093 3736
3373 1460
2149 1684
4222 2431
2138 1061
4578 3168
3615 884
1172 4398
1926 805
2988 4201
568 4754
2288 2459
2409 232
4317 4682
1269 3171
4052 1728
1009 3017
3471 2816
1140 1925
3436 838
4995 2517
1690 210
3203 2748
341 2496
1964 758
674 4665
1020 300
374 1324
3728 4921
3628 1192
2734 2120
2149 2111
4859 1909
2539 3249
2237 1138
3506 1151
1389 594
2975 219
1690 2922
3383 1524
4534 1018
3727 349
434 1607
1578 1053
1357 2532
1557 738
2785 1823
4169 2026
3214 3362
2616 4229
1395 2184
1552 1860
1026 4738
4198 685
4106 614
4117 4282
1058 536
3951 2393
3310 921
4355 4322
4844 4823
2203 4136
2368 1339
4388 938
4965 2608
4787 198
3514 899
962 2995
1090 966
4163 3155
3491 2997
1065 471
3968 3253
4003 1970
2456 4446
4496 4864
3554 4415
4838 1797
1426 1685
3554 4964
4429 4313
261 925
942 945
2128 3409
3454 2873
451 3455
3822 4876
3054 3536
4729 712
1466 3955
3586 2566
435 1454
3721 4399
3761 828
4743 4647
1929 1867
3833 458
1973 249
3780 3062
4424 1887
4327 4493
3148 354
1864 3142
4982 463
3547 3767
4369 4115
4970 4835
1929 1149
1711 1980
3331 3321
724 1697
1355 383
4332 3353
3071 3061
3437 2079
4796 4380
2228 4791
1033 4582
4105 341
2133 2420
484 139
280 1598
1465 1500
2219 485
1001 2669
873 4360
2981 4170
1680 2653
3512 1934
1500 4200
2823 912
4247 4394
4519 2072
840 2284
656 1429
3618 4616
2028 4267
2298 4469
2951 917
3152 4269
1444 462
1382 4892
3737 2692
4957 1281
2599 706
3411 2851
702 40
3931 2761
4599 4737
3977 2373
3647 634
4497 4801
39 1055
2126 384
4445 4842
2697 4847
4628 1861
1599 4699
4837 1232
2764 4278
3460 1571
3490 950
3874 1864
4684 636
4853 316
2025 328
1874 4531
3545 11
3213 1091
3336 1438
323 2572
3298 1567
4970 3945
1050 669
1144 1505
221 914
686 2822
4740 1789
4089 1789
4544 1212
146 1550
3843 1871
4748 2082
4942 3502
2747 1366
927 4843
2397 1565
3368 3300
1759 3689
4506 1178
2732 3503
3503 3229
3077 2864
225 3807
1209 895
4879 3432
3334 1383
523 2521
898 1049
2301 4259
4583 1410
567 1735
3436 1327
3679 3067
1667 4485
1293 2691
3268 3324
2534 3559
4917 1705
320 2880
3677 3043
4951 1744
266 3232
2128 4360
1263 3367
1093 2499
3054 577
4511 4710
1516 2526
3373 1368
1199 4516
1018 3257
4525 2993
4262 1375
1579 976
1663 3632
2408 1394
703 1459
397 745
2091 4330
742 2883
3581 421
690 2809
4164 3340
1896 2611
1987 1187
2682 3009
426 3742
1700 371
1683 4836
425 4631
4107 4249
2560 3883
2556 2446
4531 3997
4551 4393
4915 2303
1287 446
1844 4642
2511 3450
176 3832
4985 2475
617 4320
1267 1417
1686 4525
4747 2531
944 703
2597 528
2004 3165
4664 2922
777 3002
1876 876
1536 4112
3248 3746
3836 4170
459 1877
4211 3788
400 1838
4929 328
4767 4487
3192 4887
2807 2958
3313 2664
3837 4693
2389 165
3882 1738
82 4165
1644 2163
1249 762
1593 3176
1185 260
663 1482
2998 2373
4485 4532
2192 741
972 1711
2726 1957
4381 4488
959 1692
1867 3320
3209 2105
2720 1832
751 2225
3729 3556
2961 4858
4252 987
4942 2739
57 3839
267 2677
709 4572
1360 3085
3958 297
1595 4442
4727 3775
4741 1699
2306 3451
4731 3300
3475 3266
3809 1428
4957 3054
3791 3573
3274 2849
4567 1371
982 4
1208 2719
1045 1033
1593 4411
4281 4105
433 3576
3056 1532
4663 4599
1428 1216
962 2075
2047 1879
1912 1782
3876 3716
252 3389
4493 3147
1441 1405
3573 3548
3011 854
18 4620
241 1190
3870 4204
1296 331
3287 2328
4218 4556
3680 1839
4779 2194
1040 332
4758 3990
3635 2630
3063 992
2640 4471
251 4246
2706 3674
3656 3572
3803 1430
1042 1055
2001 2432
2014 4015
3630 1526
4436 1971
316 2180
280 1429
675 4810
209 1943
2093 2215
2400 4496
4109 2190
1140 1195
4436 1328
3909 810
1466 2787
51 4194
4249 4023
664 2242
3024 2573
424 3906
4371 4838
2497 2440
1352 1774
3261 744
4215 1128
4702 1755
3668 2192
4629 4195
891 3262
4357 4784
425 1367
2238 462
1470 165
3208 4498
2653 4517
2794 1037
1676 1546
2787 2106
4403 3561
1649 1581
1500 1762
2774 2823
1093 557
2680 2240
1873 2085
2554 3865
5000 2314
3639 1083
2674 281
695 4898
4078 2007
848 225
1054 1345
202 4330
3371 1527
1842 3183
4672 4158
911 3785
1066 159
1717 957
2218 1376
4029 4483
1461 1024
3544 4118
630 2932
2165 1628
3622 1235
1618 671
2929 386
687 4761
33 3741
1883 464
1594 3955
2376 4140
3582 3978
4978 3659
34 2129
3529 2036
279 4095
2233 4204
2957 1876
4956 3384
2334 3864
3976 4561
1291 2165
353 3253
565 4199
3990 4510
4722 1140
2107 4972
429 4169
2154 593
913 352
1568 828
1952 1965
4948 1003
4647 46
2521 3654
3318 300
4951 4937
2096 4370
37 1901
3834 2052
1288 3751
2484 4958
2493 2127
2238 2985
2277 3649
438 3521
1078 309
1821 3856
1551 3595
2802 3013
899 1339
615 3656
579 2962
781 3742
1161 3678
3774 4376
4116 3675
4436 2058
2080 3299
3970 4478
1267 1099
4134 269
3835 395
824 3891
4949 1237
4287 3161
470 2480
693 877
633 3794
802 3247
1794 1124
4414 2126
4127 1455
3426 2918
88 3762
4125 3709
2002 2153
2371 3288
1105 4102
1838 1892
4506 3587
4297 2971
3810 4212
1347 3951
2936 4221
1408 1832
4771 986
4955 2472
2854 2373
1635 2352
23 612
1688 4805
4583 4376
3033 4926
3244 2137
709 2054
3771 871
3578 985
2533 3782
2252 761
3850 3950
1298 3942
4454 2820
2528 1439
3876 3773
4766 1393
3550 140
4318 3578
2875 4190
1253 3677
2903 1505
408 1761
4265 2522
1953 3074
1898 1288
3207 1333
1158 3363
2947 2212
2955 4036
2536 3661
1738 2258
3430 1677
2226 2677
1708 1022
15 1291
1922 3942
159 1095
4199 4536
366 1868
2499 1177
4582 1645
1232 3533
3016 1510
4486 1073
2847 4834
3034 3716
2099 2619
4259 1512
1711 1954
4492 2091
406 4322
3681 947
3239 3659
179 4173
570 4912
4034 2180
927 936
738 3957
561 1962
2488 1087
2949 2847
4450 3361
4749 332
240 4695
3931 3043
2033 3125
4496 4230
1854 1017
4119 3806
4259 1568
562 656
1229 414
3869 270
1335 4406
2358 147
2282 4223
1014 3246
2839 3908
4777 1252
3091 2553
4242 2000
2056 143
1480 1455
3898 1006
4833 1431
2592 1664
4701 296
3846 4879
1570 904
4051 4322
2776 266
974 1982
1216 4303
3818 1982
1910 1162
1218 1049
4953 472
2970 1175
3219 4320
2291 489
1674 4473
744 3279
1197 1480
1343 3277
373 2973
4809 3493
445 927
394 2498
526 54
3621 9
3554 4931
4054 2389
301 722
4056 4874
1745 1470
3214 3295
2970 350
2196 2418
2161 1806
1700 4120
3785 3883
2193 2090
3199 8
2628 1027
342 4136
3690 570
550 2326
3175 3192
4143 35
3665 295
877 3529
1367 2543
1552 3226
1657 2767
2394 4363
3514 2444
4512 4191
329 3969
641 4654
4914 4275
4053 4497
4867 2701
1856 2215
1037 905
1434 4189
4237 2713
3298 2946
4874 3218
2527 566
2382 1883
459 45
4233 3195
2326 4093
895 2061
1 1366
949 9
4133 2590
4400 3112
3475 4801
1497 1704
4995 1752
395 3674
4914 4234
3796 119
2807 3122
3320 4701
37 3901
3911 936
3726 4382
1459 107
3019 4523
3228 1896
2802 3854
405 2965
4036 798
4363 1719
4977 3013
4 3546
116 667
1285 4813
1392 4421
3914 521
3396 3859
2739 2412
4283 1605
1715 1096
4473 3004
1839 401
159 129
4189 1330
2997 953
3178 82
3112 1491
595 456
3468 4052
1634 1129
2115 3762
3789 339
1221 3065
3950 674
4041 1809
3426 17
1330 1121
3216 3976
4185 4773
3037 1244
3507 412
4335 325
4411 1973
3241 22
2867 1120
1970 4804
4287 3573
3639 920
3894 2092
2569 2015
3230 3361
4850 3927
513 3766
2962 2204
2356 2599
3325 3104
2668 3646
397 3694
2212 1838
1124 3907
902 3492
1872 1345
3140 3329
3876 1353
1478 1070
3564 1529
3638 4955
2992 486
3219 4055
227 1286
4736 601
769 228
1383 4714
4926 2037
3724 2074
4860 2503
3323 627
3673 4649
4830 2862
1373 4376
4317 1303
4644 4637
2082 3318
1892 910
2420 1063
1740 3762
2150 1426
2063 2929
3177 3770
3416 4278
1590 2002
4791 3481
3255 4765
677 3237
3131 4395
2477 2573
1695 293
3920 3932
395 4312
2096 6
3884 4620
4381 3363
1917 3961
173 3394
1425 2893
2474 2832
4994 2861
36 2142
4051 1007
1570 2222
4295 4089
3948 976
3439 1802
4797 912
2229 4610
4326 2530
451 1635
798 4489
3106 634
3587 4105
3927 2552
1151 4673
1081 2159
2234 2231
2783 1498
3235 3654
1903 2265
714 3680
1794 1524
2605 1643
2051 2446
3307 3934
117 1651
1830 4435
4760 141
1449 1635
935 3165
201 4377
3630 3603
3637 996
419 3478
793 3888
418 1354
869 3673
3706 3091
1773 2254
4121 1777
2689 3686
2080 4609
4585 4603
3941 1599
3372 1928
943 2255
2429 176
2220 4268
3108 2841
4893 261
4124 3613
3085 4994
323 717
2471 2687
2950 2236
2405 276
4146 4308
212 147
1383 4550
579 3332
1776 4482
2557 2149
3857 4876
4722 1403
2391 1587
3168 4035
4276 4148
4753 1516
3627 4739
3203 1572
985 2821
3464 1301
1472 4639
2571 4244
1797 161
4890 4148
3480 2224
1711 2392
517 958
4225 2446
906 4382
1197 2629
4690 4484
4381 191
1853 2743
1863 2327
4274 1259
139 1386
1489 3589
2654 4785
476 296
2913 3538
3225 2784
993 4893
4675 4672
2814 4044
2181 2430
675 2444
3495 2810
1646 1416
3425 3989
3203 968
3000 3711
3899 1904
4235 1190
1470 1967
3539 1332
4331 615
3582 166
4147 1814
316 499
1265 2177
1107 4353
4070 3727
4596 2976
4827 3578
2990 2522
652 2868
2964 3178
1687 2386
1177 2161
2967 3833
1014 3323
4102 2666
2780 4468
3218 2302
2712 850
1045 1104
3474 4196
2087 4850
1832 3266
4100 2811
1656 971
4361 4613
2192 2230
998 117
3163 4749
501 4162
4309 3132
4939 3233
377 2932
4657 1150
1697 3751
2376 4212
3644 3344
574 3542
1332 927
1383 4236
1596 3836
704 3336
2974 637
4862 2304
3520 2988
2619 1583
4562 4141
1796 1452
985 2070
798 3757
274 2312
297 3122
4699 1812
4469 320
4139 1626
194 949
3859 1097
651 4236
1293 796
529 2092
1513 1163
56 4019
1003 576
4356 1
2138 399
2042 2062
4203 3072
4717 2463
3237 3371
4431 2523
3780 3847
2704 706
338 883
1722 3905
3246 2082
1822 1980
1997 2445
3177 459
3992 2751
288 258
3735 1123
4958 3687
3678 2443
4833 4421
271 1352
1191 1967
4138 4496
968 1628
373 4849
2962 3986
4140 3097
2289 2049
3620 3707
1368 2706
1363 4709
822 128
2677 4505
2828 3869
624 4930
4016 2913
2854 3311
4585 3661
3025 4225
2108 3850
2558 2883
590 3650
1117 4474
2350 1798
1572 2192
2725 4968
3071 4236
2714 1418
3010 3353
4074 4653
2825 2820
4879 13
2149 4022
2165 4325
121 3252
850 4017
3479 744
3136 3792
3486 4641
125 1890
4973 543
1414 4236
1481 4714
4007 3268
2876 3221
848 1519
4552 460
2704 1641
2790 2359
1153 4852
3436 4692
3811 859
2875 728
3465 995
3964 3651
1285 226
1130 4444
3530 1959
1497 2964
3156 363
4144 342
1396 3283
970 1181
4910 4316
910 3324
3578 2192
2209 3638
1983 1987
596 3312
2469 3304
3064 2658
678 4293
4422 394
4110 3599
2414 201
1900 3977
1751 1016
2566 4512
4436 125
534 2099
1448 2288
1209 2647
4513 2051
271 1341
118 2338
709 4249
1606 1946
692 1647
1808 4788
1846 4810
3081 516
421 708
193 229
1927 4491
3032 3615
3989 3964
2841 1043
1956 1332
4986 1597
3204 4771
1191 3938
4996 4201
3596 3330
528 4746
3723 866
4704 937
2553 1522
2711 3039
1311 943
3773 312
3612 1235
1777 1167
580 2199
2131 1761
3395 4247
2745 1405
832 1371
1731 1725
1991 899
1492 2112
3125 275
2545 2222
1588 3035
3656 2568
830 1111
1009 2780
3283 3880
3525 878
1432 1725
1603 3720
2073 624
1889 4161
3858 4247
2438 512
4367 3165
4566 4083
695 3184
4651 1312
2865 793
1142 1810
597 2709
2288 2775
2207 1621
1493 29
864 2343
1396 610
4028 1171
315 3839
2543 3270
3036 3011
3708 1057
2433 2924
2707 4796
1916 2847
4771 2080
2532 3061
2099 3459
4815 1642
953 1813
992 2582
340 2052
4666 3271
278 3431
2759 4775
4081 2405
3143 1159
672 4094
3328 4438
3333 2259
1395 967
4619 2941
4970 4133
3486 1761
1335 18
2843 1568
521 4166
3060 1185
1736 1392
2562 3719
3021 855
1390 803
3030 1789
3301 595
1957 566
2193 3956
4952 235
1358 101
2504 924
3149 435
592 923
4229 2209
2363 2462
3553 1275
960 3521
4638 3873
358 2649
180 4394
216 1263
3535 4429
3918 3175
2614 4075
182 4200
2324 3406
1013 1828
3460 1874
414 1724
425 985
433 3086
1161 1506
1546 2862
4135 3643
962 3226
2826 4699
2848 2953
1124 1828
4613 2753
3638 4082
317 4671
4647 871
2249 783
156 50
3439 350
3058 4768
2549 1597
145 1242
4313 240
3254 1918
1898 3050
2904 4593
3081 3730
3842 3679
1769 3696
2941 3495
1870 4657
1755 573
4632 2398
597 703
4864 547
4820 6
3533 3444
455 4872
4988 2283
576 1529
240 4956
1146 220
4836 2865
813 4701
2664 3502
3938 1235
4272 4974
660 4127
4970 4602
3216 2640
2887 2254
4195 2008
241 233
3147 4035
1172 543
4537 3159
4407 1378
2772 2111
4150 842
4506 201
849 2734
1398 4732
1770 1040
1169 4400
4648 2709
2699 3089
4766 489
569 4244
3809 1238
3217 2725
522 3694
3309 4544
3519 2307
2055 1763
4999 2131
4322 1443
2919 2956
2072 4017
4045 670
305 4128
1199 3417
1393 3848
149 4286
2721 2965
1099 4184
2927 1965
3800 2367
335 670
3300 2938
3879 3743
2732 4237
4973 3756
2056 2075
560 909
4947 4460
3165 4101
1800 610
2773 696
3694 433
4990 976
2093 770
4777 4768
2589 3385
3762 720
1628 250
1154 1241
4939 1164
539 2941
1504 4898
3655 537
2379 4664
264 1316
206 4022
4446 4013
3419 809
2950 1711
902 1405
92 4043
2161 2602
519 849
195 410
3162 339
299 1788
1874 978
3846 3234
3146 3749
3659 3874
3095 3627
3099 1123
1054 717
2518 4226
4310 1896
130 4047
1289 2744
3106 56
889 3210
2973 3032
2076 4500
3160 1968
1884 3227
1974 4012
1256 1129
2907 3835
571 3055
554 910
4640 4927
2010 3693
3622 2429
4170 4159
4133 3835
3248 3288
4618 4002
2028 166
3906 1227
3164 2508
1182 2592
1562 1732
1765 4087
779 3737
4778 864
441 1458
3004 3152
1575 3131
2368 3859
1029 3914
3152 4196
939 442
2450 4149
3295 629
4413 494
917 1456
4332 2374
3313 3100
640 1670
4957 2933
572 225
235 638
4808 2830
2145 2769
478 3622
3298 3294
2092 1903
239 915
61 3258
3922 973
921 1103
2992 2281
396 4783
3768 817
82 2541
3647 468
4346 890
970 1519
3436 3485
764 4936
4586 3688
1666 548
4685 243
4508 4886
2670 4015
2258 2086
3183 1252
952 2899
3489 929
3669 1877
3804 2612
4896 172
1360 3442
2911 2591
3374 3830
3109 1552
3476 2662
377 2956
3607 2205
2820 3156
1804 2144
1108 923
3744 3545
880 3323
3864 4426
3559 3486
1628 2067
3299 2448
3537 2216
1051 2760
2371 1806
3140 910
2384 1095
4107 3223
4337 3814
3655 603
638 1040
1295 2712
2158 3937
3554 1441
1344 3910
1910 848
1006 1731
1552 4854
4669 4407
3984 3183
2122 3744
4774 659
56 4719
4719 815
1593 3763
3787 3352
44 2484
1461 45
3913 4498
2838 1676
2713 402
358 3855
1601 2323
2355 3903
1693 1067
403 420
2748 3710
187 1681
4627 3911
930 2398
3173 1783
3985 911
4023 2444
119 3851
2519 292
3905 1091
121 3876
3927 4390
4952 1674
489 1249
3921 721
2082 4076
3254 1585
784 1958
1692 2215
2677 1481
2409 665
2914 2978
2676 709
4985 2942
526 1066
1019 989
1941 772
4248 2097
1452 3624
221 2183
320 3708
4994 2010
2632 2726
4367 1
1233 3715
4169 2128
1923 3379
4291 1079
3287 3799
87 1583
1666 4651
1904 1110
822 1380
4092 713
4257 139
2250 2885
894 2542
747 335
3252 2103
2791 499
2432 2347
1449 4215
1661 2197
1705 3768
2895 3742
2 4426
2570 211
2256 1105
3646 1324
2907 3982
2774 1618
787 4065
1742 2375
4903 4153
1246 2029
1928 2591
1854 3754
4739 413
700 1406
3003 3646
2237 330
3660 3777
701 2317
4733 969
1080 1981
1868 2146
799 1859
1832 4701
579 3390
2358 1680
3031 1252
1738 3944
2658 4544
4688 1591
4857 3014
3821 4332
810 1322
2993 3465
1559 4474
4245 4864
2448 3199
976 4760
1475 45
1913 4655
3621 1753
4045 2244
444 1562
2971 4594
1061 1840
3017 2283
2015 256
701 495
3869 126
4737 4867
76 251
2239 1666
230 799
164 2946
2267 3283
1426 2561
4651 3161
2799 3839
3635 882
2929 2767
2552 12
1148 3350
137 2688
1452 3106
3749 653
3190 1974
939 4458
2613 300
3288 2132
1636 1649
695 2244
307 3461
1832 1566
4357 653
3766 3701
3256 1936
941 2597
1859 2725
3305 1414
550 1219
3951 4937
3190 4439
4423 1034
1513 3797
905 2067
1334 4487
1985 4532
2897 1433
1299 4748
3305 692
2449 37
3088 3783
4706 4951
4728 4194
758 3123
287 1142
3636 709
2380 1744
1008 3623
3788 584
708 1470
4201 720
1349 4485
496 1468
2658 1245
3212 1244
4231 644
588 1179
4185 4766
1088 3383
1463 1353
2141 155
1000 4532
3737 4042
1019 63
449 7
378 4677
4425 2639
4798 3214
1134 66
1043 218
3009 3745
4971 3835
3680 957
1310 3372
3918 961
2113 2272
1399 897
1377 4164
3538 3595
3094 4670
4380 2724
3503 226
1938 4526
2966 1859
3596 3875
3286 4286
3839 4404
2281 26
486 3156
1400 369
3859 145
4290 540
1004 2991
54 1016
1303 1200
45 4539
2262 79
1366 805
1104 1611
4873 4078
3444 116
3713 706
1909 2327
4625 4781
3975 1072
333 1815
1230 3402
3060 887
4738 3967
4340 4354
4631 4976
966 1292
4956 2859
1029 881
835 4441
2497 1206
1397 2424
3306 3133
952 4945
2159 654
3278 4671
4865 4819
596 2116
2434 364
4035 3214
345 4653
3417 1789
2553 1206
4429 1344
1124 1942
1740 4844
2554 300
3590 4270
2822 2733
3438 4393
4325 4551
1527 3750
777 1529
4997 1632
1166 4664
366 3445
3677 474
3550 3586
1465 4513
1645 4431
715 4762
4418 2172
4606 33
1922 117
3401 1169
1159 4723
4163 3751
4867 414
2897 4979
1013 3957
856 2214
2180 2740
1597 496
3688 4317
778 4703
3988 2120
4033 3742
2522 2566
329 1906
3759 1480
1921 2559
42 637
2736 2281
4033 1819
2544 737
3308 2597
1903 4107
2534 1500
3111 581
3324 4621
3335 819
4191 4733
453 2433
3815 4664
1294 1394
2527 3594
2998 2165
3061 2682
2668 234
583 3395
1464 3669
1229 1103
1575 400
183 3267
2007 2208
2022 499
3667 3246
856 786
3920 2306
4292 2415
928 4834
1368 348
3254 3426
412 1444
4442 772
272 4684
1949 4465
153 1439
1978 2453
967 354
4562 2110
1207 1557
2564 3581
4758 3225
3233 3586
4315 4213
4334 2737
3434 1833
652 600
672 519
2793 3731
3649 3814
4396 3778
4863 697
375 4483
4034 2150
3001 2616
51 917
1167 801
1552 4176
2254 3596
3476 4056
3773 151
1788 3250
706 3428
3563 4622
4987 2112
1887 650
3044 2342
4521 233
2138 2104
1916 479
928 2755
2276 2193
2966 4166
2995 3633
3933 1745
3629 1377
1961 3544
4211 2030
3373 2734
4638 3540
4443 1004
4274 186
1845 1750
899 666
2617 397
2515 2726
4146 562
1115 1717
1546 1299
536 4113
4485 2575
37 4494
129 4151
942 3960
954 1811
3747 1095
1629 4956
2500 709
3691 632
4789 4069
3279 4524
4186 835
4955 2760
1350 357
1599 4567
1496 369
2696 3771
3938 1745
3482 1471
3033 4634
3182 3355
4097 2279
1357 1785
3309 95
76 4975
4437 1967
1620 3447
1733 2923
3219 1971
2571 4127
3647 1507
194 3510
3161 2725
4300 4877
1974 4227
684 414
4147 1617
374 4037
2893 2673
2555 65
1703 1136
3665 2432
3113 1837
4239 3029
2948 2568
729 3194
1432 700
561 4751
4771 4800
1958 2814
389 1198
3067 4877
2249 5
3389 250
4539 4265
3193 78
3928 784
2785 2389
2914 2588
768 467
3563 1034
3890 127
4981 534
4487 1584
1722 375
2406 1390
2966 3287
3305 3500
3804 1862
1203 781
2187 4913
4222 3942
893 3586
1222 1700
3208 3686
2768 1489
3156 3812
1598 3110
3823 4245
3456 4477
4238 1132
3265 288
1584 2922
1848 2968
3151 2952
2919 3316
1709 3800
3183 204
278 361
4225 3426
3169 1902
1798 4064
1192 3946
4194 4594
4414 4473
702 1211
4956 529
2755 2751
252 58
124 1519
1240 1972
3509 3720
1889 1987
4886 4104
4869 3782
2610 4026
2554 4842
1606 3380
3456 4520
1927 1309
2043 722
3684 3304
1894 4867
4309 4597
2166 1495
3233 3570
2194 4272
4818 1729
3763 3331
4153 4212
2500 3014
3867 330
1455 233
2147 4836
2048 3176
3151 2887
1732 3619
4355 1715
3957 3356
1813 4529
4996 4146
4504 4231
4010 1723
2686 4193
744 249
1698 4952
3533 4787
17 3188
768 4754
3048 3865
156 1459
1009 3601
1056 3679
4129 1627
2384 4936
4222 3154
117 1369
4068 3012
243 1864
3881 1713
1622 4667
2911 93
4892 1237
2791 1842
2214 3675
4073 2855
3758 1644
4352 3838
983 3083
2200 1905
1866 1730
445 563
3528 1947
2371 1153
3925 980
1725 4127
3390 694
3066 1725
664 1805
4656 2447
3758 4274
3231 4783
4899 692
322 929
43 4983
1204 4864
1243 2456
2196 4148
4830 2564
4902 4789
373 4568
1554 4987
4165 688
4909 269
1431 2968
3030 2899
2182 1787
3950 3995
2395 2951
4706 2990
3882 912
1921 238
2771 1900
4657 2731
1921 3399
1843 2369
1301 4505
1231 2651
3634 614
2524 4664
247 2547
3605 108
860 886
3946 3067
122 1344
383 3622
2215 1555
2528 3644
4918 1100
3959 1574
793 2407
3381 2334
3052 3498
39 1749
3877 4073
398 4568
2199 443
279 4237
2143 1820
3579 1207
4422 1784
2662 2175
3599 4928
476 1714
4509 1446
564 2076
1008 4469
1134 4526
2332 3409
4319 32
3539 2678
2122 2229
1589 4667
4714 712
1960 584
3222 177
1338 2317
3768 4946
4493 1365
4309 2348
1546 1772
1808 4445
1751 1383
3218 1112
3790 4339
11 3570
2975 3979
2571 1069
1072 3860
2429 4284
1293 3444
1562 28
3539 3924
1939 291
902 2472
4661 2318
2287 4949
4305 3532
3671 2716
1713 4470
561 3761
3265 4920
1857 986
1406 4512
3 4179
2783 1240
908 347
2092 59
4785 1124
4356 3328
3032 4834
2593 1057
313 4988
2055 4472
242 795
2449 2105
2901 4079
4823 2113
3425 4425
1232 783
3306 388
2974 3559
647 3049
244 1713
2476 1785
392 3304
3403 3714
4856 848
3664 3096
4445 863
4220 1828
4432 2648
780 1807
2521 4592
984 3760
2080 4123
4048 3049
4236 4072
901 777
3921 235
1676 3894
2440 2324
4775 1756
4326 3621
3678 3303
2375 1627
3481 4468
822 652
2338 3586
3183 600
2713 3548
1075 622
4458 72
158 199
1565 4906
952 4200
2364 1190
2668 3907
268 1370
3468 4440
3377 2393
3862 3689
4485 4292
3640 1885
3490 4155
2476 4561
324 2122
2516 3418
460 447
3162 1539
4114 1711
218 4991
3389 1746
4189 1270
2577 593
4799 618
3206 291
2826 1303
1411 1826
4725 1067
495 556
3620 2136
4950 642
1699 3769
2557 2549
1929 4711
765 1746
35 2652
828 2913
2039 1512
4211 874
2753 2600
3504 3199
4138 4422
2599 3642
4594 1894
937 1431
2897 1610
2414 682
237 1290
1400 325
979 347
1074 80
4302 4020
4597 3504
2901 2566
1616 4401
4239 2908
1562 2098
4300 288
4397 2171
4608 4900
2649 2238
824 3728
3782 1071
1128 329
4674 3536
3805 1915
904 398
2225 136
4512 2440
2403 4896
3422 3838
2219 1302
4903 3057
1865 667
2006 170
3498 4820
399 3061
2704 456
1892 343
2363 4314
4185 4878
3383 618
3055 1818
4958 4318
3660 3206
1565 1644
4578 4062
1070 3184
127 3381
4583 2571
4255 2155
3723 957
3740 4110
1358 2326
2173 486
3817 104
397 1018
4419 4631
2568 2817
4121 4277
2545 4839
3957 277
3311 3096
789 2915
3083 1576
4708 1990
1570 4280
756 3377
4091 1726
2752 2819
954 933
1892 514
145 2540
3242 1928
4728 3917
4620 4136
4433 4256
4312 1042
1755 156
3616 3589
620 4456
3089 951
3316 4605
2778 4734
3117 1682
3733 1158
1082 3244
4852 2287
4220 3996
2660 3473
3388 3867
3162 366
1279 4144
217 3633
4961 942
4440 1947
394 3426
3607 1085
3851 4570
1247 4500
4295 2470
976 4662
2390 1506
1487 2538
640 4175
4133 783
827 526
2777 56
471 4123
3460 1331
3535 1049
1882 2046
4265 3424
2792 39
3804 1565
4124 1259
2738 3792
2478 573
3075 660
538 4385
2163 3956
2646 4377
102 2929
4227 343
4483 3404
1102 1976
3674 4175
3577 470
419 3208
3364 3114
4449 4337
4672 639
4400 4508
2405 2617
1861 3573
3682 3379
3271 3204
2311 3260
3903 2708
3335 3583
4763 3063
3384 890
4592 3847
2953 3606
1526 727
2955 4427
352 648
3161 3715
336 2907
2646 1837
2003 3115
2920 1591
1479 2880
1694 758
2523 1769
1161 4212
4311 1260
3192 903
2315 3290
4719 1747
3914 4774
2316 3599
2094 3308
1829 2537
2791 3162
3788 4102
3404 2023
3246 3423
4168 880
2837 720
632 3838
1368 1287
2166 2738
2375 1828
2282 3064
686 2474
2521 203
2771 1301
2199 2477
4098 346
1026 495
1084 793
4121 1984
1188 1115
4365 718
3027 2592
2387 1787
3139 3582
4471 1423
4616 4209
571 4159
1413 849
3593 4402
3738 3933
3893 997
2312 2327
1831 3258
2411 3240
1461 4256
71 4767
3787 23
3342 4776
4961 441
4314 3125
3987 3473
2353 1827
325 2064
569 907
4859 119
2066 3257
1437 2001
840 4093
4237 694
3737 4538
2928 1479
748 1838
1786 1272
2408 1890
1583 1155
3904 3185
4143 883
883 1148
2605 2358
1778 2013
3153 3168
3712 2308
1719 2407
1488 3796
658 36
4656 856
4555 2019
3838 1769
3145 633
2315 46
4803 4694
2005 2721
2164 246
2711 3301
2067 1731
3115 43
3634 4293
2850 907
1877 327
4618 1395
3915 2758
4970 2184
2848 1962
3506 317
1336 833
2085 3745
3332 2223
129 871
3853 2584
3248 146
4404 5000
4570 4859
934 4231
4219 4278
1140 2101
1544 1543
146 3229
1864 3583
3926 1595
2176 862
2991 2885
951 3651
348 3521
3783 2759
4012 3914
1209 687
4090 2662
2359 284
4715 4046
3523 4447
4580 4311
4390 378
3530 2612
1381 1913
972 4911
666 2449
4019 3055
4575 4210
1864 3923
530 905
2490 4004
2451 644
2553 2644
2275 258
555 4052
77 3827
3724 3312
828 2786
4390 4980
3033 975
1236 3548
748 2350
1947 3238
2967 4472
1492 1567
1172 1149
4800 2106
1022 487
576 1871
3987 2485
2685 2360
445 647
3584 1535
3080 4406
1880 3940
978 532
216 1053
1157 1348
2002 1621
781 530
2619 1224
2113 1724
1481 734
3405 1499
3492 2074
1413 525
65 4157
2079 1601
2634 4023
919 2955
2957 716
2011 3820
353 533
2674 2508
2986 1106
1641 111
3968 231
2649 840
1384 1121
1617 4990
3202 4913
4353 1992
2282 1232
3175 2891
2412 936
3159 2262
543 2039
3990 2182
316 479
2312 2559
4752 4411
1636 3849
653 3089
4949 3104
2101 2229
4278 3487
453 1840
3775 748
313 1412
4093 3238
1904 4672
3233 2871
2211 679
161 2508
1602 1337
1488 2073
4903 3885
4070 1681
362 2382
1387 3972
4083 372
4280 3526
4165 2304
3350 3070
997 4051
322 886
3028 442
3365 2694
1766 433
4429 570
3503 840
4377 1346
4243 245
602 3307
2257 487
1510 135
2616 1439
3723 4195
987 266
4961 1289
1679 3449
3760 2485
3239 2082
1285 1165
2548 1477
3392 390
1816 4918
4349 3496
2050 2312
4332 2028
4057 3594
1191 1281
2022 3992
3507 546
1111 3763
1251 4747
4074 3502
1944 343
419 1924
4012 2294
3014 4115
4060 2603
4069 2210
2207 46
74 2910
4535 762
2814 4305
2027 2348
1752 2163
3716 3666
2723 3159
1208 91
4336 2769
184 4104
1775 1966
2644 2290
1522 43
3385 1627
2176 2579
3512 3488
4369 3158
3303 4866
2921 4491
1432 3909
691 4223
3948 1376
1002 3369
1072 2823
4671 1255
4834 3669
4930 2479
3152 2503
2550 1903
3514 175
2218 4703
34 960
1848 3432
4921 2563
3217 1661
766 246
1530 1602
2814 2358
489 2382
1600 4413
1693 800
514 44
1082 4985
2684 3927
2432 3850
520 2707
4674 805
1401 580
193 595
239 3550
642 1323
2798 4246
1492 2273
4224 3530
3408 1095
330 2860
1860 1137
1848 2591
4528 4714
2509 1042
674 942
1020 3990
4520 837
1593 976
3369 100
1966 1776
2656 952
2343 2047
884 1583
1447 4165
3064 23
1161 4835
4615 1272
234 1654
137 172
2151 3532
3366 620
1164 3812
4338 3832
1203 1399
1691 2613
4517 1203
3249 2735
2727 3754
2574 1410
4692 81
3903 705
1592 3406
3329 4506
3507 2819
4884 1077
1154 198
4610 4986
2026 3120
1388 2473
3340 2834
1689 22
497 51
3800 3309
1676 1018
3398 1150
2337 503
2931 3418
1575 467
3897 3285
1442 1464
2785 2456
3882 2787
3091 4982
2107 2705
4097 2441
3133 1413
1034 912
3774 1923
2476 870
1197 3495
1435 3558
4788 3965
4295 3835
2752 4467
4973 866
3856 4593
2835 2447
1361 1598
279 4707
3399 521
3973 2931
1398 1341
3534 4015
2098 4246
3194 2044
832 2384
2287 1208
3620 871
4690 1090
4747 4534
1210 368
2296 1221
1725 550
4610 2323
3568 4694
3113 833
1325 1891
1925 4423
498 3202
3758 131
3902 1937
1443 694
4296 2503
2353 2817
699 598
4193 3420
4317 3178
4051 4330
3577 4934
1140 1520
2365 2709
1190 1947
3585 4115
3271 2594
6 1701
4802 690
4114 4806
733 3992
2014 1526
4039 863
4232 1540
743 3755
1051 617
588 1692
2820 4223
2491 3122
147 1243
1313 1971
3400 1027
1560 4458
4215 3997
3849 4858
4091 800
4596 1956
2179 2217
1590 1303
3524 398
1155 4818
1209 4295
2703 1334
3058 1215
3866 504
3438 3400
3794 3569
4550 827
2655 718
4601 3056
4462 3882
439 959
1561 2664
3137 2419
1874 4071
1434 1444
4408 3159
4203 4634
4587 3568
129 4712
1760 4681
4075 1275
1544 1233
4064 205
3199 1267
1659 681
2739 917
4217 3653
2133 2690
971 651
2614 4665
3774 2357
412 1930
3998 2370
1915 4841
4093 4966
47 57
178 1960
209 476
2711 1981
1489 965
4595 927
2638 2573
3112 3010
3081 1054
3410 2818
1538 4046
3371 3490
2236 3419
1986 3382
4407 132
1214 1598
2541 2818
3416 4795
887 3908
748 2314
2679 592
125 4333
4407 1012
605 1389
4587 4738
2955 2024
3804 2025
3649 1888
1444 2459
2120 3077
1343 1854
2270 510
3560 4425
2172 4253
1641 3122
343 2072
1573 4143
3184 2153
2672 4667
2627 2572
1188 4121
3705 2367
1512 4486
4692 2647
3044 3300
2180 2031
1491 3631
2357 4573
1700 2647
1585 2486
3482 2931
1469 2729
2511 3593
2261 570
1530 4601
4845 3954
3728 38
4737 2467
1397 1529
4583 1648
402 3110
1791 2953
4780 1807
1237 838
2303 1119
4155 4819
617 269
3764 1684
1084 4160
4950 3437
4460 3242
2618 4810
3360 4074
4517 3185
1564 3358
2656 3981
4230 4554
343 3628
450 3416
3984 3847
3320 4869
1776 4167
4260 4551
4621 3399
4228 4245
2346 3877
1984 1251
2452 3185
1258 4675
1988 2555
4332 861
1464 1260
2338 4282
813 449
134 3206
3625 4431
2500 1083
548 3506
2923 3659
168 984
4411 1202
3666 2942
3314 4712
4371 4465
1605 3014
1748 3864
872 3284
4441 2715
3709 1641
4297 4389
2461 4607
3846 279
2230 3689
4694 3599
938 818
4112 4894
1360 234
3659 4980
1020 78
4578 2770
3561 4168
1859 1017
3723 1498
2767 2447
3430 2762
4911 2193
1664 3586
2846 1640
3508 4772
1778 3204
312 956
2501 990
3869 1044
1272 1297
4650 1723
3351 2000
3826 2565
1056 2287
2458 598
3858 338
4913 3205
1583 392
1826 2419
4843 3449
2766 701
4428 2803
2737 1535
278 1509
4520 4493
2067 3743
605 4027
1487 280
2473 144
1887 1795
117 4983
1304 68
4481 1145
4675 575
4876 3318
1481 1185
11 3661
2166 1527
3414 2392
3573 2537
1713 415
4246 1875
341 2356
2135 3683
2110 137
3374 1578
864 2691
2177 4990
126 969
1555 1910
4225 2686
3922 3292
542 2544
295 1739
1664 2112
2534 1474
474 2944
4386 4120
3259 397
4587 2674
4858 2191
3900 2377
3199 4647
1139 2063
516 2790
4916 2100
926 4916
488 2662
1763 1205
4636 4917
3757 3131
4053 3765
280 1788
1219 1172
2883 3566
2496 313
4340 2220
286 4341
2026 2049
1512 4584
522 292
2672 3778
3932 721
2210 1566
4839 3260
3714 4862
3372 330
4909 1513
895 2002
3704 861
638 343
527 2507
458 1265
1747 3102
2019 2217
4620 3373
1188 889
1549 786
3760 2857
4258 4981
2082 2628
921 4629
3623 4806
4665 1944
2381 1353
3432 862
3850 1202
803 4404
4238 33
2485 217
4570 2512
1512 3695
655 1229
3277 4158
3553 4697
2450 4870
3648 1598
4798 2951
2574 446
2356 281
3707 2695
2589 43
1402 3804
3689 2472
693 420
2625 1556
223 4087
1775 372
3628 131
3424 45
4984 1734
4337 2815
3546 2002
4080 4320
4820 588
1936 2768
4035 3276
3378 471
1523 916
536 2523
1085 2367
1643 3804
1085 255
3891 4146
4635 1124
762 373
3774 4891
3142 2110
3532 4805
4316 328
793 3662
920 2542
440 2307
3652 3445
2818 1844
4098 4838
3453 1867
4629 3492
200 991
3411 3072
3903 2812
2914 1995
858 3728
2977 2930
3743 3158
3684 2561
2630 3338
2292 2465
2783 1497
4634 997
4696 4984
3631 816
295 4930
4034 535
4786 1597
3929 3513
398 1281
3624 3205
2003 1338
280 4288
4337 4104
4462 3763
4685 4912
485 3290
2303 1538
3776 3392
1207 71
3872 40
4219 3432
4694 584
1364 1399
3850 3669
770 4140
3395 581
3825 3271
1079 4454
4592 3296
4552 4395
150 3459
1343 3933
161 3994
3477 2894
5 3737
3564 4055
4668 4790
2098 1094
4619 3783
2317 1499
253 4902
3867 2148
2643 3755
3558 2597
3161 752
2796 4909
362 3367
1841 1216
408 4683
3672 4185
4237 2710
4265 704
1375 3345
3850 4827
1971 2273
3525 2057
174 4637
3059 3223
1046 3068
1395 4897
1673 4378
3151 3218
2595 3644
3985 4273
2279 3475
4287 4888
2997 2514
4885 3023
4721 3509
4783 1670
2774 2855
3177 1327
2240 2207
943 1736
221 593
3721 1879
3035 4654
7 2460
1215 3095
3914 3094
3607 1017
4497 2899
1114 1673
1918 1707
3941 656
443 3032
3005 2458
286 734
1684 4523
982 2705
2125 1677
1932 3905
3069 4156
2393 3323
1693 3451
994 2404
1300 4781
2492 2082
4375 4985
3965 2508
3444 3641
3421 3044
1899 3658
504 999
4594 2179
2919 1689
1580 3239
218 4873
1597 3474
2046 2124
982 3699
3345 2754
994 2432
663 2392
3773 1037
1893 2100
1371 3996
2231 113
3040 4438
4135 1572
3383 4467
873 2578
2814 2333
3020 4308
2170 1786
3377 1469
2996 412
2509 2148
4845 4293
4740 2182
4110 2676
4402 4192
1062 1667
363 71
4930 4105
2296 1799
3198 275
4544 198
4041 2604
1786 2350
3866 3653
1643 655
3809 559
100 1804
2093 787
1850 4279
4365 459
977 3018
251 1958
778 1625
899 1571
3565 532
2442 2788
1823 1287
3596 2404
3494 2826
460 2930
1351 2366
2620 3895
4601 4697
17 4740
1222 3334
4215 3545
3574 4327
1495 3383
1440 2657
98 1670
4237 2837
3094 2251
254 855
1664 686
956 3132
3351 392
3664 3771
75 1593
4966 3621
3398 1523
3242 4169
4998 4677
1312 4667
514 244
422 1951
521 3901
4474 2683
3665 1465
970 4196
4516 2570
249 4012
3102 962
2265 1549
77 1686
3299 3228
4666 662
3343 2387
3088 1679
1760 1322
3897 4019
4070 3866
2907 4326
1792 4612
882 458
1273 1331
1651 327
2284 1585
4896 861
4993 2396
4680 4220
2150 623
1235 1365
469 3292
3421 3123
2921 3875
49 3427
1215 2282
4975 2471
2816 2984
3789 851
2224 2579
1255 2789
1424 2318
3852 3052
2289 2033
1097 2415
2317 2571
1052 4667
4911 1368
4782 1230
2991 4818
4115 2140
4449 4833
2280 1944
2040 1054
2546 602
4699 146
3541 1023
1348 1541
4658 1333
3383 828
4873 2377
972 4116
4569 276
2221 683
3017 1016
2472 2939
1216 2581
1200 1525
4631 3957
1760 3711
2358 3992
4166 2475
4487 788
4175 2732
767 2126
3862 3327
2420 4540
868 4588
4242 1723
4255 4104
2035 4313
3382 3326
156 826
1765 2097
3520 923
1343 2058
2242 2546
417 3233
1978 4579
1146 2369
3089 3115
3722 1400
240 3908
2910 1256
613 1143
2775 2228
4408 702
565 617
3235 34
3910 4779
2158 4731
485 3321
4124 1144
476 3814
1280 3486
1100 2162
4791 1581
535 3624
292 4889
3998 2278
22 1483
606 4973
3349 438
893 513
3982 4326
4202 4288
4029 355
2744 696
2856 3771
4417 2211
4672 943
3804 3305
4 1118
4307 1044
1333 601
1034 1464
1751 2148
2584 371
4768 1917
262 159
2543 4680
1643 1837
1188 3639
3408 1739
684 263
2270 2881
4823 1003
3016 2797
2996 2746
561 1457
319 1203
3064 4370
4033 3331
1489 3867
1333 3107
831 4774
611 1889
4868 1036
3563 916
2012 4276
3178 2975
2173 4910
4823 4750
1864 3765
609 3325
3583 4320
4376 1844
3577 1337
4046 3227
2458 1070
3139 2990
3311 582
1859 3188
3421 564
2955 1375
4338 2703
2432 2173
872 3329
4694 388
1138 4145
4198 2659
2767 2599
2806 2680
2136 3659
3534 3971
3590 4408
2922 2188
4652 2291
4566 3945
4319 4409
258 1755
2921 3309
2361 3155
1971 4826
68 3645
1063 2410
3407 1920
1961 1515
533 2465
797 4972
1456 803
3747 4125
23 2440
3760 2074
4243 667
4337 4357
3495 4496
3851 2462
55 1566
3491 1277
2427 3549
2434 4897
4316 4483
4476 3058
2771 2464
168 3710
3684 3903
1537 2306
3354 1036
2993 269
2187 2865
2268 279
3317 3562
4411 603
4268 608
1498 3557
3712 2430
3107 1197
1679 4943
1523 4766
4388 3074
2189 2259
573 4453
600 3648
2236 4033
985 1311
2812 2749
3456 1675
354 74
4516 4548
3522 469
4000 181
1772 3244
2952 4886
3084 1572
1789 1358
4663 1196
4852 3436
177 2631
1829 472
3483 4862
3502 2251
1079 520
2187 3267
705 107
1056 3644
155 2555
120 547
4098 180
872 796
2949 2893
2849 4483
3671 2879
4843 4381
2603 3686
3392 2909
4517 2115
3988 212
2128 4883
3172 4243
603 3947
4261 1781
258 662
1496 4494
3776 1216
4075 1049
1596 2485
4506 2509
2748 4718
1947 4297
4487 4868
4164 2647
3217 630
3802 1831
1066 3214
2630 1896
2782 4489
1251 2089
74 1465
4021 3739
1609 2499
1791 1584
2896 4752
1900 2780
708 3005
1016 3117
1084 3086
4646 3921
237 721
423 1465
1832 1817
3535 361
744 3223
1178 2503
2063 2813
2995 1572
3565 2981
3686 189
2347 4271
983 1429
2258 3351
2219 1614
2013 1508
344 2942
4097 908
2909 1202
4974 1574
3142 3319
3574 4438
110 456
3395 2655
664 3549
2206 3366
843 3725
2407 402
2896 2320
581 666
4442 2482
4059 202
2801 1489
2904 4720
832 28
2892 2600
3969 3138
3670 696
3428 1467
3209 4508
1840 281
2793 1758
758 4286
4535 4925
1999 4575
4479 3926
1009 4552
4738 3122
2318 31
4153 419
2447 1897
4802 3135
4785 2920
1062 2839
948 370
2875 3107
1616 3656
1898 3306
2445 4633
4828 628
64 349
2850 4184
4799 4441
2110 2714
1646 2186
3425 1057
1988 2657
1657 110
2700 2257
488 2677
4313 4443
340 607
682 2298
774 3111
4723 3012
178 3467
4851 1844
4806 4020
526 2528
3464 77
4168 3569
3039 4752
4990 2720
3181 4108
2465 521
2600 732
891 2099
2394 2225
4473 4421
2679 4194
1481 27
262 831
665 4567
41 1914
3241 166
1767 3587
1282 199
3989 4899
1100 4933
4038 920
3752 2541
4139 5
3509 2258
2777 1822
923 3646
2842 211
1943 3426
700 292
3729 2444
3859 3498
416 190
1231 4419
576 35
660 212
4251 925
666 1
1704 1145
1691 761
1076 2714
4063 986
3288 4327
2623 4779
2735 1331
1691 616
2205 2939
773 2083
2889 343
2223 595
4492 3898
3806 3915
2059 4643
833 4794
3606 4951
2217 2442
4466 1779
1861 4054
995 1996
1527 1886
31 2021
4575 3522
252 2458
4075 2750
3975 403
2728 2650
3762 359
1703 2033
3438 4104
1883 2694
2849 4294
884 4809
2678 2750
2996 3987
2774 650
3603 3758
3090 3342
3633 2666
2684 265
3262 1897
367 1585
2547 4903
2052 1465
302 3972
3406 2791
2445 413
474 4791
1017 501
1990 2589
1258 3107
4507 906
3449 1328
1059 1208
3612 1240
743 1716
4003 4618
2673 2076
1058 2501
1366 1669
2420 3977
356 2833
2263 3387
4264 4034
3429 2943
3161 660
3959 3340
4525 1373
878 867
2044 1739
156 1270
2351 1830
2682 2907
1280 1381
4103 1322
597 1115
2062 1335
1003 3922
4143 2423
2659 552
3058 4421
3480 1439
1587 847
1641 3127
4178 2116
2595 771
3768 1451
2786 3767
2218 72
1490 1248
79 3848
1823 788
88 3285
42 3777
220 2174
1992 1909
4919 3278
4904 704
3883 4075
3976 3111
2804 174
870 2788
3795 1197
4233 3789
2499 4613
2054 955
1589 3857
3197 4118
2017 3437
244 3430
2989 4906
3588 708
1693 2387
4400 4894
522 1275
3330 3955
2528 4885
4034 3921
4149 1449
1785 740
3971 4274
2117 2976
1544 1629
4608 4210
610 1905
574 627
1616 1043
4335 2730
1016 684
3027 4438
1328 1940
4684 2376
109 4150
4498 3981
2423 3319
3722 4247
2618 2770
4817 3501
3000 4106
973 3933
4145 4289
2258 493
1133 1664
863 3017
1896 3421
3119 2810
3985 3857
4183 1836
1136 1014
2954 493
3905 852
56 89
2627 4119
3552 1690
4475 3872
2455 1741
2206 2538
4937 1711
3056 4418
2103 178
3051 125
1338 879
266 1956
4268 3231
4162 355
1691 10
2309 4327
4571 4058
3603 2439
4335 421
1689 3668
1025 2228
95 4337
1015 441
512 1274
2745 2392
4003 4060
862 1768
3765 3392
45 2223
618 4643
1393 4547
1936 4998
3784 782
706 2960
224 820
1305 3617
2276 862
2515 4569
1262 1421
939 1345
3537 1254
4997 2035
3289 2052
4197 2212
4103 4745
1767 2854
2285 2432
1257 3480
2636 2530
3003 2821
517 2622
42 707
4091 594
2954 2893
2955 1636
2705 2155
1208 431
4872 2056
4416 1315
670 358
1331 2304
4852 3152
1565 4332
3731 1533
1680 3423
4651 1419
21 2692
4475 1552
3582 3659
235 620
4417 4295
1550 4322
973 2196
4751 290
12 2527
3563 1444
1211 3164
3100 2839
4017 1261
1816 2468
4826 966
1901 2018
1181 309
3599 265
2079 27
1760 1729
3576 4422
196 1398
1705 3485
421 2165
4877 2532
4243 1432
4123 1880
874 1955
3774 3630
4842 1810
910 4038
368 102
4169 4688
830 177
3719 2494
2105 1113
3189 4422
1444 1225
4357 2729
2474 2109
944 1433
779 3830
3201 1795
59 3243
4043 3309
2247 607
1904 4802
2796 3097
1467 2797
4826 2595
4595 1718
1473 4855
2654 2715
1099 4669
542 1054
4818 1025
3686 4903
4895 978
1349 1081
2686 3662
2427 116
361 3288
71 3071
3080 4152
2555 1833
786 4636
555 4240
1225 1309
4847 4661
2865 39
4260 2018
3382 4958
3038 477
4132 4662
2298 2963
2620 1882
2739 569
2946 4495
3318 537
1941 1123
2032 905
4091 3659
4272 2929
2909 1697
3071 3180
2834 3159
4003 4476
4930 1995
646 1153
4205 4862
2978 111
4286 3332
3869 1558
48 119
748 837
585 4836
2668 587
185 2761
1159 4599
1084 869
4356 2083
4037 1287
1058 2442
2353 1135
3076 2702
1644 811
1339 3817
1967 3628
2418 122
3377 4159
1539 2716
3082 3806
4799 4655
2408 382
4196 179
989 2167
3574 3653
3791 2596
2192 179
4544 3871
1081 3630
2617 3999
3920 2947
817 3251
4344 3416
4570 4973
4667 244
3513 4124
312 3216
1662 2718
2682 2919
1380 3833
835 2683
4800 83
3100 42
32 1929
2265 2287
298 678
2097 512
598 4835
4757 4082
53 4203
4229 4554
4398 2887
3162 3981
4745 3901
4022 4482
4664 49
3882 3738
4343 1545
3099 4579
1076 1235
1792 2678
3414 1740
1154 2947
2956 4500
2396 633
3699 4199
2880 1327
578 2648
155 1661
1785 2096
2995 3489
3921 987
1588 2579
775 2128
3150 1734
509 2958
891 3998
1569 2112
4374 4229
2072 3937
2548 3039
1711 2913
2963 887
858 1896
4531 3518
2741 889
199 4974
176 4579
1563 1622
4510 4986
1257 2071
1081 350
4840 4362
4176 2170
677 4416
3963 3715
3822 3991
3307 3654
516 3288
4420 4240
4659 1184
4560 2151
397 3801
4437 4798
4230 2621
2438 3488
319 578
2621 4070
2389 1973
1271 2852
3036 411
373 530
4421 4313
3418 2422
4939 1462
1130 2989
4165 1944
1738 206
4283 1943
874 1548
2627 2069
3365 4058
957 543
181 1299
2925 581
4158 4700
2195 1298
108 2701
1323 1244
2561 1867
3256 1534
2948 4926
1210 4776
4607 4058
5 3134
200 4538
1303 4622
1607 3715
2929 4091
2239 4538
2307 4124
1466 2577
1235 2718
2613 1174
908 1880
1755 2692
55 1384
1487 845
1682 1745
671 2658
105 417
1495 3894
2928 1659
1165 1402
3354 216
619 3807
1340 1640
306 4771
1361 4617
3115 84
4328 2649
644 3183
279 1983
1455 4449
4877 3161
4599 2771
93 4105
3811 4790
622 1170
4036 1143
2608 2399
2518 4100
3313 2321
4181 350
396 2187
670 3083
851 1773
1113 1108
2563 3558
264 958
1255 2482
333 3115
3265 885
3270 2412
4002 1652
3884 1969
4270 1370
2880 2664
886 4398
1251 3205
1833 3780
4224 689
4659 3869
1362 220
510 377
1726 4837
2789 1465
3021 2760
3516 4183
3460 4724
2570 4803
2480 4542
1136 3825
1773 1947
496 3029
50 4735
1741 858
1080 3077
2940 2647
2607 27
37 2996
2902 431
711 3066
1477 272
3925 1438
1252 2095
3951 173
35 1345
1082 2753
3634 2690
3046 3533
1811 3328
2624 4570
3722 183
3159 2403
147 3527
3380 4167
2448 4902
3150 4190
1769 1980
1576 4039
1170 1764
3707 2405
3084 4837
4106 1231
4947 1459
4675 4501
395 706
4740 653
187 2825
62 1192
485 4754
2562 4999
2075 295
469 1653
4204 2798
2480 1856
4690 1723
4205 2463
3733 4379
2833 840
2264 1411
1221 3111
2791 2918
825 1320
4777 4737
2236 1909
2407 4252
2606 2585
2863 2010
4543 2172
1765 167
2416 624
2275 1511
108 2818
2718 253
2867 1080
4537 4965
716 526
4613 4737
1745 2897
2705 2571
2631 263
1060 2480
1397 271
841 1027
3110 1566
473 1047
667 3727
1359 2420
4835 1020
2190 4297
1091 1148
4303 2491
3903 1159
1000 1123
2218 1757
3489 1721
1945 4731
4991 1258
991 3195
2783 4477
4781 1321
2287 3038
37 675
4273 1175
4202 3838
999 1092
2343 1502
2932 1203
3241 2535
1205 3978
4931 2223
1649 4685
1799 2166
3980 1253
1929 4710
2670 1535
1145 1703
1345 3431
1045 2469
4823 1312
4784 1675
663 328
3846 3310
3305 1743
164 4312
3717 4813
3707 1714
572 361
718 4869
4158 2525
2057 2410
2111 2747
3538 2588
1530 683
3456 4213
4389 2903
4583 442
4008 4612
2773 1130
1799 1318
3312 2558
2109 3591
2958 2761
2866 1521
224 3852
1782 1942
3197 3219
2716 1290
4773 547
3746 893
2049 61
977 2948
1139 4681
308 1885
781 2714
1392 821
3096 4209
4370 575
2259 337
3285 4178
2215 4063
1862 3234
834 4151
1333 4216
3395 1696
1012 2445
4642 895
4256 801
4693 3066
3033 2124
3747 1285
836 1747
318 1846
487 2891
3326 1132
2834 2220
14 138
238 2039
3166 1213
3945 922
4228 2860
2759 1614
3400 2040
4403 31
1462 1174
2086 574
3665 2356
1104 2668
86 3403
1866 4252
1620 2523
4524 3336
3440 2688
1169 539
3741 2895
2356 2516
1916 1445
2008 2745
2147 2
3030 2373
3837 2916
884 214
1601 531
4604 323
3491 511
3623 1119
4845 4291
305 1401
3433 4050
2016 4650
3035 2077
55 156
3059 87
22 3128
3676 3378
2304 932
2452 1023
3571 3199
3296 4217
1339 4708
3504 1197
127 3773
207 1820
439 2852
2210 2609
4066 1672
2454 906
978 2407
332 337
3261 847
1840 3850
1310 2824
1093 4789
1898 1009
1801 4668
316 2498
1297 1998
2574 373
670 2432
3293 2350
1648 4911
1337 2928
4143 448
3397 513
69 572
1631 3039
1464 743
4815 4869
2975 597
3886 3986
4390 4519
1105 4384
3770 4702
3759 2035
2561 2964
1047 4253
2342 1710
4205 1125
3118 1818
632 3957
1495 4719
4733 124
2573 1048
4059 2941
2334 4482
1622 4357
2590 2757
2196 1985
305 4260
998 2466
2711 1527
1182 3690
2596 4655
1440 4437
4330 982
2983 2004
149 1978
564 2438
1447 1912
3029 1634
4774 4106
4206 4198
4427 2619
2618 3915
773 1822
3228 1977
237 792
4833 4456
3759 1234
309 4198
1374 145
2835 4136
3407 1403
3997 269
675 1179
3082 2791
1617 4077
1602 1483
3759 2657
395 576
2637 4783
4893 414
1874 800
983 4892
207 4971
2137 2945
1387 3656
557 2791
4551 3984
2477 821
4898 4426
4974 2371
1995 2708
4772 3076
3635 4982
3030 4326
3675 4947
2254 1825
379 180
3532 3505
905 1533
2968 1605
4568 4321
1319 2875
4476 172
3981 1684
940 2306
3808 1002
784 4518
1197 3147
3191 4017
690 4538
1384 2969
4137 3304
4635 1955
3895 4528
4194 627
1340 120
3141 3334
2162 2151
1488 2800
400 387
253 550
3475 1904
3631 4502
454 2869
3055 236
3898 1023
38 2093
4564 4775
1922 1967
2592 3688
3734 2203
323 4485
1274 4164
2191 514
4529 2497
816 437
309 4852
1547 2659
3508 2957
4580 1984
3178 3722
343 91
2614 4259
2187 3519
4526 2401
4087 2576
905 4143
4394 2211
3754 4498
2874 1378
1503 144
1499 2725
3918 2919
4709 966
1830 414
1000 1351
4139 948
3987 4652
4785 4941
1426 2072
1534 4929
8 1797
930 4472
3077 3231
2011 2477
4575 4665
243 748
2253 2318
2194 3398
4818 77
3616 2874
926 3798
2973 142
3870 4482
4000 3375
1137 3011
3825 4942
3641 2372
1261 3816
1513 4063
1301 229
3384 1739
3981 1391
47 1428
85 1770
2431 1309
4182 4307
2532 3272
2578 2965
3577 628
450 1463
1527 1178
4604 2939
2845 46
3330 751
4504 228
63 3555
1421 2034
4876 1869
2736 3493
2662 1947
2613 2863
3432 3356
4814 2060
12 4931
2919 2741
4771 2149
2858 4375
272 2733
2132 2424
1304 2357
3339 2649
2789 1068
1942 3997
4159 3747
4554 1574
2544 4110
4184 4200
352 2346
226 2095
3232 4749
820 1070
2443 1448
2129 1126
1588 2838
4657 2683
3111 2751
3454 489
2563 3706
3431 2574
2758 1726
4602 2336
4806 2342
70 3286
1910 1478
715 390
4926 2494
336 2591
2376 1843
2695 2260
496 2236
3187 711
623 407
3410 1625
1554 3063
4411 3814
870 2344
4161 4297
1789 4018
3321 3545
1542 875
4494 4359
4106 3611
504 3585
4186 946
2678 3828
3012 1251
2026 2432
3266 943
1493 3528
1771 3328
3548 1343
2849 3853
1399 4524
1082 855
3224 4365
1763 4852
2302 2358
371 623
684 3015
2868 348
327 1640
2563 3471
1294 2001
1352 3322
3105 347
1160 1275
901 2042
4036 1016
2624 161
2655 4109
1812 3715
8 4729
714 4431
3695 1972
2018 2449
4042 1175
107 3316
1931 1312
3910 3213
431 4298
2441 2662
1914 1476
3674 1779
763 2908
4660 1209
3026 3839
3755 580
436 3174
2512 3180
4153 531
4952 2430
846 3890
2204 3193
3705 1791
864 3037
299 4699
1935 986
3506 2580
798 1099
4168 2070
772 4412
4550 3230
4475 3414
1444 1602
3601 4423
4428 2608
2870 527
1661 3247
2728 1503
4168 2547
2553 1472
2235 3717
1871 4366
756 3379
4273 3020
3196 1953
3576 1642
2840 4463
2783 870
4011 790
1547 433
3443 3646
839 4497
3152 734
1017 1072
12 2191
1545 3121
3452 1860
1812 2330
2557 902
288 2468
2877 4630
3000 3469
4828 3735
1815 895
242 527
2576 1043
3820 388
1071 2563
3468 1468
2665 1770
3566 4052
4836 3919
4969 1157
1581 1340
1553 2187
2364 861
7 4835
940 1403
2853 4063
1918 491
2272 2956
766 3435
3871 4550
4992 4006
1989 2656
2252 2526
4119 2016
779 438
404 2713
1364 4319
1816 4099
3379 4712
4595 3009
4581 288
1305 2999
2620 3841
531 1965
996 4151
3395 3358
940 3285
4766 4955
899 3577
305 4066
8 2797
3981 2316
985 1813
2353 1111
4305 3500
43 4370
2880 193
782 1899
984 1852
1178 822
3350 3170
1439 4509
2813 1767
175 557
4627 3914
2188 1063
4806 4069
1454 1466
3894 3900
4187 784
1559 829
3991 3715
1337 4917
4053 4247
1364 3430
3432 1118
3961 4924
1244 3468
877 4544
4850 1660
3643 4463
2094 1612
716 2997
3845 2751
1271 1968
4940 4556
2738 1512
2834 3284
2363 1814
4752 3738
2788 3644
3200 4029
4648 4094
3315 4166
1106 3131
599 4360
2431 4384
3783 2848
27 4600
2715 1292
903 3170
1292 3275
3520 3930
4477 3039
4582 4313
1857 1208
4250 3771
1714 1560
4131 4903
2260 672
1107 3288
3566 55
4543 917
3348 3814
3445 3316
4407 4381
3754 4401
898 2936
4296 4409
474 131
3995 194
1210 61
1926 2398
4591 3289
1384 3525
3858 1843
1196 4966
4841 4406
4735 3133
4622 3663
4919 1991
4854 2506
1514 80
366 3657
4563 4743
32 3844
423 3960
3824 1801
2619 4155
3085 3308
1146 3102
3317 2776
340 1461
2920 2804
3561 1131
4186 4133
80 2412
2708 2922
4280 1574
2738 3295
2589 4542
2602 1854
2976 4475
3406 1692
3053 4149
3611 2409
3655 2837
12 1500
4304 1821
1373 1800
1974 1678
2855 3818
1144 4959
2690 3407
2161 480
854 2180
2683 1758
1855 3058
215 3541
4460 457
3863 4076
4636 1502
991 4136
1621 4813
404 1115
3749 3956
3292 4437
898 901
2700 2085
3890 140
3487 2342
2298 2062
2922 4517
1654 3828
1021 3028
665 4773
3829 2763
1475 590
1775 1088
4263 3840
4974 3290
1216 4694
3137 2463
2798 1816
3347 1898
4807 3282
4684 1223
1479 2026
3040 4427
1760 3083
2562 4225
1861 1187
3161 2821
695 4518
1003 1669
543 2193
1358 283
1010 1524
2469 1829
2405 2826
599 1161
2919 3066
4127 3434
2704 2300
2561 1694
2434 3709
2692 1059
2865 4145
4605 1881
3654 743
3520 4126
4111 1296
2083 1959
4008 39
2312 4808
2514 2411
4559 569
3613 4877
1136 2295
152 1282
395 2959
2197 4940
2086 2845
958 4783
254 492
1455 2584
2135 3396
3831 1440
3997 2774
3564 3902
4591 2105
780 638
1761 3070
178 1141
2119 1859
1747 3908
1842 3132
1799 4045
1922 4952
4133 4315
3511 4713
3532 4569
3723 2655
1150 109
2465 2125
359 3750
3997 1999
3059 2697
1961 2198
162 4792
2027 4749
2141 1064
2616 3743
1744 1066
2331 408
3911 2021
3334 473
4669 2275
2957 3164
1528 3232
3605 12
284 3970
818 497
3925 78
412 405
3597 826
3853 1487
670 1027
2366 373
1177 301
2331 682
208 1062
4700 2256
1767 34
943 2243
1953 4320
55 3605
1079 688
3049 3522
2552 1394
3308 4056
3899 264
3220 4805
1092 4659
3469 1050
1941 2571
682 1533
4154 2382
1783 4558
4154 2419
608 501
4985 2218
4754 1683
3715 828
1712 104
3982 2123
1680 4934
2388 242
1721 4105
2848 2492
1811 4004
764 574
2336 4409
4516 4353
2274 2373
3351 69
3379 225
3138 65
3932 4493
2314 818
4471 868
380 1048
3716 1784
2240 1254
4051 2238
3520 3971
3518 1791
3740 1919
2680 462
2722 3108
4926 1226
371 2033
196 4598
4050 3997
767 3020
1109 2262
780 205
3207 3837
150 2532
1469 1848
3177 3310
638 588
4905 3436
3421 1610
2706 1702
4896 4658
336 2357
2269 335
2414 614
3093 2670
627 3567
1105 4359
3123 2587
3317 1801
3568 4071
948 417
55 4211
383 1330
1619 566
3741 1037
3854 4429
28 2010
3659 1621
3170 4577
4315 2752
1450 522
4334 3987
1654 4749
2914 4686
2959 4009
3856 1324
2418 1416
2734 4541
2259 4277
187 2918
4090 4587
1769 4645
2751 2704
3015 4400
1545 16
1664 4845
4965 2958
866 3942
334 2000
2561 2867
687 3039
3850 2274
1576 4846
1971 2126
82 755
584 4732
68 4427
4968 3451
4720 3740
829 791
3680 1227
3775 2462
2346 1500
4400 136
3846 2637
2128 3063
528 3608
1214 943
4764 2798
1155 1158
350 2554
3271 4540
3874 4365
1628 3785
1109 2015
2528 4448
1680 958
3281 480
2476 341
1967 341
540 3068
4504 1703
3054 3965
4614 3309
3293 770
1862 4418
4825 3285
2301 4042
2370 2564
265 4885
3624 3993
3072 1796
3756 4976
3805 603
163 2086
437 3026
408 4134
552 2378
3059 2134
1807 2458
4043 1082
255 2529
1085 2811
1905 1799
2611 4257
4643 858
4678 3797
2725 2428
3142 3787
739 3544
946 4757
2936 1126
859 2283
4726 4344
1037 1253
220 1184
3568 4583
3808 4412
1600 4046
3720 1758
4926 1504
1994 3081
1904 1265
3485 2005
2058 2067
984 703
161 4628
1368 4961
2161 4837
4232 3384
2550 3187
1690 3635
1245 329
4737 2412
3126 3393
1396 2564
2483 242
1233 1136
3573 3831
3242 3086
1047 2119
3803 3865
2433 2743
4726 4734
256 3361
4435 2668
446 2205
2755 2406
4294 4401
4650 2227
192 4146
4499 443
4942 3046
1483 1443
1883 3823
2261 3416
1015 3392
3983 4545
321 2968
4510 3979
4565 1391
174 2346
3444 2951
2281 3558
1248 4788
509 4037
4286 35
3645 629
2214 3718
2000 1534
4668 3803
3291 3429
3598 4799
3410 504
4558 1043
1343 4767
3801 963
4111 2802
2542 1460
91 4764
2849 2764
1486 743
1447 309
3479 3993
3027 1256
385 4099
4138 2865
3422 2347
4855 4478
4929 4624
2527 941
2161 3556
3935 3329
4 4986
2360 3017
2293 1609
4706 4635
1967 2436
3827 2091
13 1040
2450 3226
2374 3681
2183 984
3804 3247
3553 3172
364 2964
4672 2835
1918 1395
1958 397
4187 1414
3215 4877
394 1001
3393 1836
789 1657
1110 4911
4150 325
429 2408
3699 2426
1580 3940
4829 2457
428 3728
4882 1528
553 3249
3034 1336
771 3092
2951 670
171 3973
2007 519
161 210
3287 4190
2537 2442
2016 3639
764 4234
3948 336
313 622
3994 2902
2212 903
3321 4198
2359 3225
1969 495
3673 4430
610 2239
2560 122
2730 4092
4974 409
3469 3415
1413 3015
2272 474
3217 3075
916 650
1128 12
4646 1705
4145 87
794 1582
155 2274
3178 995
209 2566
2970 1153
1345 4688
1454 4768
1331 2185
4551 3852
252 2137
76 4578
4246 204
210 3085
2976 4919
1828 1650
2812 1217
138 3936
2253 4785
773 4453
2336 1075
2886 2801
4591 3438
3192 1982
2849 919
3115 4721
3902 3200
2950 1899
4761 551
1973 3962
4153 2178
3226 951
1420 4574
4083 4529
1854 4083
1031 3739
3427 213
4105 1333
3027 411
1166 3003
2815 233
2234 4695
340 4280
1450 4983
878 1270
1216 3369
41 2715
4290 2783
993 434
1146 4093
1377 4969
4403 2527
3554 516
3168 4411
1221 3362
185 4622
4601 3724
4194 2686
491 4237
2187 396
4981 4262
2350 1048
3095 1110
3214 768
2096 4729
132 2236
1607 4870
1980 2929
1216 4361
4297 747
153 911
4118 3238
2150 4922
3000 3432
349 497
3562 2359
2322 2921
2318 468
1359 3126
4848 4463
1619 4354
4211 1117
1764 802
822 3958
2428 4967
2536 1054
4212 621
2638 4252
1365 1874
647 4607
2725 3711
4995 2284
1932 2458
2548 653
4335 1998
1616 1358
4922 3676
1371 3881
3511 4692
2682 3640
3339 1007
457 792
3780 832
689 1369
1146 1125
4485 2615
2413 2444
248 1612
2458 3552
4769 4977
439 1098
1260 2594
3355 3420
2699 4556
3947 3966
1026 510
328 2555
3690 244
992 3583
2407 2411
4129 4219
3941 4789
257 2296
1031 228
704 3289
2905 3412
3846 532
2346 774
2975 2430
2349 1971
1320 1118
3727 3210
1949 4239
1437 406
4914 1436
604 2318
2345 2422
4636 3829
41 2925
709 4893
2692 2145
1168 509
1888 616
1071 149
4270 1825
2328 2848
3412 1786
348 4868
360 4961
4915 195
1563 4541
3921 1222
465 639
2812 4112
2449 4117
549 546
4542 1376
3263 4614
2033 2006
3747 3334
182 4170
341 2772
4858 2954
1785 69
3409 4963
2914 2102
2352 4720
4680 2407
2608 1428
1336 874
2461 29
3210 2339
2968 3096
1889 1715
418 68
3983 881
3138 4909
3152 3111
1383 4872
3779 3699
641 4311
4203 3054
4142 1561
1941 1389
4235 341
215 3000
3698 1523
1256 3121
3396 4262
3649 3395
2626 1977
4372 137
1575 4211
4973 214
1557 2735
1045 1228
4226 2625
502 2604
4653 2221
3083 4824
487 2875
2863 3297
1491 794
4624 4001
1034 4939
2649 479
2196 4643
1417 1455
2154 2056
4966 3648
2026 4849
4322 4123
4656 1550
4527 1097
1153 2267
2508 1479
2744 950
4375 4174
4932 4396
3694 2990
2411 3733
2498 1956
13 1990
3812 1719
818 1342
1529 2687
542 3706
4488 2558
2794 2699
4228 3467
1900 2139
157 4225
4119 3495
411 4756
3015 213
418 1375
3581 1970
1667 1624
1315 2662
3793 3779
2668 4444
1720 3127
4983 1569
4245 402
1400 1243
1825 1541
4283 2434
1754 3364
1376 2284
3883 1696
1480 3633
4857 2128
3066 4912
16 980
2855 357
4679 2927
611 424
4867 3268
4397 3558
573 4969
2888 3446
656 873
3321 4076
1212 2731
1340 3149
2014 1873
4817 2389
2896 4150
1293 2340
4759 4341
1531 2334
924 2337
2722 3173
2070 4015
3584 3742
4666 1823
160 4527
4370 4823
1218 1195
1149 1238
1123 4464
40 1445
3439 4920
800 116
2875 2862
3804 3386
1798 4492
3741 4849
2176 2390
1595 508
4880 1181
4403 1816
847 907
1003 224
4641 3529
4675 4654
3041 512
342 1155
2265 85
4922 4794
368 3154
3218 1809
3149 167
3146 4658
1106 4402
1082 1500
3556 4527
2774 4568
1303 4780
943 897
408 3468
2518 4588
1355 1534
2754 2842
2873 3287
3774 3648
959 4090
1055 3838
2164 2811
4169 3474
3656 3978
1804 3104
821 4400
4786 659
4647 3616
2140 836
1905 4617
3804 3345
4745 4007
1303 2185
2481 2938
1031 4096
1845 4313
951 3719
3537 2375
1969 1337
3608 754
538 371
1930 4118
913 2669
1642 1526
3675 4260
2402 3985
90 3403
2060 3778
1784 2155
4582 2489
3728 4607
972 1045
3107 4826
2624 2307
2197 2026
4260 576
2850 1881
1840 4157
4313 2224
503 1563
3069 2319
3176 560
4895 1980
1556 1032
4066 1094
4127 4524
2476 2118
4897 4561
3921 3886
4416 2788
3591 273
2326 1012
1665 1300
2122 1310
2467 1296
394 493
1931 1476
4414 2650
1993 4309
4479 4220
3837 2345
3227 2371
4080 4571
3991 2276
3412 2471
4497 981
872 1664
4067 4163
4790 3850
970 4867
1180 4454
2577 4358
3783 3618
4406 3660
3336 1072
4971 4607
3004 1138
1963 1859
2328 2224
486 520
3910 2514
2070 3997
854 659
2721 1062
1541 3310
3919 3192
980 2697
65 3185
4269 2972
1102 3188
556 136
3147 2731
991 1735
4053 3162
544 4717
1972 4141
3248 2704
2383 2381
4369 2312
3387 1892
3624 4289
4355 3652
2022 3226
372 506
2316 355
1152 3142
4924 187
4708 2781
2839 4538
1896 2291
1434 27
2239 878
2410 4943
1093 2939
372 2188
1358 2899
3643 2241
487 3571
3811 715
3853 1858
3708 3356
813 1542
1541 1261
700 1712
114 4534
1205 3984
860 2776
978 982
3912 731
4163 4403
1589 312
1736 4906
4940 4622
1090 4115
2995 3319
3242 1799
2091 1494
3325 3538
3312 2954
3732 3643
215 3091
3926 1260
275 70
1781 649
2291 3888
181 2077
3097 2441
1680 1799
3048 3184
405 1317
1319 4948
4207 4916
2290 464
4425 1219
2258 3490
16 1759
4379 4056
363 790
4471 3166
4078 2767
3167 171
278 3563
3272 2235
224 274
2615 254
207 2929
2167 3633
2514 4330
4596 4175
3760 1076
2870 4780
4044 176
2391 4235
2842 3455
3462 710
1315 4373
3249 1344
15 1756
4629 4041
1012 4221
2661 4916
405 86
3856 1905
1733 4569
2846 1949
3635 4961
682 2442
538 830
4096 534
1304 1349
2801 500
4930 112
4790 982
4229 4824
3086 665
4246 1608
3236 1230
4485 1908
2555 1632
2455 3499
1730 488
1735 451
3003 3506
2727 2197
467 4172
4471 3736
4677 1769
1537 3258
1209 964
1661 830
3123 659
3454 1367
1605 3280
1059 1679
1999 4042
3059 4216
824 1171
2740 1105
2535 1244
787 404
1334 2795
4831 4549
1048 1609
3086 4762
911 1909
4245 175
1345 1287
2639 4112
4657 1542
4021 4088
1151 297
926 3628
4370 3244
2218 690
3420 2706
336 4784
2154 2395
1262 4424
5000 2067
1393 2999
4553 34
939 4499
2538 4148
3672 2712
585 2531
1359 507
1932 4593
1237 4683
1703 228
2016 209
1597 818
1004 3406
2173 2651
1781 4472
2459 2244
1391 735
1168 417
1908 1830
209 596
4339 1891
1380 1841
547 2724
1387 2308
2918 609
4799 3058
3702 1553
792 1120
2300 2800
1788 2459
4113 2958
3760 1138
3029 4534
1129 820
4351 1263
957 2742
134 735
415 4239
3337 1925
1551 785
1044 3082
2169 1246
4715 3363
2891 3820
2988 3413
3301 1987
2973 2818
1007 2435
4221 632
3191 2400
3158 2844
4152 3026
128 1359
3358 4433
2502 90
379 2855
4185 2536
1560 1098
634 1532
1760 2516
4795 2106
3735 1319
4391 1123
1152 202
1568 1990
3885 173
3086 611
2879 695
4001 3609
4627 3049
267 964
164 2482
4976 629
1489 3188
4347 4859
2334 456
3485 371
2334 1197
4903 1597
4125 4470
1683 3950
128 4286
3069 4719
3126 1523
4919 935
689 619
1932 1462
3101 3920
1992 3239
2333 2431
3516 809
1126 2800
4605 3410
2926 4339
2805 4478
2649 463
4297 4337
440 4055
3300 2734
2815 4418
2225 4699
4600 1116
3072 4771
3950 2387
4509 3597
15 1178
1890 1402
4756 1206
254 1895
253 3007
3802 17
1479 1046
4170 1695
4060 3406
3151 1404
3931 1119
1576 4128
2084 3843
1903 4175
4694 1683
2287 4753
4348 435
137 4979
986 343
4360 2969
1134 2640
2007 630
2778 1201
3202 3974
3794 688
4787 2284
787 2045
4677 4123
4742 4682
4093 2946
4947 3203
2786 1442
1024 4453
4560 1057
3297 1521
3309 2945
190 4452
1583 4907
1802 2448
1955 4562
1682 4012
2476 3405
1253 2229
3011 1373
4443 19
3530 4690
77 1180
3944 2069
3311 4073
4118 3532
3166 4246
3762 4767
1099 4149
713 2731
1497 1915
1392 3278
2648 4865
2885 2974
3972 4702
12 380
4260 1382
1136 3281
3195 221
3538 4324
3889 4069
3163 1350
458 3951
2566 4099
3467 717
1375 1859
2267 3347
2978 217
3714 4176
896 3662
3976 1215
4767 3965
461 2185
4773 490
4137 2911
2378 1462
4222 477
451 760
901 3258
3404 3687
4758 591
2323 4226
2052 3993
373 402
3952 3860
1477 2772
1660 908
4040 1646
691 2188
1280 4712
1744 945
1949 4507
1357 4357
4582 2065
3170 4180
3348 4676
2112 3235
3980 4635
3731 2828
3347 4244
4923 4213
1713 3881
920 3368
3539 669
277 2868
3850 2509
3297 1164
215 328
875 2049
4426 3958
279 4031
1792 3708
818 2076
657 2728
4994 3949
2112 2808
2366 3209
3558 865
1470 1882
4392 4166
4808 630
4923 1521
2794 4249
2321 659
2020 3551
1020 244
215 794
4875 325
594 3635
1907 382
255 4845
4752 1086
4509 4318
1526 845
85 4508
4849 2907
3831 4365
326 2738
3893 871
37 1455
34 1794
3816 4933
1435 584
3445 552
2200 3451
3650 4536
3476 1680
3315 646
4687 2838
4975 1672
3542 1075
3191 505
1304 4325
1379 2090
922 2719
2172 1130
4149 3723
4 2317
3973 4111
4051 3372
3676 3780
3163 4772
3173 2162
991 2554
895 980
2677 4718
2955 3892
4695 2213
286 1247
2306 3131
4761 3746
2996 496
1752 1605
525 3867
4612 2681
4686 311
1491 1191
2452 4623
3774 4772
411 2608
2561 3645
4954 4214
3388 3763
69 2643
3222 1605
2468 1407
2935 3525
2699 3827
1636 1938
2326 498
4029 103
2638 4539
1730 4947
327 4483
396 1773
4563 1741
3991 4992
4557 3666
1013 1946
3099 3933
2351 2779
4883 4066
2880 1682
1930 725
4834 2227
457 2380
2769 687
4512 1776
1758 4310
3577 2026
3966 4688
279 676
2192 959
597 2557
4974 3308
716 2266
3441 2130
4326 3392
3691 1553
4423 908
2814 484
4300 1990
4419 3445
1524 2977
414 842
722 1954
59 1732
3707 1831
4649 3166
2779 1647
2288 754
2761 3686
867 4994
105 2657
3227 845
3538 3396
2344 4667
3341 2179
460 3203
2109 4010
4298 715
540 2442
4682 2649
2911 2671
2027 180
4687 1312
2525 162
4125 519
1565 3299
4141 1035
2161 1238
3682 2312
2067 278
1079 3705
4435 2562
3192 3626
4291 2645
1064 1299
2535 1232
4981 3001
157 2861
2816 3605
2245 2955
1443 3820
4655 730
3862 2072
4188 3982
3632 932
1973 1825
4231 4449
1576 2683
1692 3975
3391 2566
2651 2267
4521 2008
806 4312
2313 1832
3876 54
2737 19
4828 223
1197 4296
2477 4513
1706 2127
1568 1409
34 1407
4402 2073
1758 2996
1891 2957
3000 993
2901 2353
4586 4277
4425 4086
2342 4168
2982 2185
828 2532
2434 1501
159 4658
4024 2070
3906 1792
1387 4500
1135 3241
3122 4220
463 2715
3041 315
602 4410
2829 911
1141 3377
499 2354
2476 102
4700 2480
2767 3532
3884 2492
973 4950
1725 3709
3894 910
4008 563
2755 2861
4647 2455
1280 2586
2425 4033
1718 1526
3912 1895
2773 457
730 2645
2539 2267
1637 3559
3034 3747
3244 4203
930 2778
325 4967
361 732
2146 4819
2921 90
2781 1514
4650 3585
276 1870
1567 2961
1008 3171
4985 3883
4874 4868
4995 874
46 2094
4268 1865
3957 910
4991 2237
537 1223
3956 2793
1193 3307
4051 1267
2066 2644
4348 1415
4021 986
3179 4620
1118 3611
3183 1888
1331 2145
1684 604
3784 162
1902 4993
4767 920
2458 549
3730 2303
902 4015
2587 931
4847 1822
2887 47
3064 2588
2347 2833
4762 4869
3785 2784
754 2426
1036 2468
3627 196
1043 1839
3271 4453
4190 2402
2501 2562
7 2410
4291 464
4192 2244
3876 192
4540 3614
1718 154
1125 3405
398 1542
4907 3125
405 4635
472 3938
4392 1601
2334 3971
2925 4794
3418 3136
386 4383
4613 358
58 4652
1842 2538
2252 2414
1578 429
4794 2996
304 3070
4162 3420
1317 493
704 2875
4095 2644
1868 2156
393 83
562 4680
3494 3927
4919 4681
3882 4506
1174 4175
1040 3944
4541 2125
4623 3037
1971 4211
4306 2137
2581 3608
425 326
4554 3507
1143 4755
4760 119
4989 1926
420 630
4440 1512
279 1170
715 2699
3724 2525
2292 1539
4099 2343
3276 14
436 4907
4103 4987
3517 4140
1301 1419
2533 2129
2417 2177
2325 2625
876 648
550 2002
3764 1920
2720 1369
4915 1822
2912 1754
2991 806
3879 2328
2223 2346
3195 1388
751 364
396 213
3695 3166
4947 26
4846 3093
1430 1223
1634 1952
954 2858
2865 1873
1836 4486
4977 2703
1905 4746
855 4820
792 1164
2143 19
1663 1023
4791 723
1007 4815
3591 2715
2019 2959
846 759
2892 3828
1505 2003
1326 250
251 555
3968 3753
2444 3114
1859 561
756 2160
4822 2349
4576 1925
183 333
4381 1307
3346 3016
2748 2104
4792 4803
2704 4754
1550 3621
215 4625
990 2414
2044 4029
1883 2566
3453 2762
3082 1745
1291 317
2539 3244
2626 4186
4037 3515
4509 1330
2645 2229
33 601
356 4281
2706 52
2991 3237
4066 1295
2339 1406
2993 4116
683 1535
1292 1243
3949 2201
4866 1406
179 1226
3929 1028
1047 4848
4628 1780
2868 2679
4971 4722
2427 2767
1249 4429
2325 4107
2700 364
3997 2437
2961 3312
2540 3509
3095 4777
491 2487
4954 4339
4682 2862
1428 3339
4701 1432
3841 3191
1087 3837
4088 3054
1704 4182
4312 3744
2304 4045
2307 433
1780 3748
1827 88
4233 4350
1950 4390
3384 4222
1095 2501
741 2698
2259 2331
4515 767
3032 2388
3212 3404
3630 1541
2362 4995
3993 2960
1408 3930
3846 768
4614 638
4515 1479
4252 3186
4389 2042
2036 490
1789 3786
992 4460
1391 4796
2068 1438
3476 3982
3037 2049
3945 2667
4686 1299
4177 1636
4006 2596
3011 3060
4190 4716
4369 4391
750 1700
2323 1990
2033 765
406 368
3045 415
3963 1493
1587 3462
2785 1726
3911 4051
3233 1687
4878 2435
736 4800
382 507
2777 2269
1049 1098
1765 1743
2526 2037
2139 517
2606 3009
1664 1797
4545 4830
930 2033
4392 1431
2593 923
2086 2334
3578 848
3243 4336
919 1252
1301 2273
1769 3255
4676 2147
4391 601
3514 1544
3412 1640
1481 4348
1084 1877
2278 4554
797 4885
303 4181
1396 3322
2658 195
1817 4692
198 2226
4345 611
2832 4544
1658 1979
2674 4039
4058 1389
454 731
53 3239
1241 934
3602 3232
4028 2269
2010 2903
2730 3001
3140 1169
1313 3818
4584 3849
1031 4499
4787 4558
2904 599
3962 3317
3657 3794
3842 315
1971 1834
4082 4060
579 571
2717 1352
869 1996
4640 3452
2333 1528
858 1990
3178 2628
3408 3677
1995 824
3870 1004
1494 1192
1287 155
4831 1491
544 3195
1382 4682
3089 4520
4315 3160
2120 2494
1102 3991
518 3333
4831 1467
3813 3901
4347 811
782 11
4247 4314
2615 4748
1755 2948
1736 4530
29 2252
4709 4509
2384 1253
3372 4336
2965 4450
3153 3529
415 3653
4818 4689
2347 790
4409 4805
5 2802
3883 1272
2571 4344
107 1162
2324 3208
804 4087
3259 2588
4130 323
2246 2730
1581 16
2097 4898
2638 2702
1499 2777
1203 2727
4931 629
474 583
2489 2445
2771 3440
395 505
897 2981
2306 3002
2829 10
3735 389
1818 4172
1782 4893
3263 4256
3479 1082
4842 4110
2250 2562
3946 694
43 1711
3377 4780
3898 2247
2104 4600
2784 3806
1487 606
1695 1819
4386 4205
3827 3489
2747 3296
1525 3892
282 1653
3183 2205
4161 2
1629 4884
1769 1411
647 2672
1676 4431
2852 115
3135 700
60 4243
3263 3510
3587 2981
3395 3065
2494 2136
994 241
3189 74
2928 4153
69 3743
4443 969
2404 428
1625 185
574 1313
4153 2776
68 1943
2839 1847
1043 2142
444 3899
680 2822
1089 1442
3993 2330
1375 1615
3939 2069
760 3676
411 4587
600 1699
3098 2969
4275 2270
205 1339
4892 4841
3276 590
4152 3640
556 1819
2738 4440
2991 1894
2185 4677
4437 1204
4236 1259
1963 81
1210 1444
2810 3356
3997 4149
4022 1323
1990 4264
2034 4374
1582 2644
3441 4970
3127 1265
261 385
4106 2722
3688 3889
4897 1671
4235 1355
1461 895
2582 717
1026 1375
485 1491
2010 2938
2620 696
2069 372
4562 2421
1202 2196
502 3115
1307 183
1454 3160
3805 1513
1560 516
775 236
420 24
2742 1847
1444 1469
1734 1489
1312 3481
4185 4598
4493 3562
2749 2247
1153 3969
3154 4151
2414 4705
2597 126
46 886
524 1349
3646 4856
4194 2923
3337 2289
4038 84
3874 889
173 4726
4001 1628
1919 393
3719 3293
2893 125
2354 1405
1956 1608
1763 3481
1330 2608
3829 4312
2229 3530
1816 2028
536 4216
2074 618
1111 924
883 4993
2027 4701
2227 2644
1080 4119
1459 1315
4711 3854
3565 4944
254 4504
1273 1020
2904 3302
3146 2904
3685 4842
1848 109
3518 2538
2447 1013
2810 3908
914 3737
3058 4334
2008 3261
803 3403
287 4958
1668 3472
958 1126
4892 4783
4991 3987
1035 995
1827 2132
3308 4252
1300 4158
1825 163
4597 3448
3374 3301
4046 3345
4359 1016
346 4814
3310 4878
3428 2957
2715 1610
2920 4660
2141 150
1250 2449
749 2256
771 456
3069 558
3959 1236
2959 2150
1049 2494
3777 361
1627 160
4177 2185
3812 4565
2327 2433
200 4474
711 1644
2659 3711
4115 3964
4782 4200
1731 4569
3729 4705
2495 2588
3615 2691
1321 1340
1041 1993
4802 1743
3968 3972
1663 3715
2084 3351
4258 3710
1885 3907
3476 1508
1700 8
2313 4443
4136 4022
3230 1453
2479 722
2732 3084
160 2582
2394 2346
4622 3643
1752 3344
809 4538
2467 4816
4625 303
2798 4145
3310 3142
2323 4692
1782 3568
895 1124
4704 3564
1057 216
1674 1475
94 686
4258 2914
2691 4030
2615 1014
1753 4162
412 4815
3510 2255
1711 3541
1745 2892
2299 565
3465 852
2310 2052
1699 880
3498 3032
3175 262
4525 4366
1072 573
804 2668
1136 1642
4484 3889
2242 2341
2068 1135
3417 4393
1566 544
523 1898
1939 3340
4310 2989
3881 3108
4125 2244
4486 1569
562 3050
242 143
439 1882
1218 1612
843 3688
1703 1807
280 2067
4921 1506
3921 4155
1329 4015
3323 1473
1996 357
2042 1212
2140 1788
1683 4889
1932 3742
228 2802
683 3710
3690 4994
4093 1230
319 3764
1932 2723
2768 2613
4267 1278
4237 3381
4403 2695
1636 1003
3747 2384
3676 4583
1481 491
3784 1558
2508 3679
4189 3358
1930 2441
45 1259
3095 1416
2770 3199
648 917
3492 2202
3609 1052
3201 156
185 2734
1742 3861
2107 2239
391 2466
1894 254
3207 3046
2974 121
3771 2638
2948 1665
229 1387
4331 3559
882 1429
1317 489
4365 3720
1353 338
689 3553
324 981
3220 1798
1542 2199
2174 2584
4077 2932
4040 439
3615 2523
2330 2445
2771 2275
3323 589
316 3830
3664 259
2944 963
1311 4344
2091 3419
50 1290
2417 1318
2827 2119
324 1515
2139 3250
1910 4539
3633 2574
1391 2263
2806 431
949 177
359 1839
4204 506
4014 4002
2914 3018
3390 4221
3152 1581
3731 1906
464 4596
1219 1017
1757 2721
2874 3416
306 643
1371 4163
3436 2131
1204 1444
4789 4760
4395 1545
927 3986
3486 1775
1720 1369
4422 2330
206 201
3888 745
2411 4811
3166 1034
2709 4481
2348 690
83 1349
375 2282
2301 3408
3197 4798
3644 613
3939 446
1284 3668
1507 503
1674 2028
3869 1637
643 3477
690 2273
4334 4785
3308 4616
841 1431
4866 4003
3566 2369
3723 2329
1676 2946
2870 2057
887 1842
2572 215
1739 1626
2631 591
4797 2754
3584 3448
1185 1333
1822 1964
4008 742
4666 2677
895 4351
4832 4337
2903 1314
1023 4481
2602 4013
2700 3574
4166 4897
2411 681
4047 4172
3124 3552
3223 1173
2421 1353
3609 4415
1304 713
4334 1352
2668 445
904 498
2848 2174
1343 4443
2413 1988
1363 1372
4688 4239
1179 561
2112 4301
168 3146
2820 1317
3002 1824
4259 1238
431 3781
4760 1648
2122 53
2386 3815
188 1001
4658 4181
3511 2798
3026 2430
3638 2104
4337 3376
733 2834
4195 2880
3842 872
934 4164
4038 3833
1716 4523
2830 3875
2851 3711
2371 2512
672 2107
594 2960
2171 4351
4130 2952
1185 3661
3756 4111
2887 4489
1171 1184
971 3191
1093 1606
2837 1979
3988 2318
828 3053
2705 3118
2995 2738
2085 2732
3931 1497
4713 2903
1534 2144
4997 4048
995 4085
3946 1536
3355 1962
4064 1853
548 2111
2026 2679
1884 475
1710 3758
961 283
3879 383
68 4059
2390 4433
2003 3020
1916 3136
4686 4892
3803 4152
4702 2822
4920 1171
1606 3324
2991 925
3673 2893
4313 4633
973 2661
3254 4539
3480 2956
905 2589
1645 2560
3607 1606
3704 1222
3011 1264
1068 1796
4168 2984
3647 1509
287 3548
4359 2331
3995 4660
2212 1110
945 906
122 2877
4241 1070
4234 871
4840 329
2672 1329
3411 3946
3235 995
3195 2302
1451 963
1310 2458
1411 2927
1372 4870
2486 3339
3641 1058
3015 1569
1660 4638
1850 3700
3300 3381
3902 4110
3618 4198
4983 1631
1279 2997
41 2239
1495 2943
1549 1959
4437 641
3747 4242
3845 325
123 3444
2123 3769
2209 4861
4708 2412
1637 1705
1274 1137
530 2293
2901 4709
1578 2277
3918 1371
1780 2017
4857 1208
2120 3470
847 441
3381 2464
3589 36
300 174
1327 1472
4197 90
953 3649
265 3602
2608 4861
785 901
4202 3304
599 1599
1130 4823
3164 3739
4302 3127
4744 2264
4297 2618
2482 3746
327 3426
4272 4783
3635 2907
4953 3978
830 558
282 4018
1082 4017
4226 4051
483 3110
4759 1322
1575 32
506 1665
3774 1498
278 2848
3585 1318
4081 45
1567 303
3140 924
4363 2317
1937 1425
1362 1126
1226 980
3479 3852
76 4203
2283 604
1859 2213
3465 2936
4069 4661
458 4064
2146 4650
3103 3325
2318 3373
4212 3051
2692 283
673 1675
1034 4541
2591 4272
1067 531
1214 3793
4441 3463
4034 498
1306 3572
4583 1615
4229 2836
2334 2194
2131 4714
2895 1860
2995 1597
2979 529
1175 224
3982 821
2895 3910
1698 212
1962 2385
1172 4644
780 1752
3574 745
4059 2149
923 2840
1563 1651
2199 3185
2489 3423
351 3866
3457 848
3208 4169
1687 1496
3844 3084
2621 3231
1477 1778
4715 423
981 1540
507 2569
1188 3448
2687 2142
4515 3313
3779 203
2886 4223
1428 119
216 634
2514 1574
3132 3766
239 4134
540 1549
713 4935
3237 4596
764 1077
2890 936
4172 691
2892 3262
3502 2913
12 4452
2958 2891
519 2532
35 1844
235 205
1210 755
606 2070
560 1533
1655 2898
3688 2216
772 4646
629 3776
4668 3132
365 3679
2228 1124
31 2028
3554 362
4789 4434
2645 571
4853 2116
509 1989
4146 3235
3815 4922
4961 3384
1195 2566
3737 2212
3059 3480
3876 1159
4492 2149
3851 4967
288 4518
1740 584
2823 4453
1827 271
1946 1932
4969 3319
890 656
3847 3014
2771 2473
1290 4326
1346 3393
3926 3157
917 2696
4518 550
1620 893
4081 3080
1145 4883
2934 3752
109 3360
2301 1466
3659 2429
2852 1197
4332 3237
980 3589
1404 336
1698 311
1482 4468
2782 4208
2446 1706
1432 2266
315 1992
4429 3274
590 553
895 1552
4134 2695
1043 4820
3844 1942
2632 2069
3422 4266
2391 751
1583 593
3474 913
3033 2816
1431 2927
1357 4951
2298 2715
1638 2478
3756 2657
4218 545
874 2162
677 3994
4543 4008
476 2694
4209 2692
4685 1122
4906 1150
1978 1981
2155 99
2800 163
3031 4953
1740 1392
2362 3716
1450 3648
2918 1404
3766 28
3140 2250
1260 4111
3040 4644
2933 1038
1884 1219
4471 326
3141 1059
435 2218
1236 2445
4434 447
3646 2352
1383 4081
4695 3964
3743 449
1251 2431
2397 1673
461 2461
2107 3907
3428 3845
3614 3800
4569 1307
4609 3868
1090 565
4489 2725
2111 3238
1187 443
2585 1796
2830 1787
1907 3980
3889 12
1463 2146
450 2006
481 2207
604 2562
3878 129
4355 1660
1487 1233
2663 2651
2768 2894
4546 3667
3258 462
1765 811
2565 746
82 15
3934 80
1644 3877
3315 4016
1767 822
1336 3587
4477 2816
3535 1758
3801 720
4057 2926
4166 2997
2045 2844
4593 3146
3335 336
3207 1645
1688 659
2601 2331
1090 1579
207 1110
2172 1341
2202 788
4504 1254
4803 207
3406 270
4652 1588
1248 1474
2592 3886
1070 399
1740 228
3037 4103
1975 974
2071 3139
2648 3118
3894 3336
623 391
3356 1201
4562 3185
4724 1933
2084 2754
13 1084
3578 524
1508 1708
2004 4626
422 1083
2178 533
4382 3759
1385 1773
17 3195
1639 847
2356 2142
4092 4323
3469 1344
3752 2568
820 1215
667 4546
4254 3191
4288 1072
4512 3126
219 3602
2844 1531
3739 4039
226 4153
806 434
4674 4680
4716 2269
117 894
3796 2994
4517 77
3699 1674
2646 1840
3169 1833
4765 1370
1681 3205
91 4107
1044 4511
603 1402
955 3502
2230 2752
1483 1634
931 754
4484 4365
2847 2831
2383 3470
3132 2695
4967 1326
267 3746
346 2598
2467 2573
3614 2088
3510 333
2690 2757
2727 4000
1195 3760
957 2801
149 502
2600 2707
2155 537
1871 1825
162 2788
4497 2664
4991 2813
4619 4288
1556 523
3912 3786
2839 3994
4530 2714
3373 1663
2252 4627
3036 4166
2541 1187
3280 2213
3081 2024
3171 2485
215 3149
4165 771
674 2877
92 3780
778 143
3297 2411
4352 3510
534 4961
76 3689
2946 713
3835 3082
927 3255
1205 3159
3160 4907
1438 4941
3634 2987
271 813
2916 4687
1476 2679
4928 3513
3045 4322
1488 2657
1529 4583
1331 3530
4518 3436
4185 3957
653 1468
2537 4753
1387 4396
3748 3060
941 3334
3712 252
4213 801
2561 3507
4792 95
571 583
3315 177
2907 3253
1906 2167
3423 412
833 4871
4395 2527
3629 1458
1211 2239
3147 2072
1939 3952
636 3223
75 2929
3764 1720
2729 3323
848 2918
2222 4477
1200 1405
2087 2008
493 3426
1299 1352
60 2457
3674 3320
1348 2627
3460 3780
1656 3754
4333 4991
1554 840
516 1290
3247 4758
802 458
3141 2791
2697 1333
1730 1596
1448 4710
3998 271
2853 2701
193 2617
1025 445
786 3883
4123 597
3575 4289
3131 1363
2919 4372
4612 1765
187 1798
2624 211
90 4531
198 2517
3258 3481
1813 4498
219 426
3297 621
754 3646
3184 2903
2708 20
1676 1746
2714 1943
2610 3601
2511 1489
2174 3777
2449 3756
2492 3206
1245 453
4297 4250
2663 449
347 4965
1722 636
3205 4252
2806 3447
831 47
2018 1579
2180 2369
1836 3978
3005 2815
171 218
4525 2750
4929 3084
3637 916
3524 4790
4957 850
3647 1855
2775 3254
4673 86
1702 1866
1811 3803
344 2730
309 4134
1164 497
4435 3257
2509 2106
1827 1077
1671 3447
2089 1387
403 3420
2437 2997
340 3104
2528 3110
960 2077
1834 546
3836 1779
2545 2713
3760 1452
2034 3695
4464 3850
3162 1729
4218 1056
3993 2998
1770 2025
3249 937
179 1272
3480 2783
3674 359
3643 4132
2868 4114
3935 1283
2766 4334
444 4039
4478 4233
3539 4884
1677 1339
3312 4378
1822 2258
560 4090
1912 4046
3348 4196
2817 3503
2850 4856
4429 3953
1343 3850
595 196
3732 177
3468 3631
4211 139
3729 1317
3325 1248
998 2899
40 64
2180 1123
157 3085
4447 1761
2373 757
4683 1451
3576 504
1280 1210
1396 647
4253 3669
3603 4206
924 559
515 2468
1469 1750
3964 2524
1940 3761
4494 3290
4021 3304
2695 2407
3749 4073
307 354
2048 1979
336 3729
4874 4678
4795 1034
2270 3813
1166 872
1968 2632
938 4056
1678 1395
2464 2485
4180 3905
4834 1263
2773 826
2443 4926
268 704
2659 4297
618 1431
829 1415
2153 3470
6 3793
4465 4753
1913 39
2717 4064
3095 4150
4122 4731
1307 4648
2805 652
4350 3593
2363 4447
1648 3917
438 378
750 479
812 52
1024 3376
3420 3793
245 1443
2700 3458
3362 528
4829 4067
2859 2291
2815 4914
4025 603
49 1508
347 705
3195 1285
3905 4457
1952 465
4857 382
1819 2218
4327 895
800 4010
2463 3489
2242 3977
1338 1701
984 1711
3923 4354
2756 1655
3540 4377
4213 1348
358 220
2279 4463
2904 1578
3989 709
1337 2169
1317 2470
1304 3953
4954 882
337 2562
790 574
3678 2736
3552 1645
3779 3260
1445 898
480 1312
3543 2375
1580 309
3978 1952
3948 326
3866 3868
1532 2422
851 829
699 1851
3861 146
1443 2798
4038 3924
4593 1637
178 4697
4999 3331
4986 2715
2581 3598
1259 3959
758 2174
314 2676
4747 1477
1537 935
2630 2604
4609 1625
1577 4927
1812 231
1583 4671
1428 586
3792 1596
3239 4374
609 3304
2214 878
3515 1280
660 1353
4910 4866
1045 1842
3037 3562
521 1836
2387 1098
4310 3652
4406 4920
3162 4962
1758 3834
2137 3676
2688 688
3051 826
2882 3760
4146 931
2313 1206
3540 1588
1726 488
4306 3084
3360 3820
2274 4968
3785 945
1852 1490
4705 2060
4416 1071
1689 251
11 3118
226 4217
4502 373
999 2050
2173 597
258 563
1414 1183
4249 3598
2378 4190
4259 2064
802 2184
1233 4612
1902 3446
1095 850
4651 3640
2327 4760
4981 3632
3314 2618
3846 4116
1893 943
2797 4822
4049 4345
4628 1615
4325 2274
2387 3955
1817 3556
168 2171
731 4989
3596 4373
399 4984
2245 2346
4157 1944
1068 4790
1763 3881
3028 797
665 2931
2007 4505
1337 1008
3080 2793
871 2001
1853 3668
3587 1382
3735 1417
4224 2956
2801 1411
1088 4838
4172 4498
2109 886
2523 1361
4483 1959
609 2218
2165 379
3031 3333
961 2371
4531 3669
3468 1213
3093 414
4438 1687
2590 1473
473 3755
4282 1653
3899 1061
1609 3021
4874 4150
3130 650
3363 2442
2989 142
2815 1527
4624 2330
4138 4096
511 2388
510 599
2550 750
2061 1146
474 4479
2236 2597
2394 4283
284 1712
3984 1581
4942 2123
4920 717
2243 4261
1730 1259
4666 3990
4797 3125
2176 4644
2114 1850
3472 4636
4559 3768
2783 3432
507 3100
582 1041
186 4208
1831 2943
616 1722
1283 1662
183 687
153 2156
4337 4978
2453 1631
2154 4910
2634 2768
1066 1565
1333 2433
4498 4973
1988 1613
149 4039
2428 808
4354 1696
4227 2862
2340 1131
716 271
3443 1262
3166 2954
1618 23
4926 2428
3309 4922
3265 3771
1370 1811
1252 809
4723 1744
4663 2310
309 2596
3879 4897
2826 2905
2788 1387
1474 3255
4022 2827
2563 2062
4275 4911
3111 4037
3796 3986
1790 2488
3364 2889
1118 4780
3270 1836
378 668
3695 4069
3411 4421
1701 2051
788 334
4311 2298
487 1401
1669 483
1840 4001
4534 224
1908 2106
2759 4003
1139 4213
4807 194
2510 4922
1380 328
1354 892
4374 2537
2183 705
1181 665
2203 4791
2547 2662
3427 3589
4106 2882
3074 4366
1771 4565
2209 638
1296 2743
107 3621
197 849
848 3390
3564 4841
4317 151
4709 1261
3671 2598
4754 525
3703 1801
3363 2828
2296 1211
4605 183
250 4719
3465 4730
4646 2950
396 4893
3768 2551
2906 585
1004 1129
3367 9
3369 614
1863 3320
4791 697
4111 78
3617 525
4955 3510
2729 1591
1030 4189
717 3305
150 2288
1805 4228
4111 3910
3530 3112
781 2792
1094 1517
1558 2322
4438 1352
2145 2318
1469 1558
2481 1821
4591 3235
1463 3055
234 4029
4123 4043
763 3719
3078 4165
1918 512
3053 3654
620 3648
2580 4254
2161 1676
2855 1565
1075 668
2970 2988
4573 58
930 3574
4452 360
3758 3105
1427 1657
2673 2232
4323 1982
4834 4934
3473 4853
2659 60
2242 3659
3258 2071
4163 4837
2215 790
1705 4241
2192 1899
218 948
722 2233
4561 2370
1570 3145
2490 2414
29 2319
664 1504
3381 1625
3885 2979
282 1290
3550 4351
3809 2298
4146 2794
2913 4135
4842 4259
33 1375
2637 3350
3046 2913
1630 738
2237 4811
4459 2178
4327 2166
3002 4868
2895 1372
3064 4410
3378 4764
1375 2805
744 1713
2413 1106
2658 1886
975 10
3099 1983
1753 738
2024 4668
555 4400
3220 930
1940 2492
686 1138
521 1651
2890 3937
2751 1288
2780 1613
358 3097
1393 4271
2186 4806
801 4776
1808 1969
1533 2781
2702 3460
3267 1291
465 3168
3276 2290
1690 1588
2789 1880
3173 547
3448 2260
3184 4324
256 723
1961 3094
1697 3738
1454 3799
2140 3041
3019 2556
900 2968
2196 4440
2498 279
2277 2934
1855 3035
4895 913
2282 4056
1317 3294
1176 4483
4040 3527
2361 3598
586 4206
1797 4012
1555 3172
66 1224
2454 4211
4093 2031
88 235
612 796
4628 3158
875 1196
4438 3023
3419 352
982 1204
194 108
1714 2285
113 2679
4764 3340
2662 3141
4017 340
639 56
4075 4173
1192 3243
3421 3412
4021 94
3079 53
96 4337
3725 109
3011 4579
4624 3771
2116 1746
4482 4579
3079 4307
880 167
1150 3020
3706 2130
225 2982
4107 4739
1240 3661
2384 2758
2693 4036
1786 2329
1034 3191
2715 391
3086 1702
4629 4030
677 2377
367 3903
134 3249
1221 4500
1109 107
1670 3441
236 1021
999 4100
1898 1427
2635 3824
3322 3388
4949 1317
1245 4533
2332 1302
621 3025
4073 3940
3397 4361
1538 3537
4885 1835
4033 4931
1411 1669
1052 1424
4842 1842
1824 3354
2127 3608
2105 3971
3379 4714
369 4141
1136 982
227 2363
1655 2281
421 2581
1466 1154
19 3293
4274 4519
4738 4925
22 1441
4253 1770
3933 1897
1488 693
3275 3343
1144 4253
638 2468
1211 4530
3234 4356
4556 4885
3873 1366
4701 2306
744 1020
4874 3825
245 2382
4506 245
549 788
1307 2919
2108 2973
4842 4657
2862 2582
224 137
2869 1996
1032 3015
3393 669
1388 3931
467 3457
1876 4907
2872 4882
1501 1884
1841 3539
1981 234
4872 3430
2327 3814
1371 3302
307 3824
1167 2706
4510 1465
4342 4663
4994 2086
2546 4351
3133 4024
3852 2187
3381 4525
3145 1200
1855 146
4559 3016
2115 4146
3550 3218
569 4786
1634 4443
3985 3906
4006 2296
3646 4801
4249 466
3627 3809
1665 1713
2798 880
2576 634
2600 3791
1820 1405
1345 2889
64 4114
4097 4053
4915 4696
222 3950
4947 4747
1420 3355
2067 1015
4661 275
424 2577
1367 4019
157 864
4383 204
4680 2683
439 4612
1549 257
3184 544
4796 1922
4985 4637
2015 4339
1659 3708
3752 4801
23 2785
652 411
2012 312
1096 2891
299 2025
3946 4669
2368 533
2819 1400
2471 1307
3619 3539
3862 168
