266
210
210
185
164
120
157
54
452
345
174
596
3
241
418
109
126
123
47
74
154
211
53
86
152
303
47
95
496
47
83
155
138
100
442
50
171
2
275
44
429
581
186
553
750
431
109
244
524
201
227
126
62
175
609
590
340
335
167
55
67
436
85
446
27
354
43
144
201
169
593
22
273
26
35
532
34
146
216
569
225
212
171
300
177
49
34
346
167
182
39
5
316
101
35
139
291
299
32
218
253
406
313
54
309
235
4
225
259
72
429
81
118
277
172
577
274
10
402
246
203
218
494
177
130
370
142
539
127
408
328
19
210
403
168
107
71
69
443
124
80
32
154
15
49
282
420
97
610
170
245
88
137
500
400
161
117
576
43
11
193
301
276
309
670
255
329
61
171
354
164
148
257
194
45
432
71
165
502
43
27
446
44
287
614
134
228
56
439
201
242
255
209
221
140
143
223
378
192
53
248
133
116
621
141
218
547
354
233
378
89
192
130
199
305
20
76
172
631
196
17
7
142
546
454
58
254
88
254
142
172
138
285
500
414
116
237
16
129
309
263
2
471
299
66
151
277
28
105
336
251
301
6
369
207
419
512
53
461
50
155
427
187
16
6
624
530
547
498
184
88
499
232
404
407
88
551
21
369
35
4
24
503
95
137
297
51
248
17
210
527
144
27
164
126
619
291
618
284
335
66
106
29
70
297
99
220
28
203
225
30
269
3
85
151
285
97
67
694
246
141
110
381
488
485
116
188
285
204
14
479
276
690
445
88
227
250
203
140
288
53
108
247
628
503
477
87
214
43
365
210
12
593
356
310
260
379
304
262
11
277
168
401
579
317
171
171
341
302
609
139
23
490
6
36
118
101
60
284
347
30
82
143
65
177
76
489
180
111
614
177
159
186
433
36
202
539
336
209
167
560
262
138
177
633
48
542
493
31
146
346
557
277
288
319
255
160
479
24
51
120
249
29
362
96
267
491
398
208
130
401
330
204
333
485
468
161
456
548
65
590
184
140
369
154
461
708
297
404
153
403
665
9
312
92
587
110
3
308
112
341
135
349
432
72
380
547
152
33
296
145
118
329
187
329
362
491
221
43
35
356
129
292
11
70
152
224
78
662
233
238
343
148
99
341
205
555
97
22
56
351
309
199
123
227
438
349
353
350
341
157
27
254
55
366
404
118
58
223
401
102
68
528
183
357
319
404
223
36
246
138
465
301
229
368
323
473
159
44
54
111
339
274
152
40
170
388
81
450
383
517
72
143
61
217
228
340
358
20
340
323
65
230
115
180
156
352
460
99
178
125
123
173
625
622
76
270
433
48
111
257
445
73
36
18
51
199
89
361
162
373
144
439
427
288
583
43
2
127
192
455
749
10
126
94
220
392
255
379
261
313
22
37
66
345
517
510
389
316
451
636
414
50
283
99
457
588
249
529
352
232
71
303
510
376
592
170
214
33
474
238
599
287
18
137
95
365
249
483
261
171
110
26
145
63
448
192
260
420
387
343
136
433
259
777
32
658
316
132
462
714
102
101
149
390
607
209
71
106
203
121
332
461
567
295
5
357
301
103
241
140
365
267
288
634
136
441
33
49
463
20
133
275
604
496
167
119
558
102
52
169
310
72
108
112
123
185
156
61
90
79
33
230
187
122
330
58
237
40
34
228
226
152
487
258
24
296
51
535
509
156
257
201
57
53
321
73
468
268
173
113
99
187
267
196
744
197
24
151
57
95
409
38
31
349
151
11
24
91
335
79
106
352
219
184
8
322
687
269
4
245
488
29
478
26
274
323
293
510
235
121
303
277
165
355
289
190
56
4
494
133
512
48
203
89
63
188
113
38
65
24
223
394
192
102
485
326
103
205
344
7
419
241
467
31
188
172
37
120
198
573
290
110
41
375
125
407
586
228
224
47
697
98
92
401
483
21
17
116
323
126
342
234
111
246
502
63
134
653
173
390
110
159
498
429
46
759
145
10
359
366
308
479
67
566
332
557
163
68
210
387
429
364
188
60
119
235
134
37
9
248
62
151
491
28
15
70
626
6
388
29
172
206
280
237
334
171
291
28
65
22
140
191
50
607
133
119
294
395
534
87
401
381
73
177
4
38
558
431
401
92
583
64
209
314
393
199
464
351
606
228
284
32
52
26
369
7
80
161
524
235
201
36
200
569
8
188
175
164
55
85
159
61
587
558
48
304
206
275
16
86
440
61
237
148
430
146
572
15
217
366
197
319
62
97
13
25
341
5
77
229
275
374
147
145
217
189
387
114
292
213
61
186
433
57
17
251
43
10
393
270
57
216
42
175
29
146
209
341
178
276
62
59
74
360
285
132
78
34
99
135
11
499
476
544
93
144
496
75
491
433
113
390
292
624
230
51
233
112
39
47
539
309
93
27
84
300
21
336
137
298
366
270
373
391
218
60
310
47
2
65
166
36
5
40
44
18
235
96
274
132
400
142
213
305
476
163
462
624
389
616
75
419
372
132
144
349
196
85
26
198
429
201
455
235
64
107
455
302
28
148
227
237
156
52
312
357
403
240
545
192
421
274
342
110
32
499
97
288
373
625
118
9
20
302
255
50
122
321
314
49
218
599
482
265
139
186
14
146
77
116
242
214
510
136
125
375
53
164
226
612
378
245
249
173
81
180
450
367
527
265
85
60
90
250
95
338
515
531
37
235
369
103
27
154
520
91
531
150
61
312
218
69
223
407
337
54
20
493
317
341
509
161
479
733
198
228
230
712
144
124
520
201
177
129
439
113
331
146
52
396
510
107
65
399
557
320
150
233
35
428
144
174
414
3
301
104
247
282
26
120
448
732
555
345
306
410
8
121
309
60
50
174
152
26
456
368
75
386
435
2
581
37
547
342
242
109
82
479
215
498
353
158
198
137
106
100
99
20
524
247
213
133
161
237
318
128
262
186
132
84
131
251
49
437
13
174
80
205
230
164
499
56
170
105
372
50
70
327
212
42
22
137
297
389
432
231
283
131
464
273
44
70
262
293
129
603
43
270
204
222
199
152
94
111
195
294
455
435
646
17
132
167
500
111
14
144
507
396
352
589
195
170
131
41
185
138
44
12
354
247
235
399
82
43
199
27
109
65
428
17
141
95
208
50
61
59
312
170
256
164
104
473
250
21
41
154
150
43
316
51
64
366
151
116
241
210
482
59
1
326
219
144
43
293
254
279
16
89
122
187
252
34
379
169
432
150
323
44
506
400
208
71
395
150
467
388
273
31
108
131
169
120
31
25
21
220
147
629
309
686
235
469
39
257
575
56
300
256
224
40
365
137
359
16
532
528
43
416
258
195
607
40
312
104
386
92
15
491
3
77
56
346
35
12
149
389
614
440
425
447
504
210
104
24
44
20
183
85
286
129
378
572
555
333
216
599
212
200
679
480
316
25
73
173
312
562
185
126
276
185
81
183
115
136
136
456
439
2
560
68
184
189
334
465
168
759
63
251
269
321
186
303
180
64
258
474
231
545
363
22
33
309
235
709
277
379
291
549
31
215
101
657
237
72
26
275
11
104
125
66
592
622
464
225
339
106
231
54
62
204
19
31
404
288
332
140
376
200
117
645
312
445
159
42
66
561
55
533
218
38
12
242
296
212
595
354
4
23
459
153
413
48
237
54
307
227
14
107
106
188
627
81
169
624
390
498
197
559
752
60
156
263
112
343
45
247
213
151
104
180
130
54
36
256
223
95
439
292
260
103
455
258
3
354
96
179
353
350
72
44
401
530
57
386
352
555
259
210
192
89
593
223
260
298
18
694
347
36
97
171
205
425
235
497
93
171
263
471
419
118
580
581
79
318
550
152
105
155
120
352
172
56
249
207
21
310
79
495
9
411
105
160
446
444
34
185
257
108
136
170
175
141
270
88
75
102
274
264
242
661
264
164
264
119
669
318
5
194
358
475
275
58
211
192
45
247
266
82
443
240
158
255
134
495
26
69
474
299
396
581
427
39
675
5
482
330
151
271
76
51
50
154
326
11
194
303
279
174
89
375
16
478
196
467
4
49
162
689
295
521
489
343
356
352
88
76
236
396
221
332
29
50
189
17
176
57
429
395
83
89
268
217
87
725
448
37
514
57
288
235
239
116
483
30
261
137
267
72
302
158
248
90
473
700
375
49
499
278
210
24
12
390
30
94
3
441
12
249
213
519
76
310
42
501
123
100
183
181
286
184
15
229
135
314
491
1
61
126
316
642
214
18
309
281
222
437
101
183
178
171
195
684
204
107
218
74
214
314
633
231
272
38
390
51
317
145
543
389
124
62
354
17
225
170
40
16
170
79
88
255
107
166
93
82
156
310
51
4
484
222
194
557
224
151
445
562
105
180
369
201
459
172
507
251
121
19
54
228
35
480
434
328
166
76
134
293
167
687
208
190
211
525
252
262
283
45
10
348
256
112
490
384
30
116
427
73
238
206
156
197
557
45
432
478
473
190
207
88
206
492
618
69
140
46
575
81
129
525
271
374
221
41
159
375
193
50
158
7
182
402
297
537
227
691
487
29
57
10
6
441
93
199
665
454
82
187
517
101
112
223
211
433
93
16
142
206
181
63
130
416
502
183
4
69
59
274
167
290
239
36
6
365
211
14
259
389
421
247
411
618
219
615
364
60
43
279
165
388
359
539
185
532
487
101
186
32
132
68
272
280
277
156
208
517
545
98
446
114
4
537
135
317
22
48
137
247
241
110
349
17
370
96
34
9
26
515
414
329
29
503
561
198
600
214
44
144
163
393
257
502
582
41
356
435
412
227
165
111
31
217
223
321
1
451
21
236
203
32
32
699
321
298
152
114
617
203
154
31
413
386
170
218
76
473
258
373
132
49
124
276
356
15
294
214
204
259
247
260
587
28
103
10
122
123
643
345
430
6
95
131
76
234
50
310
96
24
188
46
81
431
218
6
166
224
178
199
329
264
18
428
194
274
313
198
43
571
488
183
100
113
417
383
314
610
662
188
66
391
228
506
345
241
217
548
355
205
118
450
288
545
540
438
10
371
94
183
253
268
402
311
332
451
242
430
653
14
85
102
29
139
92
200
20
336
187
159
286
135
373
373
66
4
12
500
605
276
15
122
592
37
92
344
113
118
476
109
514
345
303
63
381
424
180
471
354
155
545
22
390
24
102
236
95
516
219
205
195
656
247
545
63
47
624
408
390
412
400
44
113
102
145
172
367
512
319
24
77
202
360
59
457
224
288
152
453
360
273
608
53
295
324
254
44
280
50
237
434
311
62
320
491
15
334
348
5
236
320
187
219
328
76
268
233
488
120
231
249
238
291
84
66
24
9
439
64
479
178
129
678
525
372
409
337
18
81
140
488
159
210
586
19
136
378
281
31
296
151
8
429
687
155
395
83
509
214
573
206
201
107
87
195
371
590
91
32
321
214
162
346
279
492
252
726
72
81
145
220
127
114
22
642
269
50
271
347
199
524
298
65
481
356
227
342
53
188
284
43
237
581
253
29
98
257
517
25
482
557
466
222
359
502
31
375
96
333
205
127
144
75
150
6
405
373
553
558
232
668
426
517
464
101
15
414
54
288
303
485
208
229
501
202
247
578
96
46
295
394
64
40
564
58
290
240
161
12
232
151
453
276
359
92
120
148
197
13
45
176
103
100
167
104
229
398
359
67
168
59
159
235
65
111
141
386
38
500
453
314
108
185
233
359
150
256
31
157
333
145
88
6
2
181
354
204
239
45
214
118
372
197
289
308
13
376
32
175
182
345
186
83
61
472
521
90
260
299
280
63
9
185
113
50
8
129
183
37
134
494
48
402
266
502
324
133
130
555
131
24
630
110
19
571
545
342
446
493
206
144
675
184
465
563
84
236
180
418
165
89
17
573
50
79
83
64
329
-1
275
11
197
124
370
182
95
90
119
297
317
497
25
391
33
106
201
531
224
496
333
429
40
549
514
90
406
75
76
156
69
434
353
208
359
12
515
379
388
375
161
79
405
173
667
175
222
86
37
330
197
173
289
561
352
91
226
59
565
155
206
140
231
446
377
239
163
147
275
244
428
112
589
334
26
143
134
30
281
304
73
71
221
398
123
231
3
9
21
69
133
117
427
307
677
468
148
224
172
648
109
478
407
512
290
96
80
325
30
302
105
62
77
264
232
143
337
200
379
191
29
345
393
145
208
50
282
68
431
552
121
165
683
75
107
201
353
413
186
133
41
292
326
451
397
479
47
147
111
566
29
60
636
131
340
383
149
151
166
413
394
226
293
619
31
185
24
368
75
80
577
394
57
121
317
260
3
114
488
82
356
569
105
406
592
718
30
71
424
35
7
315
324
78
46
426
244
30
89
334
158
551
322
488
317
483
175
269
153
235
203
257
429
232
208
277
156
401
545
195
730
229
16
262
292
282
60
467
168
16
43
112
229
45
392
492
75
177
107
232
429
35
191
127
7
102
330
37
306
213
346
485
275
98
249
76
560
634
592
130
367
229
77
282
233
380
415
42
276
409
34
363
383
70
299
72
394
515
324
469
203
229
49
426
123
138
52
28
203
546
221
346
372
416
144
437
12
20
655
12
214
26
59
101
384
142
228
149
48
57
297
385
411
446
75
503
119
37
433
24
148
366
163
72
415
108
124
215
548
183
662
171
30
43
69
-1
493
435
257
197
663
156
557
479
259
5
88
54
362
342
180
268
39
289
69
468
467
465
357
77
442
119
39
460
144
285
53
498
467
78
319
259
583
101
95
392
237
135
214
215
428
208
18
181
67
56
223
137
20
482
359
424
308
57
186
158
69
415
213
222
92
41
468
114
642
341
269
460
555
287
632
89
122
105
146
10
145
493
255
166
14
398
90
255
242
4
479
160
156
642
45
101
464
187
235
265
60
417
90
54
13
57
435
270
177
549
157
442
582
29
26
445
537
321
501
443
58
70
457
181
320
225
60
469
518
57
386
389
110
204
187
193
384
419
13
265
732
65
129
209
31
97
227
326
345
260
481
31
274
274
428
148
230
25
312
76
501
92
80
192
267
59
29
180
418
472
257
370
47
305
404
337
692
5
310
516
58
171
139
210
74
221
430
160
312
231
46
512
259
387
61
210
108
42
309
493
209
106
259
309
270
46
23
342
133
773
251
241
9
198
527
137
294
241
603
373
464
75
192
439
257
604
232
112
521
71
-1
147
28
134
377
363
33
315
77
232
11
250
189
372
529
408
3
316
392
396
305
162
200
340
704
366
615
488
150
252
203
449
506
5
60
158
124
104
97
496
412
82
112
12
256
29
115
214
422
437
695
383
284
285
451
229
303
271
272
10
10
69
659
285
203
162
5
75
226
153
61
119
111
438
2
96
384
670
224
70
199
137
249
126
88
24
189
219
53
49
55
22
316
84
468
235
80
306
6
484
267
276
70
261
148
154
191
131
85
528
137
328
21
172
47
222
246
49
448
213
73
270
376
196
160
96
309
85
277
398
539
174
357
661
306
176
458
324
44
134
101
264
233
229
323
227
205
129
93
348
122
187
237
22
523
230
478
527
514
4
246
298
422
54
62
39
47
382
187
580
323
385
110
129
67
433
108
655
31
100
446
293
251
194
507
81
36
426
554
511
166
242
348
334
343
187
141
188
252
52
325
236
41
144
20
11
266
233
107
225
192
345
597
56
571
472
52
281
328
48
338
239
492
452
401
75
180
98
187
247
196
38
617
187
76
464
44
439
539
78
7
134
210
134
56
51
454
367
296
164
382
416
22
537
98
93
344
221
530
377
105
147
251
48
391
48
355
82
135
16
46
223
61
520
215
112
79
534
182
444
129
332
196
211
188
541
92
247
41
183
400
202
218
169
411
155
225
306
511
114
305
192
411
25
225
232
559
111
32
453
230
303
118
20
78
299
353
360
182
619
321
216
467
219
343
264
19
289
521
462
151
97
378
248
126
354
261
174
30
229
351
121
248
522
95
196
489
221
229
224
304
288
644
149
172
118
409
63
408
61
400
353
255
199
212
118
112
140
23
163
409
60
132
42
116
8
502
240
609
168
311
318
102
355
216
53
366
21
508
469
391
235
429
10
43
130
127
49
113
125
184
3
188
253
206
8
332
64
54
11
196
62
557
104
118
601
13
18
453
614
115
56
466
82
500
272
288
4
330
130
333
410
416
99
367
104
131
535
494
37
461
429
82
160
34
73
88
357
235
97
390
581
590
19
446
574
103
102
60
371
139
206
68
613
109
124
390
351
495
577
272
293
508
250
305
316
279
168
319
259
133
3
172
341
634
627
193
168
428
105
416
346
477
266
331
158
299
566
15
196
574
402
140
66
396
434
8
248
19
443
27
597
183
36
107
93
345
292
8
313
63
21
240
103
151
285
77
448
257
21
316
153
85
285
42
492
4
41
232
440
12
69
145
655
633
315
605
70
6
369
34
164
169
532
200
487
390
13
427
203
288
213
347
21
404
412
50
112
39
93
250
481
46
89
79
347
225
395
205
488
227
519
188
69
179
586
458
77
195
431
161
458
41
-1
302
170
497
277
8
411
310
107
240
273
261
186
145
377
62
204
46
359
199
172
88
357
158
273
271
63
126
38
83
301
267
6
99
114
376
152
126
21
93
20
386
340
218
179
169
111
275
26
268
172
326
138
66
196
418
66
373
227
120
64
221
74
330
574
32
142
175
25
83
89
325
360
355
213
380
-1
72
176
625
372
457
106
38
196
133
53
404
182
52
446
157
214
358
85
439
75
384
117
314
105
56
42
39
281
128
110
399
57
126
391
499
199
477
19
65
7
578
241
306
88
198
291
210
369
118
67
263
208
432
25
55
344
6
155
401
46
364
440
174
312
52
344
45
502
213
330
510
54
119
359
96
72
229
233
6
397
306
373
283
574
54
29
37
435
588
591
107
299
497
162
183
152
24
736
174
146
521
147
352
49
533
43
148
5
430
302
55
46
8
75
118
134
124
96
392
470
5
8
645
105
150
158
226
476
100
108
163
97
484
281
272
71
179
382
47
151
558
40
235
20
317
442
136
554
76
145
675
180
347
551
157
33
431
77
441
61
56
459
209
6
157
103
235
235
401
128
518
183
507
267
48
106
104
197
501
16
236
321
265
155
128
278
63
414
25
64
347
-1
433
173
456
201
428
322
59
462
42
268
248
147
184
211
163
370
222
301
282
245
179
255
632
85
482
66
398
642
49
186
19
376
345
77
78
42
63
615
89
201
247
257
21
361
108
224
156
20
80
66
316
94
648
31
360
71
141
495
234
230
345
106
79
525
58
314
316
78
123
734
222
243
410
377
76
294
128
62
481
5
117
258
668
221
61
201
77
276
241
368
88
592
46
295
348
200
157
49
73
177
350
201
49
88
10
263
92
209
17
134
534
296
119
34
188
146
438
153
329
154
203
90
4
342
113
287
189
507
204
274
180
521
294
379
177
98
115
198
381
184
383
402
483
188
187
34
151
296
48
444
74
419
176
142
-1
7
66
139
329
420
55
497
153
325
128
524
560
228
70
330
57
243
254
19
546
13
277
50
182
208
324
3
318
172
277
178
236
541
304
286
282
20
222
144
454
45
157
24
295
105
502
-1
113
268
287
62
399
156
132
281
517
451
288
101
97
372
218
181
126
588
19
241
463
150
426
112
80
140
568
299
54
129
165
492
75
43
225
171
314
48
282
34
642
517
227
352
544
8
465
649
67
322
336
479
566
187
397
163
181
86
638
207
542
40
102
295
52
114
207
96
66
275
347
354
329
174
115
462
447
484
41
58
60
331
8
469
223
310
103
220
365
203
70
134
541
4
447
336
604
12
571
531
89
193
20
192
405
198
49
45
383
285
34
5
260
230
231
283
14
520
474
439
64
583
186
404
399
11
243
653
361
495
64
166
273
173
7
162
452
64
3
614
160
536
246
107
48
644
176
67
512
406
26
520
408
266
66
257
137
104
79
152
3
314
5
456
190
246
447
470
95
59
478
65
446
31
364
459
245
144
641
187
84
25
226
114
330
104
212
362
425
7
95
179
180
124
66
525
124
157
431
503
197
133
458
177
13
505
357
52
3
213
104
109
58
17
3
403
180
167
78
296
527
44
41
157
35
247
278
469
23
293
153
488
140
187
646
106
101
437
36
59
618
488
142
462
62
162
189
97
51
511
24
80
430
172
42
53
295
138
177
177
56
396
321
215
631
113
46
258
539
601
182
395
271
148
164
288
232
485
140
241
56
140
499
44
579
135
395
139
331
485
218
85
40
123
231
212
506
386
109
79
221
188
300
85
185
538
356
64
275
528
245
47
122
582
534
189
269
241
262
95
300
218
40
417
9
394
171
208
283
40
208
266
492
131
207
95
591
158
158
160
545
-1
29
15
459
598
349
454
423
92
28
282
300
459
52
326
524
13
385
545
541
483
174
183
296
524
135
104
239
280
110
141
326
248
122
450
249
348
652
19
412
259
147
15
533
303
179
285
143
478
40
428
265
272
344
205
437
93
249
28
80
266
51
14
393
72
256
213
363
508
31
34
5
36
41
626
74
172
107
394
263
238
311
500
674
46
222
120
109
124
692
567
362
46
290
322
602
439
529
646
199
721
426
111
165
166
560
252
42
36
86
7
2
454
259
526
67
444
271
509
576
242
305
285
435
115
184
324
558
263
446
116
533
77
291
526
108
5
71
375
253
70
50
467
274
116
118
50
435
50
265
8
119
324
158
417
222
26
395
94
41
273
329
511
74
14
147
366
298
45
173
302
604
248
11
249
365
368
223
19
136
487
180
24
115
184
286
41
517
469
9
94
145
648
165
511
357
98
193
408
465
47
56
70
197
207
91
470
6
473
289
298
105
232
259
195
268
312
60
53
460
-1
548
410
86
423
419
30
31
87
373
524
268
110
483
372
266
504
582
363
428
33
24
383
140
349
57
432
368
427
57
152
332
165
135
4
190
297
5
297
621
310
170
267
515
112
464
13
411
184
162
125
393
540
296
637
76
115
258
270
34
63
178
319
56
71
40
225
73
303
38
422
45
59
48
89
530
39
276
189
63
135
93
232
162
138
342
637
504
470
89
161
538
539
250
16
528
216
199
577
39
511
172
70
227
172
426
644
185
140
330
482
390
236
284
635
120
138
139
76
449
96
64
12
636
47
488
598
239
157
327
61
42
31
121
152
92
44
160
515
23
101
392
220
2
20
10
346
249
462
130
162
246
474
415
353
425
274
1
131
497
219
127
118
446
491
28
657
185
6
212
83
120
545
343
218
187
136
320
311
58
274
215
143
327
234
231
179
467
124
83
282
134
22
96
211
53
47
32
334
57
733
367
279
358
33
680
528
33
341
89
265
335
4
602
153
57
75
46
196
18
157
5
101
548
15
442
114
610
67
385
77
518
175
37
118
472
357
188
307
362
78
70
135
2
426
194
121
280
170
495
666
164
434
520
54
37
186
200
465
328
300
336
209
23
48
80
67
563
319
85
261
506
88
620
287
585
428
575
37
276
123
467
157
584
398
54
43
122
2
75
574
426
294
74
282
1
176
313
167
628
25
659
107
162
135
251
211
468
337
218
418
219
430
221
88
196
616
109
160
494
273
296
219
358
431
69
329
196
45
76
447
76
14
296
115
436
324
55
76
384
205
125
186
277
163
383
471
417
60
208
145
312
20
594
305
490
219
569
10
8
347
436
346
41
199
82
77
331
350
242
388
163
189
410
539
95
397
399
70
213
78
291
114
10
168
227
180
58
320
306
65
2
504
8
365
354
56
166
220
602
607
64
303
52
63
511
273
240
17
5
9
535
452
442
270
217
327
38
45
221
552
111
85
332
132
354
499
-1
220
2
752
141
99
12
379
227
290
216
502
70
582
61
386
415
365
314
436
674
312
478
367
296
84
116
665
438
390
347
311
405
194
103
524
526
143
82
175
658
12
233
363
257
86
344
99
497
212
279
219
19
677
606
235
244
260
568
150
317
223
200
95
115
473
321
126
230
309
78
130
274
255
18
327
566
268
411
201
17
54
449
105
150
9
140
399
38
202
70
401
95
368
298
302
88
563
585
244
222
616
153
105
196
246
153
32
210
53
124
216
591
205
87
402
202
193
286
237
157
39
41
82
170
78
95
385
572
58
376
74
302
170
130
241
168
279
278
47
436
255
289
93
441
179
346
499
347
4
191
58
148
64
159
149
460
613
96
71
125
51
157
166
521
58
434
639
208
209
324
622
144
692
197
228
224
203
38
108
454
37
116
50
190
255
529
354
40
44
393
321
391
182
55
446
256
131
141
57
32
261
306
321
619
8
100
15
80
183
230
2
364
161
374
372
292
284
598
182
164
248
212
335
87
111
75
235
364
61
134
275
156
111
24
206
19
209
612
227
21
331
22
220
76
175
119
403
375
261
98
470
586
178
55
377
355
263
191
167
195
37
203
255
36
184
456
111
619
183
128
195
242
437
655
501
128
169
219
77
348
269
532
275
559
46
65
296
546
249
228
237
149
390
429
163
79
146
274
319
563
107
302
376
416
81
580
300
217
530
445
293
621
352
62
282
264
645
249
111
287
302
172
69
191
406
45
159
125
30
416
239
256
330
361
155
196
103
201
512
353
71
89
218
741
207
475
306
-1
32
30
75
464
485
121
369
7
271
234
202
397
404
5
320
419
97
504
139
364
423
65
12
129
227
292
342
138
220
105
161
11
11
198
344
98
309
129
411
12
185
141
460
52
1
184
100
15
184
150
37
42
498
46
187
26
333
280
238
578
311
334
290
89
76
28
282
77
291
135
641
114
369
497
504
156
493
12
438
258
435
80
368
145
194
504
173
431
56
172
156
228
482
143
201
322
61
45
43
654
455
320
223
70
559
169
408
440
150
438
49
178
488
295
191
364
247
36
42
5
415
417
110
85
456
118
199
88
299
239
33
211
388
306
321
253
556
374
521
410
491
86
117
26
312
229
404
120
129
134
186
414
196
316
385
406
92
235
168
471
200
172
335
187
406
370
414
184
266
142
197
355
232
52
42
90
666
742
78
100
77
370
18
13
218
146
122
407
121
545
378
276
590
515
245
223
410
255
278
355
394
315
541
397
361
514
66
100
21
175
115
26
344
142
66
4
285
202
36
99
164
19
14
262
341
112
101
411
637
33
20
31
126
88
280
92
85
200
374
488
234
274
94
239
537
239
396
372
544
241
57
404
426
177
176
24
386
37
563
408
378
31
44
488
179
241
24
556
431
297
62
179
67
348
379
28
64
53
458
223
36
533
178
167
141
431
129
-1
101
110
437
131
155
396
63
42
209
316
165
250
121
490
82
215
182
310
482
122
190
203
87
164
60
79
99
86
29
56
440
214
249
101
134
29
385
39
349
271
538
113
147
404
412
113
412
342
494
254
427
141
56
486
149
451
2
240
148
219
72
16
257
276
355
646
112
59
576
288
214
296
50
436
505
347
391
136
276
505
12
175
375
514
427
46
183
233
282
251
245
39
176
251
228
304
569
697
518
12
285
130
413
21
307
159
78
399
258
46
278
417
521
376
221
355
337
510
194
171
176
236
283
37
24
154
418
490
12
67
57
553
102
91
244
191
499
641
417
223
101
475
702
478
1
310
538
69
126
468
53
260
266
194
98
139
120
81
46
148
229
127
177
441
56
461
298
421
217
153
61
15
89
99
243
345
136
390
469
67
101
10
419
261
204
83
378
331
377
304
427
326
8
239
287
633
238
14
572
692
393
166
402
23
234
125
127
70
89
377
22
25
68
427
215
620
589
171
168
379
290
110
91
605
278
117
238
37
125
354
380
356
113
152
111
367
45
186
277
341
373
534
213
47
397
78
604
133
162
57
316
453
45
129
289
331
174
189
654
276
73
285
109
52
100
528
599
229
382
155
469
34
68
18
186
59
394
455
312
76
607
363
5
83
343
528
106
334
91
209
338
168
290
675
185
648
184
103
359
41
268
208
100
616
349
208
132
731
197
310
337
13
293
386
18
91
146
319
430
739
141
92
108
28
97
45
39
187
53
273
82
513
178
324
110
526
162
555
346
165
129
237
433
377
287
314
138
14
518
94
22
142
51
228
101
116
259
183
480
132
442
151
615
8
40
64
190
103
441
345
340
576
41
124
6
443
599
75
433
177
15
395
154
256
299
81
718
107
123
256
201
479
230
202
492
299
135
48
530
80
154
364
23
352
60
425
390
448
224
131
436
232
86
16
71
32
541
210
394
136
214
254
491
36
105
294
265
166
198
61
661
305
412
431
552
648
285
446
353
199
439
177
76
482
121
321
7
567
7
249
55
151
251
432
26
372
423
304
391
351
177
286
238
133
239
77
42
714
79
359
670
624
294
170
120
542
68
170
379
56
81
304
94
75
66
98
409
256
231
92
23
205
7
61
191
82
196
348
528
342
250
87
318
146
31
137
326
130
259
122
408
380
187
262
447
436
160
488
246
153
476
470
568
3
608
689
407
72
575
471
56
182
128
448
79
531
422
388
375
116
149
257
145
141
168
517
493
322
23
9
17
342
230
137
472
179
370
355
208
390
345
139
268
312
35
165
336
134
66
222
36
30
698
65
221
105
203
625
123
40
435
314
49
396
75
39
130
542
319
267
87
69
411
396
379
548
460
220
576
426
156
318
541
98
290
62
104
572
170
11
3
325
351
164
365
454
150
72
112
49
247
193
196
64
131
627
233
225
664
319
48
229
367
458
117
345
299
470
84
136
4
330
194
345
484
308
471
358
473
389
3
391
120
204
45
530
104
430
352
379
218
68
123
199
264
256
1
91
427
216
471
52
27
98
22
26
599
184
250
119
215
445
410
132
25
56
36
298
173
305
217
464
217
174
240
66
148
496
81
58
89
668
137
204
293
24
274
86
415
357
255
23
98
270
158
203
320
492
100
94
338
330
39
358
235
76
325
65
357
316
175
66
378
220
311
535
206
151
354
104
335
312
393
598
99
142
335
341
403
12
65
30
12
3
79
99
149
357
334
285
72
98
341
51
277
275
297
156
189
369
296
69
355
137
72
148
30
252
3
108
575
2
494
205
293
12
581
42
530
140
278
675
332
116
544
44
129
156
418
582
122
408
697
645
184
213
616
78
393
51
227
170
152
330
323
120
559
515
208
217
206
166
395
170
435
302
304
222
375
106
160
168
141
105
220
48
126
450
314
310
113
161
417
324
178
72
141
408
7
33
228
462
212
53
483
243
415
363
224
612
144
66
311
337
3
44
146
132
5
59
564
245
614
509
47
217
385
179
592
58
189
404
166
152
210
103
235
333
106
177
149
268
155
410
218
52
165
48
443
23
2
315
57
154
244
526
697
115
34
398
126
36
112
118
17
170
10
399
140
71
390
493
426
105
389
62
493
575
70
223
185
51
40
297
127
282
166
300
316
10
100
389
234
607
2
557
523
219
26
133
266
435
208
325
220
32
232
27
219
63
305
505
258
313
198
111
31
554
227
166
56
429
678
426
319
162
71
235
236
81
43
428
191
265
559
426
226
706
449
54
242
36
152
358
196
560
321
225
340
146
236
559
258
71
21
142
97
424
307
315
397
146
189
480
276
374
317
45
138
584
509
658
291
242
119
200
38
574
74
447
348
455
717
183
16
730
214
7
202
298
260
399
485
408
592
5
200
378
8
278
115
41
366
281
55
534
133
158
55
230
483
92
302
281
321
229
211
96
81
369
214
129
498
188
292
301
343
464
474
46
444
463
11
172
366
19
320
283
11
328
109
132
350
361
171
179
258
224
293
150
679
10
106
188
188
181
92
309
192
387
482
544
451
349
137
266
57
109
166
671
339
418
9
595
203
135
523
323
681
416
54
108
24
173
94
14
69
525
66
588
457
169
225
53
146
176
644
79
324
83
6
185
10
162
136
223
356
77
238
178
271
387
564
172
22
118
352
239
321
20
288
332
118
227
287
65
409
514
210
3
577
208
205
337
231
58
481
69
76
567
501
264
242
128
364
202
187
354
117
38
298
109
126
327
377
482
215
211
168
213
387
257
210
444
37
428
319
80
302
114
643
88
198
309
341
342
20
252
201
283
594
334
292
320
202
95
215
156
565
161
148
330
61
194
392
532
300
273
270
431
201
11
116
544
245
286
347
354
136
203
108
27
473
409
364
300
27
139
155
253
237
43
450
245
152
300
138
118
156
368
429
31
62
144
254
167
38
104
153
237
23
251
415
166
152
241
341
71
251
74
629
382
318
220
20
285
285
111
609
11
33
492
392
174
52
266
211
34
500
306
232
247
404
392
339
361
325
117
200
360
89
162
196
23
391
343
258
512
244
98
74
44
258
478
145
36
11
211
174
537
428
9
259
61
181
187
2
21
549
544
102
362
449
325
61
532
48
604
187
494
150
305
167
495
353
97
110
182
522
6
399
174
52
416
569
408
433
585
364
230
296
468
112
549
331
53
482
667
7
89
263
228
574
79
35
175
107
346
172
22
193
337
679
615
76
161
105
334
637
389
53
606
482
68
331
7
379
424
109
421
9
429
37
164
565
239
253
247
209
101
275
14
369
207
81
232
180
598
322
155
185
61
447
437
188
410
61
164
173
54
24
123
9
161
322
53
17
282
465
111
61
222
181
167
41
187
607
286
195
675
561
26
355
291
435
48
133
385
508
393
218
189
342
188
32
99
233
396
153
202
41
355
186
13
275
411
466
68
166
107
255
58
126
1
137
70
418
61
-1
180
249
11
259
325
234
228
256
14
567
511
2
178
595
17
585
334
76
134
75
149
491
124
132
322
108
503
620
163
95
229
119
184
52
228
364
34
55
166
286
360
642
291
508
459
102
208
366
223
162
238
199
152
383
14
142
412
81
463
272
114
13
80
209
185
323
50
57
330
23
238
594
94
2
290
133
500
236
392
77
329
281
96
537
599
603
332
32
94
25
40
424
293
441
329
284
142
300
322
96
339
285
251
269
332
51
118
223
420
457
289
117
16
624
291
41
403
268
292
367
236
272
231
249
188
143
35
145
358
26
212
621
666
151
582
81
223
165
115
524
193
565
704
11
86
82
26
144
228
318
124
576
198
262
418
177
154
583
107
16
729
226
31
370
469
614
489
34
160
619
27
638
59
480
165
297
266
175
361
334
451
616
316
450
19
181
160
281
226
300
511
294
209
313
97
126
18
284
57
639
269
50
33
-1
185
283
135
45
7
416
133
123
250
375
8
478
425
489
44
2
132
115
340
141
511
512
314
285
264
149
332
67
131
122
3
19
76
196
207
27
94
222
308
194
429
445
541
130
224
564
63
525
336
191
541
168
641
5
212
256
53
30
429
279
51
634
302
20
222
340
82
389
221
567
279
236
45
276
373
131
494
23
326
377
488
27
336
518
25
168
125
78
120
447
95
6
78
352
26
136
218
304
132
186
185
120
91
297
12
221
304
121
163
142
152
388
2
480
302
419
268
333
152
146
161
195
220
137
112
581
676
66
519
106
355
472
655
439
61
553
186
336
451
30
359
161
174
605
400
357
370
42
193
45
204
580
394
67
252
442
92
472
249
25
421
79
157
192
174
92
203
257
5
231
270
173
116
42
635
41
5
69
109
19
130
277
410
127
115
148
262
234
19
69
596
229
42
238
56
169
149
365
493
134
36
506
539
53
174
26
117
53
146
197
392
596
427
32
311
278
95
27
18
50
150
108
538
100
86
11
515
415
485
145
286
77
348
145
38
241
390
459
260
225
70
254
30
401
308
149
63
193
75
131
23
194
660
154
417
76
291
117
52
417
175
375
623
14
80
396
119
296
112
140
352
417
262
3
211
127
26
596
633
539
432
332
238
232
212
278
83
282
206
139
145
571
434
138
166
7
80
267
303
509
160
340
367
97
157
718
24
92
246
18
163
206
61
31
233
157
21
556
103
193
90
416
413
170
153
103
117
119
457
331
491
71
8
346
196
226
26
301
23
130
121
283
358
40
458
381
422
87
74
250
32
227
64
217
33
364
400
44
158
467
194
109
46
333
29
390
58
144
458
161
415
308
52
275
304
45
110
464
335
41
30
476
6
529
4
134
229
328
103
163
599
44
338
53
529
234
89
59
172
542
8
373
379
623
180
607
134
79
382
118
422
402
60
164
148
97
42
333
76
560
131
66
112
40
79
24
456
349
473
74
31
483
425
110
207
661
89
178
203
325
4
392
203
359
193
166
154
203
171
112
45
295
556
199
28
179
23
298
405
140
224
546
94
237
672
544
126
140
227
166
260
332
298
184
407
21
467
97
143
91
401
147
213
260
292
140
31
192
489
119
289
566
170
128
130
215
626
279
215
139
192
55
105
169
406
464
522
7
437
41
418
26
327
102
52
43
115
454
185
371
163
468
406
589
249
127
457
161
282
151
146
38
409
286
96
55
107
160
53
333
369
264
116
344
71
375
442
334
58
367
447
409
41
130
417
478
38
45
168
331
111
298
151
323
170
81
531
497
478
421
407
288
41
311
34
364
660
212
350
286
72
19
292
128
278
100
81
235
104
219
60
108
159
186
375
52
607
119
166
23
489
360
146
90
105
353
405
462
39
612
271
32
27
424
451
454
7
210
466
100
418
48
153
209
200
2
198
398
65
259
10
206
20
266
154
109
16
271
407
278
210
427
129
452
45
346
424
251
552
218
244
134
139
151
62
90
144
268
41
480
294
641
482
362
150
114
555
89
205
97
181
98
11
150
347
7
38
40
210
98
188
231
129
225
167
204
258
9
240
235
635
206
91
139
340
709
401
379
62
272
50
517
473
676
546
228
587
417
63
340
102
9
175
33
36
252
183
174
490
383
32
113
250
539
178
25
305
253
218
146
341
491
341
71
284
25
5
108
423
14
61
443
250
106
115
663
73
98
221
547
69
210
11
214
247
357
254
225
54
183
187
159
301
267
471
559
237
45
566
57
154
27
412
126
508
420
6
51
269
540
437
339
22
196
75
176
203
519
61
44
523
188
165
101
401
142
111
78
195
102
121
185
392
299
518
145
187
164
41
265
232
227
342
186
575
174
269
137
69
99
98
245
8
129
220
630
18
421
119
687
255
39
233
168
502
458
527
222
47
121
250
87
346
68
305
169
187
524
157
247
61
235
122
15
297
292
42
254
236
433
123
126
258
86
43
324
303
162
721
396
229
198
18
333
4
406
101
212
310
330
61
551
65
65
195
334
134
105
187
682
434
484
123
419
131
480
350
26
83
59
414
139
202
320
89
69
141
98
14
3
273
52
205
63
565
62
342
214
13
10
420
280
188
149
310
174
316
23
553
124
35
61
536
39
228
120
636
55
19
193
248
507
353
195
334
203
163
281
343
359
452
26
108
174
188
375
249
54
344
201
185
347
20
399
107
327
277
233
37
92
592
311
29
111
179
325
141
377
379
40
142
284
375
33
99
346
136
501
386
616
749
309
342
505
103
6
299
258
109
451
185
93
419
46
48
135
105
34
105
23
275
236
95
53
57
583
103
421
487
79
353
145
247
16
405
385
46
231
32
61
114
57
247
605
335
15
219
126
56
156
22
213
287
271
123
41
19
110
175
503
346
46
298
392
92
47
548
513
22
316
65
246
378
135
57
54
299
595
67
144
210
164
59
130
113
411
206
273
432
507
386
21
274
406
149
82
10
146
383
266
221
66
102
320
431
96
35
397
594
22
242
177
387
22
5
231
220
143
9
608
81
654
140
423
304
417
285
449
504
79
582
100
83
218
240
264
212
352
197
379
11
258
595
173
225
417
107
298
330
38
226
538
125
235
-1
115
120
136
186
189
29
272
42
224
69
160
589
282
503
308
351
45
136
228
280
486
603
94
145
163
232
7
392
434
366
170
315
346
354
52
371
98
268
199
518
380
119
296
593
132
454
14
-1
59
307
71
58
316
34
182
218
565
124
107
14
140
274
85
169
301
543
67
339
2
88
294
187
233
144
252
421
672
56
78
135
32
147
493
461
422
156
35
175
497
5
167
194
113
436
209
493
209
74
445
179
659
125
171
57
65
414
371
221
465
352
221
548
541
105
52
154
48
123
273
263
178
573
72
165
240
343
329
479
152
55
445
145
83
83
37
255
118
225
614
255
176
275
221
276
268
125
69
113
414
633
244
47
606
163
4
520
34
572
53
240
155
675
93
675
141
216
130
44
426
136
585
451
271
578
146
220
400
116
541
253
145
521
420
8
39
360
185
6
116
120
385
395
41
122
382
365
104
564
188
275
52
96
3
156
415
100
526
390
67
372
543
556
263
261
96
239
33
167
262
155
408
268
334
215
46
128
395
563
372
188
120
84
118
668
118
281
269
363
338
137
349
247
105
105
244
433
247
489
572
105
242
144
210
636
85
310
137
521
208
8
281
123
383
73
330
217
91
622
208
122
529
448
25
273
178
439
332
170
11
139
277
594
121
262
284
404
340
41
57
606
84
305
39
45
57
642
308
106
162
160
55
276
232
43
301
298
275
430
119
353
235
156
548
352
181
303
561
93
478
58
675
172
126
186
222
663
29
161
382
77
47
155
95
82
280
307
49
602
81
220
172
217
15
119
103
193
242
536
337
389
367
547
132
524
441
103
389
43
159
255
402
413
343
297
33
35
28
303
508
323
200
224
348
653
78
9
485
168
128
55
40
131
21
125
274
357
149
272
187
502
412
60
412
236
422
405
2
336
96
19
147
46
60
208
622
138
397
197
255
245
522
509
166
189
82
35
146
234
402
283
374
28
152
107
123
236
47
39
128
423
411
421
254
61
28
343
164
111
358
170
281
293
184
285
253
239
272
132
40
558
196
207
443
389
77
373
34
587
583
413
323
257
52
171
569
27
75
103
275
59
407
45
359
156
13
29
58
79
59
225
411
545
734
271
19
181
470
125
567
549
218
489
416
488
190
167
408
126
98
119
204
505
94
49
288
44
211
19
83
403
181
34
582
369
116
90
56
273
318
179
23
49
358
316
663
4
374
102
349
63
13
80
234
440
133
275
50
184
402
128
276
235
506
169
572
601
300
166
542
417
137
93
528
122
118
337
101
105
244
546
291
288
173
222
124
54
636
222
202
198
182
30
122
239
65
55
535
25
159
49
137
499
78
395
69
367
294
27
306
155
409
505
488
400
585
135
142
105
332
374
440
318
187
46
203
98
160
207
279
528
256
12
201
321
121
304
464
303
593
238
19
380
446
267
457
516
41
139
158
254
49
14
377
69
27
67
231
515
157
154
45
228
116
352
136
349
78
470
-1
369
24
445
21
152
180
126
429
258
171
383
117
439
148
165
105
35
510
444
389
271
480
352
75
1
514
381
349
374
92
351
635
399
131
94
165
49
45
221
477
466
656
168
255
329
37
77
430
96
266
280
153
78
116
176
217
466
110
429
161
340
54
637
84
24
219
92
7
400
338
201
339
371
139
176
150
49
72
174
67
511
238
253
166
490
243
77
10
58
120
112
324
424
587
245
28
24
213
363
347
8
468
118
320
553
402
57
3
9
16
55
35
289
313
179
427
525
121
406
262
118
23
120
478
516
203
49
127
120
28
7
291
484
198
1
77
424
25
243
650
218
69
721
565
87
71
205
337
7
265
238
96
41
164
384
76
525
9
251
99
77
322
167
253
324
101
17
268
102
31
136
265
392
135
708
466
105
271
23
503
87
172
51
298
407
69
120
359
7
5
1
196
167
347
356
631
433
364
313
210
214
177
225
135
437
353
63
231
337
214
55
70
152
258
195
43
137
149
79
399
8
35
210
191
218
381
303
214
99
430
392
163
132
573
350
180
15
216
165
13
12
378
380
14
490
54
17
62
548
513
343
408
93
351
54
565
331
681
160
342
671
73
634
225
321
144
172
652
236
284
289
256
378
457
112
675
252
199
116
337
114
115
163
174
393
103
141
261
9
441
260
310
356
218
342
110
191
213
120
175
85
28
426
486
171
445
22
433
108
47
369
631
217
652
70
93
354
227
308
95
69
49
359
269
113
392
131
204
135
212
24
289
121
31
615
97
62
203
441
175
231
259
219
64
514
205
380
393
312
4
181
224
117
141
660
130
294
139
362
100
53
143
253
13
396
83
353
78
115
422
483
514
356
357
52
234
160
222
39
252
441
673
415
339
422
307
47
224
261
370
381
426
126
70
41
171
438
276
304
51
427
17
422
159
133
380
59
192
347
359
214
106
72
400
147
451
324
360
224
320
647
103
333
28
162
207
369
339
256
256
503
349
189
391
243
313
75
66
396
292
542
107
235
354
43
318
63
125
27
164
159
63
270
138
24
286
48
22
637
571
12
37
128
517
263
199
6
228
115
28
63
270
98
5
189
165
109
182
242
242
123
116
32
198
15
442
570
506
205
16
185
385
149
267
156
78
495
505
96
235
249
65
35
433
316
384
68
55
7
145
260
502
153
255
260
149
238
136
333
304
8
343
234
293
242
130
60
520
191
148
484
196
225
507
426
257
99
212
378
451
312
563
90
476
60
132
204
459
26
518
122
420
139
267
216
34
136
424
261
300
375
71
302
57
380
80
61
135
12
53
201
7
53
365
40
135
145
511
29
581
2
183
171
367
137
262
298
7
253
222
559
179
121
608
93
229
241
127
138
131
269
137
162
326
309
42
372
330
599
129
266
40
196
26
434
199
318
101
136
298
76
35
393
12
35
352
26
168
108
379
396
432
