10000
2670 1149
1502 805
4395 1751
3359 358
951 62
1542 1599
480 33
1616 260
1657 1682
1683 935
2470 2888
3189 1182
4307 3796
3309 2243
2602 3602
3024 3669
242 3907
4708 4946
928 1819
1345 1192
4945 3175
1591 227
1481 616
1657 996
219 1086
819 2224
1755 4749
4172 2728
3029 2855
2456 4608
1243 236
4647 104
3736 955
4300 2821
1742 1913
1394 4469
3508 2853
778 4532
3399 4295
3558 1051
4861 1376
3192 4532
820 4066
1676 4146
3981 2808
386 833
2568 3434
3962 1619
1851 2271
1302 4564
3543 1006
22 3516
585 581
546 4663
1179 217
2900 3548
2114 2749
4402 3698
2430 3947
56 4320
3250 1929
1395 3730
3815 2192
187 3757
1730 4968
4475 2306
4185 4704
1078 1710
348 734
2835 4860
1128 1591
2748 4648
2182 348
48 923
1159 2260
1674 2706
3732 1022
142 1459
1589 735
3296 1070
1823 4729
2144 153
878 3332
1366 532
288 1314
2712 857
1850 2578
3820 4894
1886 4866
4043 1141
1966 3954
4116 182
178 4323
2053 1960
179 3036
1171 3815
308 1365
2495 1019
54 3087
56 3788
136 4361
4666 3564
1646 2347
1744 3046
4999 2190
2596 4401
761 1958
2994 4072
3779 2745
84 3090
3984 1799
1390 483
2173 3318
1100 3542
4562 1949
4476 3375
2443 1694
2227 1057
2289 1594
1436 3521
1649 4587
2581 1733
2716 3535
4031 3915
1214 1038
1535 729
2188 4329
1409 3941
745 4422
1240 869
3560 2339
3615 795
1843 2590
419 4838
4119 3827
4348 3646
1336 1024
518 2619
487 2438
1319 1764
4373 1462
3658 3436
3327 2829
586 399
958 1464
1398 4488
3583 961
4428 1124
1670 3112
3227 2888
4866 3764
1998 105
1478 2743
217 176
754 792
3615 851
3914 2674
3764 1161
2306 1152
1697 4478
4566 4658
2432 1939
3747 403
3833 1561
2034 268
4932 2794
1349 2065
1446 2383
1506 4708
839 3308
4036 2800
4629 3615
4280 1218
3320 650
917 2852
3343 2388
603 2351
3498 1410
3099 1957
1824 1067
4176 1955
4503 732
2206 1707
2824 4053
2528 1762
2805 597
4065 3499
1752 1778
4257 1524
2652 3305
3032 3954
4752 1081
2628 2416
4103 4403
4770 2935
2540 4433
1328 3070
3360 1601
215 4603
1947 2791
3390 2611
632 910
2281 4032
1415 3476
4451 2112
3386 2997
3973 3234
1090 450
3723 4531
2274 2411
3814 1084
2132 4251
2100 3788
3769 4457
1919 2130
3045 697
341 2350
1015 4363
2420 4155
426 4313
881 182
975 1825
3137 1707
609 987
79 420
4722 25
1596 1834
4725 1642
581 4577
2009 17
3906 2559
1697 3038
581 2871
3679 3432
4112 938
1005 2081
2535 3669
40 4612
131 394
3719 2740
1159 4030
257 1010
3027 2801
3161 336
3150 1717
1926 408
4452 1921
3918 4717
3519 3578
4661 610
1899 440
1601 2820
519 1481
3344 3192
2781 495
1064 2292
1712 3608
4530 764
4213 1884
2140 4839
3392 2478
192 1289
1141 3092
1271 1648
544 3273
3792 981
2804 1966
3017 435
1130 3462
2524 1076
4263 2449
925 2578
2852 4218
2377 1624
2457 2775
2267 686
1791 2328
514 2231
2200 923
1235 3277
3239 4986
2673 4653
4353 4847
4715 1187
4614 2797
669 3867
4515 537
1033 4994
2814 937
3431 2751
562 1351
3860 4352
868 2558
2755 3664
1276 3751
4416 1276
255 2834
4581 3510
840 2707
1386 3905
237 532
2099 1439
2683 1560
4201 282
4146 854
4455 2064
3052 4759
4311 2108
3005 1044
4407 1899
3981 4578
1197 1318
352 4776
3648 1181
1680 1872
1001 1533
229 4752
2671 4719
3391 4295
3057 2470
2526 3233
1075 2995
3342 3814
899 2541
3152 3056
1618 2830
2175 2847
3484 227
2063 4678
4523 3467
1002 1683
3848 3283
328 1854
2951 42
3592 3096
3075 889
3334 3373
2751 2927
3088 4414
2815 2138
1589 573
538 4288
3299 688
1633 3317
606 2426
560 3219
256 4295
4499 4884
2158 3424
1928 2484
3280 3768
1155 2525
3771 847
2428 1437
2181 1447
3315 1011
4165 2132
1468 4413
1927 1171
2041 2196
4441 4729
76 3585
1528 4477
137 266
3068 3409
1004 3506
2024 4252
3569 4360
2601 2321
1875 3592
440 291
3965 255
2510 335
3553 3950
3233 1672
3013 1955
690 2305
866 2536
3784 4420
2893 2753
3648 975
2102 3040
2167 4273
861 366
3822 277
3279 2191
105 1177
3581 2150
1886 4075
4689 3846
3038 1658
1505 4603
3056 4079
2835 3415
1894 4633
1384 2518
1392 2751
2723 1918
1061 2971
4343 4212
4511 1193
1215 1130
4184 3376
1402 1493
4232 4481
3125 2012
4573 3579
3564 386
2297 4878
1358 3305
827 1898
4412 1068
3847 1100
1409 3172
1993 691
2023 843
1185 1175
198 362
3182 1615
4994 3084
4504 3818
4473 4339
4270 1232
2906 4764
562 2355
2370 3888
4651 3064
708 2297
4218 1269
4126 4833
2365 1234
2067 1663
2948 3900
2710 499
4214 2950
4960 558
2066 4894
836 4642
4212 1632
3333 4274
4423 1724
2597 3260
3417 1535
2626 720
3947 41
3319 1564
1863 960
4426 927
2375 580
4469 3738
4037 1162
24 2158
4655 3968
1167 4614
4967 2427
3077 1882
4585 4581
4064 3699
1458 181
2464 41
619 24
3800 2550
1693 2335
4948 1383
1663 493
4547 4068
2903 287
4879 4194
3946 4363
4054 3198
3258 2671
1114 627
306 4083
292 2527
662 2566
526 2372
3648 3226
2507 2931
3005 187
3034 2777
2678 3732
1832 2785
1966 591
3614 3294
1158 4479
2240 1315
3828 524
1776 4653
640 4234
1711 105
2184 2801
4723 3570
4237 1867
4638 560
161 2999
3285 1268
2524 2910
4766 3337
1434 2476
2791 1333
4399 104
4907 4436
1672 1352
4595 1011
470 270
4300 2066
467 4162
4175 1205
1436 2232
1345 3226
2553 300
3652 4325
1560 4423
4906 1954
1039 675
4687 4912
493 2206
422 16
2880 4600
3964 4790
1008 594
2630 798
4063 2389
4550 2818
2733 667
2914 4592
658 3809
1223 317
618 4869
3483 3272
4599 2280
2540 1406
4841 3547
2520 2668
849 4440
3774 236
1252 1915
4280 1
3926 1685
3383 1244
2162 1473
3128 58
2650 2862
29 4210
2349 4995
4490 3708
1169 1557
2519 635
3477 1585
4858 4113
4839 4742
2441 648
3923 3619
3932 2650
1644 1386
86 1713
550 922
1525 3513
1467 745
2037 4696
3359 1127
3292 2644
1352 3112
1251 1231
3539 474
1848 711
3379 3302
242 3799
3171 370
965 2920
2870 2674
4830 1743
3733 3559
3181 4981
1224 290
2801 2995
4517 2666
3856 4396
2065 1567
599 4930
4254 4666
2083 1348
3017 4390
871 2851
3753 4115
2208 470
3071 3820
3386 2271
432 2940
1491 2854
2105 4723
1694 2644
314 3743
3061 2839
1105 4964
4808 271
787 4959
3734 2027
2173 4294
257 829
4394 4790
3861 4427
869 4828
1551 3624
2701 3965
135 2231
4475 4518
1317 1815
2661 3238
1611 1306
2799 3392
4311 1306
1048 2472
1161 3441
883 2278
4701 1008
1604 3897
4685 1869
1488 1987
1923 3701
4140 4794
2403 4547
4638 2056
4973 328
4786 4893
2358 1997
3379 3464
473 4287
136 4521
4998 3446
4027 724
2088 1579
1949 2084
2599 3048
2755 3227
2286 3084
1990 4152
1025 648
4830 3280
2976 898
2534 401
4968 312
2431 919
332 2856
3123 324
3751 194
1090 4570
3293 4522
4031 4370
4802 1652
1598 962
4275 2879
209 4007
3797 2736
4367 423
3483 3229
3514 3247
4779 356
4584 2090
255 1694
3572 3458
2390 2307
1089 4925
1974 3010
2295 245
3631 3371
3493 1986
1196 1237
1856 788
2076 238
559 1571
2153 1675
2833 3824
1444 3558
1448 220
3781 4083
4147 43
103 1319
2630 4008
1788 1341
4521 2823
2141 1100
3431 1298
1172 3681
1930 2652
3305 4246
611 584
2232 2956
2601 2288
4738 4512
2011 1043
3697 2666
3420 3690
2428 2055
2832 2960
2664 205
2935 1673
3255 2290
1617 194
200 4011
1978 446
4261 3612
3247 1249
978 3533
3158 3811
2908 244
4571 1103
3646 1801
4762 667
154 4472
1073 4796
4359 4291
4320 4821
4190 4796
615 2728
1074 1893
1659 2734
1585 1246
3788 1444
3646 3024
477 4327
91 2774
3530 2243
4500 4421
1663 2819
213 4604
2941 3744
63 4218
755 485
3579 4397
4230 1176
4130 2243
884 1505
2813 23
2210 4387
2213 3940
4782 2881
4521 256
3681 944
1717 548
2032 4760
1080 2608
2838 210
241 2648
445 1175
263 4072
4169 4373
3335 3389
4978 1500
1097 4318
676 4135
30 1812
3738 3102
698 3763
650 2897
3145 4157
4015 1304
131 3497
1077 4275
2353 3177
959 3286
1045 4355
1273 4303
1662 3768
3333 3645
4666 2169
561 892
1811 617
137 2580
2144 1024
1650 3607
250 878
2891 2095
3118 2591
2558 2478
2579 1396
1151 1012
3041 964
3335 1481
4563 4110
635 3229
2588 1370
4244 3433
4222 2711
3868 4307
4103 4665
3585 1586
3679 1690
4275 721
4602 3419
2588 2736
4491 4255
841 1371
4435 3889
528 1794
4544 2576
809 4880
4331 4153
4044 2678
3779 4348
2854 1559
2170 3121
3956 1544
3421 595
1233 2373
3514 3500
1848 3375
2166 4779
2854 864
2704 1549
2539 2156
2604 3212
3053 2977
236 1916
4115 4134
916 1415
707 1059
1579 4939
738 4434
3029 3826
2754 1541
4780 1244
1401 3206
2332 2391
3688 769
359 943
2401 2869
2622 3901
3353 1694
3522 1567
4608 133
1696 4739
2425 4668
4772 3509
4081 3199
2935 3420
3875 1973
1277 4486
3634 981
1967 1596
4751 1292
3714 2572
209 3509
4884 2875
2374 2686
3084 4954
689 3917
4022 481
2778 1104
3051 4660
1828 4845
800 878
4561 2447
1562 2467
4300 4528
3404 2349
1723 3076
2820 2511
112 1711
4521 1206
249 470
4465 1610
2691 1619
449 3810
465 147
3115 2174
1812 3226
188 572
1863 2986
3750 237
2690 1909
3446 2292
2080 1693
4674 3864
4150 2563
187 2874
1582 1463
3016 2713
4018 1593
1 1942
4854 4072
4268 3844
1235 3669
1757 2989
105 3240
1798 4511
870 3058
3822 3687
464 1315
1881 3342
1799 3608
2024 1647
1912 2922
1282 26
1497 4330
770 3959
4475 949
4654 2571
1000 2712
4357 415
3752 4198
3883 3469
4528 1203
4657 2470
4625 4805
2758 4599
1969 609
3966 229
4068 2900
1069 1080
4805 1189
2638 638
4438 1383
2221 1152
1222 3006
1515 4861
3858 276
495 4960
3824 762
3274 4145
632 3730
3899 600
3177 2852
1474 4846
3825 1113
2616 2484
4581 625
3577 4450
4061 1974
3905 3447
2414 621
3047 1508
2915 897
4761 4583
176 4312
3649 2842
1037 2665
1062 3573
3461 86
4484 3157
3795 1564
2777 3967
2647 2861
369 2561
36 3066
4971 532
2606 2703
3462 2732
3611 3790
1580 2003
4612 1916
2784 2088
2922 2826
3733 1161
998 3658
1142 2056
599 550
3536 3967
3764 4918
3303 2299
262 552
4766 1986
1741 668
941 2870
1820 3802
798 1889
2451 4252
4663 4503
3269 1206
4688 1353
2212 481
3900 1870
1888 741
858 3315
1237 1756
1006 3134
3625 4550
1623 2457
1328 2397
951 2782
3973 2387
4481 1124
4976 1070
122 4356
1788 2214
1431 1253
1151 728
210 4603
3900 1571
225 3311
4439 1662
3382 2788
3027 496
105 3498
924 3878
1715 3103
888 2177
3193 4308
3830 460
1383 364
601 1607
312 2115
2797 4062
3044 2352
1625 2705
2929 2601
741 3858
2975 1862
624 4045
361 4448
4939 1779
3953 4806
1301 4346
1555 4023
4175 332
2056 4664
4287 3080
4289 2970
3717 4982
1308 1305
2227 1604
2247 1340
654 4642
1001 2219
2897 1691
3004 3099
176 4066
865 3794
4638 220
948 4735
728 1609
273 3152
1584 95
3147 2825
3154 3931
611 3880
267 1582
505 4430
423 3581
4708 3549
1304 992
2758 4272
2482 1774
60 4989
3070 2817
270 1985
200 2338
237 1706
4595 3554
1263 189
371 4626
2466 2008
194 3102
2956 1559
2829 3647
3242 2729
1478 4041
549 2431
26 4361
2892 3223
4772 44
1336 956
3443 810
2356 4264
578 4328
3643 4611
4123 2074
4576 3337
2893 3966
2859 1653
60 218
1907 889
4733 2219
3360 2594
3808 27
4689 2848
361 1821
3243 1720
1747 2614
4809 841
335 2177
3478 54
86 3186
3502 3549
3249 2366
3114 3656
3880 580
1524 3032
3673 3570
4553 3464
2943 198
3878 1087
3527 2273
1334 1035
4948 1412
753 875
3867 3212
3074 2605
1270 4390
1309 290
4326 4312
1022 2139
3122 4588
65 2096
2650 4676
550 1496
2387 1441
1730 3282
144 4334
73 3525
2897 1526
4950 1199
2321 534
3513 491
2360 3231
818 4492
61 1496
2037 4262
1729 4432
666 644
2465 694
1833 930
239 751
2004 2972
761 1164
4164 2019
813 383
4184 1191
1469 889
2053 4525
2395 1825
354 680
3244 2580
1615 1546
2405 2296
1381 2006
4779 947
2832 2530
168 2537
481 2707
2572 3341
1195 2921
3924 759
3469 2225
4070 664
2918 110
1770 4063
20 14
1428 569
4443 4631
1762 1616
48 4942
4932 1229
3079 4219
4515 3725
2413 15
4498 1252
623 1606
3518 4297
4450 4191
1497 3079
89 3953
2492 1170
1979 184
470 4220
2730 4382
4842 157
2323 312
4687 3717
1035 41
749 4254
3087 3315
1913 1261
694 455
4894 1884
8 855
2190 4673
394 2910
3096 3622
154 2967
3438 3150
446 1424
2502 3267
292 757
4255 365
1055 4393
733 4506
3915 1019
4572 1292
3361 4854
1944 4172
4057 481
912 4445
4795 2314
4067 2856
3558 1579
4826 1577
4714 149
1984 693
2041 4842
3093 2165
1510 761
526 2305
4378 3595
700 1232
3557 889
3172 2498
970 1805
754 2122
3960 1249
2307 4420
4312 4638
319 2769
2108 2006
942 3842
1519 1960
2264 2227
2966 2807
4689 470
3530 147
3248 1451
4133 4914
4499 593
4941 109
3575 4699
4660 4592
4044 3397
3345 1438
553 2683
887 1826
4533 1649
4033 10
2381 82
2706 289
1775 4938
579 669
2900 1767
847 993
4797 1755
2951 1840
3473 3334
4288 2569
2057 2117
3701 2105
4102 3257
3771 2375
3506 4285
421 3744
362 3057
3854 150
1052 657
2023 4897
1001 1952
2320 2963
2263 4170
1519 3532
4194 612
908 3706
3654 2115
3095 1195
76 513
4565 1744
4787 4865
4852 1617
2336 174
2508 2794
357 2330
2630 2482
1272 2518
4196 1031
2848 1874
5000 2034
3417 4349
4082 3445
547 2247
1363 2791
154 161
4212 198
896 840
3616 4809
3975 3076
3473 1531
3264 1157
3197 4561
517 2073
2448 3626
3415 1823
4454 1851
326 4649
92 4239
1264 1409
4048 3915
3785 2203
3669 1080
4966 11
3100 2470
2950 2561
4764 1211
4298 3862
927 2978
463 3584
852 1620
4460 1353
3777 3787
4511 1154
1522 4538
2893 2269
4153 3236
1667 3483
4711 1872
1730 2200
2001 1071
4807 2256
4880 4779
3456 1796
4465 3992
4244 4439
754 4926
2690 4644
2646 2528
3398 97
509 4338
1694 4178
1279 2217
1749 3895
464 2325
4872 2751
742 1422
7 1742
3976 849
1320 1506
607 2495
4199 3956
4137 3052
1525 682
2774 2103
1477 1791
1362 2165
494 4489
2330 2819
1125 990
2400 2168
681 47
2384 3571
2792 395
4268 3517
2521 3373
4173 2083
2384 1650
245 836
4230 919
3181 767
1707 29
2875 1009
1580 4229
894 3318
4831 4321
1964 3706
1023 2274
930 2829
3651 1861
4365 1671
17 3928
899 817
1500 2960
4900 2173
1434 3571
413 2116
204 749
1710 616
3098 4321
116 966
1899 2690
4312 3613
2386 4311
2267 1299
3292 1296
3900 1887
4224 4182
4845 3624
2652 3905
1275 703
436 3776
4968 3495
4069 4747
869 634
4617 3612
3775 478
1098 1149
910 2435
2703 1905
4759 4535
3260 807
158 4072
2296 880
3116 2017
4242 2230
1694 3522
3125 2696
3054 3815
4925 2276
1128 1648
4869 650
428 333
4626 57
2323 3901
2683 497
3886 1112
2089 2434
1705 3120
4950 3955
2523 2989
1815 1807
457 3471
4265 4646
1889 1002
2413 4508
3654 1035
4782 503
1141 908
3958 1277
3573 4900
2851 3016
4168 2130
4264 3672
4076 3738
1422 1414
2213 3035
2632 3363
4866 1868
347 572
917 524
4791 243
3731 4369
2100 2375
1227 4014
67 3994
523 3910
3321 1554
668 61
667 2109
2382 2421
4877 2411
2178 111
746 2677
2031 4165
979 1591
175 2839
211 1036
2370 3600
2323 1513
1074 489
1701 1837
4102 820
2475 3762
1232 301
2445 2309
66 2668
2408 1731
113 1722
3057 2914
1203 400
2878 1302
2932 2994
4909 4289
1015 465
1007 933
4778 625
672 4968
1708 814
648 151
4410 1596
1970 3737
379 4639
4355 4149
3607 4840
3606 3666
2799 2721
43 2349
1704 4213
1756 1502
1247 1284
417 962
879 2922
1017 1299
1334 1663
140 1879
1080 3325
2528 2795
1902 3829
1090 4474
495 965
3501 3045
1751 2204
771 2511
1807 4852
1472 4216
2821 1789
4872 4455
4055 3242
4359 2992
199 4494
1107 459
3440 3772
279 635
1418 1574
4720 4270
630 2871
701 128
2549 4393
4580 1738
597 3111
3560 3409
1274 3263
2035 4252
4014 2551
861 1861
2533 1333
3487 3612
2377 3644
2001 1145
4108 3708
866 3338
3035 1305
2510 2963
3000 4014
2865 3307
916 235
4539 555
4465 3317
2217 4782
200 3091
4778 2176
4971 3234
1049 4482
3339 3122
3228 3361
149 737
958 1333
3191 4907
3341 1157
2540 2443
2465 3661
151 3333
1655 105
1441 950
3021 3936
3213 2079
645 805
1846 3266
2916 4254
1903 2161
2774 3110
4308 1839
1103 2649
3055 1949
56 2372
3553 2233
4220 2620
3137 1526
4733 1932
4407 4745
619 3483
4819 2222
1192 1632
2019 52
3958 3161
832 1151
1215 705
2202 4400
515 2853
3265 466
1015 4490
2343 3473
1170 3322
4405 3365
3805 2442
4710 192
602 4615
2403 789
3546 1097
4754 3067
1926 4702
653 4974
3655 2249
940 2689
2265 2928
2455 1525
2573 787
1132 2515
3496 4876
4882 999
3490 3408
961 1678
2133 1187
2613 3843
1414 1601
2466 220
4210 4802
4835 915
4522 133
427 4933
4846 3337
2386 1914
1944 3180
1146 3669
861 2176
3628 4214
4284 1944
4968 4886
4515 2319
2329 318
3040 411
274 4526
2851 1876
3410 742
1772 1938
229 2712
3568 4156
3240 4419
3267 110
1989 241
2728 4094
1746 3842
4461 300
1744 3202
1996 3282
147 623
4420 2867
708 2718
1228 555
2176 1067
4772 749
2250 3505
3127 2701
3273 404
3497 4880
2168 2829
2597 1096
2799 1318
2432 1642
3722 1496
4485 2321
2753 2427
1924 4186
1731 1097
962 489
3161 4854
3176 292
4952 584
3604 4130
3895 3058
3213 3154
1776 3519
2722 443
4080 531
593 3682
1861 1447
289 4937
2768 4077
2113 304
1591 2829
1682 2664
1608 2578
2573 2978
1064 4879
4904 1989
4295 904
4983 3575
4099 1992
3000 4923
4286 1303
381 4757
2600 3356
1335 4312
1596 3248
1211 648
1740 150
4454 2841
4513 3741
1230 4901
2953 707
1055 2638
1792 20
2017 4277
1128 3537
3958 2027
3972 1351
178 4803
1276 3554
475 4549
1972 2647
4577 2985
1107 4470
528 2667
2189 4147
3736 273
1556 4444
1764 1391
1673 2849
823 3563
2386 1419
401 530
1930 351
3204 763
1749 1202
1225 2892
2736 2273
1665 4501
2719 179
2165 1081
206 763
1102 3256
1436 2154
2285 3931
4497 2912
1739 4575
1002 1301
2267 4679
760 1842
1276 612
1750 4496
4308 2092
4215 3861
3115 1212
1438 904
2247 4684
1908 955
3123 1258
3365 2599
2398 328
2174 3004
3559 2724
2015 2011
800 4668
4872 1492
2452 2835
1353 2496
118 1603
1069 1047
1126 4866
1316 1267
2838 4912
1834 1351
4378 2006
4708 2853
3913 1552
3669 3870
4980 4772
1256 4622
68 4293
1366 1307
538 3822
4404 4919
198 3163
1012 980
2085 4043
825 770
376 2604
4503 2360
1430 3429
1443 3173
4745 1180
2174 2937
878 4835
246 3636
4846 906
2428 4414
2348 1043
4108 16
917 2499
1834 216
4508 2558
2264 2735
2478 3315
1053 2455
4848 2081
2580 304
2612 520
3560 176
532 2829
382 287
1740 4989
2322 2051
4259 2095
46 4765
931 1531
2040 2730
3395 1105
2870 1198
4056 1630
3399 3666
3935 4745
1978 934
1488 1503
2621 2787
4072 3262
1326 3732
3625 3062
4002 2692
3436 1525
1494 2421
197 3785
585 1911
3123 4604
3673 4706
4104 1187
2454 1074
619 3143
760 1158
4234 4884
237 4125
3431 729
3240 3566
4673 2783
4647 4726
647 3823
425 3035
1809 3439
624 1180
3341 3743
3592 2903
3777 1237
2545 2831
3689 1062
2962 4815
2230 4093
1128 701
2823 3575
1395 930
3566 3843
1543 4200
4833 168
1831 4886
423 850
1826 2068
4968 1935
4189 4665
299 1047
4683 1818
3316 2941
3012 952
4014 2959
513 3120
2298 1176
2321 2995
1450 4010
33 4263
120 503
3741 1609
3905 932
4669 2532
631 2190
3656 4314
329 1714
3816 3441
3487 3046
2589 2035
826 2566
3768 2458
2969 2580
4568 886
1793 995
3667 1667
1692 3084
2252 1821
4451 2576
2778 2447
2147 4685
3970 1280
2894 2548
2893 1017
783 371
2935 2766
2364 4904
3315 1350
904 3673
4666 702
4658 478
619 4758
2824 3034
3375 4528
3652 696
4538 3750
2869 106
3092 166
1450 1943
2329 4200
2147 65
1725 610
2722 3572
1825 2870
1077 2373
4451 580
474 3229
2000 3730
4392 4879
292 4262
1362 4522
1651 2555
2425 1502
892 2208
3302 4733
431 1295
3933 2277
2775 4954
4178 312
2102 583
1049 1421
3127 2208
4230 3795
4484 3828
3166 2889
1570 2584
2143 2697
1431 1051
1092 2564
3240 3875
528 3572
4520 3527
4600 4040
4487 2368
1271 3018
1698 2384
1413 2939
2784 1303
3478 2389
2392 4011
568 1380
339 953
4260 2479
801 4414
3302 4198
1201 4138
135 1506
4213 922
2496 4653
4670 2712
4887 3687
1718 972
413 3292
3806 4589
1554 2127
4134 587
3753 3491
3088 3539
1325 3010
564 3770
2069 4561
3976 3999
4539 1173
4665 4462
1291 3459
2840 4331
2544 3044
3045 3680
4176 1317
2924 4463
977 2711
1366 4491
2421 2454
2945 3888
155 4484
2666 4903
4813 11
4163 2964
4759 4762
3760 4573
4433 2921
1229 1233
1094 1030
2030 2633
1958 1945
861 1466
1003 2075
2422 643
187 4334
2601 1996
100 2847
4753 919
4310 2302
1616 799
621 4047
4890 3344
4708 2787
3009 1340
440 2796
1623 219
3587 4183
48 1611
590 3039
2094 4868
4392 4638
2108 3199
4403 2510
1831 968
2579 1661
4511 2591
1905 3574
46 1341
3513 980
1684 2630
2473 3422
3033 235
2700 732
3608 94
1681 3680
4096 2697
1134 977
4415 3683
3121 3176
919 3910
3483 2584
1762 1423
1578 4311
4591 182
841 4644
1961 4158
2232 389
421 1708
550 4400
2246 3305
473 3234
1787 301
1240 4816
665 969
1212 1023
4278 4049
2548 2201
2144 400
360 3624
328 3873
478 3165
2696 2448
3983 1133
2998 1734
3918 2781
3271 3242
723 1148
1541 1976
4022 2999
2257 596
1015 2106
4081 2322
3545 2634
4715 3210
1652 4578
3004 694
1551 3595
2735 1336
465 3302
771 3254
4807 2278
4115 4522
3503 975
409 387
2282 4315
1525 810
2291 1269
4575 4257
529 1783
4644 2947
4442 1134
4803 468
3688 1181
2489 1978
2337 2367
3223 235
4047 2311
2670 4578
333 3455
1092 4165
4489 1784
2247 4672
1611 710
3795 1759
299 106
4183 2492
3608 4750
2152 3853
3386 561
1271 3918
1356 1638
1828 3784
3920 4290
4518 278
3610 4567
670 3796
4133 1437
1096 3313
664 4964
1947 2695
183 1519
4553 1321
4666 3477
3002 3578
388 1510
4576 3860
1380 523
3966 378
910 457
3678 478
3142 3916
478 4317
4348 4957
2467 4171
219 4938
3221 34
1368 1860
1417 2121
3475 1262
3109 2507
419 1333
4869 1875
4483 542
4118 61
2788 1996
774 2205
2588 964
2872 285
4807 3329
384 1601
2759 2210
3016 3286
1836 1212
395 2402
345 2577
4201 3429
4515 2571
3614 4039
848 3980
2093 655
481 877
567 3837
4072 4765
590 449
467 4117
105 4375
3005 2107
447 814
3919 252
181 4004
4660 2872
4675 4116
4094 3708
4556 3284
4071 1321
3729 4319
1776 3585
2520 3453
2029 589
459 3521
789 2197
980 2093
4031 852
2149 2964
1244 4429
4222 4974
3666 570
1682 4448
793 1423
2151 4599
3456 4224
50 536
1518 1382
3196 3495
394 1583
4896 2693
2245 1796
4518 672
1315 1162
2297 4111
4135 2929
3904 3730
878 914
1014 3986
3271 1421
4504 3720
2012 3576
3273 4859
3041 722
4491 1812
3942 508
766 4904
4012 2046
2471 2593
920 2441
4236 2279
4384 3463
4877 2643
1860 4593
708 4913
2849 4236
1065 1499
3170 144
853 4276
1643 3947
1904 1674
3190 1207
4759 688
1230 781
74 2325
656 1685
2124 3459
512 3666
4002 2409
108 407
233 202
570 3050
296 2816
4483 1016
3520 3991
3905 210
4967 179
461 1613
4251 4465
2013 200
542 3882
1055 2391
4307 2825
726 3428
371 3633
3792 3013
2763 1554
2032 4600
2165 2302
3637 2586
3066 897
2868 994
338 4987
3580 1828
2388 3127
4902 4190
131 4542
2833 4324
3061 4757
4007 3780
4944 3253
1492 1436
4705 2456
195 61
3059 4902
713 2080
4499 3885
1587 4302
278 1167
4347 4542
2586 3274
2090 3546
3058 3313
3638 1350
465 1249
2903 3298
3554 4928
3146 161
1203 622
4505 3850
4218 4578
4452 4373
2780 2731
2539 1957
198 3951
4261 3094
3093 3579
2983 2697
4910 59
25 2429
4043 3328
3469 872
4187 4279
1382 4095
432 3700
149 16
3177 3756
2267 1423
3265 913
4651 1878
3985 3847
2880 1932
2672 4474
1018 4840
1231 1541
1055 504
3943 3341
3312 3693
4199 3587
4971 2789
832 163
726 4172
1673 207
494 1859
865 2819
3955 1832
1396 4551
4849 1637
3388 934
821 2815
119 596
3737 3715
2701 4927
2073 3163
4079 1335
2199 4677
1851 3312
3034 1868
2142 3703
1626 4842
2106 3640
400 234
411 2202
2285 715
764 2588
902 3624
694 1883
2182 1310
944 859
1187 205
1662 4773
4083 3219
4731 1583
1129 560
4904 672
3212 3417
648 2569
2172 4417
2079 2108
3948 717
2188 285
413 2542
1131 3017
3 90
674 2090
2339 3220
1526 394
2865 1257
1548 1939
2845 2984
811 4690
510 2258
1672 3630
66 2609
2405 1882
3486 2670
2061 2135
49 2791
179 2750
656 3848
4658 2476
889 935
4659 248
4467 1870
817 2217
869 2518
1730 4697
3468 2500
3126 2988
1111 1313
1253 2044
141 3316
116 3959
2953 504
625 4681
161 1258
2400 501
4778 2575
1666 33
3750 4978
772 1402
3524 137
1803 4855
3098 609
1821 1429
3316 3105
1947 1339
4585 3134
1974 1472
1638 3806
416 1617
3311 1947
69 3018
4857 1689
2972 4893
1708 2890
119 1731
3383 197
954 1564
4920 2714
3553 1196
787 4366
4245 3308
4158 1560
2879 1009
459 4583
171 34
1372 4911
1974 3344
1046 2007
3199 4270
2628 2709
3393 4939
4096 4032
3110 1397
4654 1672
3146 4017
4638 3270
4441 2157
2339 2329
2000 1846
4385 2050
715 1919
4595 2389
907 4210
1359 4406
3089 2633
2471 1544
3481 1000
2533 564
1318 4667
916 58
3106 3927
4844 4037
2740 4097
998 991
151 136
1496 1385
2035 4019
4779 2334
485 4242
1686 3751
408 2137
28 1780
4961 2233
4579 2819
3653 1552
191 1396
828 824
313 1581
1308 3194
2523 553
4899 1922
1971 1027
1053 3780
3776 659
3264 3224
1417 4407
178 2632
457 793
4161 1563
2045 3482
56 437
1171 3562
3747 1818
1933 4637
436 4512
611 4647
3745 1059
3931 1343
15 4482
2811 2412
4454 2250
2113 4816
2054 440
1256 579
2740 4178
4014 2146
4655 2021
3537 2117
4499 1895
2612 1651
2576 526
483 4986
675 1928
4772 1638
2940 2904
2270 1496
495 2449
522 397
3471 4032
3234 1672
890 2890
963 2575
3205 1366
1775 1552
3217 3010
4908 4481
3115 1153
3713 2614
4738 2004
529 2416
4843 1595
2804 610
1887 1082
2174 3766
4761 1475
1680 3868
2229 3465
4302 23
2777 1613
3157 3323
1038 1096
1891 4936
1904 46
881 3587
3604 2865
3419 119
1434 827
1189 4438
312 371
4988 4719
174 101
3731 1099
4472 3027
926 3264
2497 4494
3121 4735
2159 1987
1524 3027
2747 3724
130 62
116 4243
1325 3242
2619 3793
152 1538
4784 1218
2998 956
2440 238
2617 3843
3722 2523
1385 925
651 1015
1048 1642
4769 4868
2686 3347
2788 1527
591 709
1772 2009
4626 4407
217 683
3904 1150
121 1476
689 4545
3546 2565
586 4738
1512 3831
2698 3968
2527 1650
4334 4238
1868 536
3738 3592
3370 3595
2801 2935
2113 2787
4283 3232
2619 3941
3349 3817
2248 3145
4994 4474
1378 3463
3275 898
3506 1426
4295 1787
3987 2016
4554 2767
4325 1238
1807 3337
2796 554
4730 3548
3160 3822
3968 2860
4297 13
1849 856
11 4059
4409 3225
4255 3657
741 3146
4595 4586
1004 2793
1914 859
3705 4646
2580 1875
1046 306
4284 1020
3808 1682
2980 256
1288 4835
4120 3907
1346 2138
3327 527
1553 3705
1885 1821
326 3337
2869 3609
3069 1301
964 2157
659 1575
1879 1627
4256 768
4430 4078
2323 2055
4950 114
3577 633
4409 3033
2190 4506
2450 2894
248 2551
2929 4647
1949 2731
4398 2571
2818 3564
373 4988
4073 1113
2918 426
1151 2122
3429 2078
53 392
4886 819
910 2158
102 488
623 1637
907 564
569 4187
2580 2098
253 2872
1346 2702
4586 883
2503 943
3173 789
1168 3973
1418 986
3908 1449
2684 4263
2689 1111
4764 1977
3636 4852
3161 3635
4804 3329
497 1723
4606 3099
3900 1249
1139 1853
1890 2246
95 1060
1020 3709
3520 543
3904 758
1503 2095
3244 3927
3802 1035
3023 2000
2336 3470
2202 3520
482 1027
2517 4634
4092 949
538 2022
331 3079
4227 3046
1040 3198
2588 3724
1582 1488
1169 3993
263 4324
305 1508
2574 3336
3544 2406
2759 592
1674 1711
45 862
4901 2072
3527 758
812 3439
2416 2009
2967 1325
4538 3098
4048 2651
35 3668
3035 1428
2748 2602
1491 2844
1515 3510
2741 2753
2812 635
1155 4477
3880 3385
2995 2963
479 3570
2772 2426
553 3375
4672 1390
1843 4000
1121 2562
483 3226
906 194
2585 485
1831 2577
4666 2527
2220 3719
4371 1825
3725 4264
4547 442
4707 3258
4845 4204
544 3144
1631 4626
4263 1425
4862 3647
4755 1952
1136 651
1577 4788
1760 4644
983 2347
2410 1629
1769 816
2196 2615
1196 785
2728 121
527 4721
1466 3774
46 4594
4736 3237
77 919
3240 1264
2916 2561
3944 2175
3704 4061
297 3181
3250 226
1528 3965
4788 1755
1520 4570
2521 3013
512 1250
1422 2909
8 1389
450 4186
3983 248
3317 1435
4114 1618
1552 3938
3181 1571
1660 2929
2552 1542
834 2584
1561 3729
2850 4731
3796 1732
3517 3744
2436 2306
2698 501
4476 2860
4571 3259
1424 2711
866 1193
2971 3635
1736 1333
2394 1517
2671 2816
588 4135
4389 4062
837 4088
3405 3172
902 3303
675 1098
9 4176
434 1858
3839 924
1047 2573
4413 704
2421 4645
505 2047
1578 4242
454 803
406 609
1832 1950
656 4372
1551 3169
2702 3675
4965 1153
4960 3212
158 843
2927 2949
1962 2144
2430 3891
1448 1052
3764 4198
3567 4020
1146 2672
2444 2262
2640 3602
4684 2912
706 3655
2962 3378
2621 3671
4586 4968
1957 2944
3371 4959
382 1714
1060 4710
647 2192
1496 4434
329 2313
615 2205
1939 775
3670 2258
4784 4520
4291 173
4434 1756
1249 4873
4949 1775
4730 2893
646 4166
3467 4442
2529 3288
4139 3372
4926 1357
158 4086
368 3631
1320 3326
3266 1260
3202 4521
4603 781
2692 4060
2079 1467
3144 1649
1782 2345
3628 3883
3773 2090
3132 1994
1033 1331
3710 2598
345 2320
3144 2251
730 2929
367 3310
3459 4508
3434 524
1946 2972
1478 2658
2495 1715
4376 4025
4605 2444
832 4752
2109 3568
4150 4930
2585 1161
4444 1157
1648 4413
1410 3473
1355 2148
2141 4489
3103 822
4492 4002
3731 3593
1525 186
4973 2180
777 3778
3581 1616
1085 2513
2223 4475
1269 3201
429 1746
3405 4803
4834 4034
4848 2755
3187 1075
4256 2694
2557 3336
3990 1765
1569 1920
927 3386
4525 1489
1733 1883
4207 4303
1858 55
3617 292
2497 203
669 2253
4775 1228
2133 2381
3429 1371
4680 391
3998 2408
4238 990
4133 1708
3673 3874
4495 3857
3001 2740
2110 1336
873 2451
4572 2948
2522 4698
2179 4193
4632 2522
3081 2099
2076 2872
2879 1095
2481 2954
4889 1943
3488 3800
3532 328
4527 3741
3032 659
1988 2368
2140 3925
807 3433
3609 726
4102 3398
1916 4795
1602 1636
782 4827
3342 1649
308 4056
1205 3266
4000 3014
4019 1548
4713 4074
1218 122
1905 1224
4948 905
4797 330
1851 717
4830 4765
1179 3405
421 2574
1839 3150
15 1209
4112 3503
629 2898
1791 4971
4296 1516
2051 1953
3947 639
1288 3563
4336 3392
1526 460
882 2404
3112 4512
508 3706
3369 1525
3156 435
3533 381
1389 1166
4205 892
2014 4075
3854 1316
614 2055
674 830
1663 2072
1168 566
884 2091
3161 1809
1280 930
4247 135
3451 853
4124 4913
4204 3037
972 1826
1349 4934
1988 4948
4039 4773
2174 1077
3927 1840
2632 3304
476 1779
2040 1172
1232 4550
511 2148
4956 4714
1922 3234
634 798
408 631
3821 2850
2052 3276
2195 386
4421 4122
4059 2882
2808 3014
2629 4371
2744 946
1799 2018
4059 273
4357 2314
408 3594
1966 796
2347 466
3517 309
3108 3307
4696 4639
1990 2539
437 2251
4660 3530
4978 3149
1467 2394
4835 2899
4718 4855
26 1971
3616 4572
1496 1588
4850 1441
760 4299
1318 1703
3403 737
4152 2207
2304 1792
2364 836
4026 1954
2579 648
203 4446
161 3175
3529 3883
4546 4520
1045 1227
1722 4295
3949 4021
792 260
3080 3564
4221 1057
3450 3249
299 830
3630 4214
2962 4432
759 4177
1057 1439
1759 2834
2575 3408
2788 408
2581 4412
2338 1559
23 3259
3785 266
2827 1747
3302 721
3242 3681
2837 4461
689 2527
17 3443
2187 1925
2531 4898
1072 2859
333 320
153 3953
476 1868
4821 169
1823 135
4545 4209
4043 70
2691 820
3294 3453
417 2288
3886 1577
1797 739
3740 4772
4746 1780
3462 1386
1059 4516
2487 4338
4287 2191
4942 485
3862 914
2322 419
199 1467
3256 1643
1998 1660
1257 4159
894 4553
3136 3588
1798 4749
4987 2081
1409 2545
2801 732
2528 4897
2285 504
3859 4815
881 2221
255 971
1373 787
2772 301
3481 3329
384 3798
3002 3334
707 1046
987 3303
3658 2696
1863 3548
2559 3655
2589 222
1874 495
4778 2169
3440 4817
3261 4955
1025 4612
1541 4262
2465 1096
4156 2726
3000 3454
4843 269
3874 4372
4644 3009
4417 4216
1874 1760
4457 1487
3978 1508
3182 187
4998 1922
4644 2773
4424 4436
2818 3776
4046 2152
3098 1035
2002 189
4425 1372
2879 1812
2071 606
3848 1070
2472 3199
322 3341
2682 2179
2422 2030
2885 3139
4470 787
618 3877
2751 954
1394 943
1917 2137
50 2156
667 611
4323 1995
345 3068
2571 4917
2806 2458
186 123
787 2168
4925 2069
557 976
1464 3794
214 2853
1432 402
3716 1788
1162 2233
4708 3375
3050 4235
26 2587
1422 3969
380 1106
2612 1939
3525 4308
3305 825
4988 1879
502 4011
858 1068
235 1843
2470 2736
1284 791
646 1026
3095 2135
3936 1926
3168 1907
3489 3347
454 3958
3335 2377
1151 2113
3407 1315
2695 4710
3953 3856
1327 2922
1826 3605
4163 1467
3165 4440
966 1600
4172 3780
374 598
1617 294
4353 812
908 1995
417 1613
255 2625
2477 112
3293 3825
1829 383
3956 4855
2180 3533
626 1468
3126 2136
3047 302
1341 598
1283 906
3056 3555
2450 959
2893 2445
2069 2873
2252 4342
3090 451
383 3163
4869 1439
328 3938
2194 2771
125 1177
3021 1452
4840 259
4988 2700
318 1687
407 1562
2043 4902
746 2153
2813 685
1027 4906
1672 1630
4016 358
4350 3307
1246 2872
4294 1586
3170 4154
288 4570
962 4682
4966 984
4678 487
1418 1513
4915 4995
1508 4129
1729 4411
2398 798
4140 3194
57 3762
4257 3980
4761 600
3869 370
2246 2303
3081 3084
1362 3965
203 3945
1129 1752
3137 2872
1575 3595
1851 1922
603 3965
3855 1309
2809 4256
3264 2830
4166 3887
4074 11
4033 2418
3016 4821
27 3003
721 2028
3860 1666
3806 65
2076 4566
3972 850
1180 2559
506 3200
3737 2711
2917 4589
4601 4241
1626 3289
4154 3141
4515 4209
4825 2471
4615 1883
901 1658
2557 4378
149 2489
1846 721
936 834
3593 4997
4559 4344
2780 4455
2623 993
3623 3341
1413 23
4771 3808
966 3849
255 4429
1937 1818
2795 1732
1057 782
3408 2274
3436 3781
1578 314
2292 626
3891 3023
333 2502
2735 2378
4207 2800
2314 1840
787 3562
2820 1463
4779 2414
699 927
2933 4103
4380 347
2677 2201
2284 4356
758 2797
914 626
163 35
1969 3867
2950 3837
4656 4647
2559 2021
4120 1258
3278 4297
4360 3377
4605 4975
2838 4383
1384 2504
2299 2704
1874 3038
3032 4147
817 1559
1295 2465
2713 4401
4705 638
3572 3122
3090 2463
2007 1152
8 1439
1247 2302
4526 3449
4157 1999
4173 3844
2454 196
1991 1970
2519 2172
2883 1730
3569 3447
68 1175
1050 1083
3196 2852
4255 713
3797 3947
4696 2302
3850 917
2100 4084
3544 4091
334 3523
1553 2998
3347 1991
595 3358
85 944
339 2924
2969 4631
2228 4393
3962 4082
2021 1548
1264 2003
2892 4216
851 4784
4824 3924
2927 1646
1841 3972
4594 4712
3017 3426
201 2195
2245 2014
718 1528
4887 4597
4420 4367
53 3355
2896 447
3761 1573
1766 3214
2908 1169
4861 1972
2432 640
2162 435
4198 3721
3437 1856
604 908
310 1983
1268 4517
101 1584
3580 1514
1555 2495
1617 2972
2 2273
3482 242
2652 3384
813 1440
4 967
4625 652
4403 152
3992 4132
2066 4782
3206 4729
4506 1767
889 4696
3906 4294
3158 3239
3913 390
1272 4523
4975 756
2846 1885
3571 1140
4325 316
2039 2825
3141 2889
3598 3736
2758 4364
102 4673
4984 3556
1990 2420
1111 1406
3729 2633
1395 115
565 3742
331 1718
306 4168
2897 436
3233 3215
15 1342
738 3100
3794 2235
2369 2455
2524 3329
1150 4998
3144 2058
929 3626
1001 4866
999 954
4954 3547
4115 1283
4583 1323
3980 2577
1321 3682
1948 4916
3962 4562
187 1637
2159 3046
3080 3679
4088 1888
1697 964
3621 970
3794 582
345 2644
4085 1932
21 313
4408 666
1040 3062
1779 437
3028 4578
4456 3719
1784 1027
3243 2693
2083 3982
4548 873
82 2904
2862 386
2156 1343
4400 2944
2699 1499
4058 1956
2640 1094
22 2978
4280 864
4248 676
3531 3160
1115 2441
4481 796
605 1060
2828 4859
1832 1553
2150 4101
3471 4435
3498 3529
2295 4644
3204 2201
4045 4998
4594 950
30 4413
4782 1025
3960 885
3615 3299
3114 695
2472 2805
2988 3312
4463 4660
1273 3069
3958 2099
2648 3004
3336 3301
1925 4707
1391 187
3954 841
2307 4189
1715 3836
3417 3873
578 1002
2166 4935
64 4633
2029 3383
3443 37
1152 2357
1446 3973
4536 403
3828 3533
4681 2187
4658 3783
154 4281
4695 3085
2449 1244
1047 3120
4781 798
3946 3925
3139 4853
30 3539
2110 308
670 4891
1267 4707
1745 715
3859 3355
3667 3204
232 1011
2419 2126
3820 14
4989 2919
2024 3096
3705 1452
2354 1282
3646 4475
4446 4696
1274 3506
2707 653
1235 2430
3562 1016
453 621
2122 484
3232 3288
1418 2199
3298 1267
3061 168
4759 1946
3216 4065
163 775
2872 3243
569 2570
2816 185
4914 4879
532 4947
2464 2828
2206 3839
276 2289
2083 1262
1868 2124
3692 2099
4210 3412
2364 612
1478 429
184 3894
1720 2147
1388 2439
3703 809
4750 19
1666 2349
1456 3655
3795 3796
1170 2922
3742 1013
277 4864
300 3939
1112 2654
4583 740
3067 368
729 4921
349 961
1177 3316
1743 1073
2739 224
3595 928
3960 413
1745 4334
1050 3110
4276 2445
1295 1877
2928 2468
3128 2350
852 1456
4056 3680
1368 1605
678 506
1443 180
2951 4206
641 3627
3981 4893
4696 1503
1724 3481
3842 4911
2889 4435
2628 299
3261 1967
1881 4548
78 44
353 1628
34 977
907 1956
484 2972
779 3380
2741 431
4874 3582
685 3842
324 3880
1778 4868
3117 1499
3785 2679
4397 2024
984 604
962 581
469 814
3482 3020
4515 3494
1169 2811
19 3756
4446 245
4730 3775
2263 1534
68 2602
210 4644
3541 4925
1791 429
3730 1578
4865 4586
3758 1517
4015 1606
375 4712
1713 863
851 2507
1669 4368
3509 4898
951 255
2304 2826
4010 2577
2857 972
735 3617
2880 1285
1218 555
4947 2720
3562 203
999 3502
30 3980
3744 977
4897 2492
1058 688
207 3269
226 2520
2023 1109
394 4300
618 2054
2120 2672
1209 695
2551 662
2069 4777
3795 1747
3377 138
1579 1496
1849 873
3814 4280
3287 1670
1827 505
2474 1381
3737 1222
3056 77
4626 1008
1383 4151
4123 3079
3515 154
380 2110
2786 2514
4026 4488
4812 3489
24 4133
4876 441
3430 251
4836 3546
2283 110
3906 324
3037 4517
4039 3853
2720 4103
3768 4028
2790 792
104 811
646 4739
3161 2531
895 105
610 4217
871 94
2586 33
3914 1659
2663 4501
1549 3919
1525 2909
3753 1060
3674 1306
430 496
3155 2073
4349 4855
4701 733
2333 4013
710 1534
725 3146
1358 612
3610 412
957 2472
3943 4916
4968 3171
3793 2850
1160 2950
261 4903
3948 669
575 419
2615 4605
527 3825
4718 4411
2481 3714
1941 2700
1610 1776
4804 4319
398 152
1297 4168
1093 2246
2484 3835
1960 1503
2436 93
1360 2422
2755 873
2383 3261
263 1100
4843 4575
1254 3877
1297 653
4393 3613
1917 3378
742 2531
140 3340
741 3478
2601 4754
2368 128
2431 2298
4412 2028
3043 3490
679 3484
2357 4645
202 1471
4346 3338
4658 3603
2142 2285
2867 3864
1295 2393
4667 236
1728 1817
2769 2796
1314 4904
4796 595
3491 4340
3991 4680
1123 1868
2428 4716
3270 4011
2407 2283
4902 4401
316 3615
1037 3048
1498 720
2517 374
64 3224
2731 1821
1922 2771
2429 4045
231 4414
1931 1817
2492 1203
791 4667
2919 3799
4065 1542
525 2875
3671 1763
4783 135
4093 2549
4376 1681
2168 4846
4003 4270
2703 4534
2108 1325
402 867
4208 67
1353 4009
3167 877
1942 1056
1239 2369
2001 3130
3034 2722
2002 2789
1733 1608
1054 1714
1468 4379
3443 1023
69 2637
3717 3009
2144 1368
3623 445
4165 162
4908 3481
2919 3650
4510 696
3058 1653
4591 1799
3945 2350
1358 4083
4748 435
67 3864
4113 4964
2476 1978
1637 4353
2858 3684
944 1741
681 482
3040 3432
1748 282
2972 680
3258 2512
3665 3634
737 4628
4034 2544
1771 4243
3906 1737
117 4373
741 2221
1819 4412
3432 1883
152 1621
4303 3238
4874 3850
237 1410
1201 3731
4262 3654
3595 1325
4578 3171
4207 4315
619 1026
2918 974
2445 3532
1264 4522
455 3801
910 1210
4302 3606
1970 4360
1209 1407
2902 1498
3658 4860
1870 2899
2359 2022
26 4333
304 2928
2484 4661
139 2021
2909 1153
1749 2551
1056 4066
4280 2800
76 2911
850 4601
3 3081
4842 2782
3782 4142
1878 2195
1381 4278
3138 2411
3750 4975
4603 4660
1357 2932
2010 2876
3653 3930
3500 2619
4097 4216
1626 4412
78 1371
1352 1309
4348 1693
1677 2592
2956 4762
1632 3632
2540 183
838 2614
2126 975
4660 3143
539 2545
925 4090
545 452
1273 1501
3379 2560
4274 2365
3903 2012
2064 123
3245 3242
585 1184
1699 4343
2791 4319
525 980
4336 4832
4608 1497
1092 909
247 2675
3779 456
4492 4894
1534 1494
4748 995
969 4001
2291 4150
3624 3520
1009 1213
581 3400
3207 4150
157 824
730 4933
1887 1536
289 2750
161 1130
4364 4891
388 4791
2051 3316
3561 2676
3305 1076
1228 3077
4496 2218
884 285
2515 1314
3189 2989
1652 2721
3299 2537
4001 1355
4612 3150
1414 4139
1746 2448
800 3201
2383 1561
4226 1818
1673 324
963 1552
3258 3075
1927 4582
3915 4257
3562 209
3858 2868
3067 4639
495 3608
3030 1300
3227 4371
3265 4637
2074 3343
2908 393
3959 897
386 4359
3224 990
68 4929
298 2069
3567 127
3403 4412
4288 3081
1867 2513
1749 4864
2758 4778
4743 788
3205 4038
914 4524
2115 2024
4550 3287
632 4
753 457
3567 1783
4970 3866
2989 1197
2114 3810
285 1489
3460 3839
2375 761
4955 432
199 2532
2944 3726
652 4587
2664 2889
3201 2649
3134 94
4250 3614
1728 4744
3166 4091
3922 2834
3557 679
2246 3665
2471 928
993 1758
205 3262
337 4820
1420 2474
2543 2129
57 4697
4066 734
4733 1575
4110 4999
4757 1327
3380 1235
3565 2123
4110 1434
3545 1728
2248 2107
2301 3634
1189 1632
3359 1226
4462 1445
51 1736
3496 3267
1110 2151
1929 1661
1120 965
955 368
3758 2615
4987 4888
2693 2456
4717 2494
3185 3575
3316 4847
1263 2036
2926 4320
3979 382
3561 4842
2365 4901
2766 1914
3829 3620
2333 2554
1471 4200
2242 2808
726 3626
722 719
4640 4015
89 4791
2655 4045
4414 3844
4999 1760
2732 408
2336 2505
2811 4869
1333 2958
3344 124
1875 4579
1903 747
2432 1625
3370 4904
3208 4687
873 604
1257 2186
2545 378
2929 3214
4675 2243
2839 2993
69 832
1126 1602
3280 4586
1568 3338
417 323
3424 3229
3630 2351
2689 3023
3417 1228
1170 4191
976 4743
3310 4966
3262 26
938 2194
3767 4039
309 3265
3528 4512
1010 778
1846 2286
3866 466
1305 2357
914 1958
4017 3674
472 2066
2739 1949
749 2748
4116 1153
4965 4307
328 3112
1716 1908
1576 1468
3090 2402
3444 3043
455 4296
4129 2725
1551 875
3614 4550
3165 2172
2602 504
3819 2817
1197 2807
3149 485
2012 1681
4270 4812
986 4418
1448 4976
206 323
754 3332
2944 2584
195 2425
4039 1110
4739 1780
16 3231
3063 2707
1139 1880
3742 4573
1964 1397
758 3680
1834 1887
1321 327
2000 4418
4099 1063
2774 491
920 3049
3652 4406
1991 3928
3339 2240
2471 57
683 6
2300 1784
2625 1889
4988 3740
467 716
1075 2468
4854 142
3917 459
3107 846
2486 2683
4102 1855
4515 714
4588 408
1499 1669
2211 655
1388 1965
1416 2068
1863 728
170 1383
3197 1022
3975 2905
4689 1459
761 1610
4000 565
3235 723
4022 1789
1499 2695
3246 3942
3990 3975
137 2078
2687 3811
3301 4089
2767 2909
3475 2741
4894 4960
3399 4581
11 155
3636 549
3819 4623
4369 1035
2156 2355
4212 1218
1829 6
1338 570
2224 1904
1393 2799
1149 341
1828 4791
1391 1154
234 2852
246 2348
3370 232
1074 3122
3051 3075
4976 794
2166 4362
4231 2402
3445 3806
2299 2322
4493 166
2813 1977
3699 1897
3076 4470
1070 30
46 4468
2410 4885
4283 3475
4240 1417
3606 3529
2581 909
407 1062
4209 3771
1481 605
2688 3829
1424 354
3474 2111
48 3979
1072 3985
2694 4923
4480 762
2858 887
999 3202
755 2209
1896 3781
4400 1240
119 1049
1482 3276
1796 4204
2825 2772
81 4776
3514 680
4849 258
3123 4821
3357 1843
2669 1458
915 3135
366 980
4516 1280
1086 2574
4806 463
48 961
3552 4894
4617 2503
945 3772
1608 1454
1333 4249
443 1207
4323 3983
2246 2138
1034 1206
4032 1308
1111 3064
3073 428
4943 324
3459 962
3854 3680
2487 248
435 4177
717 131
1306 543
2351 558
2673 4204
1201 83
1696 2488
2530 2393
4984 4767
2385 4791
1795 2245
2599 107
2112 4206
3149 258
471 2764
4976 1946
2163 4645
4490 1922
196 52
1590 3511
1924 3071
3269 1609
3801 2978
518 4345
2356 4997
2934 4180
3944 4580
4606 4716
1742 2710
3798 424
4996 505
2279 4070
3661 814
4859 2293
2888 4918
1144 2056
4197 4075
4855 3302
49 2968
206 4636
1689 2214
1597 3248
4032 462
4467 708
4953 891
1154 1562
642 4003
1654 1842
3280 1886
4473 2225
3723 4884
3629 787
1842 2348
1804 2023
1687 3229
4056 2406
1107 3701
3390 3867
1813 384
2976 437
4114 3100
320 3141
4772 1762
3801 3948
718 2966
2822 1458
1177 3870
2757 3496
3947 301
1701 2208
3096 4761
967 3991
511 2855
2331 4672
1700 3569
3326 3583
2596 3934
632 1741
69 3730
266 2324
3265 3089
3238 3580
1683 1476
2321 2893
3178 479
4394 1453
2323 4225
508 1030
2527 964
4802 4295
2713 3965
725 4538
2189 2393
378 1793
2691 4748
3861 2862
750 322
3141 1413
927 3917
1168 3076
4658 888
3598 3219
3759 4672
2414 145
150 1931
1635 4244
4566 3265
4064 544
2032 1748
4901 4015
2147 2610
1073 759
982 2898
930 1238
1650 1399
3193 4163
502 3911
2631 2525
2034 1794
1617 2604
4445 346
3464 715
708 2395
2945 2018
4906 2754
381 2197
4300 921
4598 1674
3961 1938
4781 3838
3299 4994
1011 3192
3651 4560
3021 4936
4038 3661
3387 2684
1996 1191
471 3072
864 555
1261 4832
1857 1747
2882 538
2826 4809
700 4180
3846 2301
3293 626
2904 1800
262 63
4002 4957
3263 2260
544 1932
659 2221
4636 1694
3028 4600
55 118
33 2767
2364 519
2040 772
2447 4970
3985 2054
4980 3397
1546 596
1817 2308
4039 1382
3985 927
2150 3138
4787 4173
1246 2283
4324 3648
3017 2454
760 3029
2317 802
1389 4218
1077 4865
788 4077
4522 4907
929 3439
691 1950
369 2825
3319 2174
4600 170
3213 3174
2221 1443
763 1052
1560 787
3780 3679
945 2502
15 4228
3295 4130
1175 1737
4066 1007
1193 4637
438 583
1426 1635
4368 1018
2797 3447
47 3120
2061 1423
260 3515
1920 1956
2748 3203
1106 2396
1604 4603
4016 3237
1934 2857
3940 348
38 1147
4925 3035
933 929
4558 2633
574 4944
1052 266
4230 3316
2134 4765
3579 4446
3557 3564
1284 2026
4816 4539
4615 2517
2683 4544
3652 1740
3026 614
2720 2820
972 4385
4303 3663
3634 2476
1810 3945
1588 1253
4940 5000
211 671
2546 549
1236 2661
1386 2072
1342 731
4706 262
2907 645
3434 226
278 2470
680 3930
1703 3071
936 1464
640 3138
240 2265
3680 3852
24 2683
4317 2265
4363 2454
2921 1807
3656 695
4454 966
3729 1613
2028 3804
3105 1753
1367 1470
3856 660
3844 1117
1257 2426
1144 700
2760 4990
3583 4410
2977 1729
1049 4511
10 1872
2588 2487
3574 1945
2453 2869
4290 1242
2902 214
4636 2228
2019 2745
1266 1724
4717 604
4716 1738
82 4528
329 2418
3153 2590
3076 4192
2478 2217
154 2123
908 2012
1418 3194
858 2873
2067 2168
916 681
4887 697
1028 4648
1967 1260
2932 3193
1736 145
588 1067
3780 1960
4355 2216
1298 208
4303 813
1742 4415
3737 2893
2388 819
3010 3170
3896 659
4074 2948
870 4427
4852 1677
2663 1044
2481 4572
292 2407
3376 2743
2252 4898
3803 42
2945 2656
513 2251
686 2036
3138 2532
4286 4587
2279 3978
2120 2392
19 4889
3742 4609
178 2361
4670 114
2172 3912
687 1173
14 1830
2711 316
1205 4999
271 1979
3111 3181
4230 4090
1262 2097
1311 4383
3312 1593
1251 3059
2551 3908
513 2935
3088 931
4288 3123
4544 821
3775 4899
4360 194
4876 645
3967 183
1974 673
3756 1031
616 957
3510 735
1020 409
3169 4771
3016 386
3058 4865
65 2707
476 728
4453 3876
1971 1207
368 2233
68 1976
4768 1437
3446 3441
2080 1067
3136 1659
1511 4413
3826 774
1316 2728
3416 1477
3954 158
4017 1501
2191 306
4492 3712
1798 4391
4293 1240
2979 3152
3116 3381
82 1604
1797 2412
3350 1871
3089 3834
435 4316
3886 3733
1244 1218
2236 1041
500 2271
1801 3587
3813 1219
1620 4429
4771 2752
4855 2111
1021 4436
3794 1719
1649 2197
129 2089
492 152
3368 539
229 3380
563 3834
1871 4252
3497 4444
3796 691
2087 4608
4490 2429
2273 3587
35 3398
4845 4785
2777 4675
875 2604
1942 4902
3616 191
3428 4424
3677 3455
4952 3469
28 3086
2982 4917
4119 3418
2631 2418
952 3676
2631 1675
1687 3790
3778 1227
1284 1603
2279 2512
2923 3085
3982 3776
3967 1918
1457 3835
3223 1691
4988 1591
4366 1592
900 2757
4748 2678
3040 2182
1115 2586
3490 1770
3052 4016
398 4095
345 4320
4952 1248
2995 971
2336 4768
2474 4250
3646 3503
4423 2146
464 69
982 3570
4137 2651
3207 2094
4784 2835
3849 3478
3316 3239
3359 2653
4985 4250
526 3893
92 3189
4333 4152
4746 2454
3841 578
501 1952
1170 1565
58 2173
723 4849
2349 680
4430 2063
953 2478
1596 3026
166 2628
3002 3734
500 4456
1453 1474
2504 204
2745 1872
31 4406
3816 2954
1009 254
752 3343
2435 3090
475 4141
4357 1035
1369 3618
2952 757
2447 1741
2826 4277
1328 1525
4401 2983
2116 548
3396 2963
4584 2835
249 2144
2510 824
2611 3290
936 2822
4933 1327
2468 4283
3782 3775
4256 1867
3103 3723
4534 4574
3462 4729
1403 1825
1189 4720
619 1600
3152 4794
2601 2311
136 622
2045 3461
1216 3908
248 1058
4166 1838
2681 1398
237 4378
1467 881
4278 1593
1491 1696
3581 1594
2652 3423
2170 4483
2886 4267
2407 976
3283 1781
3541 1050
4123 1432
4934 1791
710 771
1445 2541
951 2725
2380 452
3205 4637
4945 841
496 1679
2429 687
2746 1373
3034 797
4578 3871
4401 4435
461 3745
2278 4892
1822 1382
1089 2722
1267 3899
139 973
2881 1329
619 454
1006 2670
4452 701
966 329
1652 20
3122 2446
2178 2757
751 359
948 3550
3574 1837
886 3389
1137 456
3598 3871
2409 2248
3366 954
3986 1947
3658 4964
1046 196
4932 299
2115 4426
1744 1104
769 2877
511 4647
3158 4315
2255 426
1674 1525
2082 2944
2794 590
2771 2199
3265 4694
4439 3022
3501 963
3886 599
3484 896
3739 4123
4413 4602
3947 2834
3837 1334
87 3883
1993 4945
2081 4774
3526 1791
4855 2746
579 3928
2192 3357
548 2571
4819 1327
2417 1767
1891 802
1512 797
1870 2517
884 667
3495 4043
2730 4091
2312 2962
1040 4732
1238 4089
1492 2846
536 4700
811 358
3588 403
2112 1480
4232 4606
3640 1810
3209 2736
793 1241
1995 2116
1818 908
4573 3994
256 2609
3546 3628
4991 3726
194 4285
4415 2721
1404 2842
2870 4746
4210 236
1061 3392
4676 3304
867 351
3015 3406
3592 544
3101 3419
1287 3915
3719 3182
3140 2715
1625 1906
1590 1243
2494 815
2438 571
4033 1320
1492 978
2525 3805
2272 950
1764 2541
1145 4015
2312 2343
4468 97
1746 982
3495 199
2646 4748
2946 1942
1625 3066
4729 782
1223 4239
3994 1040
1164 4956
13 3916
4664 2999
2105 4030
2098 1846
4189 2792
4297 1664
4889 1839
567 2463
3540 3573
3045 4501
37 1488
3458 169
3497 2329
4066 3667
2669 514
3858 4817
4847 3502
2925 516
639 654
2775 4724
524 2739
2966 1517
199 73
2044 4454
197 56
2868 2147
1918 3343
288 2438
1086 4173
505 4527
56 639
1190 4906
642 4671
3970 4870
1596 2607
1117 3515
4928 1411
1263 2770
4830 2459
3384 4042
2977 4237
4232 3942
970 629
2157 963
2901 62
688 4268
3633 4230
3634 923
3935 2165
1809 946
2263 2206
2165 1320
1494 4551
2137 1387
3557 3735
3832 1062
699 3386
2279 3200
3278 4109
1795 1423
3356 2646
1359 4098
667 1544
2825 105
3106 3927
1289 3144
3510 4150
70 1312
2483 2135
1942 3633
1496 1177
4140 1420
896 529
4920 2857
471 2723
4093 560
4381 670
988 4636
1707 3780
1201 1896
3281 2011
273 3379
1565 3772
3232 4999
1786 95
4367 2373
1736 4114
4387 1761
3056 1577
2042 2114
3708 3246
448 3368
4504 1045
2076 895
2717 4329
683 1510
4182 1066
1686 356
858 3404
905 3719
2499 3623
2135 1692
1958 3925
1649 4894
1944 4471
646 2294
2952 1825
3573 4612
2636 2597
4933 1881
3651 58
4124 497
4925 1111
3511 325
588 3537
410 4448
243 4166
4437 513
2849 676
3465 1553
1651 4375
2489 3073
2242 2827
1298 1342
2865 636
2597 740
1306 4220
3036 4939
3370 588
3582 508
4829 3496
595 72
775 2393
1591 2450
36 3638
1048 4328
1339 4306
68 3823
2529 2934
3178 1843
4830 1805
1878 321
919 2559
2806 3908
2468 2439
4844 1458
2799 1331
3489 882
354 2343
2943 1685
3853 3911
657 4572
1837 547
299 446
4316 2542
1737 3911
4848 2185
2012 3748
403 4082
2802 931
2347 2552
3153 3185
3080 936
1572 1279
3037 460
2167 2886
981 4350
1725 3036
4779 1861
4188 3725
897 3485
4995 2319
2081 3851
3854 1859
2817 1208
2066 3565
3521 2471
3909 2005
952 2995
1488 2780
908 1468
4967 216
2792 2345
2282 94
3809 2889
3348 244
1879 2787
2330 3778
3079 4026
2938 1530
4061 4127
921 2886
4201 969
4963 4207
872 3131
2742 4491
2876 1330
4716 2240
8 579
874 3414
1350 3599
40 1989
4198 615
2956 4926
4258 2502
4011 1188
4431 1328
1586 3301
4662 3074
3460 4562
3462 51
1654 517
2981 77
1878 4537
3830 4523
1830 4765
3384 1704
2282 707
1106 4543
4417 2555
3263 912
3729 832
2887 1992
3232 788
1574 2469
3972 2287
1971 3518
4059 1207
4192 2844
3651 3004
2786 2779
3777 4001
2288 3346
4854 873
530 4930
4239 4387
4027 246
789 538
2241 3178
86 4696
1465 1391
3642 971
3227 4506
4402 1726
2257 4690
2085 4452
3162 268
4208 2408
1322 1131
1392 1756
2711 2404
2904 1085
493 1186
686 728
4808 97
4427 4912
513 3467
1366 404
1848 3989
646 4405
3401 3739
544 3962
2096 1475
3483 1607
4562 2421
583 4719
4927 4416
733 584
1721 2912
3145 4415
1294 2193
4108 1365
1420 998
1540 1342
3143 3083
3837 220
2899 2219
4911 847
633 1873
4730 1467
2490 922
2226 373
597 2660
1947 1168
1495 4257
4213 4313
2837 2720
1454 2481
709 4447
2641 4951
1990 4779
3509 1636
2409 3581
375 3093
3905 1175
4312 3578
4185 682
2644 2507
2959 4553
4295 3403
2551 696
4256 2734
1889 1423
1657 3729
1662 2903
969 1473
3049 1168
2699 364
1441 2672
387 2191
3634 4090
4709 1394
1249 4031
4350 375
345 500
3795 2269
4323 1604
2382 34
4829 4989
4365 3190
2447 2065
687 438
4170 3841
65 3396
4912 4976
868 2438
1482 678
1710 364
2844 1274
2007 903
4693 4140
2442 61
2772 1695
1646 1943
4340 2911
4423 4462
583 1949
449 4163
1054 99
4591 3263
20 4823
3523 1811
2132 3762
1719 866
3690 3268
2994 4558
1232 1002
3289 4412
3557 423
3328 999
2518 4000
2357 2948
3397 408
624 4162
3660 2313
2782 1582
4041 3761
3014 2973
4212 3928
4372 1513
897 2788
990 4
3601 1143
799 323
4498 1992
1870 1504
4635 3316
4386 1143
2727 3769
4574 4517
2450 1269
1613 4533
3070 4503
3822 4172
3917 4742
2632 2601
4196 306
4112 3133
614 2914
359 1716
3645 2131
2555 3212
2096 793
1335 4889
4500 573
79 1650
3781 3619
4006 4739
3622 1945
4068 715
711 84
4941 3165
649 3870
3434 1199
3844 1416
3771 3370
1566 1412
416 456
4559 2904
55 3468
1958 2625
1380 3450
2348 4632
279 3871
374 4680
2333 2437
1085 4671
949 3744
4997 3886
1363 446
4450 2238
3469 3606
2172 2234
3833 2439
1545 1845
3607 47
2056 766
4350 4419
1318 141
3602 2103
3353 1861
3991 4941
913 344
114 675
3555 4146
628 2696
186 3894
2565 752
4647 2640
810 938
721 1109
2983 738
3027 4858
750 389
4295 4303
4609 2316
4244 1410
1891 1061
2966 4987
881 3157
2415 499
3282 375
2375 4629
625 2126
297 25
3788 4933
1395 4775
3486 2810
3115 1923
3205 3890
1868 361
4134 1256
2800 1936
2698 491
3205 515
3654 1489
3636 1299
2997 3096
3597 3254
2473 2675
3511 4072
3836 1751
504 1059
3883 2655
4199 2631
3184 2048
1796 865
4899 2425
2640 2432
581 1970
3285 880
1824 3525
3619 4986
2702 3396
3681 2425
226 594
4954 1797
2731 2882
3675 2727
520 3523
3386 2689
3128 87
1660 3144
1981 4184
4778 2188
1979 4810
784 4509
2328 2136
2037 3013
2398 49
2163 1999
1603 3389
2196 4600
3300 3128
2158 1099
478 1742
1752 2473
594 1605
4138 3886
402 3008
1584 465
1107 4952
4204 2357
4670 1724
3896 2488
4928 464
2005 153
1321 3811
3804 459
757 4833
1416 2908
3856 2614
199 364
3218 4722
1445 3502
643 3678
4790 3389
1493 2644
2442 1184
2379 3804
822 2163
337 1443
1740 4344
3122 3796
1468 3434
2236 2188
1319 3060
999 1022
424 2473
2224 2106
1648 4196
3989 1229
433 1556
872 2258
842 3367
3051 2586
3874 3939
467 4658
1719 3466
2005 2618
4592 335
1929 4043
1644 3026
2146 4
1690 1602
3396 1293
4579 3283
3427 2517
1954 1877
2658 770
1805 3745
3627 3126
2164 4993
1559 2459
3211 1320
2014 774
3241 2867
1302 2987
2046 1896
1672 2121
4748 4774
642 3328
3865 1969
3112 2103
4887 82
2688 4737
2888 4296
3597 3639
3377 4357
1782 1493
2666 1376
1927 918
4466 4091
2723 1202
1395 3789
3875 118
2002 3742
3073 3501
468 3880
4591 1273
481 2623
2925 936
3878 2926
50 3810
1278 2586
69 1758
612 3703
2196 4262
3904 4732
3650 4872
2241 634
2452 1390
2879 1548
736 711
2110 348
2605 3039
4162 1863
3704 2310
3533 4626
4628 2994
384 3782
3187 4719
512 1940
4283 2398
4295 261
884 2661
3288 3498
2862 2411
61 791
1871 3351
477 1037
2280 624
424 4705
2019 2538
2749 2890
2833 2385
4301 2017
2682 210
1249 3127
2505 4891
2633 204
1263 3838
4634 109
1884 1915
1720 3128
1346 1221
3576 807
3327 35
4869 767
1551 3946
4248 1603
4476 3191
3597 871
2872 2762
190 2207
1292 4681
818 2268
1840 50
2196 2441
659 3734
61 759
4240 437
1970 3301
4395 682
3986 4478
4239 1353
639 250
4697 2610
2379 27
593 622
1338 825
1103 2896
4769 2714
2209 864
809 1181
331 2719
964 2082
686 2721
3508 2199
1055 3855
1582 2047
4512 2530
4835 3235
3340 2960
1417 3060
2274 3767
4189 410
1695 3052
2802 4777
478 1840
307 1921
461 4628
4038 664
2185 1703
1723 1639
3594 3027
3921 554
2751 4827
3268 2605
402 2781
560 3642
1068 4772
432 1626
4821 2969
3958 4074
3723 1966
4401 828
669 4585
2804 775
4057 296
2980 2408
2692 4810
4053 4654
1402 3328
4928 1783
608 2307
2923 3300
118 31
2364 3762
4326 1040
2842 1820
3723 2804
1807 2853
1786 4268
2 2963
4299 1229
3032 3468
2449 4830
3550 3531
3934 4193
2088 3404
1340 3946
2647 1534
1398 4770
4348 1871
483 1859
31 1861
1816 2475
2615 1186
3113 4165
1038 2384
1386 1786
1098 1680
3295 3983
227 360
4175 1833
2934 4671
1411 3353
2890 2945
4518 3497
3151 4455
4065 473
4698 2975
1440 639
1349 4812
2898 3714
523 4880
1793 3484
3766 3930
3525 4072
3764 3867
3990 3872
4127 3861
1478 1661
4758 4396
2710 1024
3616 1607
3369 2836
3130 3046
3752 4724
2555 93
4346 2148
2783 742
165 3261
4788 633
3449 2112
2638 3113
3245 474
698 2070
4353 3857
1548 3352
1890 4698
1748 4759
3446 839
101 4551
3866 3756
4705 3555
3196 3654
3311 1287
1085 627
3638 3849
4561 1964
826 4725
1727 2758
4079 592
62 2658
892 2303
1868 1836
4475 1147
4673 4552
1508 4471
850 4938
966 583
3149 1476
1446 4627
3294 879
410 2387
4435 2092
3024 4373
4351 4894
2840 2029
1196 2394
4146 4097
2868 4240
875 2834
741 316
4239 2711
4971 1086
2908 462
4882 2033
4366 1995
1264 3037
203 1903
4365 2735
4320 136
3945 3789
1074 4902
4627 2495
2724 2204
4992 2192
613 1158
2270 1572
693 1771
363 1738
4345 3869
825 2937
277 3949
3746 1117
2673 1044
517 97
4379 2467
1433 2035
369 272
2864 1270
4920 100
4066 4639
4709 321
1680 3157
2704 1140
2751 1004
3658 2876
53 1178
4928 1617
141 3747
1868 982
1449 3728
621 4392
730 2267
513 1305
1769 575
335 1240
3723 1714
3989 602
2813 3913
4672 276
1716 4831
1127 512
4725 3201
3108 2382
4326 729
2363 2578
1569 1212
3546 3029
619 1949
1724 4176
4013 2597
2682 216
3004 66
3565 1453
2370 218
3772 2088
2848 2642
94 3825
4333 4778
2847 4653
1084 4986
4453 54
1788 3029
2443 1039
1897 3122
4230 4269
1085 4937
4803 4673
3506 1010
2760 4564
1569 2689
2154 592
1316 1508
4488 3321
1650 2038
1979 911
1837 4013
1384 2993
181 2911
4594 3961
3669 3868
1437 117
2186 95
386 4961
3544 1315
1936 3636
3937 4144
2746 3318
2569 2921
1089 2051
4587 3956
3943 1401
2396 2730
1348 3633
2736 1280
3686 514
4908 2481
4257 2078
1125 2898
3784 4667
4867 2689
3695 3622
850 4020
4465 2498
788 1941
2212 4834
2215 1708
1638 4700
3143 3312
30 202
2312 4830
3101 61
965 801
2299 1411
3992 3146
1649 2394
4398 1625
1155 571
2926 1935
1379 1181
742 879
1307 4245
3589 4439
3763 647
1531 378
1566 2183
3231 834
260 701
2112 3813
1572 3210
3333 1187
3381 905
4571 2163
1552 1196
2392 4967
2475 3997
3103 604
2217 4363
4705 3894
3001 3613
3214 4087
522 916
3425 693
4893 2356
473 1816
313 3459
738 4826
3324 3103
1907 628
844 3435
2927 2615
12 2266
1624 2937
2230 4843
3777 4942
4767 4286
4959 4412
2300 1056
890 4217
698 1091
3681 2223
1502 2264
2811 9
611 4587
2110 4006
3643 570
1536 4577
1850 4796
847 4671
4804 2321
2789 3679
2380 3414
1695 4310
3833 1224
3010 1290
777 2864
4537 1450
1402 575
1485 3728
1523 2222
2282 4899
412 1109
4610 1621
979 1202
906 3333
4576 290
658 4937
2723 3332
4470 136
3065 28
1014 2194
3028 494
570 3476
1187 2976
3782 2023
294 2775
3194 1274
602 4664
1733 2464
4543 4433
2646 2898
2028 4064
796 1553
1260 2323
1380 1501
2781 1643
2891 2149
2711 3630
737 4196
1807 2643
4953 4662
2845 3851
3444 326
4629 2
4337 1834
4375 4942
1608 551
2878 3512
2941 3073
1225 1122
4396 2197
4425 3595
223 2914
2873 1360
239 1144
3635 3416
878 3064
4715 3424
3374 4360
2289 3276
4987 4853
897 871
261 1906
3435 3450
4423 1308
2716 3552
3843 3126
806 482
3745 4861
3596 3079
4744 4477
4928 166
53 271
304 4633
1156 3536
154 3
4734 2109
3676 2872
859 4614
2326 873
1406 4415
3708 3472
632 1730
452 2647
2140 4115
296 2569
4795 607
3135 3545
3210 2284
2760 1954
3318 1042
1318 2358
4487 1937
3580 1510
2918 3947
2866 1172
3167 758
4314 2570
710 2520
4423 2338
1046 4869
546 4205
2683 4730
553 2796
711 4084
2983 2571
1901 3414
3892 3366
3602 1422
517 73
1905 2581
4968 3722
1643 1070
4950 3945
2729 4143
4120 2437
1392 777
2954 544
4715 2432
562 593
1855 4338
1706 162
4645 1894
935 638
850 4203
232 3760
4766 4400
3095 1590
1491 1042
4358 217
3266 2687
1824 1757
3964 4032
2392 2174
2188 4566
1271 266
3625 3044
4647 383
2835 4169
2453 44
4694 2761
55 4643
3923 3242
3239 3127
4456 4665
3307 2703
1721 1248
1369 4916
41 1871
1539 4085
4639 1237
4001 2486
3320 1328
1796 2556
2739 1822
4864 1575
4613 1777
1310 1478
58 3718
187 3249
3271 4194
1580 2524
412 342
910 3359
2132 66
4881 247
3438 4584
2860 3417
2649 4369
4441 1638
3405 1773
1475 732
2375 3545
2440 4580
3330 2345
2832 4171
3842 3068
2082 2618
1093 811
4030 4650
1451 1479
311 611
4891 4701
3500 1180
3278 2626
2090 110
2849 4437
407 3324
1363 2516
4559 1087
3056 1054
4064 2930
4385 4541
4677 1447
2528 4669
1178 156
1127 721
2143 4800
321 864
2141 2662
1840 3305
4381 1116
2136 2779
299 912
4008 1886
832 3967
4938 198
2011 303
4174 2295
2612 1094
1502 4897
4326 1431
3528 2687
145 2131
3779 2711
2600 4557
528 1608
3830 941
1482 4055
1257 2488
1036 1358
202 846
1408 4819
92 2367
2441 1996
4390 98
3980 1778
684 1548
3187 3683
3126 1291
3946 3913
3896 1037
3685 3143
2140 1826
2229 1409
227 1570
1411 3324
299 4809
1856 3936
1976 4888
4504 4057
4478 2161
2067 3544
2129 4050
4207 1676
2607 600
2858 2958
3635 3211
2665 3049
2638 1132
1327 12
2749 4354
2883 1407
1543 4302
2192 1142
924 2815
77 3596
2729 2774
1236 1820
277 4806
3001 349
1233 3502
4558 1981
3180 172
4626 228
3999 2633
11 2145
3684 3237
1108 1766
2641 751
4873 2408
4508 749
2665 330
1389 2952
1429 2330
174 991
3685 3662
1409 1404
3814 1939
1519 1324
1599 355
1830 4493
826 1724
2212 4179
1885 885
3748 4042
1080 1931
3540 4399
4972 1632
2524 3554
1844 4317
3103 3371
2857 2893
2587 330
2404 421
4487 1832
863 3329
2590 1834
186 2720
3479 3084
2896 2040
3884 4947
369 519
3616 2354
4943 4160
1939 3813
1923 3472
1619 3139
2421 3529
4373 2471
3546 2835
4979 3889
2455 2905
4108 4809
1413 3082
3340 1363
3910 828
2629 2683
4890 4749
3963 644
2107 565
816 2322
40 1943
1154 3588
4881 449
781 4522
4074 3187
652 1679
3943 1118
1728 4811
595 1267
4254 19
1911 1316
4546 2197
2522 2140
1438 2512
4138 3363
839 622
3738 3791
1725 628
2664 3563
3779 3594
2511 3897
2412 2221
637 4922
11 2568
900 1084
262 191
229 1020
4170 3883
1053 1737
4305 1346
2349 1765
3807 586
520 3876
686 4529
2203 4541
4556 2399
2393 3187
3582 1601
1145 1576
4846 2085
4471 436
1793 3457
2989 3039
3938 629
98 1966
4816 311
1118 2514
3680 757
1794 3229
2452 236
3026 4332
481 266
3629 4091
1601 1870
327 2388
1900 1752
156 3353
477 3666
224 4147
175 192
2004 3883
1024 688
2441 1432
1851 973
3594 498
708 764
1849 2084
2076 2361
3830 1844
4670 4943
1628 3081
1260 2880
1984 22
1152 846
3634 2325
2898 708
3633 452
3768 556
809 4269
886 782
4738 1918
3168 1807
761 3766
523 2429
4692 1159
2323 276
1981 2192
4735 4895
3760 3133
1645 1212
893 3740
488 3754
2220 2650
1355 1032
3433 4793
1122 1670
59 599
3574 466
1249 1592
4887 3006
93 4772
4682 939
1140 2287
4385 4380
180 374
552 1254
2793 4650
1696 2630
1823 4368
1034 1489
575 3204
2981 2037
1495 556
2271 6
3968 123
1371 3782
223 447
4662 1825
1109 4142
526 3225
3777 3469
53 1700
4468 4213
529 4499
2158 3239
4456 4621
2148 2630
1104 4144
3213 4105
3595 4708
1850 1528
1705 1468
941 871
4703 906
3920 381
2389 4265
3624 1206
532 4512
2861 1655
1568 4467
2076 4630
3103 1105
1055 3941
3563 2930
598 2699
3159 4831
2455 2965
2516 2405
1206 1641
3401 3144
3392 833
3085 2328
4729 961
1777 3254
587 560
4216 4817
487 4682
1719 4103
4246 134
741 2487
548 2715
3997 2474
4277 1801
332 4413
254 2460
4926 1996
2927 2945
2305 1649
2501 2128
2461 2436
1561 2333
2810 4180
4632 1832
1998 1691
4520 447
2435 3726
2443 2167
3261 3578
4359 4105
474 498
309 4336
4688 1422
6 450
4220 4017
4114 2942
157 3964
1720 2585
159 4345
2208 722
566 1258
4813 4152
3073 4188
4172 83
153 916
3503 4806
3010 3340
2810 1224
2405 209
3850 1204
1924 2725
2215 3611
1473 2507
3114 3643
4350 3232
4170 283
1125 4974
4728 3757
393 4784
925 2138
506 2223
2066 2930
3320 938
2499 4485
4478 2301
3131 664
856 148
1824 988
2782 4218
2626 4522
4258 2069
322 229
2380 4341
1574 2883
3646 4250
4899 242
1759 1157
14 869
579 3948
1745 4230
1403 2491
3566 1521
1881 931
173 191
4107 1001
3229 1336
3689 4013
2792 1228
3610 1427
4000 3497
1790 1074
3026 2021
1617 3635
3515 1210
3643 10
776 382
1861 1257
101 1250
3124 2262
132 1838
2699 1046
4593 4748
1521 2614
1626 2062
1617 2850
751 4625
76 619
1965 928
2840 704
4924 1142
4797 3316
990 1162
224 378
3268 68
1464 2335
1980 1607
4339 3428
2606 3865
4537 2843
1497 2908
2477 771
2367 772
3111 3479
3637 4901
2784 3521
3944 1041
688 3945
1681 578
1689 3135
2493 104
2405 4219
3104 3215
4003 2905
698 2635
3908 3115
3182 1390
1118 1566
4265 1020
2492 2469
2345 1623
343 4433
1221 246
2011 2042
359 1228
4970 614
1115 3168
1654 2873
1726 4016
947 54
4799 1136
1975 1808
3849 1501
3681 1916
3597 4508
1774 4771
3409 3412
1072 4283
801 2410
4576 1215
1748 1789
2601 2097
1017 3250
4015 3755
1976 2586
4694 773
2692 3569
2278 101
2066 4860
4615 3651
281 300
2221 108
4434 2797
1536 1314
4834 1406
123 4393
779 4373
2605 3361
451 2860
3862 3525
4716 898
4506 1057
1309 3832
2488 2050
876 2296
1473 1482
837 710
4263 4015
1666 4568
4475 1967
314 4323
178 2118
2704 4444
3105 2313
4679 638
4708 1907
4967 1970
2476 1796
1582 2207
1050 1289
3099 359
4499 2042
4796 2409
3151 1857
1373 3136
2587 4404
1676 3141
1969 2993
2333 826
2587 4008
3568 2
2467 1082
186 151
1152 4645
411 3747
4079 584
1668 2959
3698 2723
1747 1904
2830 761
3739 3867
4664 947
4622 3123
1847 4187
1090 3898
1107 3856
969 669
1414 4179
470 2151
3032 2834
2308 3765
3441 3745
3905 2854
50 115
4868 3317
3472 1189
4704 1462
382 1917
538 4215
4970 4962
1477 3985
517 2535
4535 4324
91 4624
690 3766
1146 1562
994 3
867 4202
2602 3743
4299 3290
1192 1070
3237 3972
2696 855
1969 2266
2252 4806
28 813
784 4515
4794 1148
1542 1850
1465 4948
4889 538
924 4352
3724 2703
1683 2902
2141 4886
614 1462
4517 4096
2420 3753
3103 3966
4443 3649
1583 4355
2438 4500
2106 633
1045 590
678 110
673 3512
3137 933
2189 4965
2695 4478
4885 3677
4764 1166
4770 3630
902 872
604 1437
2664 1574
571 3261
4972 235
1796 3964
1753 2766
1493 3016
1497 3516
339 2439
3157 3489
4485 4461
4354 4348
308 3
1905 3535
1454 4687
2244 3610
3687 4979
3264 2670
3474 1041
3406 1379
296 1890
1891 4603
1747 1666
3434 1387
4565 839
747 1946
1852 4901
4779 1206
2020 1856
1667 3987
4751 4906
438 462
3408 4235
2739 4110
731 4416
4555 1941
1887 3407
4797 1835
1554 3993
1710 409
2799 2938
1648 2303
215 518
86 3106
4268 2577
4278 1791
425 1493
2448 2351
2905 4805
3762 4805
1624 4759
797 2813
567 3766
4052 551
4056 311
4568 61
2064 929
1403 3474
1858 4157
3961 4826
1027 3425
4040 2714
2257 3044
4996 1923
160 982
4825 4932
938 1812
1955 745
543 1649
2390 43
2616 4652
3943 1390
4614 4483
3889 3977
3331 774
292 2307
3352 3796
3763 291
3896 3117
4243 4076
1160 1922
587 2393
129 4226
4362 4331
552 828
3612 4455
4566 3860
28 159
4909 1394
782 3684
2384 2927
949 3162
634 999
714 1007
452 2381
224 1075
1750 77
1500 4339
2632 4462
305 1223
4773 1525
3042 348
3618 471
4133 3278
238 3509
167 3182
2718 3445
3528 3060
1583 2816
20 3949
2664 103
1403 686
2636 2826
1413 2719
4725 3174
286 1551
1020 4040
1610 571
1033 2644
1997 2710
2539 2705
2884 3254
3436 1562
3996 1034
2526 751
477 3380
3031 3679
3250 2823
1695 817
3001 4876
4870 521
1687 436
2131 251
2010 554
3238 678
465 545
801 1848
2889 1852
4233 3706
2748 747
1797 1343
4937 4378
2635 1109
3662 2420
4403 209
2604 405
2279 4016
4044 4772
125 865
3354 2494
1396 416
3309 1853
4280 3096
3235 2515
3879 6
672 1324
2028 3379
4631 320
2781 4681
2989 1657
1908 2284
3099 3231
3996 3318
1678 4918
317 1229
2808 404
2320 918
4842 2530
2306 565
2462 385
3787 3758
3709 3040
1377 4526
698 846
4606 894
1652 106
2557 2363
3367 4426
4598 4415
1344 2566
2214 4356
1688 3292
2360 2357
4866 877
2358 2677
4612 4189
363 4926
1270 2355
269 2
1034 624
4166 878
974 4309
966 2925
3163 512
654 3298
3600 2727
1437 4005
2012 4437
2042 2361
767 4987
406 3503
3118 1800
325 3139
4666 3155
286 4792
2544 1090
1351 2877
3799 4035
2887 782
1571 672
3447 810
2106 3767
4944 3704
1131 3226
4914 3612
1210 356
961 1568
4093 1306
2578 1803
3833 4960
2019 3740
1689 2491
3404 2474
3713 1822
1387 2079
1815 3301
4959 4179
439 3541
1603 4043
1138 2812
620 2666
2790 2817
2253 4712
3976 3624
2380 1031
628 813
2523 2984
2856 4398
2396 3052
4628 3187
437 4695
4503 2118
4632 2845
2301 674
4686 3704
225 3524
502 2851
3078 2963
3059 4101
1563 945
2320 810
3112 3702
1285 1494
4319 496
4161 1240
288 3854
1893 208
429 2971
131 1240
1520 3664
3660 1251
3410 677
1458 671
2044 1641
848 506
3626 4129
1503 2196
3598 27
1431 1575
4536 500
1237 1833
3668 4425
3556 3478
715 833
3717 2619
14 4863
2458 149
910 416
2438 4741
1696 674
863 4119
3115 4802
2007 4601
2482 1559
4546 3769
2807 847
2711 49
1678 1125
3577 986
1021 3456
4605 1699
624 4068
3260 2499
1713 4399
493 3745
690 1309
2177 2190
3618 4265
1957 444
3992 4824
789 1515
3627 2616
2895 2205
1499 2630
1490 199
4051 807
4001 4460
4009 3513
1610 719
3979 4681
423 4246
151 3804
686 3864
2852 3996
2926 70
372 1928
725 4093
4662 2857
4017 1331
2405 3884
2185 3663
727 2651
2082 703
471 4656
298 3266
3570 4770
4287 2094
829 2644
2772 1355
39 3580
3098 2
3287 960
2121 3875
3892 4357
4297 2750
1131 4345
2717 4638
908 3500
211 2452
2703 2214
4573 3677
3860 3954
2831 443
4576 3211
4418 727
3890 1751
3757 3809
2279 3206
3625 4696
4375 2464
3956 1766
4262 560
1404 4901
4673 921
1810 1894
31 4263
1745 1251
919 4236
4271 431
727 1538
2037 2144
65 1957
4702 2698
606 2778
3336 1419
280 412
2621 4495
1357 2889
2887 1226
1668 4172
4348 838
2721 3265
3000 3196
2206 4470
2447 2456
3572 4404
3750 2463
3433 1448
4896 4026
2186 3773
2070 888
3223 1285
1445 3609
1413 4817
2504 2215
2672 4886
3208 3892
1419 4845
2795 1130
28 32
2280 4558
1460 35
3041 2854
4101 3250
863 1195
4753 3
3483 1470
779 1487
3055 229
418 3061
2434 1586
2119 2873
4813 508
1916 490
2530 3304
4368 3410
1958 3052
81 1312
4314 3461
4259 869
2882 479
126 2385
4843 1741
947 2507
3513 2204
2461 3601
2089 508
1330 807
2848 3876
3297 4068
4704 3661
1656 4998
1805 743
1455 4204
1568 3901
4471 289
3314 1024
2229 3800
661 4385
109 3335
1658 1833
622 1366
3791 2609
4863 370
2857 4741
1313 1190
3634 4664
441 2588
746 3031
3403 1277
52 4303
4597 3327
1120 1067
1735 3841
424 4934
2828 992
670 4050
1924 287
4694 3254
3266 2169
1167 4971
4955 4501
538 453
138 2571
2878 2657
2212 1453
310 1716
1306 365
3182 1653
907 1755
815 3849
174 381
4897 1415
2696 2765
3521 3666
1561 3259
2482 4821
8 4088
2630 1962
3060 52
3538 800
2070 3583
3550 1281
1708 3094
2860 2447
3684 4370
2164 3346
3215 1275
978 4558
4225 4561
4369 195
111 1999
1858 3918
1011 2120
2060 2760
2545 168
4171 595
1415 4098
4675 1686
3807 4148
3206 3059
1839 4705
4526 873
2672 4165
458 2215
3709 889
170 3360
1857 3253
3723 701
242 4878
1322 1645
2485 3046
4468 1908
4720 2328
2546 2495
3618 3098
2066 3460
1247 1404
2211 894
190 3236
2037 1827
3053 2913
2078 683
3053 4035
4424 3869
3514 824
3267 4618
3426 4393
1853 2286
1486 2884
2438 2398
3179 260
4263 3898
3752 3269
4969 984
1011 3115
142 298
2495 4993
4884 2067
2833 4063
3887 2319
560 3574
2033 2391
3168 3931
2296 3717
2602 1212
3512 4997
3110 3075
205 4800
801 3667
3744 25
956 2002
3807 185
4289 1055
4913 681
2484 4674
1611 1307
2659 3600
4603 4868
3175 2091
227 674
182 4744
2290 2843
4052 1872
651 217
4879 2478
1137 900
1136 4676
1249 1753
2085 3435
2554 2321
1008 1272
275 4898
1192 4728
547 2528
2905 3968
4568 2643
3132 4866
182 1816
3608 3803
3875 3516
4942 4157
289 2748
679 1230
2821 2639
3594 2654
618 2274
1572 2688
850 355
3575 537
3170 1487
4639 740
3348 932
3427 556
4323 3817
4414 4509
2669 3185
1930 1307
2540 1859
1741 980
3746 2726
2517 1292
2750 766
2165 788
4676 785
1366 1742
2110 2898
374 3861
1729 1097
3397 3583
2701 2791
4035 1907
1 2927
4204 1508
2313 4498
3230 1038
569 4391
1509 1980
772 1649
2117 1410
126 1737
3656 4974
2572 1839
1537 2483
2787 1799
242 1993
1368 2980
4598 2361
1224 673
2343 83
2992 1807
3979 4691
337 3012
4779 1194
4720 294
2855 4900
3768 2037
860 2386
3594 4305
3444 280
3070 2770
2479 2407
4647 1708
117 1024
259 2662
2530 1205
4116 3579
2759 947
4830 2770
1570 913
972 2351
50 1831
4434 3862
1391 3089
43 4002
2249 872
855 635
2040 4263
1067 1922
3663 3180
2669 1162
2743 652
2152 1383
2381 1032
1821 920
1197 896
3206 2993
2769 819
4069 1765
3701 4684
4478 1517
828 908
1697 3210
550 2259
591 2972
1728 825
1277 1549
3424 4607
2302 680
4579 2601
4722 929
4013 3559
3389 4313
1777 2547
1073 4231
4941 4551
4930 4637
3341 358
1223 1349
2881 813
2986 4805
811 1551
1306 495
1210 274
2808 524
669 2390
4800 2278
3301 595
267 3381
47 2886
1353 4799
2069 2514
2090 855
2176 1847
3706 4583
983 3657
4545 3250
4360 1121
993 3727
4729 909
357 1337
2595 2785
500 3716
665 2775
613 3958
3216 982
2929 1940
900 2687
4031 164
4376 1809
3870 4152
1280 2416
4796 1530
3977 3437
3555 4297
833 2845
2003 4094
1290 168
4754 3745
1026 2586
4648 3983
3615 2388
842 3967
2287 888
1125 2047
122 4288
266 3398
3335 2943
1137 3426
2818 2813
2361 1055
4267 3928
2696 3838
1709 3495
3594 857
1031 905
2509 638
1851 4744
1568 3819
4865 1219
4485 4468
3205 85
1254 3016
3231 596
572 1578
4454 2204
1001 4918
771 177
301 1894
365 3370
4287 2041
2688 1238
850 4720
2596 3179
4420 396
2799 1257
4496 3306
2335 3708
2759 1856
4455 4762
1776 70
717 3252
111 2880
3382 2272
3215 638
4126 4798
3812 3127
4429 2174
2854 4251
1356 353
2761 3785
1227 3416
3083 638
167 960
1845 1804
4112 958
4096 2037
3117 4297
2191 1448
3306 2275
3040 3048
1929 3400
1617 459
4797 655
1672 2987
1470 416
2569 4666
1610 2124
4582 881
2944 1403
4873 2517
3677 3283
61 3530
3388 1315
4845 2935
4785 288
2716 4039
1066 1976
3326 1865
4457 1148
2206 1562
3026 21
3671 4690
581 4076
3013 4288
4602 1561
1929 318
1265 756
2213 2935
953 3228
1244 863
764 3597
2028 330
1971 3894
4029 1922
2986 2304
1382 1659
2385 328
2386 950
4087 4416
2197 3278
1735 3854
1497 794
4356 744
1154 1814
163 1627
4175 3693
4009 3310
3226 1093
946 2560
3994 1568
3965 1315
920 1009
3140 4519
3837 3642
1298 3108
127 94
1687 3852
184 1141
2319 465
57 1027
4418 2703
2011 437
467 2767
4365 294
1320 3550
3278 2912
3269 4525
2264 1245
3461 4291
1040 1710
2839 3125
3721 1339
3212 4304
2802 1504
194 4777
4899 1489
4341 2970
3268 826
770 2870
4613 1890
1939 875
2540 3483
3752 2943
3883 4994
2513 4256
2909 2396
4640 1771
1963 2015
4204 4393
4967 1437
2939 1362
299 4269
2509 1370
627 3714
3122 3738
2067 257
293 4020
1319 4723
2612 1832
3955 4314
4135 1620
3642 2543
4761 4239
3182 4332
135 1987
799 4001
877 4884
1852 369
799 2446
4317 1501
1955 926
3569 2221
1249 2159
4320 4130
3678 2065
4880 408
1159 1829
1703 1882
1376 945
4365 785
573 4340
4132 946
1032 3209
3464 3804
967 2833
3899 4457
4901 4060
4184 2130
3800 4085
2059 3594
1480 4031
470 397
4015 1545
3007 1391
1221 1375
2581 3316
195 1177
1014 2197
4356 133
542 664
276 1878
864 4538
595 96
3128 1941
4493 2275
490 3424
1263 258
147 3327
2558 793
3544 3088
2831 267
4762 206
2999 1109
2811 1703
4910 4974
941 1498
1145 2931
963 4015
461 3552
161 2700
627 4714
3354 3330
1835 3464
1213 4824
32 1940
4800 1550
859 2307
3262 3721
3997 426
2999 3201
2985 3791
565 1657
4333 4347
2295 2329
2582 2518
4705 173
3892 3310
2855 1903
3652 4846
3605 130
774 4259
3210 1586
4082 4532
2841 738
2819 4288
4704 3520
885 1857
4082 2073
545 565
971 2498
1609 4108
2065 3501
2073 646
4312 4178
2615 1627
3317 668
3126 1033
2664 419
4490 1384
4844 3292
2519 1438
494 1566
4522 3665
272 778
1904 2727
602 352
982 4236
2579 1429
4306 3108
1622 2495
4267 208
684 3268
4288 1013
1648 3362
3735 3322
83 1638
1464 3187
3421 4187
3191 2490
4784 4775
4033 510
4894 1041
3847 4002
4837 3682
4898 4761
2613 809
446 2744
4723 358
4658 1103
2488 2767
3639 2030
1498 3219
1621 2408
3935 1716
2828 4073
936 2011
3569 585
3077 3473
4016 4158
2914 4047
1105 2582
2878 553
97 932
1147 992
4116 3813
3235 965
3639 1754
2321 946
2834 4269
4809 1669
2957 1812
3501 122
1719 1598
2395 4597
804 1459
3783 2949
198 4081
333 4672
2504 4666
1534 3288
1609 257
1465 1287
1313 3031
383 3808
1602 4572
4488 2558
3193 262
4321 1762
2659 341
128 4039
1956 3774
1313 4663
3146 4705
251 2910
3275 2689
619 4721
2662 1853
1509 792
4081 3560
1320 4852
1558 242
925 3927
1544 3334
2214 3244
2869 2455
4157 3439
3394 4072
4870 492
3502 401
3654 3829
1323 3439
1304 557
1747 4817
4914 1011
451 920
2616 4684
4240 1735
4532 168
1760 1024
3022 1074
3195 2290
433 24
4101 3938
3954 117
3759 4918
4631 3534
4288 612
3427 2443
1389 1826
451 2612
738 354
4173 4545
2202 125
3280 551
1130 925
76 362
2602 3139
3235 4792
4686 425
2433 204
1461 4692
1531 944
499 2403
5 4
2307 33
2173 2551
2294 2760
4065 3052
4355 4727
4883 292
4500 1777
4012 2699
4428 1109
4939 4083
3126 4296
1844 1781
1627 3571
1856 4334
1680 4248
3701 1563
1963 4927
936 2475
3997 425
826 4077
4061 2675
3313 4423
3702 2690
1021 4962
1303 441
1055 3891
987 1753
2030 3811
4292 4795
2199 4043
2820 4478
3440 2899
2001 1770
716 1464
201 676
4914 3878
429 4680
3245 1613
4177 358
1908 903
174 3815
1970 2521
1668 522
983 2130
85 1435
142 2045
2250 1100
724 2251
2340 1198
208 4478
533 53
546 392
2710 3876
4665 2083
4686 443
1728 2882
2597 2309
1655 4933
2895 1134
1202 3178
2811 614
978 226
3089 1362
193 175
2537 4795
1737 801
797 4452
4106 2288
4736 2128
4736 394
4532 4409
4093 2294
2368 4047
3856 3737
4979 2858
4563 407
1301 245
1595 3836
3304 1098
957 3661
2546 1991
1133 4017
3905 2527
3030 2310
3101 4984
1836 2319
1849 536
2476 3146
357 196
4354 1664
3797 4170
795 1583
2626 4135
2596 3544
4248 4575
4395 649
4346 4048
4288 1994
3006 3240
3626 3103
2042 3883
3933 823
4403 1808
1836 4248
3030 1967
2070 111
466 1805
3224 3468
132 2224
4764 3993
2816 223
3110 4394
4065 4865
2952 4245
4214 4863
4631 2856
3442 3890
2824 47
642 4839
4462 1593
2726 1008
4550 46
1198 462
878 1216
2731 1144
1041 4249
3980 4992
959 4175
1903 850
3901 2445
3415 3039
3305 3743
783 3432
514 4435
4952 2652
517 3813
3424 2234
2385 3950
1031 3190
2437 2707
2078 3596
3702 2683
2520 3432
658 4318
4092 2102
2294 1987
312 4307
1105 1617
688 4831
3166 423
3759 819
4274 3482
2681 4668
1350 4630
1834 2898
474 506
4920 1893
1897 2780
256 3284
3715 4497
4330 2014
1597 2385
248 4334
4325 4944
4589 4276
2286 2317
4648 876
4843 3244
776 2410
4678 3450
3976 1198
4074 1146
3744 3575
4499 3250
2770 257
4470 3779
3647 701
286 1374
2601 2041
4022 4893
3670 3723
4299 142
701 3366
4827 163
1143 3194
1181 823
1751 4972
2474 2848
389 1510
4030 1364
3253 3339
553 1847
4859 53
307 3985
3417 188
2113 211
4088 3307
687 24
2009 3651
2943 1218
3706 3965
4754 1116
3623 3258
583 4867
1441 3651
2228 24
877 981
2882 3240
4028 1649
3058 3360
2943 3597
3501 3007
1534 555
584 1404
3458 1123
4856 1471
464 3885
3790 662
1699 2675
4648 1442
782 4973
2805 4142
2704 2777
4638 1333
3520 2583
1397 2832
3421 4830
3880 3981
3818 4886
3998 3370
2100 1648
3008 516
1750 4590
230 4034
4625 4307
4481 2713
3534 687
3833 1329
4598 3572
318 4702
4799 1983
4578 1435
3707 3659
2002 4101
1484 3003
4114 582
2113 2244
4451 902
1068 2655
2572 1761
2568 2989
4246 324
1784 2435
3290 94
3077 3401
2227 166
2826 2323
3113 4993
3805 4153
1282 737
3710 200
2909 2301
4283 4812
1556 1193
2251 957
894 4530
3487 1883
3439 2645
2450 1478
2013 4236
532 361
3181 4164
4414 1218
2283 2985
1365 1456
3399 4384
4913 1536
1795 2078
2324 1727
2085 4521
4133 4908
398 311
4844 186
1851 2642
4227 3040
986 4963
3294 3465
670 1497
1425 2036
2692 2330
4196 4163
3872 2839
2388 747
371 461
97 983
1553 2790
4719 2404
4931 4631
81 1970
1890 1246
777 475
4702 1771
1922 3803
2626 3363
1297 3928
3124 449
707 2657
2247 236
1574 2586
382 2267
1776 3882
1791 3477
4795 2624
4418 2636
4586 1505
1137 4797
3014 956
3216 2626
3231 4712
2128 2658
1235 4806
1596 1763
507 3554
2661 2315
4268 4129
2335 1883
2545 4510
1636 138
1126 3333
3567 546
4111 4120
3254 604
3818 4984
336 1401
1293 494
1961 4313
1019 684
1250 3585
2154 1771
1063 2453
2616 1163
3626 1494
791 3855
1142 2719
2905 3287
3598 3572
4241 4022
1447 4317
1277 886
279 4706
253 3280
985 3740
4586 2204
2882 4611
4175 2671
2036 3992
181 2130
4576 643
98 2799
4526 1344
4154 705
1269 1753
2178 3738
796 4041
4750 4215
852 819
4660 2107
2386 3670
4521 2647
1919 3757
1574 3658
2421 1222
1279 3233
2894 186
2138 1232
4809 459
962 2154
3609 23
4880 4985
3058 1638
4397 466
2105 756
4817 4250
2058 4337
1034 251
3688 3834
3780 3801
2990 1636
268 1412
4122 1738
2117 2130
2891 997
4222 609
1669 2389
777 117
688 3190
3784 1934
513 236
4183 3713
3465 3135
1479 590
311 3729
582 4556
344 4404
4470 968
2679 734
3483 984
1602 3491
2446 1086
3263 4910
4959 4167
3150 3788
3427 3264
2481 2586
3614 3292
9 808
1191 3223
375 3822
2890 2298
1978 2088
3453 3365
1123 2539
2349 4830
1134 3675
3680 1885
1503 2617
873 399
636 1284
330 1569
1159 4973
2241 2502
4298 2170
1575 791
2661 2970
4793 1698
3569 3298
2378 3795
2878 1464
3107 625
425 4296
3764 3335
4163 4060
4853 3515
4818 920
1425 4684
1757 4329
3809 4926
984 3556
3351 1206
133 3343
4814 223
745 4233
59 4043
1375 673
1359 2515
1486 701
226 817
642 3000
1920 1224
3313 1902
165 2531
3117 623
830 3343
3300 2023
3539 3464
1464 1952
1354 1728
206 1494
4550 3166
1760 1145
1490 2855
675 2609
3867 1754
987 317
1188 956
173 1861
4465 3022
3277 1468
2615 3480
921 2378
2215 3408
4605 2439
673 95
4399 3015
93 4288
1126 200
2016 2573
4326 2203
4233 4792
2748 2824
606 3328
76 1754
2815 4124
3850 729
3028 1981
3009 955
1994 1183
2711 4434
2783 2534
4848 1642
2939 4275
3140 627
3565 4110
1199 1247
463 4673
1100 2496
3005 4693
2020 2215
1401 2669
396 3041
1113 1918
1414 4050
3572 669
969 4746
732 58
3754 4141
2344 4458
1839 2143
1005 4033
4267 1546
1441 667
1629 1318
1232 1207
4535 2387
1966 1713
522 2321
3929 3742
3882 907
3815 4381
2582 4652
1588 4385
1739 97
4517 4677
2207 3045
2526 1001
4648 810
1603 4062
3900 66
3243 524
4600 3600
3196 1180
2669 3468
2201 2361
3929 878
1407 3548
776 4244
2656 3768
2959 4047
698 3872
4091 1469
157 1158
4151 3196
4096 2639
379 43
1301 4876
4346 2106
4003 1983
3202 2341
2344 1342
499 4105
76 2632
229 3168
4425 3898
1471 1185
4804 2078
4078 3130
4210 56
2229 2670
2170 3738
2428 1030
3003 1150
1309 3983
2618 1121
4467 1314
1760 1739
2286 1504
2621 2541
1637 347
934 1521
2330 3727
1787 3654
838 4392
3084 1436
982 4082
4364 3045
3872 2087
3281 1656
4796 556
3614 1217
1025 976
997 2896
1983 2743
1200 4625
4247 738
3588 4643
3100 4025
462 3764
1227 2975
1033 2777
4788 1912
692 2050
51 3562
3107 958
3747 3138
1232 3419
2920 737
4908 1541
2342 3248
228 4322
4834 400
4122 3338
351 2813
3515 3189
3510 4044
3761 2366
2989 1942
2134 4176
850 689
4032 978
4871 4953
2039 4998
1936 3972
4290 3483
1867 3831
4878 3760
2304 3972
2994 2181
4910 2080
1593 3117
3796 591
1274 810
1724 4570
2060 3104
4940 113
1935 272
3795 164
3899 175
509 4418
617 2133
4928 3694
686 1474
3109 3897
1678 3471
3592 1446
1191 4553
3062 1083
4776 2465
392 1388
757 2037
3122 801
4532 2559
486 4216
3443 1365
854 1034
256 1224
1637 4496
4156 2527
834 143
1808 1530
1622 3066
4024 3145
760 2484
1635 2119
1991 1197
2313 2963
1838 1860
3367 4875
3529 1034
1777 1370
3982 3105
1901 4150
3860 4656
1980 331
496 3603
1019 914
3490 144
2098 4794
4929 4547
554 232
2766 2123
4285 1243
2554 4239
2951 4788
2171 2793
4028 3371
1809 1074
2767 3540
861 4340
3284 4319
2647 4664
974 3893
2440 4872
4691 2519
1426 1812
1150 4058
3102 488
938 603
2341 1971
111 4835
1448 3429
2375 2141
2954 1872
738 2635
1371 1276
3427 1120
1273 763
1702 2799
4423 4251
1659 4695
733 1967
3569 4310
2348 1857
4186 271
1634 2530
4420 3423
1386 4135
4552 3923
2905 1381
3062 3316
1564 3357
1567 3048
404 754
1854 387
781 118
3204 838
3283 1331
4175 3412
3685 1724
2036 4713
2531 2456
3962 338
2846 1366
2942 624
2445 3094
4273 3431
610 4228
1092 1765
1114 3621
1098 919
1283 3638
970 1828
2073 577
4716 4806
2153 2282
2282 2236
4033 4897
906 4512
577 3344
782 3279
939 4753
864 4571
1077 1702
2371 1527
1954 250
2935 2050
3346 436
44 3675
4997 2510
990 2847
4583 3369
2813 1015
1405 3765
246 368
4032 258
4202 452
399 3734
960 1691
2861 2315
1945 556
1977 2047
1369 4475
2167 2745
3436 2935
108 2173
4734 3517
1660 1160
3198 1612
4847 4518
956 2573
4909 587
3805 410
3413 535
4244 153
740 2467
3710 2103
4621 4762
4554 1510
2157 4110
221 3742
654 4838
4605 1201
4373 3058
2777 6
4328 1213
4839 2984
2574 2835
4136 1990
2360 2138
264 1201
2074 1831
3152 2010
3550 743
4415 2096
2881 2338
2103 1218
3925 1115
3852 1841
4818 60
1451 3914
706 545
664 1700
49 4288
2342 3672
394 2938
374 1212
2188 3977
1944 2554
4610 4936
248 1959
2959 1446
3334 3655
2983 2284
4656 2993
2783 3958
492 3011
4123 4909
854 4876
2167 1102
2933 378
1812 4260
4791 4253
521 166
2931 4418
4273 3562
2673 3805
1227 4537
1910 2674
4252 2295
3382 1223
729 2014
4313 3904
1152 1678
1262 4363
3600 3797
4370 2144
1008 2955
4561 3386
3614 2460
3012 65
1427 3642
4112 3199
448 4525
4683 2520
82 2541
304 2127
1964 79
3333 3426
2259 3848
4673 815
4254 3723
1633 17
2694 2763
2651 3246
3798 1487
3868 876
272 3508
1047 4604
4846 2507
4541 4761
4082 487
183 1148
4094 2469
3493 774
4338 2492
2851 380
1095 3552
581 562
3390 4746
1474 2112
1454 337
1229 255
2694 2410
4318 50
1477 1052
77 717
4312 4835
4463 1334
2978 4458
4644 3887
3285 2137
1765 2863
1314 3027
1535 2589
4405 4168
3717 1293
614 4112
553 1771
3895 428
953 3592
3724 2700
1905 4243
981 2944
3637 1497
4104 3764
616 4842
1844 300
2925 3789
1148 3732
2962 254
1517 3276
4750 4728
1326 1413
2641 1782
3481 1631
1726 1196
334 3361
3886 4417
4184 2592
827 3700
2303 4326
3048 402
1087 1044
1277 2306
4073 4600
2837 540
2025 1535
3583 4033
3467 2777
3191 4971
1867 1912
740 4753
3815 2243
303 2461
1571 288
597 3025
812 4994
3817 3967
2782 3575
2683 1956
2530 4968
3866 147
3599 142
1796 4704
2177 4842
3531 4118
2749 1716
4020 1895
4143 834
175 4704
4761 2259
3972 3085
4292 2006
2755 3398
4431 1179
3720 4130
802 2460
4699 3471
4291 955
3427 4282
3295 4849
4331 894
2925 1011
3773 1468
3156 1949
2347 2939
2939 201
4229 1994
1143 981
2182 3252
895 3801
226 1675
1517 726
794 3599
2651 1718
3093 4159
2118 3245
3038 3127
1370 1305
2102 1348
1157 1735
4713 3806
3859 2361
217 1227
3873 4030
103 1675
4357 3767
2063 750
2951 4781
3884 2255
2783 2200
4216 2080
1071 4046
761 1014
1182 2424
4977 3108
2744 1939
4558 1397
1465 375
2314 2271
2699 722
2787 3140
4410 4524
100 3797
4405 1226
3709 3351
3161 149
314 2486
1585 1852
3545 2294
1326 1388
1048 2411
4786 4191
2674 1788
851 4919
382 2275
118 3554
1260 2985
4214 667
2614 786
1545 1650
2926 2595
2397 1513
6 3087
891 1976
1331 1056
3234 1237
1840 252
1432 3079
1716 3095
1058 1656
1710 1568
3529 481
3427 777
4681 2931
943 2986
2699 952
701 867
3705 4311
1470 1829
4665 3329
3303 2414
2681 2327
3326 4796
702 3911
334 4474
104 1366
925 1096
1219 3638
4041 1386
2766 2375
3362 3088
121 3273
4934 1693
351 1483
2490 3656
1897 4493
3364 2044
9 2969
1645 2914
2059 4248
2931 3790
1741 2160
2059 24
4738 2295
4947 798
3056 2002
4432 2471
7 3424
3171 806
4843 3626
3564 3184
3748 2196
392 2748
4527 68
1365 4619
4811 4885
2040 248
4912 3039
2883 414
4677 2837
4680 862
2694 4051
3795 3294
1202 4040
83 1394
3976 1300
3493 434
260 1207
2388 3398
2565 2238
4235 1316
4901 1625
706 4325
2710 2256
1144 4643
2094 196
3792 1145
4775 3923
3705 4422
1918 2109
1591 1834
4246 2619
4902 1753
3734 616
2479 2486
3219 4510
3625 3403
522 4430
4258 4861
4147 113
2036 3607
4305 1818
4952 2533
2991 4489
1818 3488
2133 3421
4972 2133
4062 2513
3454 2989
1422 1760
4865 4540
3857 4605
1381 2708
1918 4045
2895 4440
104 956
2697 4765
3559 385
1947 2175
1527 1820
4715 36
3622 3786
69 255
3992 3610
2422 4280
1778 1170
3580 2816
1772 2754
3044 2618
114 4869
4878 1657
1708 599
1206 2137
2956 3095
3264 3944
2659 4009
4216 3255
2318 4689
993 4463
2487 289
2674 3627
1407 1871
3385 270
1024 2044
2311 1255
4995 1467
4527 1115
2051 3909
3120 1221
233 2339
3748 3172
4582 3852
2522 1032
4548 4859
678 4136
3330 1644
265 763
3542 3111
2811 2462
4656 1507
1458 4108
4008 4802
1766 2046
656 137
4495 3157
2968 2402
2323 1300
1484 4797
1455 1732
1377 436
1305 1148
4792 653
1728 4716
4441 1750
3593 4928
1880 4178
4411 122
62 4820
262 2294
2501 2080
10 2232
4720 3632
2502 4766
4111 2356
4312 3897
2875 2725
4346 4608
3418 3851
786 4030
2477 2390
71 3223
4921 477
3900 2875
255 3846
3896 1695
106 2409
3407 482
827 2827
2424 4179
409 3605
2579 1301
4692 1131
4428 2459
323 3093
4892 4955
96 4689
2161 3333
3928 3559
3967 2809
1182 3546
3819 4029
4405 522
3333 76
2407 265
4408 928
4996 1262
2416 2671
1417 1507
3476 4085
2408 1417
4702 4504
3655 3871
4865 2335
268 571
2482 1396
1444 2500
792 2702
848 605
1909 2976
2386 1694
292 4886
4564 3666
3633 1359
3021 3870
1902 4819
853 4751
518 224
762 2931
1315 1333
2736 1996
3750 1968
2866 4536
2460 4187
1141 3224
269 4809
4353 4800
669 1835
2408 2539
528 2902
885 2228
2376 3947
4333 448
2148 4679
686 3736
3734 469
651 4116
3635 1178
156 4645
2789 3128
1254 2290
2096 1088
1776 4696
1871 305
2922 1548
599 3774
774 3748
1703 593
463 2745
3050 286
3847 2274
1051 826
4108 24
2310 2240
1852 640
3056 2790
3136 1489
3529 3120
2655 808
3569 1990
2974 2373
2364 1945
1894 3565
1062 4886
3810 4446
902 4669
424 3166
4251 3688
1328 4614
2579 4954
3967 4257
261 39
2689 1112
2604 1115
1546 1201
263 3774
1966 3035
2829 4044
4930 1901
4732 619
2167 581
4909 278
3985 4812
1734 2947
4492 4537
2157 4647
1071 1783
1753 449
1691 2927
1475 559
4859 457
4171 709
2980 100
682 3672
880 1916
2726 812
2540 2537
3466 1255
1056 1409
772 4961
1227 1603
4349 3678
3692 1814
869 1152
3266 2815
2646 1833
3960 4281
3971 2864
2904 2437
602 4465
3652 837
3748 1051
65 1066
3521 553
2581 1578
4012 3577
4665 475
4320 773
3786 640
1747 3339
4880 3030
4543 387
3540 4338
3394 4676
3667 4686
93 1712
595 4292
3424 4562
806 905
1333 2878
2826 1870
1425 668
3955 2257
4513 1002
4474 4466
3805 1105
1244 1636
2143 3405
4265 2009
1732 4151
1766 1398
1643 4718
1186 1303
3711 3933
3993 4283
134 1553
3170 4064
1915 4387
4037 1233
1328 3669
3451 4208
3585 1145
4029 4434
4736 2423
3933 304
3363 4900
4128 1060
456 3477
1653 3022
435 3263
1886 1244
3148 847
3663 980
4432 132
3781 4930
4686 1042
1930 822
4739 924
3216 1472
728 142
1359 1263
4627 2088
2343 330
155 851
2564 406
761 2981
3470 1736
407 4847
1474 265
791 2802
3226 2977
3872 86
1345 2402
3874 2304
3283 4453
3669 3379
1050 1069
4515 4808
1301 3075
2832 2559
4845 2646
3870 4715
1153 253
3907 924
2678 3106
1364 671
3715 1394
1083 639
2280 1294
4679 399
4346 2953
1071 3703
3975 458
1211 3133
1681 686
782 2709
4365 3112
4141 2853
2235 1199
3533 1680
1255 171
2601 2406
3969 3711
4537 1744
169 3090
2138 1913
4208 507
3635 2595
4054 4656
4823 1653
3929 3550
4421 3217
2031 427
4894 1474
1368 1936
4499 2829
40 1043
1396 545
556 3769
3177 3603
1270 4533
3539 296
796 4311
868 4077
1725 3328
2478 2465
3289 1063
2939 3085
4666 2984
650 1221
1549 132
3686 4096
54 4343
1137 730
3135 4409
1877 2625
4173 474
621 4912
3800 957
3643 3643
3288 4733
3408 350
3684 1459
2679 3778
1221 1573
2363 475
3161 4110
2500 3856
3375 2175
1310 4379
2685 1706
2330 3314
4998 2216
3499 3554
3853 1247
1913 4227
1332 3599
1888 4397
4767 1403
730 4594
3768 667
1836 4628
2303 4521
587 2923
64 3324
2472 418
4571 1836
1291 3025
2925 2409
3589 994
1105 2733
3024 553
4692 3348
61 4220
2585 3036
2252 3719
520 220
1475 4796
908 1910
1178 1925
1880 1810
3647 4264
4723 1321
2557 3507
2091 1562
968 2601
188 773
1919 3414
1215 1564
2163 2426
1607 4058
98 1139
4667 3379
1576 459
3997 1858
974 3617
1712 1229
1512 1829
2640 3914
4532 2465
2890 2953
4624 1460
674 1696
383 3988
848 1462
1977 4645
4246 1222
4901 692
1547 4339
1931 3092
548 1985
3079 1972
82 2182
1314 2603
3663 1170
4120 369
1398 2960
3 4811
2223 2487
2634 257
3180 3351
831 314
1712 3663
3498 2338
2745 3989
2127 3836
2287 955
3466 611
3849 2743
1365 4950
262 1433
4218 1016
4491 2243
1425 3988
3757 3172
1572 4678
222 4342
1745 1127
2755 1132
1676 2699
3507 4358
1183 976
1152 4065
143 4286
139 1303
859 1909
4489 2181
3423 2669
2918 2033
272 329
984 2991
1273 1709
1122 1700
1486 469
1942 1412
12 2815
229 4029
209 1711
1894 1191
3330 3693
783 4511
3752 911
562 2197
2348 2245
3929 1179
4318 4876
769 2390
1655 1917
4556 3853
607 4138
4301 3980
1344 1863
3647 1211
2165 3131
4220 3078
1777 3290
3095 3666
1743 113
192 1374
2756 2411
3063 4510
4919 646
1480 1234
2716 1203
1484 953
1016 2251
3012 1949
4024 2142
644 1963
2941 524
4413 4466
1461 667
2632 451
240 973
2722 140
2880 4198
399 1605
4597 3091
1206 49
1820 1677
2791 4545
1823 2760
3533 554
1781 2994
3788 1928
810 3745
712 1519
4229 4981
4295 2909
4285 1232
827 4546
746 2300
166 4935
3492 3086
227 3622
2162 223
4467 2492
4275 3958
3361 2842
4427 661
2900 4343
1248 2203
740 1866
4490 1175
3143 393
2586 439
3335 733
4421 1415
946 4333
1376 3746
1252 3899
134 1217
2871 2156
865 2072
4629 898
2805 837
2612 746
2234 2990
478 1413
4343 1140
1267 3512
642 3998
4178 2992
3859 4700
1514 1995
2454 1441
4014 3845
4882 3706
2214 2142
1368 1779
1606 828
2217 1078
4570 3069
4998 4796
4586 2630
785 3148
2567 1478
1012 4765
1102 2805
4408 4828
2906 591
3926 2263
3229 3133
3703 276
2125 3313
2665 3608
144 4467
2927 449
4936 2892
2474 1006
3263 984
2464 1266
553 4552
1220 3914
177 2260
4840 1485
1093 4244
1633 4097
3724 4224
2786 4026
1885 908
4459 2564
4456 2322
1577 4201
3511 2334
459 2114
621 1490
751 2045
2518 4240
1097 1279
4791 782
3889 2278
4665 3926
4905 3842
1219 3460
2954 4336
3422 600
863 3991
1746 823
2697 2715
3176 659
2542 2829
478 2741
716 2650
3170 1460
4725 1347
2139 3198
1114 1847
4995 4298
3152 1041
923 1043
1326 3340
90 483
2178 2690
3814 4020
1179 3027
2817 4803
775 4592
1760 1649
4477 3655
1259 3811
2580 2784
3480 927
2519 1806
2043 3516
2724 1152
1261 3909
4294 2541
4401 4232
1253 3681
2571 1586
65 626
41 1159
945 1531
957 4439
4532 1091
4802 4093
1037 2086
447 1522
3752 2053
3130 2843
3884 595
183 415
3531 2736
624 4230
2372 3353
628 907
872 2770
4527 4385
3745 2390
2129 531
4819 4414
1740 1812
2122 204
3750 3237
2575 4684
3835 671
4418 4060
1234 4833
4850 2567
3347 4614
3479 3282
1243 1647
2335 3091
593 1592
2469 3917
2639 2316
2144 735
448 2388
1236 3063
154 1141
3171 4820
2314 1812
207 2888
3266 2074
3719 3108
4050 4805
1998 496
2432 3447
4486 1999
2946 2670
4474 2462
4326 4274
4094 4936
2705 2090
2256 1668
3965 1294
2906 4796
3870 3975
3389 3171
4870 28
3931 2217
4584 4632
4762 4279
1813 3253
248 4397
3603 4064
4579 356
4556 3279
4763 4107
324 76
4125 3657
3449 2373
3817 1343
667 4824
3981 1490
3498 4297
2954 4515
149 3918
4538 1028
2769 3396
836 4030
259 3454
1453 1517
3490 2031
2244 2448
1708 2170
4584 1203
4324 777
2780 54
1323 4573
2993 3830
1615 4194
49 4008
4448 2784
4506 3056
1505 3908
2241 3580
2171 284
2489 1295
2016 402
4121 3404
3993 583
2452 296
1181 4786
485 2105
3334 3364
246 1776
2416 410
1344 4087
3795 3763
2450 4494
334 420
408 3881
3224 3965
2134 1555
2235 1327
105 49
524 33
4918 2586
862 4608
4767 4083
4282 3762
4765 4213
4581 2703
2095 4124
3631 4089
3484 1895
3254 3852
3313 570
4530 371
1021 4201
3613 2346
3229 2504
1508 4528
3171 1843
3815 1256
2641 4149
934 1438
3111 592
6 4109
1602 3081
1734 66
531 3663
1241 3616
4788 4939
1093 2477
804 754
1845 2210
831 2738
1568 129
2156 518
1042 879
1268 1854
2615 2178
1954 3857
4060 3106
2257 292
256 2138
318 3880
4014 2821
4393 2219
1936 4548
3194 757
1703 461
724 3569
4132 1320
618 3041
3597 4128
4074 29
4124 991
2093 4001
518 859
4046 1103
2615 391
2926 976
349 3671
4696 2887
4898 853
3297 3394
1340 452
551 2449
2000 558
1964 4506
2575 3095
719 129
499 1725
880 2290
4186 3040
2487 4292
3686 2866
3387 2979
4404 732
1472 469
3379 2832
4833 3889
3535 186
4351 784
1126 3826
3180 3465
4546 1344
4535 1367
2491 1371
2587 2287
687 1834
3856 156
1846 3928
219 834
2726 1549
534 1792
4326 2979
2287 3307
985 4817
784 208
4598 280
1143 3715
2067 3359
4792 433
1234 2463
1782 1744
254 1295
1757 1159
2301 1405
4201 3246
929 4055
4104 2370
868 3369
4007 1757
178 490
3534 784
3928 4853
2360 1679
264 446
4897 3953
4782 4466
141 4184
4677 1421
1010 2562
1956 3101
1741 2426
3934 31
3700 3875
459 4027
555 4186
2133 3061
450 958
2889 72
1471 1118
51 4909
4219 3822
2427 1212
804 221
299 3046
3802 2010
3747 3008
4779 710
1348 4820
28 2877
2749 3231
101 103
4366 703
4996 3686
615 4466
73 3724
381 2015
4777 2585
764 4490
1967 2703
1482 1201
3190 3303
4791 2028
4074 3642
4298 1248
4708 2628
2546 3221
3214 362
2612 2539
961 2291
3888 2651
3928 1385
2548 4851
555 3772
1682 2281
3244 3872
2767 3981
4607 2681
2166 1028
1116 1574
1861 4905
4156 1035
3670 4029
3192 1673
1869 4745
2267 144
3030 3131
1807 1692
1227 4436
4476 3533
1448 3657
4104 4721
3370 3653
2351 4520
4213 4898
108 2066
4821 1150
3350 4603
1455 235
4866 4293
4721 533
3401 3117
4271 3697
2316 1273
835 3322
360 3787
2197 4142
4196 2518
2581 566
2101 3359
4362 8
773 3341
1481 4691
2647 2734
2084 777
118 2870
1603 4942
2131 3942
4613 3280
4767 4045
1064 578
2853 1846
1304 3510
1408 214
3026 4273
2624 985
3763 1944
3732 4865
2175 4656
1073 3348
3645 4691
2889 4800
1211 2570
4746 3049
1342 2206
3676 1251
659 2021
1209 3468
4691 2733
2608 2077
347 2906
1278 516
2879 2364
3181 1298
628 2188
4537 475
4237 1199
4276 438
3719 2325
1097 2055
388 4822
292 395
1334 2418
1396 4677
4896 378
755 4560
3003 3907
1033 1267
1639 1391
406 3461
2798 4423
4552 4118
1097 4584
1838 4274
300 1531
1759 4636
947 3571
4753 2867
1379 4366
3976 922
1043 4275
3075 2440
3310 4492
4822 3427
353 4766
3391 4596
75 2926
3661 1151
2164 3497
3921 2933
87 2229
4363 1238
4595 3144
3577 4448
4648 86
381 1933
1582 1436
4871 1487
4398 3374
2059 3472
4198 1441
4115 3388
1110 4050
550 4148
2701 490
4444 1873
4719 2113
3733 1105
3733 4028
1382 2064
3083 2579
3035 797
4939 4043
1214 1107
3111 1798
709 2143
1371 739
4343 3194
4762 4942
186 4348
944 3675
4432 438
4259 3574
2438 3672
327 1850
1386 1671
307 1574
4923 1080
4666 2188
4850 48
2851 4059
2214 3554
3747 4694
4571 1349
4178 2920
1437 4729
4337 4272
3027 4001
530 798
3237 824
143 3404
2346 153
4509 1906
3591 3320
4265 2360
3798 1816
4337 4196
2132 1334
1704 1942
2928 994
148 4718
4744 3184
3596 2203
4119 1245
612 1956
1346 1630
4148 4277
4343 659
4585 848
3062 2175
1215 270
846 1103
1486 3713
3617 3662
4619 2001
4417 1394
599 734
3198 4458
640 4836
1053 2901
2057 3778
1218 4793
3582 793
1876 2544
1164 2905
2045 2258
3782 1154
2218 4087
3038 4584
4925 4650
2649 1216
3039 1262
377 1149
2202 3606
2442 3127
3278 456
1414 3765
1364 2510
2045 859
4980 849
3517 1013
2964 1493
2519 2515
1753 452
4872 3910
3376 3247
4784 283
1923 4217
2393 4188
1670 212
339 2628
1852 4563
1891 4729
4739 1366
1794 313
2520 3892
3950 1747
151 1522
4991 2896
2017 195
2931 3242
4880 414
1551 1183
697 1576
1478 2994
1086 3935
736 4061
3449 3789
1446 4134
2087 383
