10000
4387 3113
1513 2066
2494 4452
2184 339
4134 4842
3031 2055
1836 3841
2560 278
4965 2025
3681 2300
4384 4383
1726 595
565 3631
3179 4129
2433 1151
349 3118
1891 3986
2640 4805
4268 1570
3106 1360
3039 87
2426 991
4774 2153
2464 4166
130 2794
4176 1142
2470 1107
2529 4297
3180 750
3463 2238
1539 736
4229 2989
2279 2161
1853 4730
2756 1937
950 4668
2878 1650
4215 889
2980 2917
2655 3291
1584 1113
1403 4499
925 152
4294 4114
4499 510
2925 2314
2896 938
2808 3349
3460 3580
2123 3443
965 4071
2962 2363
3831 3152
4144 2871
3584 4712
1149 3598
2730 2925
1359 3476
3350 2191
4189 3747
2715 847
1185 4817
3521 3823
1878 4583
3232 4796
3862 326
1229 4308
1519 2999
2788 2902
3192 2819
628 1257
1093 1763
2647 4739
34 3405
1783 3381
941 1359
4318 81
3003 2887
3066 1720
303 1475
1069 926
510 1430
4375 1678
2352 1324
4488 3948
3229 4417
4834 1101
1850 2708
3787 2875
3629 2667
1263 3725
4634 3105
1519 768
4652 394
3175 2658
358 1553
3518 2149
2468 4493
839 4221
3944 1895
2102 4386
1232 4290
2660 3340
3857 2559
103 3136
2275 3117
3862 953
4095 3140
1352 4532
3226 2607
1959 2779
3740 4338
3850 1124
3689 4387
4964 3384
1373 879
155 2997
1556 541
2928 1659
2738 2983
4347 961
616 2500
2035 2928
957 3212
334 2734
2890 3600
1362 1620
706 4613
2385 3465
2414 3433
3848 4278
2889 853
2260 1419
771 1494
4504 4970
531 3912
800 1002
879 2401
3938 3189
2220 3547
3130 3349
3375 3115
1407 341
4697 2712
1522 150
106 1031
2541 4353
3522 3109
3193 4450
2550 965
3412 1505
3724 969
3252 1222
4365 380
3172 138
4415 2856
3585 450
3485 1754
542 3505
1155 3999
286 2701
2100 218
1999 1967
1981 2233
3525 2524
3790 397
2218 4182
4950 1186
4269 2908
4806 4883
1434 66
1375 3605
3185 698
279 4474
1880 2019
1918 2625
311 361
878 195
1958 1162
2709 961
1031 1930
1769 2189
2386 3031
863 4281
619 3042
1932 4097
3655 2872
3881 2017
3649 1275
2798 3578
3583 1818
1206 144
533 283
29 1879
4166 2104
3130 73
3198 2105
1379 314
614 3057
1249 2295
3058 2520
4584 580
4051 4183
3314 1356
3825 1524
1498 852
4024 630
2796 4663
907 2689
1676 733
2902 4618
1668 1311
3222 23
4666 2900
320 3199
2788 4738
4468 1394
4934 1422
2299 3111
4602 2535
2411 2068
4387 1099
3477 2208
3781 1
3963 2771
1668 2204
259 2513
3706 1154
765 95
842 4472
1564 450
4822 3294
3019 1128
982 702
143 3659
3862 3501
698 878
1152 2180
2472 4292
353 128
549 4017
2277 2266
3574 3760
3335 4819
3853 4353
3464 877
3278 4724
998 2420
1571 4208
4873 3095
92 424
1696 4225
3363 1269
4292 2701
4042 4881
4721 341
4061 3774
4062 396
1193 2022
4479 744
949 1162
3886 3479
732 2799
2331 3032
2130 4672
3251 2903
334 3078
1970 576
2217 2560
2379 4695
2695 1659
3606 819
103 1285
217 398
4142 2873
4710 3622
1808 2127
522 2722
136 4786
1729 3714
376 246
3666 4577
3177 2610
1906 4135
3525 564
265 1440
2052 602
3268 2566
885 457
2536 3977
3201 2866
1025 1261
4174 3555
648 4672
2981 373
3507 2433
3021 4139
3622 2770
1256 4159
2711 1098
614 4109
344 2664
933 3349
2660 1596
3938 4893
497 2260
2517 3240
2748 197
4011 2882
2582 215
1680 4541
2507 1597
4565 1567
1977 31
2431 296
3764 2616
3967 2015
4040 3945
726 463
4344 4266
4518 2610
2243 3245
2083 412
4590 2766
3487 366
2688 3332
704 3179
2808 2595
2957 635
3106 4497
4471 3391
3550 1399
3767 115
2044 1247
1975 638
56 502
3712 486
3759 3413
2503 4741
2629 4496
272 3001
2182 4393
4809 661
1368 1480
412 2372
3649 2005
2917 4417
3831 3917
1115 3669
1455 809
1550 4539
3789 4085
2801 3242
3722 3470
4674 2932
2699 2036
3049 203
4056 3498
1586 489
786 277
2774 4369
1830 484
522 2859
1397 1881
3960 2404
1808 1960
4955 3409
2685 2731
5000 3354
4761 3737
4166 763
622 2901
3753 4867
3335 830
3397 4168
4234 3401
2792 3476
1893 3692
4602 2404
2007 1243
4988 4134
804 1140
2438 789
4370 4067
1682 1533
3820 1566
2633 1149
4827 4394
4559 2638
4656 4668
1735 2904
219 2829
1597 3063
1871 668
498 2298
2231 952
836 2367
2455 2272
4909 3778
1928 1066
2017 785
3813 1283
1070 1835
1052 1443
3728 3576
2325 54
2774 3383
3984 1885
3501 113
2192 1607
2518 3640
133 2379
3935 1387
1056 1977
4831 2752
623 4417
3967 359
221 3285
4318 685
3071 2655
1634 4014
2702 1898
4133 2567
769 1133
2199 3286
4450 895
4328 2395
1013 1028
1706 2154
3176 3202
1890 288
3166 2311
1508 3513
3543 4672
2252 1658
87 1511
1741 1693
2314 2898
1401 2591
4095 2235
1624 3925
4595 2935
1950 3497
3881 1679
4036 2264
1556 1761
1377 4982
920 2997
2596 1146
1616 4064
3028 1449
4328 231
2663 2817
1206 3406
4165 2738
1701 2152
2043 2103
4454 4043
1778 3298
1424 1391
3410 2531
3924 4689
2310 2749
1513 4681
4688 2866
340 358
2723 4221
2999 186
1260 3983
955 972
3882 1580
4900 747
3194 2313
1315 4743
2115 3909
755 1491
4649 1965
2330 4262
1425 4761
912 3280
39 3034
1614 2404
3480 958
1479 2338
4173 44
3262 2861
644 2485
3373 2136
3243 1846
4438 929
2960 1103
2864 2991
3419 1904
3968 1276
4938 3871
3141 4607
2321 2214
460 4833
4845 3141
2602 4951
3402 1844
264 2823
4662 3947
4410 1837
2358 3149
1737 531
592 486
509 3491
3794 3618
2459 2095
3299 2800
3370 1122
3270 44
271 4004
1516 4668
3198 1956
3503 1637
2304 2739
1446 3756
3221 2358
4520 1793
2998 575
2816 2989
3340 753
2969 1890
3636 743
1495 3330
3003 4282
1998 1444
2536 232
1796 2683
2640 2612
1673 2538
3669 399
512 333
4052 3588
4923 3574
1417 3044
1553 1877
3773 4207
3385 1200
4369 1437
3643 1096
502 990
1630 2710
3174 3764
3837 4133
4226 1358
4994 2740
4743 49
1107 1779
4270 1462
3679 491
4829 771
2860 2177
17 3940
4398 2699
4178 1601
4104 84
4337 2824
820 3314
3412 2791
3164 2181
3554 1968
2875 1969
1210 2424
2482 3075
696 2056
4363 3270
3485 4791
1232 1656
4483 4593
987 738
3389 4774
1281 2353
1531 2400
2968 4063
4586 1801
1478 677
3621 74
954 1261
3325 1284
66 2172
1833 4546
2920 956
1448 1758
724 1789
3187 4018
596 1716
846 346
4366 2286
221 3400
1362 3034
3463 3987
1370 2799
386 4291
488 4068
4313 1727
1705 2070
3710 390
4600 631
687 271
1556 1421
1101 4433
3603 2135
2531 3796
2248 2765
328 2374
4372 1349
4309 3980
2695 1142
3894 286
4436 2547
1081 31
1455 2845
1145 4260
3087 4150
3199 3772
2897 3568
2628 219
1689 105
1016 4855
3086 4394
1639 395
2432 2725
247 3115
2162 702
4692 3141
2525 1471
4657 13
4320 2919
2212 4418
2903 670
2291 849
446 3385
3650 3421
2085 4086
4695 1823
4267 466
1191 3884
661 3542
1439 330
1280 3451
3360 1474
2502 2066
3932 1821
1996 3573
4786 797
4393 2950
3188 3784
2395 162
2614 3835
1586 354
1546 82
3149 996
3767 2968
1638 4335
631 1295
347 2393
156 123
1456 1922
4961 1357
3545 4635
4441 2783
2381 4288
1315 4646
167 3802
3559 4129
3610 3578
2954 2607
247 1264
3799 2900
3261 2839
2426 748
2357 179
3862 3589
345 249
2384 737
3153 3653
1123 315
2652 4321
1563 563
2217 3933
4917 1127
1964 1334
1838 3874
1516 4773
3223 1086
1409 2532
3972 3708
597 459
4256 4487
3654 4351
802 176
2343 2051
940 976
1379 2662
3105 3504
380 2659
1638 1108
3292 3010
4874 4788
4820 3382
1638 1589
2131 1537
4518 4972
3220 1330
2481 3532
437 3757
2353 2293
178 4907
2638 267
4091 4910
906 3146
663 2480
4696 1295
3707 4142
2731 3316
4197 3044
2342 1524
566 1080
1428 1494
1613 3083
909 959
2390 4460
2011 853
3496 3622
1599 380
3907 680
4080 681
3283 2042
3769 1565
1346 4885
2126 2924
807 3501
3334 1300
67 2491
2324 1219
1491 3185
1390 3353
1000 4392
371 3011
1338 724
224 4259
468 4738
3757 1585
1792 1727
3499 2249
3195 90
1702 2971
974 3225
3467 2496
3194 2243
1605 2492
1017 2904
4362 2145
2568 4052
1592 4703
488 135
2273 1467
35 3688
292 4808
4510 187
2048 3847
4113 1361
1622 2756
4607 1839
3638 95
348 2619
2587 3789
4503 4243
3442 481
1187 1732
4900 3350
2576 3785
4023 4159
1182 3802
146 819
1515 2236
1647 245
295 3581
4883 3536
3032 3391
765 3104
1236 2123
2138 2497
4609 3994
438 2994
3178 2426
2975 4512
2917 2891
163 2832
496 6
4308 2519
3977 4994
3417 1893
254 1058
2125 4733
4062 4030
326 990
4449 1070
3615 426
1832 4023
4679 1931
4706 3889
3040 3486
1651 4356
4647 4058
4755 507
3438 1786
4094 597
1237 2208
2270 2704
2169 3680
738 4129
2229 3526
2840 736
680 1670
2245 290
1683 1636
3805 2004
2759 2023
2775 4757
4150 4374
3748 997
1767 1456
1940 4190
3339 210
602 3274
1280 1225
4442 3969
2860 3429
2985 1342
3206 3497
4772 3195
3990 4395
4987 2986
4803 851
422 3044
1395 3513
4416 1163
506 2255
4039 4951
4009 1824
3634 3836
2400 3029
4860 2041
2564 2349
1832 1154
3559 1745
1848 1492
753 1749
228 4413
3304 1115
2646 158
1140 772
4968 2619
1260 2440
4232 1982
2879 3129
4044 1449
1085 1926
3286 4370
1792 157
4817 1464
1416 3134
3172 3518
2307 3820
4563 1165
3323 2375
4972 3257
116 3939
1213 4943
2128 880
1784 1471
1099 2031
2275 3208
2381 4120
3294 1047
1119 3361
2095 164
1494 4698
2386 2305
3257 4187
626 1093
2683 2220
1374 250
4566 339
1293 3539
2123 4812
668 873
1566 374
4611 1663
4098 780
3355 3423
3924 4170
3247 1430
476 1046
3136 2634
767 2548
2074 3493
2971 2477
3873 1767
1906 3948
4779 1801
177 3592
2859 800
1527 1937
2188 3698
2059 2856
4565 3713
123 36
2087 4998
3994 1921
2750 305
3125 3072
2278 355
3367 1106
2931 1245
4750 1335
2767 1907
2954 1371
2988 4995
2434 964
2621 4023
82 1793
2346 788
2195 1974
691 3544
577 2722
455 1536
3802 4801
2884 3245
92 2521
3672 4012
3315 4073
2304 2023
2809 3837
4430 2165
1566 1008
2226 3048
3182 4964
3394 2757
4524 604
3397 3436
1371 2137
4574 2105
131 2897
4011 68
1651 2469
2607 1982
2627 895
155 4796
1106 1108
1498 1819
3653 187
2926 1946
3290 593
4130 615
3488 4833
1834 1735
4737 2587
3721 4790
2526 1892
286 1915
3173 285
1663 1357
3776 3833
769 4594
3802 3159
3351 1409
4137 1168
2431 4805
2359 2571
3742 4077
2647 3266
966 114
725 2688
4873 4770
3705 4794
1649 2907
1578 2489
4091 2178
2190 1528
2656 110
1641 2071
1291 3924
922 1804
1406 3413
2701 438
1737 355
3488 1247
124 1290
463 4887
3995 961
3452 4199
3079 1774
3994 2056
2656 2309
1830 3313
1746 2120
4126 3110
3796 127
1247 4283
4732 3495
1091 3396
1583 4144
3458 177
1273 1953
2263 1625
750 1913
820 3439
435 2289
4177 66
4065 2019
2717 4609
1565 3835
3732 4148
2764 1755
3088 3797
3681 1657
2849 4244
4673 4922
3700 130
727 2848
285 2673
424 1133
3875 1697
1674 238
188 1596
2856 4689
1113 4274
275 1092
1363 3106
2028 3904
1835 1877
3351 3292
2915 2527
1949 3298
1194 3705
4383 2793
4829 4477
1647 2026
3685 385
2531 2409
522 563
2329 46
1468 2059
2568 3391
4239 2341
1669 2896
1088 983
2477 2509
4669 272
2291 4213
4347 2809
2538 4471
973 2735
4932 1098
2711 2825
1494 1912
2660 1792
2990 856
2884 156
3059 685
2019 3977
3741 420
264 4028
2851 3396
4030 9
3865 272
956 1569
2992 2026
3597 3613
4588 1120
4732 688
4356 52
4125 3067
4273 3856
4383 725
2478 2919
2351 3038
2360 3192
4914 2375
2667 880
4975 602
3360 4485
693 2879
4726 4141
4776 767
1442 2681
802 4839
3766 82
2672 574
3805 4954
743 3441
4638 3928
370 2822
1675 2129
2148 2657
1657 4043
3463 1506
1886 1078
3244 1568
2309 1458
3796 4462
1980 1856
1102 2910
4757 2376
999 1015
4389 2923
1665 1564
3524 3300
4106 2509
2932 2462
4495 1895
2279 3793
255 2089
4331 4609
553 1489
132 1442
2302 2135
1888 2868
2450 4376
2486 2887
3774 185
928 3496
3400 3882
3661 4529
2787 4225
1651 2277
2225 4924
1209 4136
3032 4498
3207 1955
1821 4033
1985 1535
2827 4021
4512 4112
453 2110
1107 1388
126 3077
3733 3879
303 2072
3067 3386
1139 1239
2151 2773
1329 603
2280 2138
885 3911
1133 2933
688 881
657 941
1017 3390
3690 1869
4118 2038
3351 4481
4142 553
472 384
4993 2255
2847 818
4468 4133
3036 4121
1949 1904
3779 2868
229 4636
2096 504
3373 4475
1545 1382
2373 1809
2706 2004
4884 1535
3458 975
1433 1318
292 3501
1279 3737
1468 390
1228 1536
2870 2914
2313 3822
4786 756
2342 4898
578 4570
2259 4622
3997 72
3336 1134
946 3960
258 4199
2172 4904
101 3949
3163 3938
2433 3649
3446 4213
1015 3036
3551 2602
1790 4051
4782 3576
3817 3067
2715 711
1303 4106
696 1401
2640 3272
767 2812
1672 1952
1519 4790
2228 1607
4129 2437
469 3055
4754 1679
1779 3997
4524 2162
413 4238
2647 2830
1763 176
2840 3117
581 2901
2436 4855
125 1404
298 796
1033 1655
3825 3194
1597 146
1382 4844
3134 3461
3331 1755
335 3915
1819 2872
331 3572
957 4222
2942 2218
1886 175
958 2605
1378 3205
1990 2217
321 2899
4819 1136
2051 1463
4647 635
338 4846
2424 2286
4852 1524
2279 600
897 3467
1583 1639
4157 1849
1083 800
3992 1100
4532 4856
213 2773
1894 3345
3338 1429
4463 402
3719 2479
4381 2198
1442 985
4608 4453
300 2235
2456 1760
1191 1955
4568 4443
4406 910
2008 1857
3902 1805
2730 3969
3214 4352
2874 2344
2270 4114
4307 4334
1758 2229
3598 1757
3960 3643
1281 1235
4069 2822
2132 695
135 4703
1788 3635
1424 4193
1847 854
4948 2324
2748 2228
72 3475
2521 2109
1778 413
457 389
84 4114
4762 1727
887 2527
2353 4509
146 3417
2918 3910
1183 2070
2977 6
108 2064
644 3155
1825 1579
1737 4884
3715 3038
484 1628
1601 4654
3480 4336
2950 198
4138 4824
1784 3088
2935 2068
2384 3985
3237 3104
2992 3301
3142 3122
4925 3891
1761 4691
746 4876
2860 180
2339 372
462 1173
3687 3719
1493 3105
4682 854
1302 2349
1101 1629
542 1072
2460 1720
4927 3717
2990 1628
3728 4625
3756 1342
155 4255
3278 3594
278 3550
4818 2906
1417 2367
432 3221
4673 715
3 62
262 1747
427 1201
903 2691
1647 4648
1206 3176
1811 3769
3329 417
1857 4975
3584 1824
1300 2977
875 2762
1737 3097
2669 4754
1831 3536
3171 4270
839 1940
31 4080
321 3410
2442 2626
2859 645
2024 1033
3834 4950
2777 3778
541 4703
2334 1871
2213 3025
1184 2474
3461 680
4446 2151
4747 2167
16 1438
4441 3452
4732 1815
2524 119
4058 574
4387 1351
2741 4799
4311 830
196 1284
2994 981
3484 507
941 1645
2784 4562
1649 3526
2810 2699
2117 1075
4019 3983
4736 3864
1827 2423
4299 1087
2281 3058
1815 3791
3663 2766
2758 729
4415 4970
4856 1084
4478 4704
4033 3764
3638 1806
1584 4354
1719 4922
3307 3294
3876 480
2470 3726
1471 17
3056 1940
627 2799
2604 1163
1892 4144
1305 1239
604 4048
70 2107
1864 3373
3062 4870
839 2236
4513 1543
2602 266
3545 2441
2169 2701
3020 1968
218 4959
1641 3197
4217 4679
4771 1323
4335 4764
4725 2360
2670 2050
2915 4676
2255 2048
3580 3899
1556 251
3993 125
1143 3349
1503 1524
2614 56
1275 2474
1559 1785
3289 4959
3568 924
3380 1263
3068 1007
4794 2304
4632 565
4496 2270
705 2412
4242 4887
2158 1924
445 1445
2164 3686
3018 4287
4719 143
3135 1952
1348 2459
4548 3880
4223 2162
4137 544
131 2072
12 2535
3973 1229
3817 2918
2115 3614
2184 2768
4393 106
4592 4941
4875 3683
2668 4900
531 2172
4509 1109
2209 275
3865 2917
3921 327
4393 2832
3456 1110
3951 4937
2830 4212
3363 3361
1273 1013
2561 3083
4456 3719
189 4816
4906 693
1294 670
2710 4502
1088 1675
4165 2400
47 2841
1899 1725
2857 4136
913 4654
1786 3623
2601 199
4682 227
954 4449
2853 251
4589 1598
497 3761
2514 2552
4112 1922
3510 4401
1769 2248
1610 3641
364 1594
2925 453
466 233
4148 2506
1118 4701
3304 172
2528 3912
1574 263
2118 2406
4278 557
18 994
207 1381
4934 672
3023 2863
3836 2114
4627 101
4434 4357
1695 3930
2827 3085
1129 1236
3798 2280
3758 936
1804 77
4898 3331
3413 4774
2945 3950
922 3203
400 179
234 4770
1600 749
3527 3515
3574 598
826 464
2818 882
1960 2882
2988 1656
136 2428
3952 414
2216 1899
4866 998
3614 3361
126 946
1231 3802
3644 2460
3411 971
3177 2196
1575 3455
1165 464
1992 156
1126 3859
2216 1171
3242 679
1083 134
2751 90
863 1647
2592 786
1800 2633
4184 4905
3637 3045
4638 3364
4417 1788
2031 902
1800 3830
52 96
795 1696
3471 1610
4971 1100
4954 380
3755 60
865 801
2740 4090
905 2573
859 4089
1879 2124
4137 2763
440 2839
4475 4411
208 3562
123 3774
202 4095
685 3919
2867 647
4174 2662
2385 1243
4074 3990
2126 732
3085 952
400 2178
4241 4187
1356 4462
178 3103
1790 851
167 3161
766 3577
854 214
343 289
3760 4360
4318 2961
1322 3188
3908 4512
722 4208
310 3142
1859 1610
1784 2927
1765 4470
382 3077
3010 4621
365 4024
4707 2780
657 2634
1525 2016
559 3743
4919 3589
306 202
255 2158
2074 680
2548 4273
1062 3515
4235 444
3229 883
941 3130
4776 1038
1470 4147
2539 151
2838 803
3433 2287
953 4837
3871 1622
4065 2726
948 2275
3203 959
3619 1000
2957 959
1061 3242
632 2703
1761 569
897 4449
3834 1387
3119 2769
2435 2578
3427 4297
1264 1001
4673 4351
2009 605
3697 817
4299 3455
1721 532
278 2389
3817 612
2140 2689
239 662
4138 4745
3664 840
729 846
4851 4926
235 3544
1253 2594
3091 3966
4473 1789
1218 1959
3387 1861
2189 2725
1872 2452
1528 1053
4264 1401
318 3735
4043 2805
2947 3767
4132 2533
1815 4272
1953 638
2730 2895
282 3678
2125 630
1029 1842
2753 2041
1177 1906
4739 114
4698 4091
3356 2972
1299 4496
3896 4313
4110 4911
756 826
2895 3017
474 1470
2566 1867
2820 3572
3695 3474
67 634
3118 2276
4669 3104
3022 577
4598 953
4973 3710
2086 3276
1624 842
4615 3439
2829 1516
1593 660
4157 572
2284 2128
2197 289
1306 2272
212 2932
4555 4758
4417 1193
752 4898
4984 86
733 2973
1658 1907
4469 78
771 3259
1736 503
1427 359
429 4031
313 4732
1286 1733
4726 2599
3423 669
1344 2666
1486 4993
1981 1517
3794 2693
1365 3690
352 4772
542 2062
3760 561
2502 3249
778 2449
1755 1458
4373 1060
1675 4233
2303 4528
2415 454
3958 4414
4130 3274
4250 3698
4957 2277
972 4861
3723 516
4104 3999
4156 2349
2142 3556
1513 3479
4636 3401
4996 2181
3888 2070
2737 1135
3217 4761
2325 1826
1692 1738
3022 380
1418 2751
2308 1398
1538 3989
476 2371
3170 2695
1993 2831
3238 2970
3203 4327
1192 1583
4996 4999
532 2470
3850 1517
669 277
2522 4383
761 284
3019 3258
3522 2652
208 2577
4408 3506
3108 2726
1938 4809
1638 2629
1865 32
4013 3801
350 2077
4910 3161
2901 2713
890 4058
4354 2153
1734 4164
3346 4808
330 980
4035 2352
461 3893
2832 35
4704 1479
3644 1659
4314 4703
10 1856
857 3512
3149 4931
2583 855
2468 2184
653 4222
235 2392
4021 3988
1373 3432
1004 1261
3425 969
4783 1076
2008 898
2029 667
2421 2122
4277 1395
2319 200
4005 77
3264 1148
2754 4236
2126 491
2605 2559
4220 3092
1398 4287
3140 4753
3996 3442
454 3248
1033 4922
4144 726
3812 721
316 353
1701 2124
3890 3664
4645 2869
1183 1339
4186 4073
2134 4772
1124 4242
3207 1079
2937 1412
552 4883
1077 171
1155 4261
1699 1906
1192 4949
1136 1389
4873 755
680 1138
3414 1117
1792 2734
4564 146
1269 4104
934 483
3169 395
2800 4576
2642 2283
4008 3211
3312 3110
158 129
2950 3514
4614 1347
1723 3453
3833 827
1819 2277
3599 3500
4609 3507
888 238
4169 1859
3478 943
2207 441
4857 3472
1957 48
1158 1184
3436 1032
137 3964
3085 4544
904 4564
3885 3000
224 338
3474 4692
3192 3280
1931 1609
2002 3903
3740 2516
3123 4495
1500 3113
2270 1509
1696 3116
1814 437
1492 624
1912 2853
1790 2324
4100 1099
3122 2945
3912 3423
1553 394
4848 4194
4523 2969
539 1011
1612 2954
2224 2966
4451 1239
1424 3742
4794 3642
4650 4107
2829 4847
3053 4294
2470 1842
1942 2565
4071 3447
2494 3627
2397 3789
4861 4742
4024 1675
3983 2108
4241 1801
4746 1712
4646 768
4331 4700
474 1730
344 2898
3587 4407
2121 4660
4344 3221
2055 3335
2451 1587
630 2251
3239 4667
2415 320
4653 1087
4831 279
2939 1172
2978 3293
1651 1381
1793 241
797 2961
1191 3693
1953 1092
1288 4365
2815 4456
1977 2471
3135 3330
644 4333
41 859
2763 1853
3664 1331
3853 4134
3865 2517
3144 2193
2949 4642
3308 3740
2687 4497
226 85
4959 2607
3157 892
4958 487
3285 889
2984 1248
532 2261
4462 2727
3822 1068
891 2215
521 3263
1506 3270
4115 4733
4638 2270
3603 1835
3743 1620
4170 906
1640 2628
618 4315
4740 1009
612 4507
4559 1946
4276 4623
556 3941
2988 469
1681 4426
2027 4632
3227 4049
1549 3960
1647 3175
2995 2308
1947 1490
3383 2393
3959 3510
2072 1428
1469 4257
2058 2737
4102 725
835 3895
4284 4463
4692 246
4189 1113
4864 4452
856 4717
1434 4876
1506 4335
788 951
4917 4931
2842 4344
4263 2156
848 3301
3219 4924
2553 1099
1624 3485
1524 1699
2449 1985
4687 1111
3168 896
850 4683
4191 4912
2939 4334
4278 4997
3429 1002
291 4792
556 2636
1098 1571
1369 1331
2085 4213
2358 3806
2479 4511
4184 3132
4583 2482
4778 3235
2390 4421
4942 792
735 4439
4475 1852
988 4669
4151 4367
86 1190
160 4993
1115 2134
4040 3159
4095 2544
4006 2707
832 2127
2991 1783
3018 1132
3972 1647
1212 4547
1741 2311
4632 3112
4790 560
588 2453
3308 4055
2714 1072
2694 819
2762 310
879 2737
2743 2934
813 3784
2627 4939
3568 2643
472 4961
1625 2120
1858 3006
569 4918
4948 1154
1754 4813
2151 4859
3035 4544
454 2825
1145 3314
2007 4822
2801 3611
76 4512
4876 3897
702 3846
2097 3188
4756 4595
3240 173
1237 4914
487 2968
4440 1353
959 1902
3074 1455
107 4327
3798 1735
2387 2844
2485 814
229 1163
1 1144
3332 3667
4621 2743
3738 4720
1428 4467
4818 1724
3713 1369
3531 4422
1671 3333
270 1470
2679 4243
2562 2770
2661 1733
4736 2380
2612 3510
3414 326
3537 1397
3600 3331
2438 3424
677 3771
1565 4427
4898 352
1527 4285
1796 3269
2750 2761
4365 860
1706 1223
485 3187
2740 1138
2955 3616
2913 4999
2823 3724
3007 4698
4944 974
605 97
3185 4193
951 1851
4738 4710
4757 1675
2942 1653
2434 1446
3211 2174
3194 3972
2829 375
4333 630
3497 2218
514 1027
1638 915
1378 1166
3191 2109
4395 2958
4744 2484
3891 859
130 3141
1620 3293
3604 4506
937 424
401 1324
1615 3371
755 2337
722 1131
1685 4136
490 2069
4594 773
2283 11
1232 4433
3095 4821
4172 826
4693 2211
3399 2327
2284 3124
4346 4323
1499 3008
4521 3896
1205 3993
4677 2779
1351 1018
3730 3778
2791 3175
2668 1471
2011 4030
3806 2342
1201 2281
4557 145
3835 2412
4952 2049
3916 398
3280 1219
3202 2368
4163 3362
835 4814
2898 1865
1279 1625
922 4290
2584 3271
3901 911
370 1068
1622 3606
4884 2683
4199 4013
2638 675
4468 3011
1121 3109
4468 4269
2269 4712
3660 295
354 1801
4867 2688
4900 1928
1967 56
894 4044
1186 1092
1774 4637
2242 3665
2451 1461
528 1287
1059 974
4803 1232
29 1968
1792 441
4157 2220
4342 841
1008 2215
1587 4120
2324 2564
4196 3192
84 3322
4506 1387
3651 3166
2842 1900
4051 536
2174 1793
2924 4855
3996 3444
4205 2015
4329 2924
3868 1402
1568 1173
336 2124
1326 584
625 1236
377 4458
1352 2464
1984 133
3401 2820
3262 411
3577 888
3163 1712
3915 797
239 4977
3906 2233
3521 545
596 15
4736 3955
3323 677
3439 3564
2427 588
566 2792
2298 3707
985 757
743 2993
4484 4868
3812 1296
431 1798
1947 3890
2686 4560
854 4795
3431 3378
2096 1125
4999 1048
3194 2175
1189 2409
3763 927
2769 2467
1799 1283
2101 4734
2787 4621
2488 1832
2279 3524
3993 2914
4613 822
2765 2584
1379 3060
2457 836
3274 1127
2757 947
72 3116
2196 46
64 177
4937 4091
939 3294
2275 2897
2767 897
2811 4440
627 913
106 4549
4225 806
3223 1207
1742 3249
3829 3597
1727 4635
219 4478
2772 3158
383 4931
1063 1379
1740 222
2587 3943
4360 1417
1888 159
4912 3158
3174 3787
2945 1920
659 1864
2967 3946
3824 1193
1302 1405
3745 1219
1460 2334
3988 2964
57 4414
2790 2834
3824 2160
1814 2408
3550 672
4283 795
1085 288
620 4084
4369 2840
1058 2474
922 1205
630 1824
4484 1605
4446 110
2054 4415
4628 2396
2033 1875
3065 3571
2515 4848
919 74
4984 2148
553 2495
753 73
3348 1495
313 2406
1665 3197
4079 3333
3083 3493
4128 77
54 2390
1547 446
3852 55
1948 436
2337 3172
952 2329
4818 566
3857 3750
353 474
4413 1637
1972 3101
3871 1963
602 4598
381 4104
3516 2690
3012 4100
3315 712
2699 683
3277 3473
2883 1483
1961 4383
1171 1086
3555 3948
3809 512
653 2286
2438 3729
4018 103
3013 4982
4771 2315
359 2930
2085 3252
4481 3064
2120 1559
1199 1406
2178 4817
278 2883
1074 3340
176 2829
2721 3008
2355 1347
1507 1388
570 87
3947 2600
3838 2547
1022 2337
2918 3296
620 1443
732 521
3016 1377
1807 2611
569 4261
3377 2717
2999 2514
4530 4408
2000 2728
2622 3680
3488 1713
2590 3925
2346 4698
4375 3341
32 652
4548 4524
1230 1076
4990 753
2689 4485
3126 888
4535 3038
3118 3405
1445 2184
3403 840
4759 3469
2550 1323
4685 716
3770 3609
4465 3523
3250 1078
1195 3073
3866 3093
2005 2002
1608 2921
2021 1376
3553 2429
1091 4932
1914 766
1097 1748
4603 3878
1114 1612
1983 4572
2519 2769
3720 1608
2974 4987
4929 2949
627 115
540 4525
4548 647
1363 4929
4827 293
1928 2065
4497 37
4610 3747
2352 1302
2918 2684
3332 3561
4031 2360
1886 4806
3998 153
2938 1035
114 3252
3241 486
59 2453
3366 2604
2360 935
2689 4462
3455 967
891 3123
1339 1282
854 3199
4268 1843
4886 1421
3454 4564
3140 641
1909 877
1490 3140
1329 1266
4079 4339
4082 2690
3519 3264
822 1906
751 1230
4892 880
1600 956
893 3650
3260 3958
4657 2506
3726 2949
110 1867
2261 247
758 4800
1655 2455
3605 4558
4683 4955
4742 2648
3902 4319
3252 30
3575 3715
2448 2103
639 1388
4794 861
2086 740
2346 2934
2683 2663
1617 3536
4406 4754
4004 3879
2336 770
1336 2366
4729 1240
3407 2961
3177 1343
2128 2222
1911 86
2574 2089
3473 3884
1128 2669
4777 1278
3280 591
338 1538
553 1144
486 2911
2102 1195
2794 2612
2002 3957
957 4182
4348 4816
1693 144
3516 2627
2859 2323
4450 2759
2486 1607
1433 2328
927 4443
1246 4976
1179 664
23 3899
1956 1422
800 4707
265 2161
3273 1423
2997 4153
4738 939
4470 395
3671 2920
620 779
1806 4009
641 179
4970 3028
4795 6
709 4519
2775 3245
4433 2265
2509 3676
4188 1478
652 3989
2516 2652
456 4559
111 65
4158 103
2087 1781
352 1545
809 4025
4304 805
1530 4207
303 429
5000 4119
745 2562
3436 4784
1029 4901
2196 4864
1537 1842
3201 1720
1566 1046
4413 4608
302 4450
4961 2682
715 448
4856 318
1711 807
3294 897
4134 4494
3506 2262
2467 4679
2410 273
3043 4817
759 2111
1771 4233
4033 4040
3261 1846
413 1654
2251 2534
4380 1949
307 57
1181 3042
2157 1026
2627 4491
41 4379
4085 2774
3525 2099
2094 4416
1723 3355
2549 3437
1974 4753
4416 4888
2551 792
2171 4477
3897 3057
1951 4549
4711 1742
2813 2380
694 185
1948 2758
3534 3684
1971 3988
640 4680
1523 3228
2846 2419
2854 682
3929 4130
4842 2714
2880 3189
511 1726
2707 3936
1738 346
3685 2845
4544 3685
4914 4991
2864 3088
516 3682
4195 1739
1088 3502
424 281
32 3818
2458 689
1495 4482
2984 3656
1513 168
2897 3351
4460 4310
4228 3504
3626 2651
3677 1781
991 303
4564 1657
1886 3693
1976 2381
2677 4947
3857 1855
2131 2159
2861 1334
2567 4818
4941 2472
4626 4008
4073 924
3976 553
4467 35
1695 2433
478 2361
3412 3471
1426 1022
4674 3156
3523 336
3953 1271
3853 193
2043 4304
320 1561
864 3394
2962 10
1035 1574
550 4118
692 1032
3321 2552
4306 2239
1293 4511
1547 4770
3552 1864
2602 3882
4771 797
1488 2392
1654 1155
3458 436
1074 1630
4649 2963
4057 1737
339 4561
560 117
2810 3957
1360 1495
3639 4492
2105 2667
996 3339
1021 518
2302 1614
4956 3152
787 1322
2894 3613
4672 3374
1378 4969
1846 4175
1348 3610
2744 308
1983 245
4527 4027
4833 362
2325 2580
3546 249
428 2791
549 810
520 2030
337 2657
262 895
652 3407
1082 2081
3421 2096
3264 3777
735 3953
1140 4304
2039 1536
2116 428
13 469
2954 716
4827 3008
4932 456
4331 1654
3641 3401
3482 1586
307 2887
1781 38
3567 4531
1156 1994
2475 2138
4177 3491
2010 939
1076 1518
3024 2148
4469 4386
2096 628
3169 2263
3360 1045
4196 1549
2495 464
584 1904
1623 930
548 3651
2807 187
1354 2355
2149 3628
96 3016
2920 1993
2701 1983
2823 398
1929 1730
4508 4784
394 1020
1666 730
3413 1683
4731 535
3843 3421
2987 310
3040 42
3997 4935
4860 321
4572 4364
2965 2342
1085 2581
1923 632
3161 1598
3538 4200
2463 4889
1535 1107
3159 4820
2450 929
4825 3807
1487 3876
1626 2815
2464 3191
1110 812
4382 1302
3603 2575
4085 2060
4059 1911
187 2545
3210 673
4423 4052
4304 3660
1724 2974
3242 2454
2607 3680
3960 2477
1490 4712
4377 4214
452 215
746 3379
668 1542
517 3767
1796 1968
4364 4818
2251 3800
370 2543
2599 2194
565 4146
649 4968
3325 2539
3312 1452
2946 596
1945 3398
3360 4251
3537 639
279 3748
3912 861
2444 4317
3345 4003
3957 849
3048 3372
2871 473
2277 2988
1082 1695
3628 2462
643 590
3526 3135
3926 3161
2 43
2559 3378
647 3077
3787 3279
2100 4430
1965 4069
2180 3837
3761 2527
3182 671
4353 3687
3129 1283
4292 1241
2554 2854
1075 3716
385 3152
812 3828
3136 2598
3391 1635
1628 4468
2342 2861
2446 3965
2488 2691
214 849
2047 897
3196 247
4072 2740
563 593
1163 4288
872 3057
4539 3494
3715 2357
93 2732
3802 2549
1994 3361
1697 3210
4098 2583
4281 421
1491 2849
4159 1185
4740 3642
1233 4090
3711 1453
3518 3696
404 4734
201 3560
663 2762
4840 2602
4168 2888
3590 4192
3766 2925
4289 2436
3679 2960
4809 3628
819 1893
1006 2322
2675 2727
1995 627
4513 4033
1311 3506
4328 1177
3869 2450
3962 4797
786 453
1880 1797
2640 1267
435 2268
1178 4132
912 1406
4875 453
1246 1318
1187 2689
311 3315
2742 4377
129 857
1246 2631
1151 2130
2297 1280
2645 2094
2883 457
3837 2240
835 403
1114 4031
2552 65
3138 1192
253 2784
285 216
435 854
663 3414
2279 4935
3689 1702
3404 597
1667 1932
3476 2391
3597 4277
798 3203
1336 3974
2796 1297
4989 2847
1067 2658
1528 2773
3090 4338
3431 1858
1139 3692
3285 1688
2490 2794
935 3594
4859 1728
3088 2005
3832 693
3281 4475
2068 2894
4260 4639
918 2448
1215 3640
3073 4836
2095 4308
4836 4948
634 2452
3513 702
3655 2145
678 1240
4464 3405
4475 1211
306 4430
2464 1
1001 922
4300 9
873 303
2891 2607
4377 948
3141 1543
2537 4042
4284 3912
1661 3977
4859 3352
2146 4894
733 2622
1458 126
1463 3193
2540 4333
3581 3896
4005 1971
4705 2514
4732 1192
3702 4412
1948 2756
3683 4883
4289 4730
2870 1774
4736 1856
1617 3051
3953 3169
2998 3824
4235 150
4273 11
3490 1950
4624 155
831 3975
1030 3036
973 2886
525 3791
2655 2750
3646 824
1754 2900
1284 2043
1029 2419
4769 255
1038 4719
2064 347
4469 879
2631 3145
4842 1059
4106 742
2332 4964
855 3510
4431 912
2395 1493
403 4452
944 3297
2852 2791
2415 3970
3465 4496
363 4037
2393 1673
2606 713
593 841
4230 61
4456 4162
3074 1199
587 2458
3696 2529
1838 2040
1965 1589
44 2224
78 3492
1057 208
4861 3766
2600 4522
930 1899
2792 1317
4699 3039
3714 3077
4265 105
4118 3408
676 2979
1930 880
1751 778
694 3269
1121 4863
3139 3166
963 3667
2179 2309
66 4891
3421 4009
445 2862
3408 4525
1607 3005
2025 719
1866 4441
896 1923
3445 3668
4091 4130
1598 3603
3556 4308
2197 3027
4263 1036
2400 4939
1188 2039
1763 4668
2117 1523
2771 1841
2722 1665
3332 295
3733 3814
4821 2221
1027 371
3712 3660
4658 2799
1456 3334
542 4230
2657 3695
1036 3662
1121 340
505 4348
1924 1623
2813 1227
1516 4746
2847 4164
2254 2602
2648 1954
1944 792
782 3546
1652 1254
2982 4256
3362 2869
76 2914
3682 1823
1398 3232
1597 2675
1054 2610
3800 1830
4944 4579
1562 4869
56 4415
595 1376
2397 901
3456 369
1320 3392
3810 810
1530 4695
2802 4311
465 2484
3383 4493
1239 4704
2839 2752
2263 4816
202 3520
3567 4753
2679 2278
2627 880
2810 3784
4788 3444
3139 2280
4368 4770
1899 4557
2421 4403
2646 3992
3629 4462
4335 2529
3063 1772
926 3957
431 3878
3699 3436
4351 4946
4084 1248
2746 3210
4707 2389
1848 2808
4666 3252
582 4531
4640 2388
1079 4353
3855 4894
3658 2395
3319 980
2554 1672
4466 3225
3440 4349
4417 4533
3122 3701
1506 1646
3979 2315
2222 2244
4151 3576
2999 129
4231 2151
4193 3360
1710 4798
2753 2021
2900 3168
3088 1181
3803 4433
4781 4869
4651 2429
3548 128
2961 3962
1538 3626
2853 552
3041 1387
3339 2110
520 1312
2977 3486
247 610
1990 4366
254 3283
739 3157
827 1258
3116 1174
2053 3758
3912 3965
4633 2224
731 3788
3345 2134
150 1094
2964 391
2441 4181
1473 605
1160 395
4052 4051
648 2987
186 3184
3402 2351
4034 713
621 4989
4045 4202
2022 176
4712 2909
4435 2562
2894 4545
3197 4354
3805 4229
4392 3986
2232 3332
394 4446
4884 2617
2580 180
407 4244
1571 4870
4708 2755
3797 2604
2775 3934
4381 3465
3981 4721
4448 4044
4547 194
4871 501
3014 2619
3959 4404
1283 1221
4701 4498
4461 3759
4789 3410
2091 2052
1511 54
2251 4135
1159 4806
3645 174
309 3601
4721 2117
2151 3550
3466 1
3405 630
217 2344
4789 501
1299 2387
1894 3620
1322 3372
839 539
3885 3229
4063 4301
4605 3082
3503 3380
18 210
4884 4537
1905 351
2511 2068
4734 1574
140 500
1282 4189
1935 3168
19 3877
4483 3685
3104 216
1976 1590
4990 4848
2369 2594
3423 3260
989 3010
576 563
3741 242
836 3942
831 1991
3112 3863
3980 2816
575 3877
4638 1141
3788 2765
4104 1164
957 3056
824 302
3099 1492
225 2626
660 2774
3809 2605
4227 4365
1428 1479
1719 3844
3056 2048
1722 282
2261 3425
931 2679
3918 747
39 721
189 3032
2359 1206
620 2705
2705 4057
176 3769
3064 2931
1545 4687
206 3464
562 3295
1996 4568
2165 3505
2953 917
3013 3814
317 1373
279 970
2506 558
2559 4154
3010 877
26 1702
1107 752
2028 538
2426 2557
4830 1822
1364 1003
4807 3419
2374 4129
2546 1156
1951 755
1460 4086
4162 1184
3895 768
3354 4677
2571 1624
1860 1580
505 2945
1663 1102
3406 2258
1468 3017
752 2086
2873 4831
4113 4315
2553 904
4910 4553
757 2795
4554 4565
4133 4333
1583 2070
4324 4671
2339 546
3577 3031
4666 532
3076 3118
3593 3714
2938 499
3152 4367
120 300
3115 3489
1275 504
163 1436
760 1917
791 3010
2556 3019
875 1390
4290 53
743 2718
1259 230
106 3959
4527 3340
484 3757
2128 151
1644 4058
3282 3522
498 2272
2305 3428
3610 2105
2995 1615
4955 3359
347 4697
1435 3301
1241 2872
433 4995
872 2735
2231 2565
2737 2098
321 1764
1309 3426
476 3357
4188 3878
2765 844
2140 1772
455 4396
2235 3371
3062 555
7 3628
2743 3571
1811 2549
3581 38
2036 4432
3369 1390
4746 2406
4428 3069
4838 999
487 1567
2792 103
3473 2032
4113 716
995 4896
2196 3769
1997 535
22 2871
1859 4811
3743 4864
2699 460
2740 2425
2001 2038
4826 3972
1017 986
4045 1701
588 4245
1327 4779
4513 4136
1512 3683
4745 3655
2644 975
1055 1065
3424 576
307 1837
532 1347
4458 4983
496 1475
436 2394
485 2040
3704 4556
2324 4170
2631 2562
3011 1083
3121 3478
2391 1374
1193 2860
1472 104
2680 557
1099 1032
3717 2632
505 1159
381 879
3207 2960
1256 1772
177 490
4446 584
4291 3544
2833 4131
3708 1951
1551 4437
3659 2030
2699 674
2158 2516
2878 647
4116 3032
1500 4245
2465 1709
560 3781
2337 2962
529 4014
862 2612
1196 349
1212 365
3459 4225
3713 4360
2940 2694
40 366
2437 1456
3600 3592
997 3594
2218 743
3238 4766
82 3934
329 4160
5000 3575
829 4357
1758 4536
3934 3334
3038 4044
3154 2756
530 1680
1441 1541
2059 1504
1153 1733
1525 4635
2135 919
2537 34
2170 419
698 3843
3470 3048
4667 629
4328 1949
665 4286
4519 3549
3623 3923
861 2810
2716 1413
3143 2340
3803 1164
3510 299
4882 2675
2141 375
280 4217
2103 1360
3026 1258
3782 1685
406 2305
2436 4448
4196 1155
2729 4909
1160 3833
567 1819
4153 3506
1431 3627
961 3835
4027 3519
2837 4421
3087 2543
2622 1317
4290 354
3962 1402
3734 2033
771 2005
2923 4323
1132 3504
4826 1513
1243 3985
46 2253
3578 3018
1109 3021
1710 1863
4117 1164
4070 833
4065 2101
2112 1783
314 4475
111 1884
980 2395
4437 4399
3438 2838
2959 2370
3590 4014
3536 2838
601 2617
4952 3698
2927 2469
4264 224
1739 3879
1825 3005
644 3503
3108 2469
895 1240
3432 4605
4332 184
178 4385
621 2812
2835 788
14 4240
4674 682
3216 4670
4676 755
4677 144
2635 3623
163 2567
4383 2417
2131 2784
1925 944
701 987
2843 640
2346 2745
2691 2239
4079 1318
4790 4209
227 1299
3844 3940
502 4466
1518 250
497 3425
705 1723
2700 1439
3552 182
1026 1002
4181 793
3332 4099
2463 1698
4158 3869
2254 152
4603 2821
3181 3520
1027 4000
4594 1708
4279 4961
4857 3692
3401 2824
4349 2539
4728 674
3403 3288
2560 277
4048 3013
3492 2062
1391 4503
1900 1122
3196 2644
1050 446
4851 3982
4612 647
4282 3282
1270 2798
18 3492
1269 4330
893 2827
1591 4651
493 2359
3322 4095
3839 4118
3311 3614
4518 1492
571 2590
2734 4166
3587 16
2996 2723
4565 4192
451 2738
1662 764
1923 4342
1184 2703
2576 1819
1565 2226
4627 4760
2103 819
2111 3878
2613 4122
3158 1791
4315 1587
2064 2294
1500 3559
451 910
3078 2975
4783 3629
1903 4870
277 4482
2315 2668
3123 207
2485 2215
1073 139
4537 1444
955 3797
444 3654
4052 4232
745 2104
2136 576
1605 2044
4702 4580
2258 1527
936 2627
2826 979
3844 589
644 2158
2455 1027
1127 4309
1750 2975
3905 2580
3956 1086
2086 873
905 1805
4146 4477
4865 935
575 1842
127 2944
1127 697
976 1642
4654 4489
4541 140
2763 4539
4147 4587
2854 3111
2608 1196
3705 4244
2397 4683
1144 2861
4407 4952
1810 4831
4448 1938
4738 3044
4715 772
473 3074
4957 4283
1017 3833
3806 3274
2611 2508
77 4922
3647 2521
4459 860
1046 4448
438 3408
2385 398
2785 3680
808 1777
93 1851
3087 3485
3522 3891
4973 1165
2666 4419
902 1653
4633 2557
1171 965
1479 4285
987 250
2868 4228
1235 2449
861 4228
3031 4788
3889 637
3677 45
2072 1945
3034 323
3936 2865
48 4298
953 4105
4469 1363
1896 3029
3374 3199
3832 3549
1375 1885
3202 4630
3524 1965
4567 3697
4310 2929
2725 3101
1617 446
4945 2765
11 4653
4078 3952
3615 596
2867 2232
3919 2642
1227 811
870 4479
855 2134
1768 3695
3902 2426
4963 3446
1110 4573
3714 3503
261 2014
199 1991
2814 4774
2213 67
1146 4557
2532 3153
979 2508
4403 2056
1078 445
155 3406
1359 3493
1105 1524
1049 4090
1154 1736
3427 1973
1796 1709
3466 3794
2217 4061
264 1578
909 3014
165 2364
4991 3832
2218 1872
4675 1636
1056 2212
459 9
1734 987
675 3357
1537 2904
1719 4998
1377 2528
1168 2388
1654 2790
996 1921
3035 1747
3336 3860
3810 2424
3342 3216
1498 3849
2405 1060
4540 1139
2551 976
2222 2160
2169 1321
4 1919
2014 4545
1295 1684
4826 103
1590 20
872 4253
3177 4447
4842 197
903 4995
3653 3794
1866 3120
2216 4802
2911 4692
4741 4765
960 3995
3838 2019
362 2161
1622 3772
4195 191
328 3980
1853 2266
4160 4233
4598 214
3922 1662
2871 4297
1523 1815
886 3698
80 3924
3264 4703
226 4809
2919 921
1602 3964
1087 2847
1894 2600
4224 1925
4019 921
2711 2160
3912 449
2391 3709
914 1503
2030 3463
3293 2597
2735 2823
3697 4620
1916 3607
4820 850
1475 2635
1703 4751
1240 1233
4987 2982
4526 3826
1403 3364
782 497
2804 562
781 4681
3817 21
467 1013
2691 3047
4038 896
4156 3797
4845 4012
4714 1298
4063 4074
836 4559
3029 722
4675 447
602 3417
3755 189
3496 784
2754 2802
632 1647
1946 1975
4999 3636
2318 900
2480 4054
1620 719
760 2887
3328 92
3635 4882
4578 4369
534 2669
1136 2788
740 2006
267 2864
4436 462
4861 1362
2825 3623
1502 2718
1224 4360
242 895
1211 1016
2469 1144
3972 4644
4646 3664
3459 4105
1084 3103
2853 2915
2757 565
1837 4359
4069 1893
1705 948
1639 2108
4758 370
1649 4805
226 4793
3733 1269
2435 598
1091 4259
2086 4869
2646 2513
3460 423
1002 2194
1015 1193
3474 365
4914 4284
3318 4036
3437 1001
375 2695
4617 84
451 4972
2529 1418
1639 2780
4445 654
1380 186
864 2261
2791 653
530 1868
2455 1922
3723 2881
4428 3197
361 2213
4575 642
1040 4385
2923 2828
630 729
2119 4686
808 786
1442 118
3839 1836
2344 1450
4959 209
4302 4908
3709 2519
396 646
880 4368
658 4356
3611 190
3129 2680
1985 1113
2093 2366
2237 4994
3971 1046
1179 3805
4807 4117
301 2164
839 4400
1989 1352
1080 4773
748 4367
2144 4930
646 3025
2674 199
3460 1054
854 1030
1299 1846
3801 4010
770 3316
279 678
1651 2167
4192 1760
2013 1545
1019 2828
936 4842
2622 226
4946 390
3318 3913
4135 4147
1233 2452
1003 3994
4224 600
1706 103
3659 2065
3556 1527
132 2004
4008 647
4610 3120
4167 843
731 557
902 2994
1093 4956
886 3635
4501 3712
4506 3323
4404 874
68 172
2129 331
2376 2519
1108 1151
4080 1292
1659 2794
1315 1534
1434 2987
1362 2874
1500 222
1191 4547
4723 1315
4443 1929
227 181
1430 3685
160 1356
4511 4958
879 2641
3845 4293
2370 1630
4431 3502
2634 2898
1533 3165
1799 2198
2293 3087
681 1199
3495 2395
2666 4862
356 3622
4413 1754
4313 3939
4767 1759
3731 90
1083 489
4535 2489
4590 2729
4770 4411
1008 2893
4277 4488
4475 4773
2888 2463
1263 4184
2728 3628
3097 929
415 2956
2400 4262
4138 1693
4271 1765
760 3860
4448 4434
4281 4366
581 4900
1593 1564
620 1893
1976 4649
472 3495
1528 790
4404 2791
797 2346
3000 1248
1872 247
612 1642
402 1043
3185 4909
657 1580
3493 4372
3034 3951
2058 4039
1839 3810
4982 2664
1722 510
3248 4153
3378 3749
4876 1302
3769 3206
4297 1223
3664 1245
3618 1561
3153 859
602 3480
4725 4142
204 630
2358 316
3728 1846
1295 2706
1200 1664
1974 170
4419 1792
1456 3093
3971 2795
4424 3815
661 4660
1839 1528
470 2783
589 22
4615 901
2352 3473
540 1614
3056 2059
1010 1178
30 1761
3721 826
2715 1526
3658 294
420 1416
1349 1741
4342 3715
471 3149
4727 1043
4376 326
865 731
97 922
998 4222
3255 681
2033 396
988 4196
1765 3560
1450 3294
904 3303
633 3020
2910 3959
1835 3
3467 4053
4166 1598
4463 2587
4561 164
1064 2715
1221 3263
4874 1951
4883 1124
1907 4975
4797 3278
2632 4845
4991 899
2329 1114
2718 6
2054 244
2297 753
3924 3695
889 73
3780 2199
2430 2976
207 2579
2875 1599
1118 3575
3079 753
4727 4446
748 1710
1902 4992
2981 4901
2847 2614
4056 417
1798 3344
4964 242
3364 2553
2213 1217
4767 4993
3137 4471
1532 1303
3585 3578
4551 3634
1422 4344
3577 4600
2632 4223
684 715
3151 4106
2471 175
2808 2588
3180 4736
1986 4159
266 2685
3544 3031
4141 465
3731 1876
2201 4110
1328 3890
4608 4639
1964 2041
1370 1408
706 2861
2969 1707
3824 3840
3843 2663
695 2128
2918 4587
1986 1121
4754 2074
409 2979
2269 1279
1513 1272
1278 3648
2995 135
2193 2860
4526 315
4628 3684
1081 4253
2064 1415
2937 425
636 2641
428 1475
1024 383
2971 4368
2765 627
3108 4104
1590 3363
646 2012
995 862
2098 4419
3135 4675
2688 2977
1808 3053
1863 4573
368 557
2961 471
3567 1340
2867 4995
2561 3425
3620 3395
3002 1968
3143 3650
2087 29
2044 2722
2663 3578
2052 1498
3733 1002
3861 3440
426 3413
1679 2986
26 2963
4560 23
1905 784
3186 999
1226 1512
373 3562
2574 4435
794 4335
4633 4001
2368 2101
3595 1557
228 1873
1381 4918
3282 2580
3278 1367
4529 3690
1262 1025
2300 1144
3357 4859
4472 1231
3252 1747
902 2867
1253 490
580 2356
3134 3605
1429 2349
1507 3906
4061 144
4450 612
1322 2415
2692 160
2181 3690
3036 3657
46 2979
3044 4757
2526 2256
1192 686
3476 588
2639 4621
2030 866
3525 4685
440 1998
3526 4060
292 4056
2591 1895
2940 4504
814 502
4307 2867
2378 3000
1415 260
3155 3549
130 1750
908 3649
3467 3620
1277 4767
2629 2118
2636 3645
3194 3892
2216 1490
4800 1024
3285 4690
770 3862
2438 858
2134 2650
407 1122
4148 2086
1098 4876
3099 2051
3866 1596
4985 4346
551 4837
1514 4618
1897 4950
4708 2979
3209 4386
3057 4903
3822 3822
1991 4070
1921 378
1355 2831
2763 2922
153 1611
2871 2509
2555 2879
809 4831
174 1300
4939 708
2864 4506
4795 704
2089 1290
284 1848
2651 513
3591 3879
3564 4594
4055 4133
4341 1997
1127 2230
2317 630
829 604
2594 4553
1246 4329
3737 2512
4749 2523
4695 383
1867 4273
1453 3239
996 2205
367 2354
269 1135
2279 4185
867 1124
2303 1066
2057 1745
3088 3067
1411 3396
2924 1482
2282 4175
3114 4277
2174 3505
2209 4785
1745 2344
501 1083
4504 655
2065 4937
1440 1274
985 1082
3588 3066
640 4858
4 504
3937 4664
2112 839
4131 1162
1213 1240
3492 4062
3237 3294
720 4137
2117 4453
512 4706
4258 1513
581 162
4117 1466
2768 1748
2690 1584
3848 1888
898 418
1375 2820
4561 4877
1203 2962
2807 338
1511 853
4641 3270
4124 2168
1396 2259
4419 2072
1366 2061
1482 4727
568 3192
3515 3315
3754 2554
2835 2365
16 4479
1234 3184
1155 1106
4339 508
3911 3268
2289 4367
1928 1963
4132 997
3193 1456
2323 4219
3529 568
2984 4050
169 4293
2315 4537
365 4481
94 2974
2625 3211
4614 3556
2357 4116
3700 2807
4514 4231
825 2352
335 1048
4121 3859
4706 1747
3712 1585
1618 4759
4819 293
143 3873
721 489
3909 4605
890 1886
1701 2058
2228 3047
2919 1550
165 2850
488 3707
1094 2774
306 4030
2535 192
72 4541
2609 3694
1237 1543
541 854
117 3110
1120 3721
844 2788
670 1798
1259 3244
4577 2702
4930 88
3263 2449
1998 4557
4925 594
3140 4300
4595 534
4283 1749
2523 1196
4668 2271
4396 209
1468 96
2224 988
3185 4401
1259 168
4610 1977
1912 493
4948 4589
4430 557
1377 3859
2935 835
3650 1393
183 867
2200 1044
2986 3000
2493 397
1176 609
1565 3456
4938 3902
1725 1122
3893 166
2738 3207
4689 1240
3207 632
381 85
1490 4708
3724 3870
2477 1797
3313 1146
1954 1567
4456 805
1998 3360
3905 4213
1866 397
3693 4038
683 2919
2646 802
1390 3691
2293 4714
4357 2489
4773 1972
4048 3605
4659 489
672 2286
3492 2395
3561 4146
846 3574
999 683
1177 4224
1946 3429
4187 97
117 2355
120 373
2294 3234
334 3352
4435 4139
3578 2115
1927 734
4791 2028
4945 3419
3803 4127
1333 225
4272 226
3304 3936
4219 2449
1508 3588
3491 4425
4212 1375
4068 3101
402 2042
1087 4815
3834 4079
1260 4688
3063 3014
3506 1061
1584 1699
1334 998
279 1254
3473 4278
2118 1101
985 3391
320 3952
4738 1185
1755 1626
2974 3640
3286 996
1802 1496
424 3665
122 1100
1601 4884
1376 4569
3440 3000
3740 4739
3610 202
1111 3437
1790 4331
2694 1042
517 3767
3535 532
1310 3914
3650 1376
4027 109
4719 2487
3713 4417
401 247
990 3478
2882 3686
623 147
2771 1917
2175 793
4882 2010
1471 407
715 4142
4419 2660
2691 1734
112 3558
4907 4327
4158 4792
1286 1853
2544 1151
4479 2729
4342 417
4191 4409
1141 1368
2648 2262
2956 185
3322 3130
107 4548
243 2922
2363 3365
3450 3054
4071 1857
4402 1606
1711 1373
3725 4041
4698 1536
4414 4269
3589 1912
4909 3744
2667 2373
383 2907
577 1864
3763 4046
1102 570
4872 3907
1090 3951
1192 3974
2482 3668
2213 1106
1383 4635
4207 1679
1843 846
1897 1159
244 250
622 4747
1778 4622
1246 3961
2553 2284
1850 2175
1946 4622
4551 1484
1215 501
2666 2822
3857 1648
3162 1211
666 3009
3923 4621
3054 2715
3346 4714
3108 3880
2610 242
2112 3751
4708 4356
845 1295
2148 3683
1238 4923
1247 279
1798 361
2346 2879
814 4201
4562 2721
2528 2342
728 3789
269 87
3667 4701
434 104
4625 607
428 3684
2481 3564
518 1864
1968 4541
902 3734
4496 4268
2783 3429
244 4493
2351 2625
3688 1545
4516 2423
451 977
4893 116
1689 819
1350 2476
2628 149
4528 2758
2903 2698
2060 621
2225 2817
1106 3463
3392 2063
1082 789
4722 3097
625 269
3087 3484
511 4348
3077 3434
360 3001
2472 3664
4138 3070
4291 2009
1629 4569
3492 4566
1340 4700
1018 1224
2270 94
420 3820
52 2577
2530 1134
2243 827
1520 2669
4019 3007
3097 4101
4107 4549
2297 2026
1228 1729
3484 1825
2754 4299
3974 3374
4208 2427
3965 4944
953 2857
2825 4630
1605 4725
3433 4013
155 1534
641 3833
2955 3367
4363 4518
591 1686
707 380
4306 1175
3120 2534
2466 4062
3260 3094
4857 1174
1310 624
4061 4170
979 647
4412 3211
179 2365
329 805
3497 230
3140 4321
3584 3057
329 1830
2497 746
3188 4188
2736 4412
3761 1052
3376 4842
1397 1163
1968 2044
2936 1897
2733 2325
2727 1833
589 678
4944 4434
896 2200
3541 1779
317 168
4036 665
1968 4235
2239 3036
644 2228
404 4520
3963 4774
1109 1656
4747 1490
2646 1679
2115 1226
1061 4137
3288 2021
792 476
2819 4298
4537 3897
776 4578
3048 1334
2355 4780
3671 3589
3717 3146
2010 4141
2922 3050
4762 2710
1708 2528
2470 767
4460 2977
2897 2905
437 4128
2770 3957
4516 3391
4975 4998
768 4174
373 3729
2687 420
627 1670
2970 1331
2377 1787
4731 4054
1234 3266
4363 1579
577 3908
3459 4954
1581 2820
1090 4175
3228 2776
3413 3667
4155 4495
4673 2714
2120 3887
3372 163
2947 3487
2176 1977
3612 2374
1166 2370
4939 4248
2808 4353
682 4371
1054 2955
3634 920
2233 4927
1629 4289
1801 1130
4801 2528
1270 870
1728 1891
1301 3311
797 952
3162 4723
539 3057
2758 1723
3439 1262
4323 1843
3343 3052
2395 565
3069 2312
661 3499
2917 1820
2477 828
1283 1555
2782 4708
870 1974
3538 4924
1875 3801
3469 4141
1161 4505
1878 2760
643 405
3442 3174
817 1792
3199 2510
3778 3920
3931 3444
3454 3993
3305 1961
4940 3532
2541 3290
1987 3681
1790 524
1889 1176
3739 3094
3639 214
1102 578
3586 2021
3075 4716
3302 2029
202 1329
1569 3271
4429 1144
1008 733
3344 1262
459 634
110 4094
2487 209
658 2577
2034 1352
2586 80
2487 4113
3607 2513
358 1439
357 3604
47 2981
3748 3908
2261 4325
3405 472
1765 4889
1463 330
1933 152
3514 876
143 3284
1441 592
3242 665
94 1045
323 3676
1147 174
1149 211
1743 2084
1844 4297
3467 656
3705 2500
4207 1674
2301 977
1226 2663
4189 842
4660 2170
1863 4881
3776 1349
836 2392
258 3444
90 2339
2486 2200
4951 188
2835 1526
1817 2801
2306 20
3615 4876
974 2601
3821 3197
4695 2566
1885 431
2563 666
2130 990
2740 279
2377 878
1119 1630
3086 598
4035 4575
4380 4707
2631 3920
97 2314
2499 591
1537 274
1052 4609
4555 2783
924 2980
4881 1396
3906 2917
4444 2380
493 1151
2146 1466
800 2759
894 1216
4818 329
3179 861
659 1341
3817 4407
1362 924
963 1099
3726 1113
4709 2388
2219 3417
1410 2599
2574 3912
988 3306
4844 371
458 2239
1488 4987
3221 2099
530 3162
613 4295
3639 4124
914 3875
1073 3855
4122 1814
576 839
3198 113
4356 4275
3973 50
1194 812
4555 2934
1483 1986
51 3990
4229 4195
3335 3685
2995 831
998 586
4224 3027
3618 1100
1680 13
2747 4484
4598 4022
4618 2756
2240 582
69 1675
3563 1243
3619 252
377 4281
2679 3340
1111 953
4579 3702
2432 220
1729 3025
2391 389
2303 2908
1534 1620
1845 4956
4459 3426
675 2011
4805 377
1609 1508
3363 2964
4971 1287
1997 4475
3206 3905
2257 1597
4847 2821
2520 3244
3686 3084
3793 3179
603 708
104 2090
4704 401
3384 3765
2658 1621
2728 4294
3787 1765
799 4027
1917 1978
4571 3571
4533 2842
2417 2344
4641 2931
1168 2252
1181 188
813 863
3943 282
673 4237
3497 2292
715 2494
296 2413
4263 586
3575 3260
1113 4053
4282 3964
4405 2624
2402 1269
2019 1940
835 20
3730 2006
1012 1016
1151 1281
665 711
4903 2540
2985 1983
2019 1756
2644 3966
4021 3945
3722 4073
4219 3173
2467 2119
691 939
1350 4062
26 1308
1640 4068
1229 3918
2683 3867
1363 3050
2803 4226
526 878
4182 4887
813 3222
1816 816
3109 1469
4440 4960
1922 1876
2480 4642
4641 2080
4218 2369
991 1970
2067 3159
865 3490
4980 637
4362 1489
4792 168
564 4759
945 1874
2484 4940
4236 2365
693 4525
92 3556
309 1449
3480 1173
957 704
1747 4507
617 928
3816 4199
3823 683
1334 2972
1247 1047
1814 1823
321 1233
1201 1632
297 308
3149 2521
3235 3903
950 2482
3010 4548
1939 3387
2672 1144
772 3
2340 3475
4350 4340
4326 1709
1366 484
3929 4789
4623 782
1471 1235
2736 4468
4798 3620
2130 3215
3592 3250
3972 436
1596 3179
780 3816
998 3219
1689 4055
2460 3620
1045 2569
164 3725
3379 248
4321 670
4813 4854
529 4694
1206 606
3426 2679
4650 3095
375 1864
4629 3874
1270 80
1092 3953
4927 1367
679 2621
2812 2939
2710 4336
3411 422
4811 873
4861 2782
2511 954
4792 1539
1468 4952
3130 1245
402 1807
4780 1631
1 4039
373 2860
2841 264
3582 4661
344 3111
192 3629
1714 4605
965 1933
1124 1296
1658 2095
4945 2579
3215 2828
1903 5
4964 2467
3474 2719
767 3906
1128 1201
3236 898
2686 490
80 3510
999 3822
2617 3986
2297 292
1433 634
1735 1008
3588 2827
4375 1685
142 3596
2761 4380
596 80
1363 4853
3546 3766
1909 4472
4012 4339
1113 3653
1676 868
4724 4378
2008 4938
4075 1676
1103 2694
1143 1488
1067 2152
339 662
4609 3058
797 1133
159 541
3169 4476
1746 36
2036 723
513 4597
1729 3095
1279 3489
1577 4823
3612 1339
710 1317
1864 2182
4244 812
2800 3471
1493 2999
974 2777
2803 460
2963 2949
4199 3433
1575 954
1762 1311
4227 2050
1613 2096
2121 4984
3484 773
326 3302
4699 4611
4772 778
4393 2000
2627 640
2867 1569
3847 3133
1422 3124
2006 4773
931 85
2128 3607
4 4933
149 3445
2242 2892
885 2373
148 4668
555 3459
2492 2159
2910 4052
4887 2404
4371 374
1170 4094
1749 375
686 180
4084 508
1518 3475
4926 4381
2548 3304
3794 1550
2751 238
2267 1577
2640 4368
2175 1957
3381 920
4435 3954
747 2897
3272 4599
188 1108
4327 3907
3157 254
2788 1433
301 3581
2820 1904
1410 3211
2982 2531
579 4024
4543 1900
1055 1908
2280 3695
3134 2227
3618 1831
3973 205
4606 374
3163 1077
2636 1756
3264 3478
2333 3044
4881 1836
3405 1122
3064 1450
3531 4947
752 1426
4513 1648
2384 1422
3224 1672
66 4130
4113 3413
4103 4952
754 163
3739 651
186 1256
174 52
221 1117
727 1536
4623 47
4438 990
2504 1583
709 2332
407 4849
1797 2333
3899 2303
354 602
4901 1509
4127 1099
4344 3482
4570 4951
2542 2913
1999 1886
1318 4296
2231 3688
4989 1340
4357 4428
66 2559
3544 3695
4754 130
390 1784
1806 4020
3345 4348
2997 4524
2832 2260
3196 2792
3244 4113
97 2076
2836 3397
3647 2488
4974 4582
1107 401
4637 2922
1178 398
1324 3964
2277 134
396 4688
4591 570
2784 2887
2142 3071
2303 810
41 3002
1729 4050
2121 2921
555 16
4439 3807
3534 3084
178 566
3976 2984
4885 1462
2004 3704
2787 3509
3738 3440
1390 3867
513 1499
3033 120
3794 483
16 3011
4841 3162
2706 59
1986 4259
1272 1687
663 1623
3815 4802
3701 3692
4038 1328
1902 992
2907 568
4765 895
416 171
1788 2658
4877 842
4638 1187
1451 331
1138 1984
1371 4875
894 248
3628 1677
3890 1610
4776 1515
3484 231
1217 3489
940 364
2637 1620
3 1214
1639 769
783 484
1427 4951
609 3081
1770 1207
2133 985
2787 2298
4210 4397
4971 2419
4628 968
245 3635
2435 3666
1759 540
1194 650
3159 3756
1273 1534
1310 2818
3962 571
1854 1684
4951 4285
4402 3930
2249 2163
3161 8
3114 2800
1528 4511
2871 537
1423 3348
4033 1421
1191 335
4653 1114
4916 454
368 1853
1728 3004
117 2276
4218 501
2773 1916
2856 4330
4985 709
2884 1383
2930 4764
4756 1022
2278 2358
4967 4540
2249 1267
905 2121
3170 4684
4041 3253
1091 3891
3479 371
4389 807
2435 316
1969 4273
654 3543
1681 3458
2472 2568
1673 4088
3691 3308
3717 4114
2791 995
1060 3734
4573 726
571 261
1746 3607
1702 4190
1020 3277
268 4385
710 148
849 927
4894 3450
656 243
4111 3961
3837 4070
1086 3732
676 1143
4264 4976
3221 252
253 261
1377 36
4127 1729
3003 2048
4874 1197
3851 3256
1481 1859
4962 3827
4684 670
3944 4682
1409 3757
991 2779
277 716
898 4577
2347 4323
4742 1855
375 4770
4524 394
862 2283
4579 244
1576 3455
4061 1449
4260 1662
4203 3849
4160 4126
1687 3787
4199 2805
4898 1330
4499 2673
1708 4915
2028 3804
3188 1590
2685 3521
3362 4403
3327 1629
705 203
3835 4010
754 4994
2712 258
1320 3751
673 1512
769 4680
139 3426
236 3797
3377 820
375 234
955 4284
2778 2242
44 4977
4060 3198
4812 2369
1629 3560
2975 1803
1353 4977
1611 3120
1523 3677
1233 756
1501 4467
284 4797
2043 1677
2497 1314
4570 865
387 3388
2187 3543
1716 1301
4848 909
405 4944
4284 360
1750 2762
864 43
4169 3902
3733 1626
1580 1127
3421 3069
3491 932
3428 519
77 3097
2774 537
3151 1927
690 1187
2257 3017
4988 2554
1944 2658
331 880
4942 1569
768 2178
1651 3236
4789 4549
4448 144
188 2743
4259 276
2844 387
4591 918
4209 709
1370 3759
4273 2118
3870 3399
1743 70
1617 3540
4506 813
3922 4352
2834 3206
3386 2163
1818 2659
3130 3090
4848 1697
1710 3527
229 3902
1052 2982
1020 1379
132 3369
2688 2954
4527 242
1972 2570
1764 2083
3201 2048
2102 3291
1942 4095
1755 4493
4651 966
426 1820
3435 1327
2815 4653
1256 1218
689 1716
1930 3922
1007 147
2172 4888
2599 3109
3831 2401
2090 2801
564 9
2900 4596
1772 1794
3242 3895
3840 1553
1520 2697
2562 2666
1965 2659
3958 3572
2271 4125
101 2437
2771 2684
4230 1441
3355 4577
2943 1569
3029 2434
2268 846
4226 3016
2777 2711
2909 1044
3491 1711
223 1178
186 2829
4458 2423
1514 2761
1597 3233
4213 1801
4930 3459
4051 4979
4146 2382
2309 4395
3132 339
3002 3511
3586 2059
4216 2557
2466 2671
3127 3828
1736 3145
2128 1414
4250 897
3320 3809
2238 2953
1256 4399
3986 579
3569 4281
1473 3771
380 1935
4094 188
1009 3384
292 2426
2064 3704
43 3100
4697 2106
263 4815
3357 259
4766 1862
2973 472
25 3780
4225 689
2105 417
3491 2787
668 1676
3949 2234
1117 3611
2502 132
3684 2278
2676 2473
1040 35
3834 4658
1912 828
3901 430
3136 949
3065 3609
2814 1791
4492 2591
4894 205
4174 3262
1717 2037
4213 695
1211 690
3867 2625
4722 550
1274 458
1724 3788
642 1087
3075 176
2824 3537
4168 3991
4480 2634
4067 2483
2745 4067
398 3177
1383 2629
1443 3019
420 3913
197 3227
4498 3345
2119 2889
2872 929
1522 2386
3428 1099
3126 4755
2613 2051
4442 2688
3818 3993
4615 3353
1452 3045
544 259
2338 4967
1879 4381
2547 263
669 2645
4695 4751
2406 3751
3225 4016
4704 900
2418 1997
1118 3870
1220 3921
2408 3653
1224 1481
2674 2410
3497 2175
2184 4467
2765 556
1776 2885
1650 3350
4636 4671
4891 3842
1588 1979
1778 198
4437 2529
958 2295
4833 2767
595 3776
2649 4206
3319 3579
2666 2287
2156 4497
2143 1691
1334 51
105 4732
1388 706
4813 800
2956 3202
3389 1200
3127 1812
92 4427
190 2923
1366 3799
1130 3118
1497 4260
3880 3601
374 2322
813 1879
2428 71
3126 1529
1316 2449
3690 3613
1243 1695
4169 4166
641 2174
4569 4757
4944 4241
2924 196
902 586
2224 4390
4415 394
301 759
1560 2041
329 4770
2710 3640
1308 68
4628 417
3716 2227
2344 2993
633 961
74 4948
4512 4712
2179 4071
2937 4955
4472 2800
869 1652
215 4763
1812 2699
3712 4538
1743 3746
2007 4559
4367 1777
4650 478
505 3306
3250 2001
4374 4929
1702 408
873 1893
1266 2590
3657 1673
706 3316
1798 4
977 1467
4593 3215
3580 1550
3808 2590
3929 3717
4642 1390
4133 1663
2454 889
2044 1810
1638 3641
2656 1751
3898 1873
698 1740
4183 1590
81 3744
2481 800
3621 781
1658 3807
2154 3837
3629 2150
300 2134
1900 2191
3374 888
4979 1543
2268 2554
2734 813
2249 1416
2076 979
3531 4810
2293 450
4137 2294
4002 2051
2481 4783
119 1177
3879 3186
3534 3934
3982 1588
1449 3669
445 2883
4178 1142
4144 1590
1235 2109
4711 801
4111 3082
2660 1473
4995 2176
4972 563
2005 591
3371 3951
4782 1314
1334 3701
4748 4389
174 962
1460 4360
3810 725
4949 4901
4431 770
2591 3530
3827 555
2928 2146
3853 4218
4685 1910
3032 1953
217 3372
3005 774
2875 1332
2768 954
1075 1108
2714 4985
508 4877
1236 1433
3522 3938
3642 1128
1862 2821
758 130
1739 532
3039 531
117 1432
69 3198
2269 2999
844 4130
1339 1338
3655 3958
457 2596
896 2771
55 2029
1840 980
4805 766
62 3769
3657 2117
4464 3093
1402 3653
164 1720
2148 36
3676 223
3611 2701
596 2352
617 2352
4330 193
771 4757
3825 4268
544 3716
3425 1336
1560 3479
4686 4908
473 3424
690 2226
4365 4727
2793 1664
4412 1292
1348 2520
4973 4928
316 340
1251 976
3087 1972
505 3044
2685 1057
2943 1832
159 3241
214 1776
1988 703
2233 1560
4575 3751
3660 218
3608 500
1360 3161
3946 3973
4011 4207
3833 711
4924 2650
2743 2262
2650 2856
4865 2936
1946 3981
2073 2583
1797 3099
1320 2756
1520 1693
2736 4829
4290 4271
4522 2440
1161 2218
592 2291
3405 4501
1170 2434
2133 2491
4315 2364
2106 2953
958 1948
3499 4019
1290 319
2197 2614
750 2325
2664 1160
4496 1699
2816 896
2745 3914
3909 2510
3612 3973
4130 2896
739 3331
3165 4837
778 1501
3967 3038
3026 2413
2520 3196
3516 1765
4014 3059
1076 2924
2452 2682
1769 3828
3936 116
4016 2452
4006 4243
831 3846
4679 2152
3960 4771
43 2564
4733 4818
2279 2224
1490 1301
4367 835
4012 4823
4803 3424
2928 4225
2927 4876
2693 4345
3077 4186
4589 4340
3376 1449
2795 2278
3393 2082
3007 4062
610 4146
608 4776
1718 2093
3029 3143
4812 3272
4631 4280
270 3809
3620 4766
4412 3150
1023 4991
2509 273
4894 1446
3308 471
93 2471
306 3593
3087 2571
3613 2176
3685 2413
4751 3694
4674 3517
4117 4160
2952 3481
3581 4372
2552 3216
3878 2075
3161 2386
4328 4741
2358 3052
2395 1029
1784 1774
1703 1555
3473 1094
812 3158
4389 2531
1138 4389
4552 1337
4793 3581
2312 984
3717 3147
3413 3822
1624 2292
4548 4788
648 4339
3917 4091
1831 4589
4055 3916
4869 3196
1146 91
1031 1174
2515 4159
499 2219
363 882
3349 4720
2424 4953
1977 4490
1962 1115
1198 3766
4786 2892
497 1550
4598 3912
3959 823
2940 1478
298 593
33 1197
4997 4252
3129 4890
470 608
2530 2372
2213 3499
3279 1037
3496 2024
1488 1069
991 3541
2584 3597
2761 1478
4875 861
1783 1240
2606 4007
3863 1017
1231 3710
3664 2512
4489 2699
1085 3879
1111 1192
88 2573
3918 2574
1725 2632
550 402
1787 2524
1602 3073
911 913
465 1694
3902 4619
2678 1614
1020 3222
557 275
2908 2957
983 3875
4612 2212
918 2225
3758 2198
3765 1375
3415 2633
1367 4568
2604 4303
3202 1390
2633 1482
1773 3744
2027 3048
1908 2503
2183 65
4258 1957
3981 4176
4101 1540
561 550
1315 2066
3960 1815
4943 4956
1152 2612
4310 1131
653 3374
4254 2159
1713 3704
2991 4824
143 3433
1813 2169
2929 1741
2126 4139
516 4704
4372 3508
3653 175
645 3781
878 704
684 4789
3410 101
4097 460
2305 1125
2171 2679
1664 4540
2372 3693
4960 3154
3793 1660
4847 248
3058 100
4328 2135
3824 181
4198 2321
3936 2412
3464 1339
314 4748
3983 3959
4713 2987
1028 1158
1997 3845
4965 3963
2537 1012
4561 376
1251 4379
3687 1827
1434 4558
4830 1646
1575 1743
4284 534
3149 2256
1887 4634
4400 4233
994 3695
2943 1910
4041 2509
4722 3453
2795 4466
2359 3808
834 1855
1024 3679
4434 878
292 2703
1747 1724
2478 4913
4829 2427
4841 4459
4123 3423
3584 4651
1321 3239
4906 4086
659 2269
1208 4165
3382 683
4714 2317
1003 2463
1346 2097
3965 355
4617 4931
434 1603
2426 3780
2819 4659
164 1563
2242 2384
608 4551
1144 2250
1849 2435
636 2956
4825 559
859 2243
241 2458
1384 621
2954 774
2083 1872
2490 2796
1560 3572
2034 2179
3173 1810
2739 2159
682 1217
3471 2837
1802 3081
2020 4584
205 2645
2198 4568
2403 1254
773 863
3776 3484
4167 2282
1252 4888
1861 3962
2954 4859
1949 1173
3918 4147
4936 2900
309 3620
3169 3024
829 4092
3006 1795
1333 4554
941 2311
2263 59
4399 2947
3188 861
4601 2643
1025 331
1422 2122
1209 3182
4534 4052
4510 4591
2195 568
2286 1923
3059 915
694 23
910 817
3278 920
1773 3605
696 3564
2095 2487
2538 117
4028 1894
1482 4625
1128 473
1569 2707
1231 2807
2791 3709
2744 3283
20 4450
3210 2661
1564 1135
3196 4659
2788 1378
3968 25
362 2286
2373 2238
2879 4117
2841 3520
1901 3916
4291 1457
4032 4404
2993 2043
2253 2827
1983 4777
1499 1475
688 3302
1754 2584
1666 3866
3849 2634
3507 3200
4419 2729
2637 3083
885 2170
476 1545
3971 2929
4270 811
4504 916
265 1200
1032 3047
4118 3899
517 97
3831 402
1542 947
597 2273
3599 4859
1760 448
1559 4551
2574 1729
4934 3157
3897 3624
4777 1977
4840 322
3042 2204
2503 4731
2604 3229
2814 1896
4829 4061
46 2505
4812 2653
2091 2299
943 1781
4312 4959
4828 1331
4580 4226
2359 2952
2667 707
2421 2039
743 4304
4023 2465
3212 2292
4527 4448
940 4964
374 1385
769 4632
4292 3008
4487 123
4318 2855
3 4184
998 3433
4608 2082
2766 611
1257 1813
199 3443
4882 3006
1533 1678
2222 1809
418 9
3270 1867
3699 1224
292 561
257 1797
222 2670
1663 4411
1720 1384
4117 1202
3206 1110
2258 2731
594 2615
4111 1727
7 584
3792 3324
1602 4255
1488 2925
21 2129
2350 2893
3645 1996
4921 2002
3226 4571
2629 3043
3691 4147
4893 3702
2678 3974
3451 3351
463 3763
4721 4175
2442 3647
1931 3905
4933 4002
4898 3850
2409 112
686 4456
4129 4493
3461 2013
2955 3636
4326 3726
4902 2296
4708 3220
2496 4549
334 1661
3930 856
792 3027
1325 1053
2136 2367
1318 3550
601 899
1781 1588
4475 86
462 795
4754 3478
3814 4410
962 2417
4962 3621
4692 937
1240 635
1182 1750
3129 4319
2321 144
4425 4453
1145 3316
4212 2477
2352 1732
3983 546
2516 4525
326 4832
3152 1133
3095 2868
2500 1778
4870 2732
1785 1274
679 4575
4841 3267
1070 1479
2221 274
1735 3697
1538 720
3754 2433
4528 2910
3234 1092
3183 730
3151 2739
2508 3596
1432 2335
466 877
3167 2184
3259 1592
4058 878
2613 3183
4868 3696
791 4534
4274 1608
4292 796
3176 89
4526 3065
2430 1917
2051 1799
2171 3813
552 1744
161 4517
2110 3476
1847 315
2048 57
138 2662
3096 4014
4311 4151
3653 1451
3768 717
4172 2279
2098 51
702 520
4176 1815
2904 1035
1359 4953
3106 821
2251 1731
4265 3723
3056 4307
2998 4920
4944 1283
1052 3867
2560 4681
3702 2618
3360 2231
1633 4803
3140 104
618 1395
1100 2586
4761 4118
2971 3003
4182 4112
3089 2114
2933 2977
2632 3549
1540 930
2588 1775
1745 921
4639 1806
3222 110
1444 3368
2456 4210
515 210
3877 612
2943 2949
3762 34
260 3623
2950 276
1941 3216
531 4304
1734 2130
4801 4021
2580 2764
3714 4067
1030 2335
2149 4018
160 4043
3103 840
551 2610
2188 2150
2137 1672
2592 4468
2087 3103
662 4068
2527 3116
3430 1621
4347 3550
142 1624
215 2739
1652 3842
4472 4953
2679 3962
1974 1195
4783 2526
467 569
2347 4485
4686 894
1919 201
1775 4312
165 336
4654 2115
1206 3599
196 585
4602 732
396 4433
4464 12
3087 4554
4516 3548
1191 3209
477 1969
1120 2633
3807 376
2984 4059
1769 3101
4346 892
4576 2778
4106 2509
4316 3066
1863 920
429 141
4180 4578
2924 4129
1996 96
339 3585
101 2109
1574 369
2147 1050
953 1951
4210 2812
3825 514
4050 4093
852 3331
4577 4116
1813 2733
630 54
670 3014
4830 1344
1792 2758
1453 3501
4532 893
2328 4203
535 4082
2901 2669
1676 688
749 3349
4281 1655
3596 2260
756 1243
519 3400
1141 4101
123 100
4944 3822
2144 2030
271 4778
3100 3336
1408 1267
4559 3502
2583 1767
2122 2511
136 394
4928 1503
3524 2833
2847 3768
2337 3249
631 1081
2539 434
4626 886
1101 2279
4687 1401
1798 3954
3683 501
4307 3487
644 4177
1378 4864
3796 4387
4794 3696
386 4241
2233 3164
4184 1156
4333 3342
2830 3234
2575 566
4614 4092
4965 3544
3489 984
1336 1851
1180 1057
4808 298
2138 1415
838 4082
676 1132
1064 2621
933 145
2486 2678
514 3819
3908 786
472 1379
77 1125
3727 1943
2478 741
4272 2678
1707 611
3167 133
2564 1887
4051 4703
2833 1758
1700 427
3417 3795
690 4982
4547 3267
90 4041
1282 3420
4897 4137
4176 1837
804 1373
4348 1517
1908 2141
301 2090
4062 1025
655 1281
3149 2710
735 4964
3460 4553
1230 3436
3131 1109
1588 641
2154 2948
2211 1693
3368 2966
1159 4515
2383 2878
3282 973
2221 4129
4521 1125
814 3633
584 2726
4739 4122
486 2627
2607 3435
4303 3731
835 4072
214 1599
1581 2238
4845 2738
2452 1114
456 4582
2042 2997
1483 4177
2366 1012
4771 2115
963 2811
1636 3456
3331 227
3260 3409
935 228
172 4663
2613 3840
4627 834
1799 4234
3343 2142
3080 1270
1209 985
1103 454
1113 2606
2597 2852
401 4429
991 520
3886 1467
3206 4386
146 1783
479 2133
18 2130
2932 3648
2536 871
3158 1553
267 687
3503 4625
2090 692
3970 1150
285 4337
3335 856
1213 174
4184 656
4728 962
3843 2710
107 4310
160 2158
1759 3550
4064 376
3959 1861
3015 4489
2808 327
2753 4788
1688 4874
2257 395
1240 930
3575 477
1597 809
4671 2450
2136 2065
93 3529
1164 1006
1017 1078
3108 2147
2073 2871
3099 4785
4392 159
1066 2303
1369 3425
3217 2591
1890 2989
2772 1661
1570 2445
4168 924
3170 1068
3965 2721
1914 833
4457 917
1657 232
1005 17
4358 4202
1883 3156
3119 2654
2393 4099
1582 4152
2184 1806
2595 4577
4920 1201
2829 4497
1030 743
1141 3771
3199 155
1104 4333
173 2433
241 1915
4951 890
1678 839
3028 4500
405 4636
693 4094
360 2637
3661 3741
4374 749
928 477
3567 2006
163 1187
2859 4975
4917 2522
1926 2046
2828 4284
3845 3657
344 1875
2540 617
3151 4247
3817 1283
4953 3009
2897 1030
4008 871
1290 4615
1345 1548
1836 160
4287 3231
1225 2047
4197 647
1372 1179
2765 1325
4528 3836
533 1502
4174 2596
982 1218
2459 1853
3685 4203
1607 2574
1684 2634
146 3057
633 1595
4000 437
4926 1773
2788 429
2691 1401
3898 2300
3652 3822
3642 4315
4682 878
701 1546
3455 2741
2019 2769
1688 809
4540 1472
2338 4590
1582 685
2818 3917
4240 804
406 4498
943 2759
1789 4117
4670 1313
1487 795
3067 2517
476 4924
2483 2735
1106 628
1708 684
135 4198
3816 1779
3568 1688
4237 998
2501 716
4929 1420
1246 2280
2953 4581
317 66
1153 3103
3867 3105
1457 2704
2482 2442
4866 1356
1388 3776
2966 4066
630 494
3308 403
1874 4337
3149 4471
280 2342
4847 2978
4086 1355
1089 3479
3650 2294
858 3112
2707 310
564 4223
2652 4333
1462 2940
3277 4041
2868 1693
2747 1506
4707 1465
2005 350
1205 4538
3272 3825
4206 4892
1926 4295
2477 739
3034 4808
278 2611
3493 4480
3861 722
1615 787
1729 38
3523 4169
3435 2638
1611 1598
1893 2185
2267 2545
609 3611
4335 4973
3850 927
332 4755
2982 2022
4911 1472
264 3474
3817 638
909 736
3911 3458
2465 2691
3070 2355
4687 3637
324 1477
201 2305
1460 4946
3217 1547
3821 1288
2805 2338
2091 2559
4681 2198
4348 2279
4410 1016
1589 1790
4332 4944
2978 3911
3561 1703
3781 1769
261 975
2859 865
3391 741
1162 2929
4922 4751
4159 4094
214 31
572 2860
806 4307
1708 794
1390 1826
2716 4678
1887 1960
3982 2236
222 4885
86 4062
510 4368
758 3235
3102 2811
2903 278
2799 4768
2676 2114
1075 2608
659 544
4275 2939
4594 3613
4435 3675
839 4961
437 1782
1546 1743
2122 3414
3468 3392
4823 2107
2555 3494
1141 3715
4539 1399
4777 2096
2050 3879
2321 2211
3425 1756
4664 1530
2305 4519
4981 3296
4796 4861
3687 2661
4368 3063
4851 3030
1092 951
4565 2724
4349 872
2128 4219
1123 4166
1110 3114
1999 578
3757 2309
180 762
4655 629
2327 4641
1203 2815
4727 4717
1236 522
2237 234
3532 1461
3812 2137
1547 1928
3018 2444
3999 4584
2334 1418
1663 2015
4750 458
2436 705
1545 150
1970 4717
1680 769
4068 1287
2071 1232
1183 2829
4337 3977
3284 769
4742 1198
3772 1129
137 4360
1154 1840
4006 637
2570 3627
1978 2445
780 2219
56 3214
4227 4254
483 3956
3454 351
1313 1674
1714 735
1359 1953
730 210
3648 3405
4452 4172
3667 2201
3457 4979
56 3520
2155 1843
4684 2865
4041 4397
2233 4024
412 1776
471 3533
2364 391
645 439
760 1236
1353 3448
1987 1407
2257 2920
2403 588
2750 712
769 100
2208 890
3587 1522
4231 1143
1052 1359
96 2634
2058 3609
3682 2054
1172 2445
1070 2079
489 2705
1514 3418
174 455
3292 4984
184 2640
4192 2106
2251 2532
4573 4078
2935 1767
3875 1879
4406 4491
4873 1702
2817 1360
188 4460
1550 3347
5 1527
2788 1303
4656 3980
3091 699
785 1109
4022 4459
3854 1409
766 2583
193 2713
1280 1150
4863 4214
3015 2747
4896 4999
1382 524
283 2697
3804 3493
3505 2093
4736 2888
2021 3386
2608 3378
3236 488
4569 4073
446 3649
828 3072
2813 3038
4255 1513
4124 1736
3742 1473
3212 1561
2212 3769
1671 1701
735 1653
4310 2740
3799 772
3829 4633
4129 2639
1966 4868
3456 2357
2182 1956
86 1448
1439 1061
3069 335
57 1342
948 2921
1301 2821
2267 3761
1192 3203
4094 4361
4484 3011
3058 3823
3530 3305
4647 4748
1710 2058
2886 4170
2913 800
3175 1785
2691 4473
3788 1846
402 2639
846 1443
2016 4489
4477 3352
1519 3948
4893 1482
4455 550
788 4283
4814 85
1794 1109
3858 3036
4653 534
2025 3928
2685 2889
3797 3723
4244 2874
1707 2092
4612 4507
38 2127
987 2819
4223 1638
1552 883
3373 3346
2075 1286
3783 1112
3661 1790
4586 581
2381 1393
2579 2490
249 3314
1506 4237
4437 4653
2358 2030
4238 3007
159 3412
1870 3032
1419 271
348 161
2110 4546
2617 2677
853 1402
4205 3219
3666 3161
3920 3189
4660 1110
4935 1341
4499 1270
4044 1772
2387 214
2908 3576
3321 2033
4377 4767
1719 567
2369 897
4829 2139
2560 808
4219 3184
2032 140
3536 3280
1806 2539
1074 1642
739 3450
3013 3302
1515 344
1931 4961
1526 3854
3274 2816
2096 4291
1855 2841
4584 4639
4698 1818
2711 3498
4231 156
385 3035
3638 3298
1379 3393
2984 3577
1305 808
178 1222
518 4579
2719 3213
4432 3669
1978 3657
1243 216
351 3598
4791 3373
806 3273
3368 3494
4798 3939
3611 1522
4259 1212
4547 729
4633 1269
3451 1460
2423 1306
2538 897
4495 4444
331 1599
137 3924
339 1077
2447 3699
1506 1647
996 4221
2817 1116
2767 2949
3626 2126
2463 4244
723 4203
438 2292
4459 3247
4410 3758
2416 3125
4361 2612
2926 2446
409 4802
3633 4695
1534 3080
3272 1657
2027 1017
809 2406
596 229
2645 4985
3158 4612
943 559
3973 775
11 2487
3538 3404
2788 518
20 3082
2633 2982
2335 4282
2752 1092
4530 4473
4816 156
554 2022
3258 161
2896 82
1555 4192
3402 455
1821 1833
2040 2319
1727 3639
451 1477
4490 1746
4065 3582
1689 2611
2031 1012
273 3254
2865 3189
605 2170
1667 2895
1726 2021
4263 3661
704 461
829 3645
2170 403
3450 3691
342 3619
4211 381
2125 4126
2645 913
5000 1042
1047 4796
3049 2604
3482 2034
763 584
1446 1903
3523 4590
710 261
1889 4047
984 3255
738 2190
3611 3962
3606 4877
2986 3914
4215 453
657 1828
1141 3457
2975 321
748 2487
1573 2146
4189 221
4081 3118
2454 991
4443 837
4364 4701
4601 1322
4988 1501
2417 3398
509 820
4989 2131
4546 3497
4659 3601
2440 4281
4599 3086
3066 4706
1848 4128
2415 1520
3493 249
2759 2212
1604 2758
759 893
3006 3219
4717 659
3592 79
3569 3577
2959 1471
3141 3347
2360 877
3812 3278
1319 4350
1248 3652
3069 681
763 4355
4277 1629
3311 2106
4190 2761
3715 83
1927 2128
3410 3836
743 4836
3605 382
1622 2660
664 3748
4827 3887
2900 2571
3927 570
4621 372
2786 20
3963 4876
4720 1308
3422 181
297 2408
2086 3512
1236 362
1097 2252
2669 4358
3385 1582
3239 582
4082 24
4202 1033
2234 1083
455 3379
4844 2655
3453 785
2113 3451
4500 2087
4678 2510
4170 1429
89 4384
4159 2500
4380 1975
1491 3862
657 4776
2782 671
3779 1149
1708 3493
1596 4458
277 3883
2260 471
2542 2304
32 4188
4809 1981
3367 3519
4635 3216
796 1536
2606 975
3379 260
3488 416
2192 2404
3674 2168
4198 557
376 4130
58 361
246 1890
1314 1652
1886 4658
885 480
3525 78
669 4291
1458 3964
518 777
384 4602
335 3622
4261 3531
508 2468
1860 9
904 611
2166 1127
4914 3306
1211 4061
2648 4993
207 1255
1254 244
2887 300
468 678
4404 2864
3112 2153
4129 1213
2158 1130
1303 757
894 813
763 4184
1902 313
116 4642
2567 4356
452 1394
1924 4320
4187 4316
2860 1347
1444 790
608 3523
2211 4453
281 2513
1349 3669
4742 2402
1361 3098
958 811
918 4712
1261 4305
2876 481
3202 4792
1110 3115
141 716
119 1016
4803 1445
1033 3006
25 137
4378 2758
3328 2914
4635 2990
215 4685
390 3959
1174 4618
1193 2404
4746 412
4298 3735
225 2459
2337 4307
1838 3343
2120 1328
2432 4935
2210 3424
421 148
658 3433
452 1220
1314 1841
3995 3278
3734 2302
732 1808
4892 1560
957 2089
1794 1932
1728 824
1166 3714
1262 4603
4262 3901
1291 792
244 3875
4370 1487
2023 3317
268 65
1761 35
3186 1581
4998 4956
4785 144
4327 1221
1936 310
2571 3797
2604 2490
2615 1776
3200 4107
61 711
1152 1314
1296 2092
683 2776
4006 2818
1620 4707
641 4995
3129 1343
4437 4298
2109 4469
221 154
4897 3839
3372 2115
4921 3199
4936 4297
4492 2516
666 1688
3574 3499
2217 1664
401 2439
1656 2451
4489 1564
1841 4421
4193 287
3730 277
485 2758
2452 3730
1966 2494
2523 3299
4119 3464
1181 4277
4210 1712
3731 4832
1711 4940
230 3361
1477 18
3376 1081
4405 4940
4731 4020
1923 4559
4883 4063
2981 1493
1707 888
3709 4479
3983 4930
1445 4490
1017 4214
3602 460
3382 4640
3428 1326
488 234
794 4766
2135 4330
886 1691
4086 2426
2846 626
3990 4646
3534 2193
3710 2283
3534 2937
1623 3208
2811 1351
2854 4382
4247 4203
1478 500
3224 4266
3341 3309
14 3744
1823 3921
1942 4065
238 4017
4537 288
2435 1111
926 4865
74 515
2954 4441
1723 834
3690 2466
562 4602
402 2804
4016 1704
4594 3310
2391 1555
4227 334
1001 1036
3609 1059
4384 4685
3860 3564
3314 2183
994 927
654 3566
1250 3516
1052 1833
1029 4671
705 2944
1730 1186
2797 2073
4453 541
1544 1284
341 2836
2159 1321
1338 3048
2175 2156
4662 3560
914 283
2271 1268
1013 4238
2532 3458
866 3179
640 4375
3047 581
4332 2707
1240 379
1488 1897
3375 70
3667 4561
4647 3067
617 658
4230 1600
1643 3556
1276 4293
2346 2841
770 3176
243 4206
4738 624
2806 2540
3992 985
4804 104
1470 452
3932 4983
3328 4648
2751 2857
4771 505
2106 1062
2752 2302
3161 3159
4337 4735
4578 2108
4258 3124
1568 4652
3366 4271
2180 1097
349 2220
1942 985
2924 4847
428 1814
1349 2685
1490 3352
801 836
3190 1610
132 3586
4087 695
1108 1678
869 1962
3407 3615
4081 1982
1897 3124
896 2439
242 561
1413 3677
4557 2190
4368 3395
4270 2793
1817 3534
4928 3243
3013 1085
1085 4573
3456 461
3147 166
1473 2428
3457 1780
1321 2968
4648 1016
2120 1870
4437 4974
4269 3184
4003 4630
4871 2771
4103 3759
3916 3338
2847 933
1199 4747
4305 3240
1882 3629
2618 3802
4228 1503
3818 2844
675 555
2990 1420
1406 3629
4460 1501
1468 3400
4253 3551
3990 1403
4376 563
928 4050
2458 1250
3247 3843
3045 3995
2973 4245
166 2739
4868 4246
3688 3125
2807 4430
4930 3237
3037 1062
2394 4956
2883 1073
4451 1275
4263 3956
3256 2419
2231 606
3243 4243
4444 1272
4735 2853
3101 1075
4251 4242
3515 1417
2116 3140
1203 2405
1620 690
136 4662
1689 1741
1561 159
2781 2498
3225 3802
1265 3622
1588 239
2848 2211
1868 3125
4957 1620
2478 4924
3439 2099
439 1506
4551 3408
955 4730
4383 4144
3664 4876
942 1342
1849 546
666 4590
749 992
2642 74
1903 1521
1685 4870
2665 1376
2023 2781
2349 3175
185 4133
2134 3668
3210 2847
1776 2170
3586 3021
1071 4606
867 1561
4986 3139
715 3832
1550 2676
1876 4805
1021 4512
3237 823
2297 3458
4237 1583
1423 3973
2725 3718
1109 4518
4099 3138
4410 984
2830 4415
3018 4948
1530 4445
795 2786
3980 3904
1609 3186
2209 987
4341 4915
3522 990
1981 1742
4691 3603
2796 4175
4677 2032
3814 910
3107 3869
3265 568
3569 3944
759 656
2989 3296
4435 1742
4539 4322
1852 238
4669 4684
1431 279
2027 4633
4917 1761
2271 2170
3323 2089
1767 3072
1387 1153
3335 886
3550 3809
3276 3621
1664 3071
4721 3325
4644 4807
3108 3062
1592 2168
3376 174
295 933
959 4133
2792 2099
3814 2075
223 655
3919 4086
874 2436
1815 3889
717 4687
1793 2771
4672 2107
2981 162
1978 843
4351 4586
3971 1948
1267 1398
1082 4072
513 696
4095 2028
3364 586
2422 3535
4457 1360
4545 3248
1702 2249
1446 1063
3670 1414
953 307
1571 2782
1119 2624
158 4296
4162 1294
191 4950
28 662
720 4282
765 307
150 2692
3684 1850
4967 4128
2989 641
513 3543
4464 2833
4246 4522
2307 3451
4011 1537
4611 1977
4016 3523
2322 2590
2595 1907
3972 1898
1313 1899
1967 4341
1248 1372
4218 4881
3455 1462
1562 2391
1807 3828
880 2496
4236 1196
1405 2833
3886 451
3094 2809
3371 1802
2544 2248
3038 1943
2981 2730
2695 121
3194 4935
1289 1630
381 4761
1922 4576
3586 4185
80 3636
1255 2142
3402 4604
1256 2339
1946 789
1835 4015
1949 2128
2261 4575
3413 4889
940 3980
488 992
2615 2758
2380 3519
4939 4806
2138 3117
4319 4676
3578 4896
2352 2556
2720 4009
2654 3881
2323 4510
4293 3872
348 2559
4922 1806
1471 1289
1927 556
2202 157
1306 802
4243 1516
3801 244
416 1662
3776 4475
1091 3534
654 1707
4083 960
3531 3809
94 4937
2831 630
2127 2879
3478 4459
2978 1920
4019 3971
4203 2354
4394 3813
3979 2471
919 3565
2768 4343
4029 591
3412 756
230 113
2331 1251
1562 1333
3858 1403
1658 3616
2572 674
4384 4984
2912 1693
929 1623
1657 3608
4472 164
2187 2591
1964 1140
2021 1648
3527 2827
4279 473
1796 3392
132 4764
3614 908
955 3343
1259 92
1554 1220
4300 3363
4858 3335
2736 314
2237 4950
1860 3370
1285 2906
3543 4292
4164 4226
328 1786
536 212
4428 3395
215 1789
3797 4979
3530 2252
953 378
1648 208
3101 2994
3555 3379
2177 2415
1361 2942
2650 1641
2237 4302
4967 4686
2800 3392
2500 4649
4978 4399
3095 578
2904 3020
236 2636
2009 3225
4535 2849
149 395
3897 3430
4946 463
3204 521
2605 1172
4732 1194
623 395
1636 4647
307 363
4478 3690
2616 1714
16 2087
38 2327
4761 3940
4662 449
2566 1607
4633 1596
963 1787
4756 1358
3045 1558
2785 794
2056 1388
2584 3855
2276 1394
3195 3560
4273 4866
4450 4823
3096 1679
3537 1360
3109 4578
4657 3786
897 3897
3502 4047
1589 373
150 2579
4798 4607
1482 50
4727 1511
3659 3769
2352 133
270 3033
886 3782
3165 2708
2232 3222
4558 1574
4625 632
1596 1511
1457 4533
4698 2467
3605 1512
1902 599
2785 2051
4466 3223
4183 4933
3963 3040
4854 3850
1898 1169
2316 4412
828 2065
4433 972
1736 2775
1499 1357
42 1942
1581 1397
2428 3438
3146 3301
1855 3606
1212 394
2189 4938
4992 151
3846 1141
1502 3954
1835 2345
447 3603
247 3975
841 1250
2526 3715
1439 2488
3562 3876
4261 3342
4305 120
518 1031
3118 4637
4899 2077
4288 1457
502 1299
1720 301
3568 332
4300 4398
1930 3241
1872 2262
1395 3767
4 657
368 3809
3097 672
1665 4788
258 4444
2510 3519
3394 3874
3525 4606
4889 398
3646 2474
3961 4736
1380 4191
2311 1452
4798 274
4403 2996
2785 262
3234 3855
3797 44
3395 4616
3077 4091
3472 3321
2523 4302
2087 4796
85 2558
4559 1333
2824 4750
966 2493
3677 3108
1938 495
4089 3735
1156 1912
3613 1102
3777 921
1297 4309
2380 4687
3547 2402
1346 2590
85 3843
2306 2490
4201 880
3093 3044
3357 21
638 4774
1214 4854
165 2072
1746 2000
4482 4594
4713 100
177 1739
1901 1977
1639 3649
193 2067
4550 1410
608 3125
4978 851
2229 4907
2432 225
3079 1192
3806 2052
411 4305
2280 2902
4331 501
4995 1434
501 1611
439 2229
91 3326
317 1811
136 181
1976 3702
3395 4619
1459 4648
372 720
3379 852
542 862
4057 1578
2013 1505
2836 3998
2815 324
2905 117
854 166
3994 3289
2831 126
1134 570
2071 2482
1066 729
2881 4267
388 2994
4158 4917
2919 4270
1455 578
4435 1869
3860 4572
3036 3242
686 2150
1987 2382
3748 1240
2915 4025
725 633
1208 2094
4610 3501
1565 1804
4799 4514
4016 1951
1065 507
1588 3351
2203 3863
3277 434
4408 2325
1717 3691
4299 4660
1896 504
3375 882
156 278
4730 4975
2229 455
1430 609
4393 136
625 3206
3880 4191
2994 1572
1434 4626
2113 2782
1186 2660
1564 2788
3205 2729
3481 3836
4629 411
2454 4031
3616 3927
3830 2508
3368 1559
4445 3194
2952 2400
4988 926
3067 2403
3046 673
2695 300
1213 4638
3501 4257
631 1196
29 3219
1147 2255
62 3273
2814 2209
1002 3722
2965 2489
1253 3375
1626 2922
1480 4259
3392 4951
1420 1328
749 4175
1041 2249
2792 3345
1342 4049
1382 1078
1250 3019
2763 904
3575 4234
2460 270
3923 3729
2192 3188
3239 4477
226 3356
2367 318
4624 4027
2150 3624
4109 3008
4386 2100
2404 1821
2849 1767
4757 2301
251 1755
4737 1007
4992 3786
407 3958
2674 1089
2818 4702
3633 1999
2766 3603
4523 4156
1931 2978
2497 3251
2332 3416
2665 86
4706 874
2150 4268
2783 1944
4830 2369
155 4537
4516 504
4 4216
2779 334
2994 1884
3554 1046
1232 3991
4591 2703
3898 3309
3572 3902
998 1503
3353 4280
3409 1441
33 1762
3593 4124
4760 3897
1367 946
3751 2926
4822 4852
2141 4605
385 448
2154 4368
3042 98
4397 3090
1843 2167
3910 202
536 4099
2173 4153
2102 4350
3662 3
2052 4735
3401 2299
2507 3305
2567 4802
3423 1291
419 544
4606 4751
3769 4766
840 1899
679 4816
3216 2511
4877 1340
2432 2522
293 2920
863 1565
173 1923
3756 14
3019 3788
4650 38
1181 855
2195 2265
2053 3540
1572 1678
778 1239
2194 2510
2992 3396
2281 4766
1729 740
3575 383
392 895
1615 1729
1252 341
3094 4858
2275 139
658 275
746 1075
4255 2138
1073 405
1169 4216
2829 2762
980 2453
1572 4529
3168 1403
3454 3582
590 3212
2853 1275
1925 1293
2049 3661
3576 850
534 1536
3856 4362
4830 4649
3155 762
4331 2036
1539 3653
2157 3333
412 1201
2867 1520
904 714
2006 2605
4208 1545
991 331
562 957
1 478
1474 3174
4969 3567
1641 3459
4771 2020
3138 3822
327 917
3391 4503
3140 2726
4945 4069
3391 1123
4184 690
4078 4627
3119 656
1179 3315
4913 2311
1787 1773
1952 2243
941 1162
4854 1147
4526 3421
4602 2280
4046 2619
397 3395
977 2566
2391 1544
4939 412
2147 540
1266 2320
3853 4887
926 4517
4837 552
2079 2179
1758 3234
1305 4670
4040 2563
4147 3209
3349 4293
4535 2865
4218 1272
2367 4100
3824 3037
572 3043
2930 2672
2669 3986
3367 239
4374 3604
485 3898
3792 2194
698 3014
2460 4447
4734 4297
851 1813
4732 420
1676 2497
1058 4901
3586 509
4048 929
3636 4470
105 249
1705 191
346 1565
2185 642
1942 2630
1785 2077
1813 2937
2544 1633
2836 1509
4657 3353
855 74
3075 445
429 4785
1906 4130
4595 322
2272 2307
1044 16
4466 3009
4486 4868
3829 1600
841 1344
2783 3185
961 887
2215 4468
342 3304
628 1557
2199 3435
1756 2643
4718 3630
3583 2237
951 4097
757 308
3083 892
716 4040
1527 572
3390 4268
4671 850
4365 4578
4006 621
428 4839
2187 1340
2670 679
2162 3174
568 1593
93 1892
701 740
2565 2901
2488 4231
4284 764
2392 468
301 3728
1688 2710
949 2732
3338 438
1330 4733
1618 1564
3938 1304
4980 720
154 2873
1443 640
1302 888
918 2461
1754 2461
491 2566
927 2180
4166 3641
2234 3101
2858 3131
4754 3257
3883 416
3124 4696
2337 1919
3942 2557
721 10
1397 3134
2969 893
4270 1340
4444 1868
1110 1632
849 342
4891 3436
1838 4521
248 2931
4826 1723
2491 153
4281 3169
3480 1089
1446 3402
4827 1493
1870 1523
2862 4711
3906 3993
382 4589
2410 3309
2140 3681
3402 3830
1299 3759
3587 514
2132 3611
264 3001
4782 2012
1833 4469
2278 2470
3692 4119
4370 2149
1981 4649
4226 1478
2313 1321
1486 4157
980 2174
3197 2849
2272 4701
954 3136
4179 4666
2735 652
4571 762
4693 678
3631 290
619 333
1383 870
2248 326
3901 4081
256 4988
4547 4116
4675 252
246 1653
931 4081
2322 2076
940 1288
3044 498
4281 4320
3059 4440
3261 3988
2297 937
1329 4573
1986 67
2534 1558
1963 3055
1628 2686
3980 2989
3619 32
1128 3040
4412 3123
4540 1920
1999 1068
3428 4094
4220 3580
3017 1691
4799 4664
2301 3447
4771 726
4907 219
3978 1999
4971 1657
1269 157
620 2808
2006 2586
2948 2711
2488 4029
2170 4367
3753 871
1312 3193
2728 2986
2696 4152
1509 2034
2629 4749
3609 2912
4820 4202
2570 3549
2913 1767
1997 286
4520 4043
3585 3885
1628 4155
693 352
3041 4149
2522 39
4157 61
1541 4321
3727 3685
2430 4624
875 3934
610 2622
357 4398
2569 3533
1316 3982
3329 3113
47 1775
858 3293
2490 461
406 4823
132 158
318 3802
1421 3631
1695 4031
108 4291
2811 4623
2903 3802
961 3876
738 4623
4367 4327
4226 277
2880 256
4650 4238
3295 3183
3230 3317
2625 4128
9 205
4652 4270
861 1828
1579 2400
489 2010
617 4509
4247 3566
966 2224
4592 4215
3533 3769
914 436
880 115
1972 157
4539 608
2263 3806
4816 76
1109 4099
145 3979
2286 1443
3719 1112
784 3787
2047 4371
2777 1306
2431 3340
2329 3237
2124 792
3320 141
2994 665
1695 1251
1685 4884
3589 721
601 305
2378 1484
1351 2902
1066 555
2392 1722
4167 1390
1811 1326
3531 2199
1154 3883
1486 4437
2299 3404
4482 3842
4579 3457
2456 204
356 4812
1087 597
4721 4349
658 3534
1750 792
461 3860
1052 432
247 2576
904 4724
3725 3082
1558 4201
4370 2991
2173 3097
3478 1162
233 4488
673 376
1744 550
3134 1752
2980 2979
2935 1868
3769 261
3201 2855
2267 1466
2 1355
831 1068
4109 466
21 1825
1974 1985
2954 3684
1456 704
2707 4746
4104 1448
698 1311
2408 1079
695 4986
2467 3133
2630 3337
1226 2586
2484 2874
2829 2481
2442 1845
1894 3778
4948 2381
2338 3615
3975 667
4340 3172
3296 2515
1239 4978
550 2330
4737 4128
4912 1821
4422 3554
3867 4334
2494 1404
228 3271
2861 1774
883 1404
1891 2127
2835 4969
3703 4923
1467 4069
1215 1963
569 306
697 3413
431 4477
1087 3300
4072 3803
3814 3157
3800 2329
3171 3359
2400 994
1267 4064
4853 2620
2235 2868
677 1660
2551 668
4547 1512
3122 3288
3361 1229
3802 921
4133 449
3083 1092
4527 4505
3814 2752
38 3297
931 404
222 3945
2704 1526
4636 2645
4040 2376
3755 1489
4371 1413
380 2667
3442 3792
3472 2675
2817 4326
582 4379
4805 1141
3075 4451
1417 2871
3285 1494
3517 3589
4706 4306
990 869
2230 311
3055 303
2499 606
3260 2043
1168 4145
2989 3067
2144 2844
2065 2329
4148 1085
4619 2588
4782 2176
4658 4338
1375 2552
4408 1744
3450 1056
4795 2950
1254 2309
4158 2392
4343 2363
2662 384
4878 566
1558 1264
2866 1621
2503 639
2122 4569
2093 4622
726 510
4487 2431
1554 4209
208 2274
3666 1558
2194 2513
89 2918
4403 1887
681 3552
3319 194
3193 1563
4258 4840
795 619
3099 2649
4047 4394
2617 503
1940 1257
335 2976
3033 1475
4017 1636
3599 466
2876 4036
3826 1790
39 2304
1458 1871
2058 534
2870 1099
4850 2658
3785 2358
81 4784
225 133
3885 170
808 1894
1269 4558
2857 2055
1435 2487
4225 437
3542 768
3243 3168
2635 1989
3750 789
4443 4207
4431 1210
714 791
1661 2555
4237 1377
3308 1379
3049 578
295 1735
2566 4021
284 1965
4298 595
2073 2870
2239 121
274 1793
4706 1865
4518 1442
3374 2313
4663 2820
1487 4447
605 585
2701 1865
2757 3377
1949 4524
1679 2510
3879 3105
3717 1063
4403 4867
3916 1560
2835 3855
276 1170
4050 2957
4243 4493
1127 4198
4938 3727
1139 1401
666 1209
2275 748
3724 502
3435 4342
621 2883
412 1437
3679 3357
2198 587
3955 829
1708 3058
3249 1162
3642 1382
809 878
3995 4814
1456 120
4779 1555
4723 3421
1844 4204
3606 3838
2329 3888
1395 3569
3036 3132
1398 1205
3102 2058
412 1423
4011 879
2619 935
3578 963
634 1193
2871 1205
1215 4600
2611 3199
2838 2324
992 698
4182 3462
1765 2138
3238 1318
1426 213
1484 2027
4510 280
374 1316
2491 2558
2665 4385
1467 2372
4803 4549
4458 521
4371 2357
4290 1269
802 1275
1180 4655
807 4000
1405 2971
4319 3645
4986 3510
2802 4182
1975 3218
4985 1647
4805 102
3726 3027
1299 2513
304 4500
4851 1995
1418 3860
3251 2924
2247 2274
4307 4392
820 1776
4104 3977
3752 4661
1224 3290
3335 4861
4890 4107
1826 1669
1138 4112
4924 792
3363 3278
4148 4868
673 4234
2413 1759
4257 2774
3555 1815
169 15
1620 2386
2016 342
2361 1828
1173 3936
1365 4409
4989 2343
4664 764
1739 342
2866 2478
4050 4260
687 303
4588 2887
467 4327
1359 4118
482 2055
2773 4575
3506 4182
1779 3367
3968 1470
1139 1623
3586 1431
4728 4400
4798 1514
2993 4677
1442 2576
2890 4291
2244 3143
1112 2869
3157 2879
1407 638
1919 330
3951 852
1899 3521
3419 2581
2626 4939
3617 316
1283 609
3433 9
717 2342
890 3266
3847 3556
1112 449
4976 685
3263 4343
2594 4760
435 4688
4420 3833
4875 2497
1046 3788
4749 4232
2910 1939
1737 3620
2161 4364
2126 4843
4050 2404
2626 1800
1198 853
3401 4152
1009 4485
4931 4160
3063 80
329 152
3181 4865
4681 1742
632 2939
3386 215
3194 4347
4418 2412
3016 4215
4348 2490
2300 1982
2704 1380
616 1172
3351 917
4192 3866
2725 3398
1312 2325
3612 4339
1239 2736
4848 4101
887 4158
3895 4955
242 3154
2143 3391
1228 3035
2038 2972
218 4125
1113 497
2963 4386
1305 2427
703 3965
1830 3908
340 2833
2980 1885
4430 1348
4608 793
1636 2236
974 3969
3211 2430
2340 2253
4699 207
3962 120
1062 160
2970 525
3826 2226
4955 697
427 824
964 2733
2696 1485
1404 29
4414 257
1787 1910
3103 1578
3811 3778
1641 2435
79 2445
2855 2675
784 2484
369 2984
1741 4536
1394 3465
4684 3336
1812 1673
4775 2561
4602 4767
1255 4798
2559 1039
2576 353
2574 2045
1862 2810
667 504
4925 2671
1795 2828
2574 1247
1251 1301
1398 2307
1279 2807
3454 2924
3487 3439
313 2593
2806 2036
934 3584
3286 1305
4121 3593
1279 2676
171 963
1546 3336
4937 2822
4060 1701
3910 3403
241 2680
2333 677
2260 146
3538 3518
2255 4167
1504 4008
4538 1819
3983 4951
1539 3950
1275 3956
289 781
2469 4585
3664 3087
865 1006
4773 741
4412 3964
4976 4907
1271 784
2970 2665
3259 4789
825 4148
3131 1087
579 4228
4738 3041
3857 1993
4835 2061
2432 2609
3992 4659
3174 2241
538 1391
4199 536
3935 4838
2001 29
3757 1498
1863 2126
443 2646
4949 4160
3795 3208
2519 677
3477 2484
4112 718
3551 2507
910 3707
181 3783
1963 2948
2084 3835
2605 3011
3551 374
345 2585
3520 3576
3081 3622
247 2037
1995 1163
4932 1028
3830 2483
3013 1486
837 3956
1727 3550
3478 1118
2634 286
121 3679
3866 3731
4301 3073
3762 3600
676 3892
4975 2518
1182 2881
2209 4751
2233 4941
525 3008
2616 4363
2775 2861
3230 676
3888 3796
4867 1025
4764 4619
3394 2707
1890 460
1985 2325
3597 905
2481 1025
4725 555
291 3115
4122 1339
2870 3211
1008 2555
3480 4742
4974 445
4965 3166
3768 1774
4521 3155
4333 4650
1163 4605
2777 856
2676 3371
2033 2461
4901 3189
916 634
3178 4093
1719 841
1833 3615
1386 1255
4428 4020
3397 2855
267 3905
1180 3633
1795 2849
1414 3682
4859 2676
842 1884
4588 798
2662 4104
4384 1303
981 4773
4209 2719
2823 3241
3891 1985
1063 4962
4739 3351
3324 1597
963 3602
3001 4727
3040 1467
2122 3279
976 1159
1419 3654
2309 4345
2409 3188
4357 1124
1646 1597
1582 2204
916 2639
4340 3175
2877 3719
4835 574
3248 3758
2180 4855
1944 4029
2976 4735
3992 4146
2747 2977
3417 1076
4855 4407
3162 1536
4144 3508
4549 1342
339 3058
4898 1164
4430 2756
1419 52
2934 3033
379 3693
1882 2864
1802 3487
2697 2519
2897 1138
3435 2959
1577 178
2273 911
4909 2163
3995 3975
3688 2292
376 38
2305 1817
3579 3159
2335 2906
3900 4255
1428 322
825 2487
4781 4711
811 3952
4806 4346
1171 2896
718 4920
833 3258
1634 240
1143 1488
2695 84
21 1880
4752 1778
2070 401
1266 3598
2369 2024
3603 3071
1060 3877
138 2642
3344 1608
2484 819
441 776
2359 1619
2022 1960
2399 1728
998 4063
113 3350
53 4921
4334 4168
71 3486
1713 541
4620 2865
502 3309
1562 1234
2034 4327
2427 4476
3180 2089
3935 4413
1551 991
3402 1299
3054 2662
10 2374
4469 456
590 4365
4415 2053
4241 3584
1778 4041
497 570
1692 2146
4008 2361
3910 1519
1061 1816
947 3980
3138 2480
2305 2564
2135 2587
3392 3849
4798 1196
2227 1020
2517 411
2301 3426
1256 785
3407 705
2951 3405
4419 1995
3985 2271
3067 1281
3945 4770
535 3107
3611 3809
211 3674
1977 3080
602 2744
1931 2724
1013 704
664 1776
1003 2421
1819 3204
1336 2321
2696 2612
1299 3938
882 4469
1790 2184
1863 1462
2482 2886
2644 4616
307 387
3971 1469
1097 1381
2674 2212
1764 4409
1356 360
366 2681
1944 4163
1124 1031
609 1842
912 4206
2060 4770
3755 1120
4405 652
1011 3713
2337 3458
417 848
589 2242
189 2124
1278 3103
1058 1166
2626 420
1918 4539
1356 4406
524 4061
1289 3833
1566 853
3097 89
2337 2491
2530 1529
2092 3
2320 621
2671 1916
4978 4095
2991 3901
97 4741
2311 2554
1115 2581
1937 4159
3575 1573
1895 2340
4793 4696
540 3139
4580 4041
65 3941
4480 2721
2085 2937
1323 3851
207 2875
2588 1821
4776 162
402 3594
2139 3212
3003 4160
3577 3575
43 1285
2213 3593
4574 411
3147 3591
573 3258
1719 4402
2566 198
4334 83
1688 3469
3262 4134
1816 3995
4874 2717
4399 922
2370 4503
1034 4785
1229 1750
4291 4277
434 269
185 430
3808 2269
493 2125
2033 3002
543 1286
4592 818
995 4981
3779 2202
4806 181
3987 4965
2814 4909
1323 3905
700 3647
4230 1505
2315 4160
1153 1570
3492 3021
1944 2100
3650 3214
606 4294
2532 2942
4212 4200
4041 42
74 3552
1933 1741
1341 4979
899 3081
3334 4441
1045 4654
4263 3992
1365 4683
2828 1505
801 3323
1883 140
2231 33
3778 4328
4149 9
855 3942
909 719
796 2114
2033 2582
2308 3162
381 4136
2124 1286
4835 338
4110 695
1872 3195
80 4723
2865 2270
1512 1113
3644 2013
476 4900
1743 369
4457 3011
4446 556
2744 962
507 64
212 2121
2452 1094
3046 192
311 3229
723 1171
3533 3897
2696 3579
2519 2809
2433 1397
2984 1401
396 4656
4103 2350
2887 2539
95 3970
627 4746
2326 2836
3811 4390
4934 1776
451 4092
844 2598
4768 869
1991 3995
4746 3547
2168 4348
1738 4099
2049 2234
4327 275
2 3847
2120 4203
2953 1395
1077 3439
1412 4545
3237 2837
1698 3792
2611 3846
3875 869
3312 1452
1555 2211
3172 50
757 2556
4219 1630
1500 302
306 1737
651 3460
1987 3497
838 4376
588 1167
4014 1720
2926 4812
2926 2119
2514 2504
2328 457
3671 3910
4565 3425
2261 2652
3147 444
3879 494
3602 1781
1709 4001
1108 4260
2010 4694
3421 4877
2575 1468
428 2566
3783 4964
3440 4942
382 1755
1636 860
247 3988
1174 4725
4726 3022
3929 1522
4171 1868
428 4499
4466 2063
4205 3485
3782 1570
2767 1388
2152 9
1118 3901
2175 4750
773 2949
3144 3564
1935 1359
4784 2397
1803 4758
4345 1315
4201 1922
3886 2503
1560 4871
3252 3707
4193 633
458 1725
4953 780
3477 42
3803 3944
1869 3070
2736 2598
1449 4153
4666 352
183 4846
2270 3674
3169 923
2065 922
575 3469
131 4805
520 4054
3220 196
3103 349
445 24
3930 2875
1455 3413
1799 4398
2468 103
4851 2639
2207 2217
3758 1162
1190 4209
3186 3544
294 3116
1864 3186
982 2127
4339 704
1433 1891
4722 2051
4034 1705
43 3025
3467 1219
1351 1316
3495 3808
3767 2962
3549 167
3384 4837
2161 1648
22 1782
2110 2697
4246 1897
322 852
4377 1675
2990 1828
1915 4868
4185 29
3640 145
4456 905
1151 2585
633 423
2739 2183
1 820
2186 3022
328 2690
2710 3306
1460 4962
4419 1
343 1083
4652 3779
659 4778
59 4511
4777 1920
4894 2404
2227 3111
3500 1987
3985 3392
4086 3281
2810 921
3859 4361
1413 2795
159 3942
2883 1644
32 3413
1595 4287
4592 922
4340 3859
2359 2317
2832 2169
4607 1172
282 4922
730 605
2353 4336
3850 4812
3908 2815
4620 877
666 2535
4215 4681
4674 4281
4018 310
4637 2777
3984 2040
2638 4781
2359 3981
511 3289
687 224
4962 2804
642 561
1911 3260
4016 4066
3988 3522
3607 1432
4685 1455
3192 3484
4070 4132
1912 1323
4560 1771
3648 3901
2381 3335
813 653
1007 1888
2138 3726
3908 2975
670 854
4083 4891
4148 1371
4688 395
2181 1104
808 4574
4866 4869
4240 943
1199 2785
1460 257
2935 2854
4198 4142
3281 674
705 190
44 179
1494 3106
2149 3973
2413 855
95 772
4549 4860
1212 2568
2599 3697
702 1929
1371 2731
1062 778
3845 3310
3013 3134
875 2479
3898 1484
4753 3725
3400 2291
2403 1987
4420 3618
1898 4362
3548 3346
1024 4249
1220 8
3475 4225
1800 4398
2203 2236
61 984
4199 3331
3297 1236
1586 3085
2263 2124
4016 3910
4970 3622
2825 1472
240 547
1800 3730
4992 3330
574 4656
3956 4696
2797 698
2169 342
3300 3527
3798 1194
732 2338
1948 2236
4443 1438
1259 189
3701 328
1029 1153
4668 4663
2602 4490
2637 2235
3439 4405
3965 2856
4137 4401
2343 3915
2251 2660
1835 4125
4408 1115
4325 3059
549 1747
840 4094
2961 3382
882 3011
2907 2695
174 2457
2005 1563
2717 817
1591 4167
4041 3790
1264 1278
2715 2991
673 2900
4359 4749
2892 3469
4981 336
4762 2999
4351 3104
1894 363
2405 606
1509 4631
1050 3328
122 62
2410 1358
4276 3372
3463 2649
4363 3208
3580 2640
2939 516
4898 1481
1101 2613
664 3440
2365 4
3303 2218
603 32
2604 675
572 1264
2269 188
1472 3567
2211 1381
3040 1665
782 4995
577 4649
723 855
4265 3853
318 3651
4153 2162
4688 2881
2983 487
4303 4482
1406 4593
1917 3119
4281 2443
2373 1424
3479 1265
2121 1855
587 4312
3042 4595
327 3193
1333 2996
4976 965
2368 3183
223 2492
1251 3691
3603 1323
2841 1024
1421 4287
4443 4299
849 3424
1908 1620
3095 45
464 176
2364 4095
1591 2591
4271 1158
4330 3497
783 1778
4309 2152
512 4196
318 1452
2681 4019
4646 1742
2554 818
1625 4740
1999 4632
369 2043
3884 2076
3742 2912
2838 4678
4772 3200
3435 2071
4974 2345
3450 530
4893 1426
1986 707
1168 1428
1831 1947
1315 870
1288 871
4863 2755
2055 2697
1412 4771
4017 1204
2900 4799
4740 3137
4485 1480
3702 3899
4448 879
1304 730
3592 2602
1209 4234
3154 267
3064 51
4941 1252
1852 2897
684 3130
2041 831
605 5000
4846 2670
4167 3775
166 3705
1363 3155
2784 4897
846 1698
2557 2729
285 1985
498 2252
4505 1153
1798 564
2724 383
388 1751
3258 1127
1082 3345
2973 3616
3249 614
339 1708
3119 4458
1089 4063
4231 4835
473 2448
1304 1338
3359 2723
2375 775
1394 1391
3280 4869
1293 2801
1111 1626
3300 848
2696 3529
1689 2476
553 1424
1272 4026
4697 179
4375 3261
3944 825
2423 4769
944 3219
276 2141
670 2063
1173 2142
4081 2484
1153 2800
4632 3910
2489 379
1453 4730
4103 371
842 1877
733 725
1529 1969
3754 2834
4328 357
1189 2866
4191 4783
2373 2764
4555 3570
576 2042
2323 4720
1659 2312
817 4489
2479 3400
3523 2620
678 3568
2332 1594
759 4773
4165 510
3481 4997
2758 2235
1065 4490
2826 2479
1439 3947
3307 1225
4036 3371
3890 1509
3064 12
3605 3857
2221 4799
3126 2864
2717 4908
4596 524
4347 3422
4924 4260
197 3319
4700 2852
3410 631
13 311
4288 3130
368 1280
651 3658
4165 1187
2440 4104
4864 3774
2025 2413
3899 2057
3087 1705
3360 208
2134 479
955 2953
4021 343
4181 4675
2096 4068
3979 3598
3072 3202
3925 2648
719 2895
542 3459
1593 1148
4797 216
101 2179
3805 3991
1186 938
4514 2909
331 1864
1268 1120
526 1242
3204 1330
1266 4654
2890 3976
4347 3545
402 4369
1101 4224
2282 2644
548 745
3532 405
2593 3894
1844 3335
1577 985
972 3742
3420 578
360 1819
1572 4548
1634 2854
4576 1350
1020 2312
3201 2383
442 4182
6 4351
2382 4543
936 2068
2602 1642
660 2315
4220 1693
933 1709
2804 4898
4061 3621
2561 272
2300 3295
3347 651
272 1914
2956 2293
148 1501
2056 4289
4313 2680
4382 1843
2467 4325
4276 2574
203 2586
2780 4062
2581 4201
2492 2804
3744 1347
2724 3020
1963 4009
2902 1727
1528 4575
2266 4110
2883 4438
3613 4691
1776 1326
1437 31
1504 3244
3092 2487
4097 3079
2605 2769
343 715
513 4527
1682 2079
2512 1595
4945 608
674 3749
605 2492
1733 4491
1712 4050
655 4810
2779 1337
1438 3367
3191 972
4086 2935
3987 2378
1566 1525
1455 3621
3091 3219
3523 2125
2276 3630
3389 4741
4088 2595
2947 2743
97 1093
3332 1197
2385 2586
2747 548
2886 4885
2830 4083
2400 2955
1747 4270
4973 464
125 1201
531 1332
2177 840
929 4201
2354 4928
1551 4476
3916 484
962 206
1945 4277
3795 4539
2860 4030
3005 3882
233 2321
2086 1675
2607 4176
2752 1813
4194 4960
4051 3778
3323 4140
4420 4576
4049 1304
300 582
1765 2994
2122 3392
2749 1286
1143 4745
1354 1880
3654 3236
2936 4408
4236 4775
2290 2271
4227 4532
1786 2177
1886 3416
4817 457
3115 3309
4682 4100
588 1482
3453 1349
3639 1370
2222 4492
4897 3515
1610 1355
339 4038
3802 1995
3153 2909
53 165
1016 881
897 4788
202 4486
3003 621
3952 1537
461 4782
3850 1641
1817 3078
2163 1600
113 4027
2179 2392
4518 1309
2522 283
2584 3901
2409 1294
499 624
301 4538
4448 2854
453 1320
2868 2022
1013 3446
2265 3514
4772 397
2115 3275
4420 1033
131 3880
2158 4797
116 707
2657 1170
4850 3099
1441 2104
2928 4856
2733 2941
3881 1944
708 2853
2343 4790
1127 2339
3440 3174
249 319
610 4214
2219 1650
