10714 100000
57375
79125
433250
487500
266375
134500
90250
355250
204750
292000
149375
344375
152375
284125
317375
126125
113125
332250
284125
320500
388625
274500
337250
443375
163500
277250
134875
160500
60250
250625
456625
409250
341125
332750
178875
461000
179125
125
358125
488250
249625
211125
159750
420875
253375
267000
419875
473625
180875
41500
194125
144500
242250
417875
7875
180125
497125
94875
221375
177750
460500
108125
151250
344750
114000
111750
420000
207250
442000
319000
194250
136875
188750
321375
128750
6250
249250
424875
413375
456500
458875
259625
89500
480750
155500
70000
4250
328000
446125
111500
232000
482625
296750
172125
70375
82750
10250
314750
296375
244875
358375
98125
457625
67750
12000
433750
15375
86750
3375
76750
184875
269375
234500
66000
141250
183875
415375
265875
125375
386000
376750
13750
417375
170500
193125
41625
280625
278250
433625
193500
6250
281250
194875
384500
379250
496250
499125
163625
386625
345375
330375
101625
493375
39625
494375
298875
136375
305250
284875
76500
22250
256750
436750
296250
160875
4000
187500
363625
229750
30625
498750
242625
397000
195375
206500
277125
38125
57375
124750
381250
401125
145500
53250
422500
425500
309875
481500
137625
441500
39500
27375
133250
205875
287625
472750
282750
437500
426500
371625
329125
184000
350875
69000
277125
411625
9875
136250
435375
360875
285750
123875
298000
370625
6125
475000
6375
472625
55500
175250
49625
72000
274000
369500
86375
38875
237250
88125
51875
325875
44625
272125
189125
310750
149625
219000
400000
92750
447750
227500
25500
175250
152375
463875
425250
161375
117875
391000
372250
457750
163500
270250
265125
151250
55375
30250
163625
260625
289000
105500
498625
49750
145750
416000
230625
109000
294250
279750
14250
128125
408375
178875
307250
119500
73000
327375
25250
284750
356125
59875
75125
67875
440500
213500
363875
353125
111000
225000
111250
462125
53875
79875
314000
387375
188875
330625
284625
449750
39375
302250
326875
264000
446750
185375
42875
221000
333500
141375
205750
347375
263875
253000
246375
354000
113500
184375
168125
45750
343875
132375
261000
94375
42500
310250
493375
270125
284625
2625
250500
51625
96375
93875
332875
391750
293875
438375
88125
350375
198000
89250
349375
89000
39750
180625
8250
210750
349875
85500
353625
151750
304625
423375
443125
464375
205875
336000
299000
221000
244375
423375
30500
22375
80250
169250
327250
2375
332000
100500
297250
271375
292375
45625
118750
315875
66750
94500
80125
413500
232625
55875
347000
205750
236250
269375
81375
226750
423375
415750
322250
379000
22750
39125
124375
280250
13625
299750
409375
202875
173250
310750
122000
58250
240750
153500
17625
483375
416250
201625
225375
85250
240375
490875
391250
367125
66500
301000
114375
437250
490000
60875
434125
474750
275125
321625
34375
144625
359500
459625
453500
179875
39875
212125
21000
174375
13375
271875
308625
138500
307250
172250
214250
217000
312500
489125
5000
410875
353250
141250
28750
458125
108375
473625
330000
388000
304125
201875
356250
282500
13250
400625
147000
285125
346875
428000
13250
442750
37250
16125
66750
440250
138375
206125
414500
147750
292000
397625
56000
200000
376625
417500
384250
48750
417875
153750
448125
53000
109125
82125
180250
204500
273875
89750
489250
416875
201625
65375
165750
34375
184125
208875
159000
159625
485000
462250
204750
72125
425500
295375
154875
213125
46875
192000
267500
299750
485500
296250
84250
61125
341125
386125
194125
318375
360000
201250
234500
126500
367125
182500
81125
492250
183875
437500
248375
155250
77750
66875
11625
77875
400000
17750
232625
49625
455000
92875
309500
202875
261500
323375
276625
87375
318750
492500
96500
338375
427000
186875
482500
48625
262000
383125
455500
191000
256250
484625
301875
430500
348000
171750
342875
59250
342875
95375
28625
428875
392375
138000
197250
60375
186000
422875
413000
414375
57375
284625
146375
383875
41875
217625
83500
463000
5625
205875
454750
402000
8250
393250
78500
80375
366375
383500
217125
311625
277125
323625
33125
129125
294000
403125
157750
59625
57250
5750
123625
469875
215625
105125
134375
409875
191250
171750
233250
211875
364625
193750
350250
252625
474875
438375
133250
307875
408250
305500
213375
478000
149375
204750
81500
77375
262500
410875
482375
255625
130625
182250
392250
236125
152875
297000
440250
231000
282125
213000
378375
295000
298375
378125
441000
172750
98750
135375
333500
436000
400625
16375
458625
45000
339000
26875
288750
325375
88875
176250
469375
43375
60750
356125
457500
344500
367750
195625
442625
51000
161875
192000
289875
274625
433875
265625
74000
38500
262875
218875
305500
367375
434125
79125
119875
396375
145000
235875
78250
487375
252875
210625
2125
185875
451000
122000
362375
26000
67625
91250
96500
384125
89500
228125
26750
337750
53750
351625
156625
24500
274625
159875
4625
161750
292125
48750
416125
226375
270000
79500
132250
335125
348375
488625
12000
297750
296000
331250
461875
115625
95125
299625
397250
137750
231625
152000
444000
316125
117000
98375
103125
169375
361000
181750
190250
441375
417250
472625
114375
126375
357000
4375
482500
206875
211500
485250
441250
362375
47125
58500
391000
56000
1625
103750
367125
74875
199625
34625
196625
100000
291375
485625
416875
396500
144625
219125
389000
469625
432875
361375
29625
31375
477375
201500
407250
74000
292500
159875
305250
230750
39000
106750
88750
418875
482125
246250
97500
306500
4125
183000
239625
233125
346750
464375
145250
480875
208875
447000
431500
97125
117625
230375
29250
232000
118125
110250
34250
11125
234375
443125
187375
93875
63000
27000
298125
354500
407250
478125
223375
307250
100500
156500
316000
321750
299250
440875
358875
49500
24375
296750
473500
315625
450875
41875
495500
408000
169875
373250
225750
218000
368500
258000
170250
14750
318125
110625
46125
146250
332375
34375
436125
432875
351750
213750
468750
117250
270750
350875
168375
73000
18500
399000
417250
183375
43250
299625
395750
49625
468000
381500
209500
472875
185875
23875
396500
400000
415000
360250
167750
168750
468125
142375
442000
349625
40500
382125
48875
462250
117375
101375
281500
414750
5875
140750
22500
399750
222125
458625
241375
40250
255125
274000
460125
191125
337125
119375
89875
37000
401000
26875
298375
437750
213875
484750
32750
132875
373750
379875
195750
336500
317375
42625
400875
298125
253875
145375
303875
267750
462500
441125
67000
122875
210625
418125
260625
383750
157625
423500
489000
64750
230750
101875
336250
39500
128250
252500
10625
193625
494875
223125
327625
286250
37750
78375
301500
265375
433500
255500
76375
198375
399000
194875
451250
372125
417125
396500
202000
177750
150000
303625
376875
478250
303625
295875
29125
193375
450625
129000
259375
290500
458875
93750
200250
498875
125875
39250
290000
235500
131375
54125
459000
202625
367000
134875
61875
271750
398000
60500
159250
291750
1625
102375
104500
132500
414250
59875
367250
222375
92000
248875
185625
87250
228375
459500
319875
269375
104750
284625
246125
24250
366500
360250
374750
399125
349125
127375
73500
108000
96250
460750
311375
89500
55500
138750
50875
250500
306000
93250
194375
61500
119000
251125
236000
46125
210750
482625
30250
484750
137000
113125
68500
253875
102625
245250
34625
35250
16750
80125
212750
64250
350500
392250
133375
5250
322250
231750
151000
382875
121875
306625
92750
249750
286625
262750
446250
38500
225000
115250
437625
156000
94000
339750
232500
448125
165625
479750
441625
458000
212875
347750
275375
171500
456125
398000
396250
106375
496875
192750
383875
485000
432500
355000
494125
429750
30625
403125
351000
267375
5750
475250
481750
385750
6750
251500
216375
445250
379625
103125
423125
122375
428125
285625
84000
320750
103750
249375
167000
67875
454750
292375
284500
343875
228875
133750
97125
381250
420875
246875
61250
295375
208000
470375
365250
413375
45500
135750
79500
488625
418875
345625
49375
95375
349500
220375
9625
267000
428750
449000
329000
152375
226875
306000
415875
118500
450750
265500
396750
450500
253500
381375
220000
78250
435125
219625
111125
69875
126375
235125
416875
136875
414375
223000
243750
35625
336375
467000
479250
100875
465750
223875
12500
275625
15875
463875
417375
303500
404000
105250
183625
116500
446750
361250
22250
378250
190125
61250
6000
302250
263625
300625
379500
365750
429500
462250
205625
242500
415750
328500
459875
309750
194125
65375
188875
411875
213125
25750
431250
294625
380750
252375
73500
491000
107625
221500
211000
354750
391625
99000
185625
161500
184625
67625
170750
449500
439250
497625
405250
119375
274250
104250
462500
216625
488500
164125
133500
180500
353250
206625
184875
302125
47250
21125
453000
264625
31500
497125
77250
22750
403000
147500
48625
302250
268000
238750
496875
59500
314250
52875
166375
132125
283250
52875
66500
16500
188625
475500
364625
296500
171625
196750
453625
425375
498500
499625
9125
224000
169375
211500
464375
245250
482875
282125
298375
499875
68750
9000
173625
218750
393875
51000
43250
428875
477375
429375
354125
248375
488375
145750
266000
78500
71250
199875
19750
115375
277875
453750
237250
304500
139875
351250
234625
232875
334625
265125
413125
141375
346625
69750
11250
302250
392750
134250
451625
216250
84000
481125
492750
310875
67500
114625
464250
482250
98750
391000
259000
170750
332375
435250
399625
29125
254375
407750
327375
105375
81250
148250
200250
217750
479875
79625
405500
36625
490250
226375
58125
316875
478125
426750
201750
483375
5000
8750
394000
34000
13500
408375
70000
279250
20625
198750
87625
32875
463500
327250
234000
281000
241375
194500
250750
324000
43500
181625
271000
45625
249000
442000
325375
182125
206375
485625
207375
388875
287500
223500
319000
397125
206125
415750
383375
451125
150000
243250
176250
50375
422625
77500
452750
71125
282000
382500
451625
175125
296875
27125
82750
263500
188375
168500
61125
355000
495750
320000
325375
14375
346375
357500
261875
338625
276000
23750
218875
77750
415125
316125
352875
453375
438375
97500
75375
146750
90500
451250
2250
77750
142625
222750
351375
17625
231375
484500
316000
2500
274000
141625
374000
202875
24625
253750
61625
225500
465750
359750
111125
410125
467375
368000
63750
192125
2125
285500
208500
18500
469875
355750
360875
467250
200500
367500
160625
487000
212625
233000
465000
375250
71000
89125
277000
145000
72875
499250
341250
32375
214750
6375
147125
55250
349375
109875
100625
338000
260500
65250
2750
90125
142750
315375
331250
386625
196375
52375
113125
190250
415500
493375
175125
377000
166875
325875
449000
428500
182125
421375
35750
379000
105625
38625
465875
459750
56500
481125
1750
82000
69250
315375
197875
83875
260500
240750
463625
478875
86000
356750
375875
51125
10625
43875
405375
470000
443500
470500
368625
451625
471750
54750
368125
439625
425750
27500
250375
479375
479375
148375
154875
202750
390250
415250
32500
111125
394125
306875
153750
490625
476375
331250
143875
295875
129375
448250
414750
261625
21000
138000
91625
9750
464750
198750
357375
33625
114125
24375
227625
272375
457750
18625
206625
124000
419250
215500
317625
138875
22250
416750
64250
305625
146500
23250
192500
55875
290375
481500
274625
454875
133625
439750
180625
237875
111750
356000
334875
88000
277375
59875
180625
394125
209500
235250
95625
328000
3250
55125
400250
465750
55875
209750
158125
382125
39000
443375
296000
294125
465000
134250
315250
368750
212375
442375
262625
130625
292125
285500
390875
117375
206875
153375
440750
231250
418375
164875
101625
450125
161250
257125
179375
303500
346375
64875
186000
315500
264875
106625
313750
353625
11875
153500
196000
413875
385000
216875
8625
67750
300875
474250
452750
281500
349250
291125
354250
75500
175375
422500
263250
221375
51500
148875
102000
166375
152750
60375
235625
296750
139500
4000
136750
409000
250375
10250
376250
137625
389375
314250
137625
247500
336250
153625
235875
310625
351875
485250
352500
21125
479125
339125
419500
476750
74125
5000
159125
465750
133625
56000
153625
116500
125875
126875
220375
23625
399500
427875
74250
179000
197250
285875
425000
257250
70375
270250
226500
68125
1375
181625
414875
75875
277000
14125
217375
150875
235375
124875
389750
456625
404375
118375
87000
214500
350625
421875
34875
104500
89875
341000
361750
293000
419625
138375
165000
40000
41500
11125
248375
29000
281125
348000
27625
54000
420000
246125
95875
315125
254625
255125
380875
258000
475625
66875
490750
85000
133125
340000
128000
430625
396875
428625
49000
342625
355500
374750
221000
374375
245000
315625
379750
251875
329750
415000
270500
162875
174750
86500
290000
132500
490500
142750
275875
332500
306750
415750
115875
375375
440000
320625
66000
125000
299125
118125
291750
294875
451500
2375
4000
448125
75500
334375
36375
448500
483000
305625
229750
457125
232250
309875
334750
386000
494000
22750
229000
47875
260750
468750
13750
320625
442625
266375
625
174625
220000
40125
12625
224375
338625
479875
477375
243500
368375
458375
408875
389125
194750
430875
77125
372500
248250
435250
69500
454625
8875
118500
492000
66375
116250
236875
6625
275750
451625
84250
90500
422125
482500
77625
426250
326500
336250
278625
119375
159875
366250
314625
463875
493125
152750
190125
499250
167250
220625
201625
100500
333375
389000
120625
315125
463375
76250
454750
241875
187375
474375
161625
66625
78875
333250
353625
80375
400250
419375
312875
497750
420250
244500
278500
17125
271500
192000
462375
247125
488750
149500
112375
359125
112875
238500
216125
42125
149875
292125
97375
166875
134875
181875
348750
175625
219875
447250
223500
293625
360625
230625
38375
182750
127625
89750
449000
143250
347250
299125
81875
107750
332000
388750
370125
80750
24500
259625
84375
15250
384500
314875
383750
495875
309625
400750
33750
269250
264125
431875
261875
173000
206250
101375
357750
342125
220625
425375
136375
221250
447000
161500
420375
415750
60000
278500
425875
255625
383250
367375
368000
174250
327000
103125
277250
272625
469875
146000
14500
190125
2625
302125
304125
145500
96875
10250
170375
146500
22625
190375
420375
426125
430500
138125
292500
74875
363375
21000
483000
227500
128125
149125
202000
465750
447625
76250
440500
307375
18625
121375
138750
353250
66000
488625
388875
414125
238750
132625
350875
330875
204625
227375
99625
236875
228000
227625
25625
20125
341500
275250
452125
82625
298125
359875
213375
396750
109750
45250
296500
239875
487625
152750
201125
209625
469625
370750
307125
493875
487250
299125
262250
169875
301625
331750
201125
432875
410875
125000
398000
213750
429750
120625
484250
248750
27875
402250
17500
13875
24375
240750
4625
484750
463125
304250
5000
270250
76500
211125
81875
204125
309375
29125
263875
7250
204625
194125
12250
60375
150125
209625
221750
187125
394000
56125
478750
420500
92750
391625
193000
436875
246125
329750
435125
240625
180500
246125
300625
94500
113625
237125
476500
123125
243750
497625
166000
213625
164625
445875
15625
494750
216375
12500
230750
15250
414375
480375
45875
100875
363750
74625
331250
308375
234750
403625
236125
51250
482750
357375
367750
256625
156000
67750
477625
162250
2125
51250
324750
204000
272250
125625
470625
399000
17375
232250
200750
325125
1500
252750
69750
92875
319875
406625
478875
319375
252500
473375
229500
211250
304875
189375
453375
412000
142250
249625
312250
28875
330750
221375
6000
465750
18875
208750
319500
244500
31375
260250
354375
292125
6000
115875
116250
471125
44125
498625
178875
225250
462750
449625
31000
327625
205875
457125
259750
264000
392125
245750
443750
197250
145000
198625
13500
481125
227500
77875
298000
265500
377750
147500
410625
106500
175250
265125
33125
155375
227125
117250
462250
292250
372500
203750
447250
303375
332375
39250
39000
22875
47875
463500
62750
479125
443875
354375
113875
333500
85125
52375
337125
33750
271500
108625
88875
56000
96250
303500
367000
336625
200625
221500
352375
363750
348750
490375
53625
345500
480125
7125
445000
8375
132875
225875
96250
440750
338375
227250
62125
129875
138750
367250
99125
387875
43625
34625
63750
422875
220000
249625
429250
477125
354875
455125
331875
326750
106125
16875
112375
445000
11375
75375
177125
18750
17750
259875
215625
489875
39125
28625
101625
37625
287000
165125
7750
462500
108750
4875
10250
86875
357500
46500
230125
372250
225250
80000
387750
120625
252375
398250
191625
400875
425500
167375
406750
457750
466250
207750
315500
293125
397875
141125
455000
231000
305250
33375
205625
229375
34250
262375
95750
442625
163375
81500
53375
101000
438375
95875
495375
199625
213750
161125
13250
316500
309125
337750
288875
244000
52625
181625
18875
321125
328875
128125
325250
481375
320500
462625
72125
407125
471125
205750
454875
420750
189375
141625
398000
38375
262000
141750
93375
111500
309625
264500
101000
54125
394000
353875
433750
336125
248250
163750
209125
369625
399500
212625
415750
88125
311750
380250
213875
42750
186375
426375
206625
45000
297750
429500
490625
371750
26375
24625
116750
398500
195000
103750
165500
313125
482375
126750
481125
273875
364125
77125
476875
1250
268750
289250
393125
389875
134000
137250
477875
467250
47000
166875
466000
346000
251875
96500
294250
51375
215250
227125
496875
204375
392500
481875
177750
84875
5625
235000
21625
115875
83250
281125
153125
83000
183250
437375
420375
261250
478250
476250
455500
303625
40000
370625
344375
414750
134375
185250
15875
361000
382875
400250
124375
179750
297875
113500
345125
131625
6750
449625
158625
473125
432625
42750
308875
281875
50750
387625
156875
166000
403125
92250
441000
490875
240000
120250
400375
382250
449000
187125
102875
346875
208250
387375
390250
27250
141375
158000
90250
45125
132750
222375
446750
4625
302875
40625
259500
64875
337500
67375
217250
74750
344000
100625
14500
248000
370375
199125
213375
439500
482000
5125
209875
392750
7125
191500
177875
22625
30375
182375
76125
192000
134625
123125
441000
421375
457375
398125
35625
183000
142875
67625
212500
18500
75875
32375
433875
94000
234125
50250
322000
309500
440750
445875
251875
145250
153750
467250
333875
464500
423875
165250
222125
226875
375000
472000
188375
474375
23500
141875
416625
211625
177875
127000
262000
76250
245750
326125
234875
351875
258250
276250
257250
275250
364250
272750
359875
47000
187875
78000
193250
203875
136500
21625
150875
141500
329250
187250
220250
475000
435125
235250
388750
477000
245125
180500
424000
371000
340250
373250
164125
132625
465750
172500
34125
155750
151500
132375
425250
369750
199750
22375
87000
131750
368000
98875
233375
186500
92375
395875
39250
249500
64375
57250
219750
142500
292375
347500
294625
77750
239125
448375
204625
363625
483250
185625
168000
342375
73500
136125
42625
156125
432750
3750
334500
199125
136625
152000
68625
424875
351375
405250
132375
201250
85875
398500
380625
167500
325875
391000
399750
415500
144625
290875
91750
231125
78125
459000
133500
217375
228875
274625
71375
249125
213500
381125
218375
401000
353750
347625
16000
211625
413250
174375
495000
289625
42250
486375
61625
270250
5000
253625
291125
143250
144125
35750
272125
258875
101375
279250
401625
280500
121000
491250
70125
291750
9750
177125
30000
268375
274375
301125
130125
201750
176625
333875
69750
472875
356875
455500
226500
18500
80750
66750
483375
80000
172625
233625
432750
229125
28000
137750
435750
10000
80875
136625
353875
223000
359750
94750
11625
404625
17500
19125
238375
346250
172875
207125
328000
310750
296750
372875
58250
222500
416125
101000
479500
80750
16750
375875
17000
265625
425000
173500
162500
493625
315500
490125
469625
277875
438875
17375
439375
416000
45750
457000
367375
392125
37000
256750
164000
361500
492875
246250
447125
42000
465750
331750
282875
64875
360250
361125
163500
238625
471000
197125
4875
313625
379875
258750
212750
491375
26125
0
15125
497875
222875
485750
288125
382375
8000
154125
21500
280875
423875
465875
64875
399625
341375
398000
352125
466625
189375
24750
271250
367875
477375
191625
386250
141750
176625
41125
77875
206875
4500
245250
478625
381625
223125
376000
23625
180375
436875
205875
291125
227500
457500
358750
278125
10000
201250
90375
150250
301750
399500
101375
483625
132000
351500
348750
185250
172625
5125
396625
336375
22625
352625
160500
12500
325500
105875
342750
321250
388375
274250
431375
368250
416000
280000
188250
218250
420875
356750
383875
128625
96500
217625
282375
134875
314000
79250
458375
276875
141250
496375
279875
442500
374000
202250
304750
311750
165250
290125
25375
151625
457750
103875
489625
107500
138125
466750
133375
223875
442875
222875
458250
205875
470625
242750
138375
357125
875
316750
68625
32500
338250
145375
78250
136000
375
243625
400625
35375
263500
38500
482875
233750
135875
88000
211250
363875
196500
436375
276750
382000
195000
302250
91375
285000
38375
413500
204750
448250
71625
286625
325750
274375
123375
311125
98375
375875
392000
312125
363125
354750
14875
6750
173875
19000
429000
22000
123625
480750
458125
496625
133375
20000
92250
246625
315375
285375
7500
57250
412500
0
205250
315500
80750
370625
371250
208625
75625
320375
384625
334750
271625
408875
411125
161125
5750
190000
180875
300875
397375
264375
334000
282125
175000
168125
353625
266250
268500
65625
108625
345000
108250
295000
376750
370750
369000
95125
16875
400500
161000
417250
68500
346125
389125
292000
442875
369000
305500
153750
493750
427250
399875
50875
275125
283500
219500
146125
478125
224500
293750
496750
116750
307750
87375
384625
357125
7375
377500
275625
35250
330125
417125
321500
371375
14000
118250
135875
165125
341375
291750
77625
315375
32875
149750
98125
288500
372125
91000
469000
297125
68375
406500
438125
362875
336500
36500
11125
213375
404375
464875
174750
473750
296500
343000
399375
491875
84625
66375
23125
180875
136875
139500
340250
344375
320000
358375
201875
437500
279000
475750
383375
376875
356500
277375
196000
218000
186250
91000
202250
324875
336750
158125
67500
378625
446625
370375
294625
429000
433375
488125
41125
137125
207250
436125
52625
95750
136000
388375
108750
292375
70750
492750
384250
136750
288625
282125
126500
109125
447625
289500
197000
325875
183125
197000
213250
377250
279125
309125
361875
481750
39250
338875
232500
232875
318750
192625
77750
380500
427875
287125
69750
12500
211125
209375
194625
288125
123000
410625
499500
499250
104000
107375
445625
187750
446875
423375
334625
161000
197750
455375
200500
245125
489250
213250
144250
207125
134750
323625
15000
305625
230250
281625
316250
301250
478375
96625
285875
293250
263000
391000
118750
407375
482375
419250
171875
185875
247000
421375
150625
412125
400750
463375
129125
114125
470000
402625
307375
346875
158250
192500
175000
274125
234875
238500
50875
372875
47875
37125
344625
475875
207625
61125
246875
396500
277750
56500
318750
338500
294500
393250
384625
418375
495500
444125
206750
271750
304875
362000
245250
491125
264250
61875
125125
493000
184000
229125
468625
35125
438625
354250
297875
394250
75875
489125
134875
86000
29125
250125
44500
25375
412375
234000
207250
462000
429000
429000
232375
213000
417250
210000
444500
35250
159375
135125
152000
453250
477000
480125
268875
98250
25625
274625
321000
456125
70375
373250
42125
106125
135125
138750
272875
377125
35250
27000
293500
426750
3875
369000
245375
212875
297000
254000
384125
381500
463375
27250
278625
453875
100875
402875
98250
462000
39500
469625
300625
336125
50875
88500
175250
176250
375125
313750
150875
340750
218875
3250
310750
190875
403875
122750
4375
358375
120250
448625
43500
29625
86500
268875
264000
81875
158625
60000
111750
28625
104000
9875
367750
492875
431625
202250
245250
59750
372125
261750
36750
138875
105500
69375
393625
222125
135250
481250
375
20500
113625
449250
361250
485875
356125
315000
119500
244625
344875
206875
452750
293875
149375
410750
389375
234125
272000
449500
455500
22875
109125
418125
62250
339250
466500
312750
165125
11125
101375
180250
488750
390625
123750
58500
276375
338000
431250
61000
59750
96375
491000
270500
227875
268375
3000
91250
476875
118500
218625
212875
468625
437375
433125
125875
66000
260500
160500
484000
248625
96875
45250
338000
420125
407000
118000
271750
212250
180250
326500
309875
51750
136500
40375
321500
40125
19125
343875
390000
456875
9000
67250
71750
447625
177875
51125
131625
139375
33625
199250
14500
230750
66375
73875
5500
9875
369375
179375
248000
67500
200375
445625
276250
302875
156375
486875
139250
476500
153125
194625
90375
408750
76625
168125
264750
55875
175000
5750
126375
89000
85625
149000
11250
182500
62625
137875
174125
168250
312000
482875
301875
225125
101000
10875
123500
239750
214625
18625
146375
120375
333375
475000
367000
127125
280375
29000
211250
404000
436500
232375
233500
457875
139500
225125
224875
178875
264625
93000
238500
95000
126625
323500
448750
72500
133125
129625
410625
25375
177875
378250
458250
18375
270875
415250
339250
147000
383250
228125
493875
111000
477000
22000
476000
37000
222250
230625
98375
267250
403375
89500
30000
184750
455875
87875
347250
456250
95375
272875
124250
71125
237875
424375
345500
217875
212625
138750
37750
239375
456625
464500
376000
271875
375500
5625
296500
357750
157250
96500
263125
482250
257875
186750
291625
80875
238375
299375
356750
211375
359500
243250
179375
7625
349250
136375
263500
225125
465625
120500
429875
431625
322750
85875
296625
486000
263000
173875
82375
158750
38750
345750
498125
339250
147125
291750
182000
158000
257875
73000
475875
168875
316125
244500
415375
201875
275000
101250
326875
71875
385250
191500
374250
446375
149000
494875
334375
308000
302500
410500
116250
427000
294125
109000
258000
324500
462500
147125
304500
11125
45000
143750
412000
152125
404250
294875
91250
256875
61750
14000
343000
249125
341750
30375
190250
262625
390750
218125
288625
301250
221000
417750
125500
397875
138750
141625
174125
445750
94250
392250
149750
7625
446750
350625
11750
435750
131250
301750
377625
28000
97250
177625
274875
223500
290500
204500
92875
103750
270250
411000
82000
492375
277500
275000
257125
18000
54875
306625
45125
174000
13750
18500
165125
197750
110125
136625
314500
319125
15375
28125
385875
73875
16125
494750
245125
458000
234875
124875
220750
396375
355250
320500
353875
400375
287000
425250
49750
474375
370250
71000
354375
435500
252375
340125
209625
421625
466125
48375
27250
32500
148000
89000
122625
213875
273375
5125
81125
403625
177125
54500
145250
323500
452000
317625
374875
28250
120875
155125
10750
206375
163125
9750
244875
198000
340375
68500
41875
201125
257750
261250
16625
355625
164125
447000
47250
482625
132375
319000
249500
495750
229000
132375
341000
316500
228250
353000
120375
383375
157375
144375
22750
360625
353250
293500
19250
380500
409500
254250
364875
332000
20000
58250
338000
15500
259125
461875
22750
151125
107375
179375
413625
128625
5125
337500
235375
498000
94625
22000
217000
424375
367875
387250
416750
328125
119250
246000
188875
369250
94375
337125
306000
324875
84250
318375
202000
206375
131250
311875
331750
234375
53750
458000
388125
238375
172125
8500
143000
263000
273750
28000
488500
106250
263750
263125
468500
256250
448125
245500
392375
80000
102000
71375
408250
418750
64750
24250
8000
152000
76250
60375
177250
491750
110500
101500
184375
174875
473750
368750
327250
234875
313375
145250
380750
388375
375625
15000
320250
491625
122500
319375
477125
379375
163000
108375
126250
121000
388875
307625
314625
35375
396375
118375
202625
385875
225000
168500
469375
329875
168625
485250
467125
235875
24125
280750
65500
185375
286125
233875
67000
129250
246125
82250
437750
134750
93125
439125
355375
130250
292000
354750
361250
6750
479375
252500
466875
131750
107500
350375
69750
42000
75750
277000
141250
398125
25000
474250
361750
412250
163000
358375
236125
4125
185625
281875
465625
180750
219000
422625
402625
401500
272375
1000
62875
237875
223875
118500
428625
192750
309750
430125
12875
162625
50125
35000
385000
495500
227000
336000
248125
468375
176875
219875
262625
191625
124000
244500
391375
352375
427625
261500
486625
130125
161750
181375
478125
371750
84500
186625
3250
239500
134000
306750
469375
2375
10750
393875
129000
107750
349125
113375
412000
224375
50375
485375
493125
482375
44625
445875
250375
452625
158000
43125
258375
230750
58750
418500
362000
2625
89000
316250
5750
191000
228000
474875
310625
364250
408625
365000
240625
17500
410750
157750
180375
51250
95250
189875
206625
419750
197750
416250
233625
304875
385125
214875
301250
358375
366000
392125
162250
262250
284000
222375
162750
206625
494375
74250
47250
39250
250750
315375
494500
252125
194125
395000
51875
292000
122125
220375
130875
254000
158750
330625
191750
167750
136000
43000
110250
412375
307250
340500
436750
237250
264500
459625
141250
161000
143750
303125
398625
318750
88125
464000
110000
49875
314625
425250
213500
294000
2000
331875
364125
17250
294625
492750
180125
328625
498000
178500
96000
7375
377125
139000
485625
3000
185500
487750
32625
177125
211875
12875
231750
441375
28125
397875
214125
422500
171250
394750
20625
363875
165875
115000
453375
415375
276750
264875
389375
9750
69375
165125
101875
498375
370625
270625
227125
101750
238000
69000
351875
106000
497375
142500
77250
170500
189000
47625
345500
101000
479375
115250
250
313000
76750
61125
378000
444125
47375
174750
206875
487250
29500
345125
378500
480375
378750
310000
268250
117625
165000
362750
13625
55000
111250
238625
154125
208375
278125
233000
475125
15625
201250
453000
343000
416000
249625
489250
16625
298125
382250
300625
179250
443000
101750
457875
125250
296750
304500
476875
404375
36500
257500
380000
373250
330750
448500
481000
357750
286750
46875
96250
6375
390125
152625
423375
420250
447875
259875
94375
188625
416375
307625
361500
41875
104750
28375
102375
428750
494125
330875
61500
86500
398125
358875
491750
201375
4625
216125
119875
255125
108625
253500
160750
254250
151500
403750
129000
262625
155625
193750
419500
133000
490250
199250
209125
173375
147125
141125
221625
328375
379875
440875
483250
437250
189125
335375
404625
193375
359250
413125
50625
60875
324250
253750
305125
449375
438000
358375
309625
93500
302625
222625
359250
488375
414375
179375
266125
169500
249125
278625
126625
275125
472625
425500
273125
256000
388500
118375
230375
476250
417625
342875
264250
186375
129375
414250
285125
255125
173375
183125
271500
299875
91500
53875
193000
346125
327750
215750
63125
232125
65750
335500
472000
123625
39375
359750
66125
5375
475625
203250
395250
64625
442750
75625
359750
214625
158625
149625
171000
262500
476250
365000
474000
424375
237250
417750
47750
192875
117375
35000
271500
293000
248375
283500
313500
177250
79125
135000
105250
340750
389125
88250
214625
429500
442000
10750
31750
376250
59375
455625
442125
454125
226000
158625
460125
190000
435250
134000
406500
460000
402625
176125
154250
439125
424000
109250
9375
142625
335250
397500
233125
60750
68000
369125
355500
458250
130000
343625
124000
90250
438250
338875
409500
253000
13250
163750
388875
28500
360125
24875
112250
494500
22125
470125
86375
409125
182875
351750
323000
159125
266375
134625
425125
160750
435625
144500
320500
453875
477750
40500
42750
456000
394250
370375
248125
26500
173000
239000
27250
465750
170875
498125
368000
43000
67250
48000
34500
146375
144750
102000
341000
281375
75500
121750
252250
299750
390625
73000
29375
131000
192625
393125
335375
244500
30750
157125
497000
37625
272250
47375
245875
285875
22875
488375
228375
292500
340625
340750
114375
249875
372250
499000
63125
496750
210000
401125
401500
296375
316000
390375
188375
149000
193250
459750
140500
370375
398000
362125
38750
461000
126375
55875
40125
375125
34750
462250
124750
366375
393250
71375
8250
470250
440750
221750
279625
208250
328500
356500
155875
149625
99125
335250
420875
82875
150625
140125
229875
457000
80125
192375
149125
428000
266000
31875
1000
328500
321500
475500
336125
295625
8125
258875
35500
258500
380500
5250
193875
222500
338000
134500
410000
59250
74250
214625
181875
403250
476125
76500
457750
267000
87000
402875
418375
457250
474500
9625
343500
409375
486125
94750
9500
18875
220625
226250
106750
234000
255625
124500
344875
298875
389875
190125
187250
327125
113500
383500
286000
25125
292375
256625
311875
263750
466375
292625
321500
20125
246500
352500
378625
52750
120000
443000
131500
419500
269375
96875
273750
187750
48000
402500
135625
92000
346750
266000
102625
13375
14750
236875
433000
295875
474375
439125
358500
70250
216875
217000
210250
487625
321000
211500
13000
345250
277750
195250
81875
280125
141375
257000
154750
66375
281375
210250
329125
205250
319625
429875
387125
276250
101750
221750
137125
474500
137500
179000
284625
469125
325500
54250
271250
154375
181000
50000
310375
65875
26750
66500
62875
340125
72000
434000
17500
5250
434375
479125
36000
133250
143500
16375
379750
478750
161125
333125
313750
223625
92000
331250
430000
419375
291625
255750
39125
235375
41875
82250
389000
178375
385625
340125
157875
226500
3875
139250
196250
311375
470000
147375
247625
327375
421750
172500
11125
168250
475875
102000
217875
162625
458000
58875
181250
80375
61875
316875
433250
406375
338250
376000
16250
272625
385375
298375
305875
497875
140375
155000
174375
443375
363625
254750
303000
118250
441000
333250
373000
43750
313375
119375
468500
294125
497375
304875
57000
255125
79250
251875
232625
185250
249125
241500
30750
168750
21000
312625
297500
145625
387750
101000
10500
52250
33875
335500
405125
305250
264625
237625
95625
467875
416250
28625
32250
77500
277875
324250
200625
414250
287125
168500
60250
108125
201875
346500
440250
305000
299875
293875
304500
64375
421750
367875
420375
457375
407750
13375
113000
83375
150875
429000
478375
495625
23875
488000
264875
367375
70125
152000
347125
225125
96125
181375
394750
49250
318750
101625
295000
316375
184625
201500
329125
77125
125000
130250
174250
157750
404625
435000
329250
55250
151875
209625
383875
362750
330500
241250
340625
475500
377125
151500
335125
6750
401250
453125
103875
347625
19875
237875
294375
18250
130250
17750
250750
463625
144875
407875
187500
296000
403125
283000
345250
280250
477500
226875
335875
439500
55875
46625
326875
71750
466250
433000
152375
253750
93875
231500
377875
262625
383125
265875
245375
393625
96125
310375
308375
366125
328000
471375
471125
219500
282250
329125
300000
209000
135500
395750
412625
292875
395000
239875
134625
319875
296125
443875
345125
125125
40625
275125
292125
456875
284250
37375
47000
77125
488875
145625
97000
375625
269375
403750
152125
422875
401000
356000
184500
240875
332500
455625
341500
166250
482125
171250
30500
266875
85750
427500
92750
480250
84500
399000
273625
54125
297875
159000
226250
400125
227500
191250
51250
23500
300000
92000
453125
89500
114750
198625
361750
166500
19500
396750
445500
454250
1000
276500
170250
379375
298500
394125
194250
330125
68500
466125
93000
36250
255375
41750
393750
341250
219375
121875
6500
240750
3250
207125
233875
58000
242125
248000
42750
233250
399875
54875
155625
260625
78250
2250
20125
64750
97000
187500
40625
345375
328000
387500
422000
367000
195375
400625
296875
83875
331125
176500
125750
382000
161750
228125
428625
363750
114500
435125
290125
88125
380250
36625
6875
303250
345250
355500
447500
146000
404250
422250
142875
393375
153625
118125
238875
409375
408875
259000
282625
446625
425750
113750
444000
218250
322875
426000
108750
197750
6500
243000
51250
289750
119625
232625
149875
25875
396625
378875
163375
333375
383625
1000
95625
496750
344750
165000
423000
442375
422875
399125
310000
456875
354250
297375
352250
477250
249250
376125
441250
410625
213125
194625
117125
341125
1000
370625
360375
23500
327375
204125
222375
331000
409750
171500
146250
358875
172000
75125
193375
168625
750
432375
442000
289625
460000
82000
101500
252875
435875
424750
192750
49750
493375
381375
142750
165625
163750
445250
484625
63125
224875
461875
80250
197125
101625
432375
121750
358750
386375
447500
120625
207125
121125
265750
337250
287500
53625
390625
286375
121250
125750
247250
283000
313750
110625
393500
130750
102250
470875
251500
5625
55000
119375
347125
7250
455125
326625
94625
469125
27000
238875
441500
176500
125250
15000
102625
299125
485875
442500
206625
394250
28625
302250
307000
182250
94000
295500
418375
468875
414000
484625
384375
31125
151250
82625
119250
154750
15625
147000
265250
239375
74625
464875
215375
131250
394000
153750
413250
223000
71375
409250
20250
248125
366000
156000
342250
9875
429125
259000
179375
371375
255125
64750
238875
251750
110125
145625
32500
41750
246000
426875
347250
87125
417375
263000
44875
156250
396000
216000
17375
78750
423375
216875
406875
35000
448750
134000
428750
484875
50500
224500
410750
437625
273750
253875
6000
458125
378625
307000
446250
27250
404875
188125
43625
291750
77125
336250
180250
278500
450625
136750
473250
18500
64500
124375
473500
309875
19875
415625
388750
421875
361125
366625
452250
114625
464125
363375
168750
77625
116500
65750
239500
333875
195625
242500
349375
248625
326000
372000
481250
373000
292500
87375
192625
248875
222125
379125
387500
459375
218000
407500
394000
280625
411625
356375
126125
205000
277250
395500
10125
141250
77625
396875
347625
61375
224875
108625
59500
411625
21875
24875
302125
166375
89000
454500
342125
84500
283250
203750
331125
262875
134500
248625
379125
79375
445000
365125
368125
396500
104875
146000
109125
280000
270125
291750
232875
144000
44000
49500
269000
416875
284875
445875
90625
282375
410750
369125
404750
480750
290500
293250
67750
347375
252000
314000
66750
485500
393000
27500
108875
195375
208875
113875
357125
224500
299875
177000
435000
389125
108000
68500
377250
459000
329250
266000
313375
155250
265125
214625
139125
484625
462875
363000
400750
199875
5875
235000
24625
266000
297500
458500
343375
497000
333375
5375
404375
358500
15000
491625
4250
463750
291500
384250
46500
352625
82000
124625
481375
108375
87125
61250
145000
259125
223750
71625
164750
163375
239125
354625
67375
291875
462625
281125
110250
52375
80250
324625
230250
120250
377750
167000
80375
378500
409875
459750
280500
29125
142500
112750
169625
320750
207375
285125
281000
67250
136125
86125
238375
436875
202375
231125
330000
37750
278625
94750
13250
464500
45625
237500
118125
93125
47125
93750
314000
45125
173750
10375
333500
31500
273750
300625
485125
319000
388875
416125
206125
275625
434625
57875
81375
75000
86625
208250
239500
115375
348500
482375
187000
188000
179750
195375
118625
456125
358500
166875
407750
181875
246500
450750
309250
2750
394375
284000
86875
18875
355375
286000
387375
387625
46625
113500
168375
13125
7250
316625
18875
203000
455625
482250
306500
74625
385625
381625
78375
491875
318875
245375
141375
396125
178750
455875
54000
193500
127750
105500
189875
150625
176750
421375
96125
490250
55125
356000
26375
30250
495250
343250
203500
124000
43000
166125
119125
274625
498625
203250
185125
124125
86875
212625
301500
154875
481875
433125
263500
483500
240500
304125
37125
341625
425125
93250
366625
298500
210750
396375
238375
265375
493250
323500
83625
301375
209250
56625
375125
351375
265750
270500
373500
339125
17875
399625
251125
264750
58875
9125
392375
331000
188000
419250
439625
62875
30750
321000
62250
119375
440500
322000
427375
213125
384625
496000
294625
249750
241375
164750
413875
207875
337625
483125
390125
268250
118500
112625
381250
433500
244375
50875
203625
331375
101250
449500
240375
149375
372625
331250
334000
371500
359750
191500
264375
253250
452000
356125
239500
132875
123125
13875
102375
90750
317625
443750
306750
142500
84125
183375
134875
167375
297750
181750
256250
179625
254875
394250
342750
275750
266125
119375
137250
94250
247500
68250
468375
80000
426750
110125
145625
173000
448375
70625
376000
147750
204375
3750
458000
296875
281750
394500
11000
389750
385625
224375
409250
162375
115875
211750
165000
13375
426250
363625
198250
434625
30375
462500
306375
284750
451875
229750
487250
241500
53250
306000
169000
333125
445250
229750
482875
166000
226000
25000
44625
347625
127375
253750
313625
219375
352000
385750
226875
277625
487625
39750
76750
147625
343750
438375
89375
310500
74000
414000
100125
309375
388000
191375
21125
498250
387250
428750
320375
325250
127875
350250
331125
164000
29625
80875
424375
344875
229125
367250
30625
302375
25625
322750
91000
88250
466250
457750
172375
431875
272125
57125
66875
435250
95625
145375
462625
350125
301000
155750
209500
433625
366750
108875
484750
305500
47750
253125
488500
186250
267375
58500
184000
259750
18875
102875
396750
231500
365250
40375
482750
340625
482000
346875
270125
334875
7500
95000
129250
427375
381500
194125
193625
274125
493625
36250
192875
127875
36375
37125
53000
482500
84625
403250
293250
116375
386750
51875
412625
144000
183750
140875
442750
23000
489500
165875
433625
274500
114625
463625
147250
173750
264125
54500
79000
225750
215125
334625
198875
305375
294875
451875
452875
84625
41000
296500
58125
218875
447875
36375
369625
29125
204375
226250
76125
366375
82750
149500
28000
173500
63625
125875
236375
347500
487875
492250
9000
287500
442625
219750
245000
401375
38250
244750
347500
439250
106750
104500
189250
278625
469625
191750
290750
181875
426500
243875
409125
105750
412000
152375
344250
42875
201875
460750
131250
96000
3375
469625
411000
46000
227125
382625
179000
338875
377125
386375
139125
138125
456875
211000
457625
370625
119000
352625
486625
21250
480750
112375
57500
332125
60250
273500
465375
9625
16000
339625
126875
414250
210000
230375
487250
232625
299250
465500
359500
368500
382875
108125
75125
335500
438750
466625
174250
409875
490625
110000
101000
41875
194125
242750
139500
496125
58875
352250
274375
304750
201375
97125
66250
157250
414750
225500
277500
166375
66000
148125
181125
158000
18125
328250
202875
330750
71375
214750
206125
191375
107875
274875
40500
399500
78375
42375
362875
413125
346875
426875
442250
258875
105000
60250
328375
27625
323875
117250
72000
278250
114750
53125
135625
169625
194250
258500
329000
14500
17375
266000
464250
341750
401375
418625
24500
308375
275750
365500
450250
274500
270875
341500
452000
335375
229500
48000
348250
116750
125500
353375
6500
111250
200500
319875
213625
266750
213875
297500
68125
406500
156125
427375
403625
384375
246500
315875
43250
123875
121250
120250
188625
70125
105875
94000
66625
93250
277875
363750
112875
368000
365875
88875
467250
308000
233875
39000
470125
164375
332375
116625
360000
105000
6625
489875
27250
174250
413875
2000
412125
305000
142250
108500
401000
232125
79625
472125
361125
207500
113500
282125
141250
47625
56375
186000
178000
131875
314250
305500
12125
429500
212750
86500
415250
357750
247125
236875
386125
438375
122875
219625
234125
410750
13750
198000
462375
495125
282000
470500
198500
440750
283375
82500
12375
314625
95625
296500
133375
457875
208250
190375
478625
484750
429625
330125
232500
479000
289750
419000
79250
263750
484125
467750
428625
111750
74375
187375
295750
453750
293125
324125
250125
208750
478125
487125
357625
200750
339000
267000
128375
269000
355250
265000
76625
129500
498375
210875
143500
403750
152750
279250
262000
73000
81375
465375
157875
195375
355125
396000
368125
99375
59250
20375
454250
485750
93125
263750
319250
52250
33125
200875
258000
144250
370250
68000
37125
10750
337625
307375
246875
215750
59500
57000
104625
193875
340500
187875
433250
56625
71750
82125
194500
251000
467375
253875
90625
395125
163000
127375
128625
116500
373375
416750
421250
274250
23875
138750
155125
139500
306750
442625
449625
49250
388625
450875
350500
264625
181250
317875
58125
198500
54125
53875
341875
99625
340875
463625
185500
143875
423125
260250
57125
476500
450375
473625
301125
490750
267125
471875
261625
378750
172375
171625
442750
208000
203125
159875
303000
312625
422625
282375
111125
236000
386375
33125
429625
196250
410750
333000
114625
71000
276500
370125
399375
91250
307500
166500
388625
184000
239375
70375
260000
459500
137875
305750
249625
38250
254750
379375
280750
212500
287250
260750
458875
375750
246750
279625
84000
431500
327625
268625
12625
87125
269750
140000
498000
263750
387750
42750
458750
393375
243625
417250
44500
456375
301875
355625
128500
51375
417750
256000
146375
220000
442500
119250
309125
469500
22250
8000
28375
80750
170875
405500
306125
263625
158250
196125
284750
152625
49750
353000
102500
253875
226500
483875
126875
324750
223750
96625
190750
330000
275125
444750
355625
413375
479375
34000
128500
439500
284250
425250
22125
287375
439125
139000
262875
243500
340625
206250
190250
305625
100875
96250
199250
496125
351375
216875
497375
371625
354500
495000
323375
113875
86250
89000
367125
260000
376500
334875
192000
337125
255750
234750
335500
493250
51750
59375
409500
297750
412250
285000
205125
89000
239750
19875
403250
487500
429250
47250
255750
256000
68750
310500
221750
189250
249750
295375
199875
74875
68875
141625
62250
329375
327375
107125
336250
86500
351375
42750
77000
297375
111750
51750
389125
266125
113750
78500
210250
203375
418375
402375
492250
500
185875
6125
348125
499500
389375
170875
404500
37000
407875
280875
127000
170875
78500
197375
407000
253750
105375
139000
396375
225375
382500
97125
324875
419625
265500
471125
362500
194000
10875
180875
398625
875
408500
256125
498250
87625
223000
298500
120750
181375
168500
336000
44875
261375
243750
152500
466375
45625
4750
191875
298625
160375
311125
492125
147375
49250
194375
157125
443750
138375
17000
269750
169500
483375
408000
12250
234375
92625
218375
261625
499250
394625
21375
93625
291250
63125
246500
119875
30125
397500
148125
232000
2750
317750
177000
307750
39625
445250
295375
283125
296250
352250
448125
40000
59875
59375
231000
449500
444250
273500
474500
106875
259375
444500
93875
100750
96375
183500
161375
210500
108875
92375
70875
58750
31750
8500
427125
103375
232625
315000
383125
264125
103750
213875
458875
355000
372375
187875
388875
442125
294500
484875
274375
385625
123375
433250
412625
120375
35625
329500
267750
498625
289625
269250
219625
170375
208625
155625
156125
393625
13750
193500
200625
247500
304875
255000
416625
53375
470750
195875
288625
149875
227750
214125
52625
112500
410625
323875
441000
179875
456000
303750
484625
92000
195375
418750
473750
338625
152750
282125
167375
209875
185250
487750
439625
95875
150625
73875
316000
466500
249625
242000
256875
431375
43750
44250
432250
294500
468125
480125
54000
1875
24875
54000
406625
49250
489125
420625
123875
54500
258375
18625
407500
34375
134500
456750
150000
420250
183625
409875
360375
397000
152000
385625
57000
406000
285125
166250
216625
422625
203250
76625
46250
69375
160500
94500
325125
429750
401875
473125
397375
12250
244875
124500
15875
370875
268500
211125
383875
72000
267625
89625
404375
131875
181250
21750
363625
400375
310875
391125
376750
492250
26250
152000
136750
97750
122250
72625
166750
247750
188625
167625
429250
199625
127625
462750
279125
194375
74625
246250
47500
109375
33250
84875
483375
458125
351625
413375
284125
481500
272000
113500
35250
450000
444500
133625
489250
25625
461500
243375
62875
51000
172375
435125
274125
303625
197250
492375
188625
443500
31125
397125
491875
380500
427500
429875
304375
147125
262500
171500
333125
468375
123500
364750
15500
242875
1375
288500
137625
28000
4875
469750
296125
342500
212500
70250
415000
222500
44375
296375
379000
44875
229750
370750
8375
391250
189750
300000
230000
429500
44875
275125
458000
404375
108375
283875
284125
318250
271500
247625
102000
36250
379000
210375
337875
96875
199250
248750
279625
144000
88750
41375
182000
462625
257125
218125
292000
445375
330250
474250
323625
48250
394125
50875
21375
64125
290000
101875
4500
70750
365500
485625
260250
177000
31625
69000
319125
293125
96000
464875
157875
459125
13000
55125
59500
62625
255875
349875
457375
49500
196375
335625
291875
218750
8500
202125
322625
463000
482625
177750
495250
407375
487125
374250
472500
341250
181375
211875
34500
390250
414125
102000
333875
270125
287750
215875
195250
260625
449750
57375
51875
454625
411125
366750
34125
139625
183750
291875
64750
327250
333625
458125
263750
223500
343000
99750
469000
148375
359250
450375
467000
335625
175875
399125
457875
472750
232750
47000
416250
439625
69375
484000
30125
152125
409875
195375
105000
493875
222125
227125
374375
156625
298375
26750
477000
361375
195750
237500
428750
432625
367875
191500
268000
51875
1000
447250
120875
145625
414625
159125
225125
429875
413750
95625
287500
352625
390875
11750
251875
456875
11375
270500
314875
170125
75125
49875
461625
213125
385125
214500
459125
318125
355000
445875
268500
450000
12125
189000
350250
128125
216375
312000
301250
107125
317875
280375
122625
3125
393875
151250
381750
175250
454125
81750
348875
290000
227625
314875
236625
72625
257750
309375
75125
78750
223250
361250
443125
421000
391875
447750
85000
482875
317000
323875
499625
282000
168750
244875
274875
307000
209125
44875
61250
288000
497000
127125
387750
220000
46125
228750
5750
295625
224625
181875
211375
298250
196000
147875
471250
360250
396000
410875
163750
4875
183500
158125
322875
281875
397375
47750
386875
170875
472375
219250
53750
426500
175750
274000
234125
383125
190375
278125
86875
168750
244750
318250
235250
251250
259500
165125
191875
130750
291125
72250
369500
229125
98875
373750
466000
381000
490750
140375
50375
253750
69875
354125
269875
185375
29000
229375
147375
405625
46625
110750
52125
495375
333500
93875
429750
464750
233125
376000
95625
58750
408250
360000
434000
439000
134500
145750
308375
387125
471875
309750
227250
455000
229375
183750
317000
159625
159750
64250
286500
195250
358625
416875
71750
29750
17125
227750
485125
206125
219875
323125
365500
4000
122375
12750
439125
121125
132625
245125
381000
71250
415750
214875
357250
385250
437500
87500
445750
424250
215000
201250
222125
362625
129000
51875
20750
55625
407000
294500
61500
450000
135125
210250
368875
269125
352500
125125
469000
14500
272625
58500
382500
164000
453750
350375
283375
407500
497250
44375
107500
46625
393750
439750
481625
275125
168750
458750
450500
312000
146125
261875
181125
439750
145125
291625
128750
165500
69625
180500
465875
110500
17875
89250
204250
408375
232125
116000
248250
112750
3625
145375
404875
61375
435000
426750
471625
7375
80875
172125
84000
1125
437875
400125
327375
109625
261250
478625
327750
463375
288750
5875
320750
91750
106625
448375
397250
19375
478250
214000
447250
340375
347625
77125
129250
11875
125750
169250
59500
382375
276375
387750
287875
366750
492500
388625
390875
179375
286875
274250
345250
450500
85250
292250
357000
409250
110625
350875
172125
216375
459500
247750
491375
141000
216250
167375
235625
384375
321375
38250
7875
463125
446250
343875
137500
99875
125750
242375
174625
76000
292625
281500
224250
385875
41375
82625
305625
242375
356125
123750
427875
178000
470125
172250
387250
322000
100500
306375
334625
211000
372125
260750
16125
49000
97500
439875
355500
362750
143875
344375
450375
441750
157125
219000
151000
496125
324500
275625
313250
493750
18875
193625
239875
75250
381875
278125
81875
402000
283375
37500
237625
441625
225375
411375
194875
158625
25125
162750
353250
339125
442625
417250
344375
196375
80125
434500
41625
4250
154000
146625
463250
306375
25500
132250
347125
75500
85375
261125
479000
144000
339875
483375
403250
64000
364500
441500
91500
59375
324500
119500
197375
180000
448625
84750
443625
462500
32250
346250
434375
121250
256125
335000
250250
71625
115000
61875
152250
309375
23250
123500
324500
51000
161375
407750
486875
16750
291750
166125
165000
229500
369875
496750
139250
495625
120875
281125
259500
115500
288500
17625
68625
50500
446625
286625
101625
384125
310000
261875
246625
407875
211250
264625
362125
370375
402125
144875
283125
234875
102875
240250
290000
420750
348625
133875
105875
433750
474000
333750
219000
246000
419875
91250
323000
454625
47750
385625
352000
98875
478250
94875
376875
474000
180000
431500
226875
52750
49875
166125
299375
137375
400500
178500
273875
96125
264125
466250
171875
77000
99750
421625
156750
189000
281000
362875
288875
625
475250
318625
272750
290875
230375
72625
478375
123125
16500
227125
473750
305125
346875
50500
182625
139625
335250
392625
335250
429875
366625
12125
104250
32750
96750
63375
339750
15500
80000
182750
192875
327500
155750
140250
54875
291500
497375
253375
137750
417875
367750
110125
69375
74875
388875
473000
255500
132625
146875
96875
133500
377750
259875
410500
354750
351625
124000
182750
483750
36875
238750
62625
466375
86625
55875
285875
293000
139375
14625
356500
138375
437625
404750
424250
416750
20625
10125
228625
17000
462625
74000
406625
223250
110750
298500
449125
497250
96625
388500
10000
162625
287750
28625
76750
176000
381000
235375
34500
26500
125875
276375
189000
423250
213000
366500
331750
355250
45375
394375
204000
162875
9375
431625
284875
107875
7125
149125
466250
343875
306750
157625
168500
448500
47500
8625
440500
101125
296875
256875
25125
198000
253250
118000
177875
91000
283000
24000
388000
123875
308500
480250
426500
7000
99500
58750
46625
206375
222625
291500
453250
324875
17375
205625
129250
271625
298375
29750
452500
172750
434000
251375
248375
194875
309625
150500
346125
445000
158625
220625
496000
377250
152250
18750
19500
93500
80375
362375
366500
333375
115875
488250
485125
59250
227125
395875
227250
11000
320500
259375
68500
473500
347000
381875
88000
299750
240875
305250
324375
427875
355250
298625
402375
218750
228750
52500
180875
96625
242625
285500
287875
260250
310250
290375
264875
354375
431000
123375
141125
478000
51750
115750
294750
282375
98875
375375
242250
244000
294750
256500
376000
183000
347500
185375
258875
147000
339875
445250
286750
367375
381250
319125
217750
157625
124375
64875
91500
173250
112375
335500
438250
391625
231875
366625
282625
67125
225000
3250
294500
162625
421875
40000
360375
497000
106375
364250
15750
105375
89375
335625
267750
453125
271250
2250
411125
132875
141250
454750
363625
146500
229875
498500
38000
390500
287500
30250
291125
413625
244000
59750
187750
106250
305250
434000
219375
357250
95250
317500
28375
452875
275875
150625
174500
60875
196000
421875
487000
200625
159875
419000
129000
89500
222500
176125
170250
46000
397625
470375
179250
146000
167250
408250
208625
57875
388250
62250
61125
410750
244750
128875
495750
444125
458750
149625
182375
49250
386125
225375
420375
312250
235625
204625
497875
472875
37625
418625
7125
332750
477250
293250
401625
198500
461000
459750
32875
453250
301125
299000
60250
456125
477875
384625
468500
286125
396250
338875
62375
485625
76625
59000
33875
322375
139125
354625
221625
464000
77875
385750
19250
178125
189750
458625
57625
210125
141375
181625
154750
74250
480000
356000
499375
492375
210000
252500
382375
106250
120125
57750
209500
68625
486875
182500
38875
34375
389750
212000
130875
377500
246250
236125
49250
392750
414125
181125
346625
496250
122250
44125
461625
213000
10750
211875
293875
199250
323750
423125
495625
451500
389375
433250
98375
209625
315500
342125
490375
159250
209750
424125
221375
216750
434125
184375
312500
244000
240625
483750
42875
35875
363000
123000
188500
499375
281125
161625
458750
374625
194125
143500
455625
264500
170625
400750
356750
451250
245500
381625
299375
311625
115250
405250
27375
156750
125
22250
376000
410875
49000
193500
57375
463625
303000
484500
430375
61500
381750
280250
121000
54625
184125
208625
257375
452625
182875
162500
182875
48875
456250
143250
232500
62875
284125
415125
244250
20125
295250
52375
162750
476000
409875
425375
425875
110875
349250
296375
125875
393625
148000
450750
495250
401500
153125
441125
259875
302500
377125
254250
400125
405500
86375
66750
441500
367625
188125
452000
159000
338250
158500
141750
467750
466750
154625
98375
258625
464250
380000
229250
106375
434750
142500
352125
440875
254250
411750
256750
165750
61500
456750
466250
447500
91750
278875
102750
396625
145250
489500
367625
166625
277750
421250
197375
413625
313750
325875
419500
311375
199125
295000
22125
47250
56625
156250
459375
417250
152250
291375
82500
62375
380625
324375
434250
351625
354625
165125
254250
465250
194375
136375
264250
261750
210000
382125
174250
19750
392375
214625
407750
410375
138125
448875
437625
450375
13125
232250
43500
466625
282500
74625
380625
393125
318500
143000
56875
292250
137875
343750
63875
354375
274375
246625
81625
84125
149625
340500
79375
153125
469250
339875
362125
10625
304625
205000
335500
239875
40375
145875
171500
252000
499625
44500
190500
428250
386500
295625
24750
495625
7375
401750
163375
135000
48250
232000
30375
336000
312000
63000
476125
36750
271750
473000
389625
195875
373625
378000
74375
154375
224250
387750
222750
85125
338625
472000
79125
318750
483250
425625
365625
353125
263250
414125
179375
229750
82625
211500
117500
364750
51750
300625
434750
245625
406500
92625
397625
132750
191750
290875
81250
292500
144875
200875
331500
324250
35250
116500
173500
104375
460125
371625
366125
335750
319750
456250
318875
434000
404875
15375
158000
109375
424250
304375
114625
218375
436875
421750
68375
91875
294375
246625
327500
133625
252500
64625
469125
497125
427375
204625
157000
131375
71750
245000
117250
26125
283875
62750
325250
402750
421625
259375
242500
128875
152500
309625
219125
274750
341875
439750
409625
480625
364125
36625
311375
8750
426125
173625
407000
182000
103125
451375
211875
155500
9500
360375
18000
144000
455000
265000
468750
139000
4250
254125
302750
65875
107125
19000
458500
53000
492125
325250
195625
298000
280375
427500
104250
104875
1125
470875
171375
101875
268750
76125
125875
239000
364000
276750
255375
467625
284125
61250
96750
13750
407375
67000
41750
215750
363500
131500
148500
88500
223000
5250
34125
142625
69750
182625
317125
469000
200500
143750
138000
100500
315250
261500
189250
332875
174625
297125
312375
432375
381875
471250
88250
250000
338375
468250
425750
449500
132250
334500
91375
239875
257125
159125
287375
262250
459625
20250
117375
495750
174875
86875
437500
108500
318000
170500
273750
272875
388375
452875
476000
61250
51250
474000
390625
426375
403875
13625
270125
258125
336750
282625
190875
278875
265875
169500
159125
463125
333000
188125
187250
460500
11625
447250
4500
156500
24000
478500
274000
201250
367875
6625
333625
489250
288000
11750
454125
498250
151250
454125
161875
248625
39625
130875
357625
271750
332250
171375
120000
196625
232500
389250
282125
6625
193375
116250
98750
411875
323875
316125
128625
169750
408500
469750
247500
459375
202375
60250
326500
268625
43500
280375
4375
115625
496250
18625
62250
206250
426500
44125
441000
13750
385125
297875
213375
80000
155500
188500
250875
137625
321000
306375
353375
44625
220875
44500
393000
314250
109375
54500
50000
408500
447250
219375
455875
198875
125625
44125
336500
372625
20750
358000
197125
69500
202250
113750
315625
56750
232625
19000
291875
204750
254000
72625
478875
77250
448375
226625
257500
29250
8375
388750
272375
420500
177875
238125
11750
404625
6375
347500
243000
445875
429250
493125
255375
134875
254875
499875
467500
135500
192125
182750
352750
87875
58250
201500
100125
366250
137625
223125
79250
179375
46000
490750
140250
220375
450000
44000
463375
280250
417875
478625
392750
489750
435375
479375
286750
72500
286000
74500
124750
362875
233000
7125
360500
402750
336750
272000
348125
403375
280000
440250
458000
447625
74000
251500
352250
22375
423000
59625
361000
476750
278750
29250
444750
366500
217750
140500
242250
381750
189875
493375
262000
170250
437875
34750
38125
323625
348125
339125
409875
482875
274500
77750
220000
117000
54250
13250
196125
441875
155500
452000
104375
236750
204375
50000
102000
363875
399750
11125
392875
161625
86625
359125
414250
344625
358125
61000
408625
177875
31375
474250
12375
308125
431750
42625
53000
86125
186500
163750
454500
437875
146875
124125
352125
435625
465375
88250
127500
68125
4000
358250
289625
111125
210500
287125
156500
25000
432375
92500
303375
372125
13875
196000
434625
414125
2750
445125
399625
370375
313750
29625
490375
337375
312125
223375
71250
60750
25125
150250
324625
450250
497875
201250
291500
53250
488500
344000
111750
202000
44000
384250
316625
458125
86625
15375
3625
211875
171250
185000
6875
92750
442625
450250
194750
299000
477875
116750
8375
174375
490250
263750
23625
370000
260375
274750
53875
394625
44000
96750
455000
255375
479625
419250
363750
66500
184250
451750
98750
456375
495125
360875
429750
480250
272500
207875
10625
378125
403500
390500
251250
483875
168125
423750
127875
2000
78125
58125
3000
195000
144000
96375
401250
383375
466625
432875
172125
431875
462125
475750
114250
258250
18500
328125
494875
371875
162375
130625
437000
477750
263625
408375
142500
271875
21750
96875
88750
388875
174125
245625
406625
72625
227125
398250
221500
173375
144000
371750
220000
421625
198875
66750
41875
116875
151625
153375
378000
206250
130875
468375
8875
348875
169625
225000
341125
486125
177750
242125
376500
454000
199750
305000
279000
290875
416750
5000
222750
64375
62375
426875
335125
6750
385875
163000
363875
363250
249500
147625
10125
59125
389000
4875
325625
118500
132125
163750
294125
116875
459500
314500
46875
468375
226000
411250
487875
200375
11875
436000
268000
343000
208750
33625
95750
249875
166125
220250
168000
204375
95500
353875
109500
76750
328500
474750
493500
253625
102500
246875
252500
311500
337625
245375
154125
59000
223500
458625
139500
300875
442750
157500
276625
189000
2875
342625
417625
358750
346250
165500
32500
195250
388625
67500
215500
42500
463250
109000
207875
80875
439375
270125
271625
309000
475500
437000
354000
200500
115625
110875
189625
138625
381500
169250
170875
92625
246625
240875
487375
111625
425625
381000
133125
242500
243500
291125
163125
335000
53375
139000
204125
315625
442125
248500
165750
456375
183750
321500
313125
264625
233375
246625
356875
425000
114375
426250
478500
445250
216125
363375
288000
415875
54875
286500
160500
137500
195125
284125
75375
466000
452750
251375
228500
875
317750
412625
90250
204250
473750
244750
238125
441625
315375
493250
168250
451000
124750
346750
225750
481875
53250
81500
102125
294500
77375
240625
341250
31625
235250
12750
391625
25750
253500
129125
132750
63625
188875
241500
492500
136000
12500
98500
420750
302875
40625
185375
438750
131625
51250
382500
24375
289500
382125
498250
29500
362500
487750
114750
3125
378750
222125
212750
306125
242000
177875
459625
267500
254500
122875
454125
78750
422625
130625
225375
171625
279375
12500
414000
291375
485875
225250
444500
492625
318750
193000
411875
448750
346500
473375
247500
464750
71000
466750
339125
358625
417000
124875
377500
39375
237250
78375
5875
400750
359125
351500
480750
349750
141750
254000
494125
141125
120375
133375
411000
342250
385000
424875
418125
26875
114250
372875
469875
117125
319000
208500
54125
343375
481750
185875
25750
424125
478125
466750
71375
264750
336500
349750
163250
366125
61750
187750
493125
207000
294500
447000
177750
299875
183625
457500
299625
246875
84000
217625
88875
391250
181375
86000
301500
392125
0
119875
35750
424375
344500
98625
65625
314500
361750
492750
87875
175750
17625
197125
185625
488000
347250
492750
103375
140500
200500
36750
99375
388125
339125
194625
419875
270125
101500
182625
227875
403500
106000
325500
489750
91125
39375
221375
152000
456625
41500
295125
37625
285625
384750
44750
111000
299125
233625
294000
43250
191125
363750
386375
92750
496875
46625
166500
229500
293125
374375
1375
236625
68125
75500
422125
19875
31375
145750
2000
196750
401750
111125
472250
303875
242750
386125
450000
499500
239375
24625
29750
324000
334750
420000
137375
270375
448500
469125
172625
301125
6500
155000
436875
434375
413750
258750
152375
164000
388125
70250
11125
352000
181625
405625
391125
137250
162500
92375
47875
366875
220125
374875
34625
260625
486375
455875
324750
383625
414375
26375
411625
357000
45625
442000
348500
184125
227000
143125
475625
1875
356375
120250
268125
435625
94875
368000
86375
285125
159125
467250
369000
440125
419625
96125
343625
156125
113000
462750
415125
382750
336750
188625
274875
160875
89875
131125
478875
89250
102875
307250
494875
68125
183125
442750
187625
67375
252500
53250
277000
457750
448375
293000
388375
165875
353625
58625
168500
305875
237625
259625
287500
495500
475000
79250
301000
431750
329500
424625
27375
456000
436375
470875
484750
389750
151375
44750
137000
53875
57500
108000
354375
386875
248500
241000
21750
243125
284375
273750
355500
476500
419250
41500
273250
160875
400500
409250
229375
351875
39875
433875
93000
376500
410500
420250
400250
498125
100125
297250
370875
466500
208875
319625
385500
271500
354875
326250
47000
94875
331625
344125
447625
427375
277250
351375
99375
37125
443875
1250
438625
129000
44375
97875
194375
116625
16250
82750
376750
371875
424750
427250
100625
71500
205625
75500
85000
269875
110875
431750
240250
384125
349625
9500
164250
376750
441875
87875
416500
48000
247750
307000
24500
442125
177625
235625
278500
232125
36625
485375
209250
10375
27500
5375
428875
433000
342750
337500
372250
65750
383125
296500
235750
30250
50125
84125
376000
72375
132500
26375
308000
332125
275875
356750
184875
421500
338250
497750
224750
469625
63000
259125
360375
351875
412125
491000
403000
276875
223625
241750
318250
305750
82250
7125
112500
156250
391750
11375
158250
225250
112500
302250
260500
276875
250875
305875
359500
234875
494000
423625
328125
332125
449625
134625
485500
372125
76875
187125
486000
122875
214500
478875
161625
129250
212000
27000
389875
104375
153500
346250
230000
1625
148125
369375
213375
484875
219750
429375
131375
5250
131500
404250
291250
63000
375875
499625
391625
2125
117500
260750
44500
185625
10750
359500
317375
146875
275000
179125
478500
6375
410375
247750
485875
105250
115125
103875
489250
303125
9500
94250
239125
322875
289750
178625
257500
124875
333125
284375
53375
144125
124250
226500
397875
432125
107750
327000
392875
457625
338250
142500
246125
180875
29375
482875
1250
191125
384125
200375
367500
327000
251125
275125
126125
307500
63750
361750
285875
212750
59625
76250
129750
221875
284875
488125
256750
77750
255750
412375
147125
160875
12750
431750
426625
215250
173500
410250
14750
389500
385750
205500
35125
342750
371625
83750
387375
21750
88500
404250
347000
282000
143125
62250
460125
114000
302000
259875
280500
33125
66500
262625
498750
310875
461500
470625
248125
379750
305750
37250
445750
348125
123750
54625
90750
438500
102000
202375
281500
45000
47000
149875
339875
487250
425875
13000
47500
199875
430625
165125
27750
473250
386625
128375
75125
491750
391500
489375
284500
254500
189125
458875
385250
173625
124750
34750
69750
364125
457250
450375
251500
403500
170250
260875
95875
231500
83625
356250
50500
330125
461375
158875
497875
309500
386750
397375
138875
209375
57750
111375
103875
77375
382625
374125
83875
473375
455750
276875
418750
163375
256375
250750
424750
149000
233250
296625
366000
174125
63000
82250
328500
343750
274000
60125
109875
152125
46625
15875
149375
19500
255250
315625
144500
376125
233250
106000
464625
322000
251750
279625
21125
74875
118375
118125
84250
300500
59000
156125
304875
173750
115000
318375
384125
76125
251125
43500
186375
409250
128875
83250
229625
408750
347375
429125
281375
385375
404375
61125
146875
286500
179750
418750
159500
85625
462625
216250
180625
348625
34875
90000
7875
341375
286625
295625
416750
313500
339750
156375
486750
150750
184500
294500
166250
380125
208375
130500
325875
76125
322250
286875
401625
417875
462750
396500
69250
435000
475375
271375
353250
276375
55125
242000
477625
16000
428875
349000
285375
379625
47250
297750
189625
240375
72500
440250
418250
417000
281625
487125
497000
171750
254625
438625
163500
263500
355750
296250
381375
65625
184375
150875
401125
54750
91125
70375
157500
289000
180750
417125
16625
45500
379875
222625
398375
236750
451875
456250
137000
470000
78500
418375
429375
106875
211750
234250
67875
338000
181750
65000
150500
164500
375875
325750
286875
155125
170250
430500
390125
463000
477250
71375
305500
69750
445000
58000
127625
463250
269625
336750
133500
490125
101250
158125
202375
60500
65375
65875
385375
152750
312125
477375
359625
171000
165625
371000
157500
496125
326750
17375
462875
93375
61375
483125
47375
195375
369625
270875
336750
450500
276750
233125
378375
420750
461625
374500
286625
456000
421750
396125
91375
174000
121125
221125
424125
231750
440250
457250
344375
8750
192375
381625
78750
446750
464125
398250
289250
149375
345125
191875
372375
469500
12250
380375
35000
160500
270250
46125
101500
432000
232625
295625
324875
401500
76125
282500
171000
245750
382375
391875
330500
108375
401750
459000
336375
42125
12500
236875
233750
171125
73750
24375
37875
35250
335500
125500
426375
108375
197750
499625
473625
367500
220625
463750
372500
294250
192500
56875
351250
344375
3750
85875
270500
161250
141500
11750
299125
130500
349875
477625
288250
443250
359250
323375
44250
407125
360750
423125
39125
163750
487875
466375
158375
381500
408750
199500
217250
270500
492500
271250
111125
373875
79000
46250
7750
83500
187375
187250
413625
199250
374500
215125
3375
148750
491875
7875
10125
47750
31375
361000
44250
185250
395250
1375
338750
333375
116000
413875
30875
282000
91875
24625
78750
466375
195125
404000
32875
197000
318000
476500
79250
463000
317750
176750
122500
471000
359375
340500
498875
176125
94750
97375
289125
23875
238875
39625
97375
314125
465375
109500
95250
235750
117250
255625
240375
411750
235125
382125
37250
373500
372375
238500
86625
372750
207000
181500
60625
52625
372375
469000
481125
251625
53125
427625
292750
14625
381750
364125
461625
114000
371875
438125
442500
10000
251250
291625
43000
305750
366000
319250
355500
427625
237500
175875
187125
123875
336500
164375
376375
28625
477500
371625
356250
444875
262250
238375
225750
492875
234875
105500
362125
316750
46500
114000
198500
4500
245625
316000
358375
435000
74750
174750
19000
186750
348375
392375
23750
127000
342000
164375
341125
26000
198500
407750
438875
174875
316375
61375
451500
253250
253250
279125
170250
193000
250
496500
243375
73875
367000
335000
436375
346875
124375
11625
222750
437500
184000
290250
159125
37125
118125
320125
357500
160125
90000
288375
480375
101000
159250
482875
492625
95125
439875
256000
164625
269750
40125
36625
51375
77500
454375
239625
750
279625
85875
496875
317375
462875
267375
176875
100625
261625
355500
407000
36875
22000
243000
88500
143750
101875
497500
258625
60500
276750
345750
251125
56625
310375
269125
301375
313500
338000
370750
309625
178500
269000
334625
401125
354250
29875
189875
194875
254875
407125
81875
288000
133875
165875
312500
218750
499625
296500
346125
194875
22125
82250
86250
351500
460875
301500
102625
453375
397500
170375
43125
123250
8625
50000
12875
136125
24000
397875
49750
384000
456875
332625
83875
450125
95875
175500
489500
490500
71375
35875
12125
238625
412125
229500
275625
487750
444750
482500
206875
292000
297250
385625
442500
163875
453750
68875
100375
176125
222000
293500
22375
82500
498375
133125
460500
476375
25500
81500
17000
42750
269625
427375
102500
461625
445500
466250
117250
479625
479250
279625
105625
200250
228500
271125
79875
262500
400875
57375
331375
144500
482875
439750
335125
54125
29625
148000
98750
69750
210125
410875
190000
386500
461750
281625
24250
18500
38000
491125
362500
465375
443000
420625
61125
189125
62250
89500
34625
102125
173375
458500
277625
252250
50000
48000
230250
357125
161625
423875
185625
16875
108750
191000
347875
392750
402375
166000
480375
167875
207500
499125
273625
480375
163375
316125
189125
369625
341500
99750
389000
237750
2250
418500
265375
330375
314375
300875
35500
446500
425750
276125
216125
249125
336000
408500
348875
288500
302875
359125
461875
301125
226125
189625
202375
391250
371000
149500
360250
460750
260875
53250
306375
56000
34125
373125
470375
301500
330625
365375
81125
154000
277000
215375
469250
297500
199250
54750
144375
144375
269875
396000
267750
413250
455750
213250
23375
457750
225250
299375
245125
281125
203375
156625
10125
352625
360375
469375
319250
225000
337750
412875
294875
121875
70000
12625
36375
293000
157125
76000
213750
415750
342750
27625
489000
90875
12500
217000
143250
254125
308750
396750
343500
278125
240375
133250
222500
225875
459625
57500
42625
260250
271500
78000
119375
405875
108125
166875
271750
466250
361000
440000
59250
417625
492500
265375
25000
65750
114625
339875
61750
264125
124875
329000
426000
10750
94875
149375
263250
158750
271250
273250
200250
145125
181750
479750
41625
368250
94000
421500
358750
197000
113500
85750
276625
305000
85750
331875
42000
132125
185125
209250
281500
282000
104625
178750
55625
130000
161500
412750
454625
27000
121875
455250
110750
283750
352625
237125
112625
264375
175000
231125
280750
