1000 1000
470 704 649 195 947 695 313 155 843 495 9 869 218 96 857 471 328 373 406 935 622 968 911 991 172 996 187 26 588 725 712 28 736 889 900 740 113 204 73 250 31 698 797 250 633 578 123 560 290 349 140 792 585 499 122 571 82 701 311 489 896 418 510 310 358 411 464 922 232 705 542 317 717 774 178 502 300 100 195 428 880 348 229 138 318 572 590 180 99 532 206 369 503 685 879 527 808 716 580 283 120 195 50 181 505 576 826 865 9 629 106 226 24 961 490 632 614 430 975 704 400 681 484 154 701 401 850 976 571 207 227 567 265 387 753 498 255 635 336 215 747 875 767 825 818 903 863 538 214 22 362 472 885 641 287 467 421 760 292 529 865 380 615 89 968 442 827 885 479 65 714 60 323 8 209 396 22 558 25 347 826 797 259 246 181 723 352 190 733 96 522 798 358 686 460 534 13 445 368 705 316 2 772 463 417 713 776 232 426 944 393 673 629 934 491 249 340 239 240 935 417 849 334 961 732 549 276 863 173 306 624 736 470 32 185 61 831 828 974 311 426 399 527 193 561 572 902 482 662 344 866 656 863 956 896 915 35 220 172 966 101 159 22 173 153 383 343 866 617 483 912 465 333 252 544 862 587 903 508 104 733 120 306 853 887 831 800 382 660 587 289 976 418 615 752 240 789 764 29 682 548 875 884 433 876 187 769 183 637 470 474 533 837 959 668 606 135 73 806 608 528 496 228 888 70 487 283 470 430 480 73 36 453 467 341 747 826 110 53 814 969 889 303 669 705 870 346 626 853 629 856 213 644 438 120 905 199 970 799 378 572 197 449 158 755 524 741 598 420 980 833 683 71 258 87 784 47 411 213 945 671 827 867 15 344 392 215 116 40 773 298 192 728 718 958 137 34 440 701 129 285 358 279 122 420 340 342 667 636 964 630 473 34 88 73 684 694 640 165 573 800 432 578 660 337 260 857 877 580 550 967 874 449 214 378 734 931 873 419 406 919 719 922 572 859 264 522 504 220 370 69 298 873 451 648 205 917 951 471 283 984 205 825 16 711 173 510 305 439 711 670 949 112 996 909 820 472 763 760 531 469 866 782 792 42 239 424 453 48 105 732 989 96 511 411 442 667 849 637 911 827 84 204 652 137 791 306 694 692 458 503 788 365 882 514 867 152 291 770 187 408 351 300 168 794 439 302 688 329 725 339 731 303 979 879 577 969 292 899 951 596 61 67 641 911 410 785 243 998 286 964 372 441 582 147 583 567 377 975 420 350 248 793 148 999 347 477 301 424 727 733 412 878 148 662 197 754 510 326 637 995 556 24 794 150 917 255 234 832 312 737 60 667 821 603 113 949 50 391 124 471 605 387 902 828 887 593 50 431 867 119 410 582 107 132 743 679 326 353 581 558 197 551 883 559 239 892 453 461 839 131 986 733 180 628 96 224 515 347 120 413 865 259 256 42 805 856 324 178 144 128 849 107 833 251 218 843 890 678 715 286 464 159 657 270 306 172 187 909 400 667 89 187 758 181 793 845 311 352 855 544 229 336 220 818 123 891 279 752 517 98 167 466 353 58 462 860 577 59 469 842 880 748 8 332 7 42 626 360 456 260 752 230 784 327 643 847 268 45 332 150 458 190 153 165 769 287 29 305 858 537 835 531 589 736 328 304 518 663 263 426 280 452 130 645 434 220 675 351 733 189 952 220 968 190 920 968 246 962 339 788 827 32 373 206 561 330 10 154 462 981 557 693 46 825 699 396 108 170 842 175 303 212 447 754 100 333 700 152 147 981 104 96 769 659 297 363 739 920 292 975 146 907 106 712 246 699 532 859 761 297 184 730 852 152 753 608 963 310 573 94 897 524 406 184 463 77 102 506 619 515 896 790 469 382 926 981 203 790 78 401 13 455 623 136 358 596 808 404 330 978 309 974 731 36 499 823 821 287 454 952 683 643 512 803 498 665 531 344 859 787 169 445 945 373 963 526 734 192 819 163 963 924 490 284 865 113 705 570 270 60 854 371 915 709 390 838 406 619 83 520 863 731 927 632 73 582 700 316 75 336 359 226 627 847 725 942 419 772 509 756 58 11 51 900 221 555 361 175 346 15 652 550 94 193 255 263 552 5 109 732 646 52 18 676 601 958 594 617 625 6 302 820 989 394 894 30 386 93 182 289 809 870 922 64 99 353 178 158 186 795 876 271 263 447 475 214 216 640 435 738 347 679 649 224 627 968 363 154 987 831 596 28 63 336 350 460 910 199 237 
867 184 1
930 758 1
849 490 1
962 614 1
693 297 -1
815 470 -1
253 88 1
402 337 -1
185 36 -1
941 467 1
129 73 -1
913 471 1
228 23 -1
635 410 -1
47 19 1
934 396 1
520 154 1
308 185 -1
124 29 -1
682 568 1
41 26 -1
752 148 -1
379 289 -1
915 912 -1
783 304 1
258 58 -1
724 273 -1
730 488 1
52 19 1
726 532 1
134 13 -1
441 407 1
462 211 -1
403 78 1
313 82 -1
822 176 -1
438 430 -1
500 226 -1
55 45 -1
607 50 -1
536 140 -1
293 78 -1
586 300 1
624 80 -1
623 33 1
763 274 1
216 143 -1
841 622 1
685 650 -1
735 651 1
997 724 1
710 19 1
957 850 1
65 33 1
501 144 1
127 116 -1
514 77 1
853 584 -1
278 21 1
534 96 -1
176 58 1
193 163 1
661 452 -1
322 200 1
878 318 -1
361 169 1
269 253 1
807 469 1
381 107 -1
263 124 1
348 195 -1
495 203 1
333 113 -1
771 389 -1
750 602 1
308 217 -1
589 417 1
477 81 -1
856 527 1
930 373 -1
834 418 -1
206 33 -1
157 110 1
676 310 -1
320 265 1
872 588 1
312 28 -1
297 224 -1
20 18 -1
534 400 1
504 57 -1
319 235 1
538 366 -1
256 62 1
798 275 1
443 31 -1
603 174 1
216 113 1
329 316 -1
495 241 1
854 670 1
497 445 1
777 423 1
524 295 1
960 254 1
295 69 -1
24 17 -1
784 434 -1
831 418 1
703 337 1
778 213 -1
43 9 -1
600 324 -1
112 56 -1
650 379 -1
781 777 -1
308 156 -1
620 536 -1
389 308 1
751 564 -1
520 196 1
205 18 -1
389 296 -1
244 147 -1
165 145 -1
800 167 1
829 238 -1
82 38 -1
117 6 1
865 37 -1
900 671 -1
729 450 -1
771 523 -1
540 303 1
538 21 1
857 461 -1
959 79 -1
9 0 -1
12 0 -1
52 13 -1
368 89 -1
710 546 1
350 91 1
150 66 -1
249 105 -1
396 129 -1
660 225 -1
951 576 1
78 65 1
866 548 1
89 58 -1
55 26 1
152 99 -1
388 138 1
407 261 -1
887 486 1
599 305 -1
613 382 -1
583 45 -1
355 18 -1
761 734 1
962 341 1
855 401 -1
584 246 -1
349 151 1
915 267 1
790 105 -1
241 48 -1
396 204 1
496 185 -1
581 375 -1
444 376 1
37 25 1
991 322 1
173 86 1
152 60 -1
854 573 -1
853 166 -1
327 59 -1
437 160 -1
634 245 -1
211 75 -1
558 383 -1
847 637 1
432 276 1
691 234 1
447 325 -1
54 10 1
901 777 -1
558 374 1
329 153 -1
14 10 1
444 169 -1
110 95 -1
23 8 -1
374 307 -1
340 60 -1
678 549 1
845 663 -1
234 160 -1
1 0 -1
954 106 1
719 152 -1
131 47 1
512 354 1
188 76 1
663 437 1
270 246 -1
151 79 -1
799 585 -1
711 273 1
645 505 1
925 143 -1
196 122 -1
478 466 -1
842 761 -1
930 476 1
736 572 1
686 454 -1
553 395 1
123 31 1
342 284 -1
976 565 -1
306 255 1
57 51 -1
33 8 1
267 34 1
260 82 1
661 405 -1
184 166 -1
271 32 -1
187 18 -1
877 565 -1
414 358 -1
540 351 1
538 510 -1
586 412 -1
216 13 1
258 202 1
676 499 1
373 128 1
538 46 -1
573 364 1
53 23 1
11 2 1
466 194 -1
851 508 -1
441 174 -1
310 107 -1
140 57 1
403 109 1
12 11 1
932 607 -1
925 353 1
509 501 -1
571 380 -1
54 28 1
486 105 1
383 1 -1
55 13 1
33 30 -1
280 265 1
207 130 -1
353 147 -1
117 12 -1
216 149 1
135 107 -1
380 368 -1
671 623 1
27 7 1
160 118 1
929 14 -1
785 538 -1
406 12 1
337 204 -1
783 136 1
261 132 1
328 289 -1
47 9 1
114 69 1
816 341 -1
770 424 1
671 364 -1
813 519 1
716 263 1
601 529 1
890 796 -1
159 50 1
402 363 -1
465 415 1
732 79 1
116 107 -1
223 41 -1
867 674 -1
971 122 1
79 39 1
435 250 -1
95 4 1
14 7 1
9 4 1
571 356 -1
27 7 -1
613 559 -1
882 164 1
343 120 1
11 10 -1
262 90 1
82 0 1
302 63 -1
58 17 -1
215 45 1
439 315 1
64 51 1
472 462 -1
72 6 1
142 53 -1
492 381 -1
755 5 1
776 411 1
620 582 1
282 97 1
896 894 1
583 501 -1
166 118 1
371 157 -1
557 367 1
770 390 -1
332 257 -1
822 443 -1
138 66 -1
271 207 -1
731 414 1
869 719 1
899 348 1
971 844 -1
721 588 1
506 115 1
715 407 1
134 9 1
665 212 1
173 106 -1
499 140 -1
523 334 -1
359 162 1
508 430 1
890 872 1
716 270 1
659 655 1
902 529 -1
351 158 1
95 77 -1
808 778 -1
954 84 1
29 4 1
975 685 1
941 82 1
320 207 1
721 232 1
138 8 1
564 539 1
654 470 1
754 251 -1
163 65 1
561 278 1
920 221 1
423 130 -1
331 136 1
376 350 1
57 29 -1
916 224 1
418 416 -1
839 325 1
988 224 1
893 56 1
375 357 1
168 20 -1
405 357 -1
802 259 -1
468 456 -1
670 595 -1
37 15 -1
244 29 1
721 641 1
552 318 -1
675 626 1
285 144 -1
146 49 1
601 87 1
597 454 -1
920 671 1
523 343 -1
268 61 1
495 171 -1
742 621 1
329 50 1
238 77 1
523 189 1
905 158 -1
665 294 1
53 9 1
381 108 -1
81 42 1
821 820 -1
943 717 -1
993 312 -1
967 635 -1
471 338 1
947 733 -1
345 127 1
614 176 1
545 448 -1
838 93 1
887 633 -1
392 8 -1
362 89 1
554 42 -1
376 50 1
308 206 1
366 157 1
392 12 -1
929 917 1
242 17 1
685 425 1
794 347 -1
463 37 1
469 169 1
719 366 1
834 256 1
623 33 1
855 235 1
150 40 -1
613 251 1
630 294 1
725 13 1
143 0 -1
348 99 1
276 91 1
576 391 -1
626 117 -1
387 284 1
73 44 -1
375 317 1
173 152 -1
435 331 1
8 2 -1
71 30 1
958 633 -1
624 314 1
746 27 1
678 562 -1
114 27 1
820 312 1
546 243 -1
320 265 -1
394 204 1
776 405 -1
238 74 1
784 117 -1
835 484 -1
60 12 -1
182 110 -1
560 295 1
8 1 -1
192 173 1
855 812 1
328 283 1
354 286 1
460 435 -1
366 4 1
559 247 1
341 59 -1
706 164 -1
794 763 -1
139 29 -1
523 55 1
931 773 -1
730 468 -1
49 29 -1
812 7 -1
547 370 1
748 73 -1
280 113 1
539 154 -1
999 270 1
747 731 -1
593 7 -1
348 115 1
326 66 -1
204 149 -1
463 311 1
390 175 -1
265 192 1
953 348 -1
543 67 -1
787 187 -1
403 238 -1
144 66 -1
142 74 1
160 12 1
629 322 -1
166 72 -1
354 165 1
450 59 -1
127 109 1
9 4 -1
511 114 1
371 94 -1
370 106 1
849 238 1
871 215 1
973 952 -1
842 538 -1
498 334 1
95 60 1
492 314 1
984 182 -1
728 2 -1
108 17 1
235 120 -1
525 336 1
615 300 -1
625 32 -1
29 6 1
426 52 -1
781 400 1
528 488 -1
270 269 1
492 378 1
109 1 1
630 66 -1
942 671 -1
237 3 -1
759 109 -1
202 200 1
908 382 1
297 55 1
953 796 -1
909 140 1
654 118 -1
225 74 1
768 372 -1
353 202 1
308 34 1
191 42 1
184 109 -1
197 49 1
458 87 -1
376 168 1
226 44 -1
16 1 -1
309 188 -1
322 183 1
96 45 -1
571 283 1
683 194 -1
68 4 -1
851 82 -1
931 579 1
550 182 1
902 241 -1
17 9 -1
931 832 1
190 171 1
813 696 -1
466 161 1
319 257 1
20 8 1
905 319 1
270 0 -1
522 453 1
101 26 -1
433 265 1
530 471 -1
849 309 1
278 245 -1
814 610 1
678 61 1
214 188 1
129 58 1
156 117 -1
521 120 -1
354 237 -1
198 183 1
634 310 -1
984 954 1
593 332 1
873 48 1
183 91 -1
826 700 -1
328 326 -1
696 26 -1
289 92 -1
523 300 -1
809 673 -1
805 669 -1
131 5 -1
415 157 1
64 37 -1
991 164 -1
765 520 1
966 395 1
435 54 -1
547 483 1
566 98 -1
493 427 1
204 97 1
901 637 1
855 684 -1
71 67 1
899 589 1
49 27 -1
434 428 1
391 1 1
509 145 1
707 153 -1
95 21 -1
548 123 1
114 24 1
390 304 1
646 87 -1
572 179 -1
782 140 1
667 330 1
31 9 -1
946 790 1
959 293 -1
77 8 -1
951 151 1
969 294 -1
675 110 1
857 820 1
69 50 1
27 7 1
684 403 1
11 6 1
872 708 1
502 472 1
503 370 1
278 26 -1
235 151 -1
66 44 1
661 612 -1
130 128 -1
296 98 1
102 19 -1
726 213 1
970 698 1
65 31 1
81 60 -1
333 94 1
515 459 1
882 705 -1
505 351 -1
87 76 1
867 407 -1
616 550 -1
138 79 1
46 21 -1
629 437 -1
340 86 1
585 481 1
983 928 -1
694 128 1
146 48 -1
926 230 -1
217 9 1
471 126 1
321 263 1
255 65 1
903 691 -1
682 277 1
902 90 -1
991 924 1
267 73 1
315 183 -1
141 118 1
127 29 1
90 88 1
136 59 1
924 894 1
891 98 1
314 160 -1
979 183 1
502 134 -1
859 632 -1
105 102 -1
752 670 -1
297 208 -1
217 36 1
678 437 -1
194 81 -1
81 3 -1
26 15 -1
775 714 1
92 81 -1
557 406 -1
960 71 -1
699 242 -1
172 55 1
284 230 -1
444 213 1
771 21 -1
604 202 1
740 498 1
838 319 1
425 167 -1
418 162 -1
768 391 1
148 95 -1
106 95 -1
133 4 -1
347 262 1
43 41 1
714 486 -1
278 19 1
430 74 1
612 209 -1
816 297 -1
213 59 -1
815 699 -1
62 33 -1
890 359 -1
599 346 -1
275 29 -1
698 64 -1
361 4 -1
530 269 -1
492 96 1
449 66 1
94 20 -1
756 490 1
14 4 -1
216 162 -1
488 70 -1
327 261 1
55 44 1
993 700 -1
950 154 -1
975 654 1
32 5 1
670 310 -1
669 60 1
347 199 -1
911 498 1
463 225 1
232 144 1
707 214 -1
953 69 -1
889 786 1
913 367 -1
566 25 -1
167 156 1
33 13 1
402 319 1
420 65 1
878 82 1
141 106 1
280 14 -1
506 323 1
952 780 1
303 77 1
448 430 -1
654 369 -1
746 179 -1
582 49 1
884 17 1
934 848 1
189 94 -1
117 45 1
641 514 1
364 343 1
352 153 -1
820 803 -1
630 379 1
770 630 1
674 464 1
872 341 -1
890 258 1
449 303 -1
993 79 1
963 305 -1
832 414 1
399 81 -1
254 13 -1
930 543 -1
125 23 1
540 101 -1
215 158 1
145 80 1
633 130 -1
603 462 1
278 28 -1
65 54 1
879 603 -1
618 509 1
622 575 1
571 493 -1
667 331 1
915 643 -1
932 865 1
98 69 -1
322 312 1
320 43 -1
897 778 1
520 150 -1
873 483 1
549 134 1
127 107 -1
351 243 1
611 114 -1
160 91 1
84 52 1
94 51 1
996 910 -1
79 61 1
874 400 1
15 7 1
33 30 -1
574 83 1
363 62 1
51 47 -1
335 82 1
290 220 -1
81 7 -1
222 26 1
598 319 1
643 200 -1
989 709 1
647 451 1
95 2 -1
260 96 -1
463 119 1
808 617 1
672 295 1
766 189 -1
806 83 -1
455 57 -1
408 97 -1
467 194 -1
665 257 1
522 330 1
282 266 -1
811 719 1
79 48 -1
540 245 -1
954 934 1
195 32 -1
818 577 1
183 147 -1
19 18 -1
836 530 -1
251 110 1
10 6 -1
415 259 1
371 222 -1
865 807 -1
687 37 -1
620 338 -1
567 172 -1
601 33 -1
163 136 1
143 123 -1
2 1 1
494 300 -1
6 4 1
155 101 -1
221 55 1
980 651 1
583 506 1
842 678 -1
104 92 1
335 28 -1
60 0 -1
40 25 -1
450 446 -1
335 3 -1
300 132 -1
185 129 -1
662 311 1
747 692 1
998 395 -1
913 458 1
204 63 -1
419 86 -1
785 149 1
136 85 -1
555 53 -1
740 35 -1
528 133 1
909 686 1
684 251 1
350 201 1
792 316 1
653 77 1
343 41 -1
400 374 -1
439 33 -1
166 46 -1
432 96 1
721 278 1
921 900 -1
124 103 -1
956 637 -1
804 362 1
133 132 1
575 174 -1
166 160 -1
39 12 -1
747 54 -1
819 459 1
744 99 -1
675 666 1
31 25 -1
413 102 1
592 341 -1
780 123 1
142 94 -1
484 135 1
799 28 1
836 788 1
264 26 -1
442 363 -1
520 422 1
548 238 -1
561 61 1
687 539 1
138 36 -1
880 252 -1
909 805 1
45 17 1
40 12 1
953 530 1
716 131 1
34 4 -1
841 34 -1
793 208 1
171 163 -1
149 88 -1
619 259 -1
502 465 1
382 132 -1
256 48 1
680 249 -1
939 560 1
131 90 -1
713 704 1
711 442 -1
688 559 -1
106 105 1
942 116 -1
680 375 1
132 92 -1
830 695 1
868 148 -1
487 476 1
32 27 -1
755 443 1
673 425 -1
511 491 -1
782 72 1
190 81 1
438 363 -1
879 198 1
913 843 1
200 144 -1
548 169 -1
476 412 -1
598 350 1
37 6 1
209 203 1
443 358 -1
56 28 -1
588 73 1
649 105 1
881 844 -1
438 369 1
512 148 1
505 258 1
572 380 -1
222 57 1
946 485 1
181 41 -1
905 348 1
529 388 1
491 87 -1
439 361 -1
681 474 -1
1 0 -1
22 11 -1
63 16 1
271 99 -1
476 431 1
42 19 -1
20 14 -1
909 370 -1
588 126 1
869 741 -1
653 495 1
661 332 -1
426 97 1
44 330
