100 100 402
100
100
99
99
98
98
98
98
98
97
96
96
95
95
93
92
91
89
89
89
88
86
84
84
83
78
77
75
73
72
71
69
66
64
64
63
62
60
60
60
58
58
58
57
57
56
56
56
55
54
54
53
53
52
52
51
49
48
45
45
43
43
43
42
41
40
38
38
37
37
36
36
35
35
35
34
34
32
32
31
30
28
27
26
25
24
19
18
18
17
15
14
14
13
10
8
7
6
6
5
57 7
98 1
48 8
59 6
74 3
22 10
71 4
63 5
40 9
77 2
13 10
9 1
89 4
83 6
73 7
38 2
70 1
21 4
8 9
91 5
28 7
11 5
60 7
60 3
72 1
48 4
97 7
60 10
85 6
49 8
40 8
52 5
64 6
10 8
13 10
27 10
8 4
34 7
75 2
22 2
2 4
1 4
43 1
16 1
54 1
52 6
16 8
62 6
39 9
51 5
55 4
56 2
50 1
46 8
84 5
77 6
2 2
7 3
14 8
46 9
24 9
81 8
33 3
58 1
3 3
30 4
87 5
58 7
80 5
47 2
13 6
61 6
75 3
71 8
26 3
56 1
35 2
74 8
63 7
23 3
44 10
78 1
3 6
61 1
60 3
81 5
60 7
2 6
100 2
55 3
2 6
23 1
75 8
49 8
82 4
20 5
31 8
42 9
56 3
4 10
