962912752
445500736
3035485
617809229
431061735
556700295
289649478
543461404
784794058
546440288
646632741
10875210
292389836
538860771
866720330
626722861
920793729
721863817
639762677
765340483
502521783
389920789
266389512
501160178
994225242
58378553
659997154
680917443
734872458
811664356
576202063
280088463
922002055
549298818
322336149
2
906378145
780218898
305684895
375775857
802615526
366317926
987603363
491279848
892817457
292262865
453840557
783977095
613567248
4
338461557
912356235
763513773
799062816
891883490
646112706
245216599
403719854
725106091
92956717
61608603
124393057
489676376
406721023
892486836
178439415
281615077
24607601
42819048
338845954
211600620
520636585
959346117
455588037
927041583
355338561
19173936
543453212
218879090
180889072
867541429
23015263
647517101
436992754
90858837
566908577
16128214
297658628
45166518
71926818
884896431
597533096
871907552
831105391
312645024
599428857
722318796
430743261
376477961
345352853
197603765
647906026
268677850
223154015
316234915
555126572
427374899
184256065
287606539
173765435
762811762
193579208
48846562
823555409
589035180
445495198
527830104
567939847
65663717
769792855
647399332
362168248
63882099
930972232
865009688
479860955
821553217
820033701
638697360
462284686
663458639
299552
509999967
374263514
793060278
249530988
525736761
291250687
320426233
698799369
365308215
78996673
253392939
659429495
390626229
723514449
871418891
919428425
605057448
952315525
970775374
130040440
788413007
785959863
497037203
85264904
982694369
652325637
103749559
736553815
213547115
117800320
4524421
726977552
818972318
45357719
479642232
793061047
461696171
334686103
896370871
357863166
588058209
458622904
18721
450644529
848486610
137520559
553470827
235770895
855611601
864501688
743374688
756803089
456785613
330018471
284
98838579
616601444
222927611
140938671
231573666
456060018
834415234
22
925012213
368026319
809181355
657526713
889975707
314649470
603446735
278863439
583507598
598806071
183670625
408750619
793069177
43963422
153391696
673744849
49088226
227517667
837271395
241811823
847574549
976236213
822370353
268272455
370835667
148285414
169417033
517581058
882263308
912637237
161164766
315011208
395173540
563541588
446495089
876425611
722809310
35471249
12
10064901
319283008
443968345
333753188
410997252
454469164
597265897
196648444
998956158
921283356
747236277
617702234
415428008
735082915
169834196
912123809
54656484
582226489
485585389
743376788
18250702
502407937
227439348
492225791
959252336
394631967
515338118
445953550
18070907
249296003
308964884
931406783
434023768
614422008
590791915
759498491
320417808
475161111
720959812
337890444
570240405
898756552
945518021
763805376
300988169
953295139
379644933
929938132
346179604
922722063
711300563
772707949
1
744707183
960089040
127501169
636279808
266236660
460818679
939457132
2215
102805898
381299433
539012027
651526201
994758621
838667407
806897923
55426338
385283958
936882159
198454926
479294836
804267204
793415787
715197147
781253764
758260303
751031800
570468827
183250277
154726816
178155222
611578253
363396381
792940080
394978967
798231332
726741858
284640464
762467580
991885226
491500228
892570766
452523435
576807379
433815154
698940307
240320311
208763009
966179489
413583341
581882709
865705491
910641861
775392701
931162304
894982683
303385293
343275098
832012311
954850053
272266354
940622581
520473542
97454857
544219504
755077130
822803898
31169410
186838292
548395833
515141484
347025472
774352573
945871754
355338257
579050303
478435704
817640737
968144020
628612672
560534962
224165460
641236010
915874393
9424
760269835
4001193
284754318
208768456
156000652
2396746
105087921
74481060
324478047
246591581
308804956
371752670
59106908
598492978
673392547
529716475
415737709
187151726
954770819
395296671
161492758
966052374
1
934162630
856065111
333867175
251510273
491411057
590475394
76695808
43476533
315775425
613540558
525080751
440835192
167671916
147980699
765029127
922214994
810032863
210257943
928943133
762418742
732301400
348429382
733593628
859719210
943193152
836947971
973741206
954131565
546756996
97632553
162213089
989287478
370834931
304779204
788876115
914034199
644086060
678081584
367467212
170016136
193763237
934036076
100180138
525460176
749672955
86742577
249410638
27717220
9400
930623598
767065888
805767517
590406236
270766152
46620611
29359357
759458439
976642978
390790263
919295816
785238257
320304144
282443992
37504
945518021
579670982
991464843
9586932
596916114
571334342
128375471
255809012
554629529
364631602
708490863
335181882
1
535833377
332985730
585768140
566231119
333438900
126512656
411623518
554834913
415404131
666347611
6226377
172534208
9362
243803872
349953524
806103389
390945033
734449167
182808309
274552421
160002056
91559896
174421008
890316492
137850114
881575359
507313034
38631366
38457927
209479095
714521334
80366087
259476054
338380854
189334596
290478911
634758835
120429962
65449710
949440920
970009231
457249640
241791650
2
741669862
296566867
440098254
295590084
243486787
822414163
141344643
844528994
411150764
906030580
190520486
15890275
302928462
271735822
823303919
575894321
80767987
385314003
555902171
536544322
796666168
818824838
590047875
245160926
978667644
366335075
414351195
30583508
207071657
617334006
50591084
100699334
232804664
278059087
312025465
162468488
377316469
809804658
710677346
5
14957796
404946845
781302034
620160159
849458788
543043612
281196089
725895770
689518755
23659507
525473953
1168
342845699
613795839
975164050
152106453
364252039
855833270
413798413
326227865
286793682
882638852
6
297216933
738915197
23772561
858232617
173831266
336233808
699642529
198294404
223804000
819575230
765349901
848664051
244480181
696447029
593252246
514099336
972148983
621156839
361834879
378521460
196712638
12183073
162247913
870870988
369354328
208980615
682750290
391485126
47238563
696097539
295166476
300109598
843164055
525821319
467757484
708490863
316688147
405896514
943380142
897052707
445756942
625648823
493192680
164684056
939792774
674671072
185529870
565349521
949725565
905295061
61045255
708081816
160147464
961827906
727334869
282772663
460863892
42745925
461424582
932720534
973284337
443832773
63094065
275108901
474436406
957366944
847007303
402785065
223828749
895838044
741670182
973015063
482177797
451248536
282951685
527775798
74555424
117437428
514868808
813614239
1
781196378
855731575
770963505
173812834
301271552
830312202
541812012
777153327
190967877
248275950
404922622
727383849
420144747
603750188
384098601
206656943
897314644
416771639
156566599
847339590
302007045
688822218
937359106
874718205
37424
181483024
107944618
222489068
365832077
975433345
138153646
326674749
52808485
500294980
612527172
473666071
878914257
587969434
142769922
190873809
319879393
893588014
309638398
363476787
46227330
452105036
87647433
546388192
766003737
515067394
778086018
673097449
646089569
715928230
829438298
722406725
971187131
445235091
967205871
653481177
820958508
803513052
780116386
764885264
920316519
189859478
598139550
950332638
799225943
909200515
5686358
75278851
562385157
64224206
99122149
734311947
203536806
175630523
146177158
908820372
144010484
397836045
705494304
43908087
392640272
563738300
653555151
151876775
434552722
361404655
425393838
676737699
910420817
782677437
510425129
51910370
605387
106921398
69072147
593142083
583065858
255036130
470167359
522906077
265742200
222698225
541472680
892166727
334365421
600292378
901709171
589277315
639074566
584717736
571146331
636732201
190077954
535700839
981927567
784611975
35735413
674027404
427501930
955358014
759642265
641896546
197502586
631298086
39571093
598194883
341896160
346900638
271559878
622855310
513282415
555854868
842435106
857685887
908534132
149792
42120869
160153096
38347912
93116663
130669137
296556575
348497209
669551834
830412623
20659674
288622742
132904669
433108744
869552291
288216302
952463564
117631027
168940907
279099199
420168559
522889311
917513028
218772723
439089456
486791182
20017537
804410662
76197372
451382998
460315828
38347920
783962759
2396784
86939185
555086335
442948452
441131654
943028102
444329114
568340278
478827394
906184348
777850470
222035128
876991600
348953668
469889343
133947776
536
18056608
648774770
823129073
889370796
13276914
759254259
885481756
470180671
931825626
761339267
488844145
736469739
273606611
940304420
146177178
394850917
495883979
269399390
305079888
601537802
817522973
769208897
927825146
212542156
846316290
77511356
618574828
645042830
85638096
145401106
599192
358593721
343119768
553284313
661432799
754660368
448917916
127183552
470134591
568404743
953780542
351001365
817068021
589149230
848313582
680702331
556358889
13849704
622256972
866835567
906735523
907051203
153475041
720430195
62242229
744276661
33549514
623586871
406241051
50400338
35360978
818256716
681018191
736681909
59041286
959108357
160555701
392735423
951460631
116698729
562817818
955905554
391092489
902974582
861101553
269026675
372376312
734352728
458499846
445707790
435212961
719054491
837428583
919016999
743465362
747902009
792400322
909067191
592291782
605816287
446308030
742544362
120514494
262586486
1
628155396
329896821
990354523
556356187
82522217
543294633
318699774
605983367
60857533
213851542
485432277
790439485
20879174
705316578
808482054
393303825
957982504
20624946
892076615
33589182
837413244
299376
656495320
847286405
956465786
24193076
869519067
667361913
378329219
378233462
798171717
574527411
747157547
121273435
572877228
479294836
18235024
373752302
632497521
558285344
235825098
160140296
358820259
312645068
785474971
749334554
704620452
825910675
102295557
549668557
178281352
229261094
568176205
188133239
359566883
695938155
203517958
127976279
638998247
939317532
750466172
944241153
994105641
299276337
888036222
282607080
451447001
540397316
283517924
74958414
323082109
268272159
281880414
640626720
936193214
400357447
568146867
797873097
24628081
477013174
454795344
142873619
266264077
289359001
676383715
208189243
880673525
415630695
353357705
516292749
212176547
780767008
372146883
590144184
834536596
644859025
974728246
884076723
681654303
890800186
543453212
924559161
810755621
514499527
24
989314403
923643206
2396940
885172964
508620351
379259048
12
544354332
59901413
4793400
660723192
976132903
212689326
467922443
899895248
195810070
914858971
752458533
255162082
285233444
463475542
707460547
271143196
895883863
559466619
581457957
238910527
265808363
226672888
244398507
267933557
999645906
681411331
242182110
611577267
139887596
265076323
190967859
920994920
380991288
719671279
759336847
260856596
433893350
871694892
924002402
9798664
612893757
432786168
901820474
475198518
641968606
48669721
929942281
933774446
298357937
203188402
80
674842110
135883783
