100 100 470
100
100
99
97
97
96
96
96
93
92
92
90
90
88
86
86
85
85
83
80
80
80
80
79
77
74
73
73
73
71
71
68
67
67
66
65
64
63
62
62
61
59
59
58
58
56
56
54
54
54
52
52
50
50
49
48
48
48
47
46
45
45
43
42
41
41
36
35
35
35
34
32
31
30
29
28
27
27
27
27
26
26
26
24
21
20
19
19
18
18
16
11
11
9
9
6
4
3
2
1
4 10
93 2
94 1
15 8
10 9
76 4
83 3
51 7
72 5
65 6
17 2
76 4
54 7
98 2
49 7
60 1
93 9
94 10
33 10
50 7
100 3
96 4
17 9
58 8
79 4
5 7
1 5
77 10
6 4
39 2
53 7
45 1
65 3
16 3
69 9
92 3
41 3
2 10
17 5
96 8
88 4
87 2
82 10
87 10
39 8
57 8
26 9
55 7
91 4
66 4
67 4
10 6
22 2
17 1
67 8
15 9
26 1
6 3
60 5
26 8
58 8
17 8
32 1
71 1
17 7
54 8
29 8
82 6
69 6
25 3
18 4
43 1
89 2
10 7
23 3
90 6
93 8
65 2
56 6
3 2
5 8
30 7
65 3
50 10
93 3
13 4
66 1
48 10
93 1
83 8
47 5
31 3
37 8
30 10
8 5
69 9
49 6
24 10
81 7
8 2
