100 100 209
98
98
96
95
95
95
94
93
92
92
92
92
91
89
89
88
88
88
87
86
86
85
85
85
84
84
81
81
81
80
77
77
77
77
77
75
74
69
68
67
64
62
62
62
60
60
60
59
59
58
57
56
56
54
54
54
54
53
51
50
48
48
44
44
43
42
42
38
38
33
33
32
31
30
27
26
25
23
23
22
22
18
18
18
16
13
10
10
9
8
7
7
7
6
5
3
2
2
2
2
78 3
12 10
91 1
12 9
59 5
54 7
62 4
58 6
27 8
88 2
95 3
56 10
95 9
85 8
58 7
28 1
42 5
2 5
84 5
92 5
67 5
11 4
66 8
63 4
2 6
7 8
7 1
18 5
22 10
6 1
36 7
69 9
4 10
34 8
76 3
91 7
31 6
73 9
17 8
80 4
11 2
11 1
3 6
77 2
30 8
5 8
76 8
74 2
54 6
10 1
53 7
39 8
71 1
28 5
84 4
98 5
38 10
32 10
21 8
10 3
39 8
28 7
76 2
5 1
37 1
24 10
47 7
91 4
77 10
75 10
93 10
89 3
70 6
10 1
84 4
95 1
21 10
65 6
89 5
44 6
41 9
55 6
27 2
49 5
79 3
96 10
82 2
42 3
6 7
74 9
68 4
90 7
95 7
62 5
79 1
13 4
10 2
27 9
7 7
20 1
