100 100 549
100
99
98
95
95
95
95
95
93
92
91
91
91
90
90
89
88
84
84
82
81
80
77
74
74
71
68
68
64
63
62
60
60
60
59
58
56
56
56
56
56
56
53
52
51
51
50
49
49
49
48
47
47
47
47
47
46
45
45
44
42
40
40
38
37
35
34
31
30
29
28
27
27
27
27
25
23
22
22
21
20
17
16
15
13
13
11
11
10
8
7
7
7
6
5
5
5
4
3
1
65 5
69 4
20 10
55 6
25 8
24 9
47 7
80 2
93 1
75 3
71 4
8 8
36 2
1 3
77 4
59 6
64 9
75 6
26 7
79 1
4 10
39 5
59 7
85 2
95 9
88 10
30 5
59 4
77 8
87 10
9 4
72 2
79 10
75 10
92 1
53 6
56 10
20 10
37 4
76 4
97 4
42 5
18 9
4 1
24 3
66 2
87 1
61 10
75 10
15 3
14 7
36 4
57 3
57 3
41 8
24 1
63 4
97 1
43 8
5 7
40 6
62 9
17 3
40 6
56 4
52 5
42 5
88 6
56 1
48 6
58 4
13 9
90 10
65 5
38 8
47 3
44 3
95 7
80 2
31 2
14 8
10 4
62 9
13 10
91 8
83 7
4 10
75 8
31 2
21 3
21 3
35 3
50 6
89 8
9 3
12 8
5 9
98 9
100 3
62 1
