1000 1257
1 2 2
2 3 2
3 4 5
4 5 6
5 6 4
6 7 1
7 8 6
8 9 8
9 10 7
10 11 2
11 12 10
12 13 8
13 14 10
14 15 7
15 16 1
16 17 8
17 18 1
18 19 10
19 20 10
20 21 3
21 22 6
22 23 2
23 24 4
24 25 2
25 26 2
26 27 1
27 28 7
28 29 4
29 30 10
30 31 5
31 32 6
32 33 9
33 34 3
34 35 1
35 36 5
36 37 10
37 38 6
38 39 2
39 40 8
40 41 8
41 42 4
42 43 3
43 44 9
44 45 4
45 46 8
46 47 3
47 48 10
48 49 10
49 50 9
50 51 9
51 52 10
52 53 2
53 54 9
54 55 4
55 56 10
56 57 1
57 58 6
58 59 1
59 60 1
60 61 9
61 62 3
62 63 5
63 64 4
64 65 8
65 66 10
66 67 5
67 68 1
68 69 10
69 70 8
70 71 2
71 72 8
72 73 2
73 74 10
74 75 9
75 76 3
76 77 9
77 78 7
78 79 8
79 80 7
80 81 4
81 82 6
82 83 5
83 84 4
84 85 3
85 86 6
86 87 3
87 88 9
88 89 3
89 90 7
90 91 2
91 92 7
92 93 4
93 94 3
94 95 1
95 96 8
96 97 9
97 98 7
98 99 6
99 100 8
100 101 2
101 102 7
102 103 2
103 104 10
104 105 9
105 106 2
106 107 3
107 108 3
108 109 2
109 110 10
110 111 3
111 112 3
112 113 3
113 114 5
114 115 3
115 116 7
116 117 5
117 118 3
118 119 8
119 120 10
120 121 3
121 122 7
122 123 8
123 124 4
124 125 6
125 126 8
126 127 8
127 128 1
128 129 5
129 130 8
130 131 5
131 132 6
132 133 3
133 134 8
134 135 9
135 136 5
136 137 2
137 138 1
138 139 7
139 140 10
140 141 9
141 142 10
142 143 2
143 144 1
144 145 9
145 146 9
146 147 5
147 148 2
148 149 2
149 150 2
150 151 1
151 152 8
152 153 2
153 154 1
154 155 4
155 156 8
156 157 3
157 158 6
158 159 8
159 160 2
160 161 4
161 162 8
162 163 9
163 164 6
164 165 9
165 166 10
166 167 5
167 168 7
168 169 1
169 170 1
170 171 6
171 172 1
172 173 7
173 174 1
174 175 10
175 176 3
176 177 6
177 178 6
178 179 1
179 180 3
180 181 6
181 182 4
182 183 1
183 184 2
184 185 1
185 186 1
186 187 3
187 188 8
188 189 7
189 190 7
190 191 2
191 192 7
192 193 8
193 194 10
194 195 1
195 196 1
196 197 10
197 198 1
198 199 7
199 200 7
200 201 7
201 202 5
202 203 7
203 204 10
204 205 3
205 206 5
206 207 6
207 208 4
208 209 10
209 210 4
210 211 5
211 212 10
212 213 2
213 214 1
214 215 8
215 216 1
216 217 6
217 218 2
218 219 4
219 220 10
220 221 3
221 222 9
222 223 6
223 224 9
224 225 4
225 226 10
226 227 10
227 228 9
228 229 4
229 230 7
230 231 2
231 232 10
232 233 5
233 234 7
234 235 6
235 236 5
236 237 7
237 238 7
238 239 7
239 240 2
240 241 8
241 242 3
242 243 3
243 244 1
244 245 4
245 246 10
246 247 3
247 248 4
248 249 8
249 250 9
250 251 6
251 252 6
252 253 7
253 254 9
254 255 2
255 256 2
256 257 8
257 258 2
258 259 4
259 260 7
260 261 5
261 262 4
262 263 2
263 264 2
264 265 4
265 266 3
266 267 10
267 268 6
268 269 3
269 270 9
270 271 8
271 272 3
272 273 6
273 274 8
274 275 4
275 276 4
276 277 3
277 278 4
278 279 8
279 280 7
280 281 6
281 282 9
282 283 3
283 284 2
284 285 2
285 286 1
286 287 8
287 288 9
288 289 1
289 290 2
290 291 3
291 292 5
292 293 4
293 294 9
294 295 10
295 296 9
296 297 5
297 298 9
298 299 4
299 300 5
300 301 1
301 302 6
302 303 2
303 304 1
304 305 1
305 306 7
306 307 1
307 308 5
308 309 9
309 310 6
310 311 7
311 312 1
312 313 5
313 314 7
314 315 3
315 316 2
316 317 5
317 318 4
318 319 8
319 320 9
320 321 6
321 322 9
322 323 10
323 324 3
324 325 6
325 326 7
326 327 4
327 328 9
328 329 7
329 330 10
330 331 7
331 332 2
332 333 6
333 334 4
334 335 8
335 336 10
336 337 8
337 338 2
338 339 6
339 340 8
340 341 5
341 342 6
342 343 4
343 344 10
344 345 2
345 346 10
346 347 3
347 348 10
348 349 8
349 350 9
350 351 5
351 352 7
352 353 5
353 354 5
354 355 10
355 356 4
356 357 7
357 358 10
358 359 2
359 360 8
360 361 1
361 362 1
362 363 1
363 364 5
364 365 5
365 366 8
366 367 9
367 368 2
368 369 1
369 370 10
370 371 10
371 372 9
372 373 10
373 374 7
374 375 7
375 376 7
376 377 3
377 378 6
378 379 10
379 380 2
380 381 7
381 382 6
382 383 1
383 384 7
384 385 6
385 386 10
386 387 1
387 388 2
388 389 5
389 390 3
390 391 1
391 392 1
392 393 5
393 394 1
394 395 6
395 396 8
396 397 5
397 398 1
398 399 10
399 400 10
400 401 4
401 402 6
402 403 9
403 404 10
404 405 9
405 406 8
406 407 7
407 408 2
408 409 7
409 410 4
410 411 2
411 412 5
412 413 9
413 414 10
414 415 9
415 416 5
416 417 4
417 418 3
418 419 8
419 420 1
420 421 9
421 422 3
422 423 10
423 424 6
424 425 10
425 426 10
426 427 7
427 428 3
428 429 9
429 430 8
430 431 5
431 432 2
432 433 3
433 434 1
434 435 2
435 436 10
436 437 8
437 438 5
438 439 3
439 440 2
440 441 7
441 442 6
442 443 8
443 444 9
444 445 8
445 446 7
446 447 3
447 448 10
448 449 3
449 450 10
450 451 4
451 452 1
452 453 7
453 454 3
454 455 1
455 456 9
456 457 7
457 458 2
458 459 3
459 460 7
460 461 7
461 462 2
462 463 9
463 464 4
464 465 3
465 466 3
466 467 9
467 468 4
468 469 1
469 470 3
470 471 8
471 472 2
472 473 8
473 474 3
474 475 6
475 476 4
476 477 7
477 478 10
478 479 8
479 480 1
480 481 6
481 482 1
482 483 4
483 484 6
484 485 4
485 486 5
486 487 7
487 488 9
488 489 10
489 490 7
490 491 2
491 492 3
492 493 2
493 494 5
494 495 4
495 496 3
496 497 6
497 498 1
498 499 2
499 500 8
500 501 1
501 502 8
502 503 6
503 504 4
504 505 10
505 506 1
506 507 8
507 508 4
508 509 9
509 510 7
510 511 3
511 512 8
512 513 6
513 514 2
514 515 7
515 516 7
516 517 5
517 518 5
518 519 8
519 520 2
520 521 10
521 522 10
522 523 1
523 524 5
524 525 5
525 526 10
526 527 5
527 528 7
528 529 8
529 530 10
530 531 2
531 532 6
532 533 4
533 534 9
534 535 6
535 536 1
536 537 3
537 538 5
538 539 10
539 540 10
540 541 5
541 542 6
542 543 1
543 544 10
544 545 8
545 546 8
546 547 2
547 548 5
548 549 10
549 550 8
550 551 7
551 552 1
552 553 5
553 554 9
554 555 8
555 556 7
556 557 6
557 558 7
558 559 7
559 560 6
560 561 4
561 562 4
562 563 4
563 564 5
564 565 1
565 566 3
566 567 5
567 568 3
568 569 7
569 570 5
570 571 5
571 572 8
572 573 7
573 574 2
574 575 4
575 576 8
576 577 10
577 578 3
578 579 7
579 580 3
580 581 3
581 582 6
582 583 8
583 584 7
584 585 8
585 586 7
586 587 5
587 588 6
588 589 6
589 590 2
590 591 8
591 592 4
592 593 3
593 594 7
594 595 5
595 596 10
596 597 6
597 598 2
598 599 5
599 600 3
600 601 9
601 602 10
602 603 3
603 604 10
604 605 1
605 606 9
606 607 2
607 608 7
608 609 9
609 610 1
610 611 7
611 612 1
612 613 3
613 614 9
614 615 6
615 616 9
616 617 6
617 618 2
618 619 4
619 620 7
620 621 2
621 622 8
622 623 2
623 624 3
624 625 8
625 626 6
626 627 1
627 628 10
628 629 6
629 630 1
630 631 2
631 632 10
632 633 8
633 634 9
634 635 9
635 636 8
636 637 3
637 638 4
638 639 8
639 640 9
640 641 8
641 642 10
642 643 5
643 644 1
644 645 2
645 646 2
646 647 4
647 648 6
648 649 6
649 650 4
650 651 1
651 652 4
652 653 1
653 654 9
654 655 2
655 656 8
656 657 9
657 658 2
658 659 4
659 660 8
660 661 10
661 662 3
662 663 10
663 664 3
664 665 6
665 666 5
666 667 10
667 668 7
668 669 10
669 670 9
670 671 4
671 672 8
672 673 10
673 674 6
674 675 4
675 676 9
676 677 3
677 678 5
678 679 7
679 680 10
680 681 2
681 682 9
682 683 3
683 684 4
684 685 9
685 686 9
686 687 6
687 688 5
688 689 6
689 690 3
690 691 10
691 692 9
692 693 9
693 694 9
694 695 6
695 696 9
696 697 5
697 698 6
698 699 3
699 700 10
700 701 10
701 702 10
702 703 10
703 704 1
704 705 4
705 706 10
706 707 5
707 708 8
708 709 3
709 710 7
710 711 6
711 712 5
712 713 1
713 714 5
714 715 5
715 716 3
716 717 10
717 718 10
718 719 10
719 720 6
720 721 2
721 722 2
722 723 1
723 724 2
724 725 7
725 726 2
726 727 9
727 728 6
728 729 3
729 730 8
730 731 7
731 732 2
732 733 9
733 734 9
734 735 4
735 736 1
736 737 1
737 738 7
738 739 4
739 740 1
740 741 3
741 742 5
742 743 5
743 744 8
744 745 6
745 746 5
746 747 1
747 748 3
748 749 6
749 750 2
750 751 3
751 752 5
752 753 10
753 754 2
754 755 8
755 756 4
756 757 3
757 758 2
758 759 9
759 760 5
760 761 4
761 762 6
762 763 1
763 764 5
764 765 10
765 766 8
766 767 2
767 768 3
768 769 3
769 770 3
770 771 10
771 772 3
772 773 1
773 774 5
774 775 3
775 776 4
776 777 1
777 778 4
778 779 8
779 780 9
780 781 1
781 782 3
782 783 3
783 784 4
784 785 9
785 786 3
786 787 4
787 788 5
788 789 6
789 790 6
790 791 9
791 792 2
792 793 5
793 794 1
794 795 8
795 796 9
796 797 2
797 798 8
798 799 5
799 800 2
800 801 6
801 802 4
802 803 2
803 804 8
804 805 6
805 806 5
806 807 10
807 808 2
808 809 5
809 810 7
810 811 6
811 812 10
812 813 8
813 814 10
814 815 3
815 816 3
816 817 5
817 818 4
818 819 1
819 820 1
820 821 1
821 822 4
822 823 2
823 824 8
824 825 1
825 826 6
826 827 2
827 828 7
828 829 7
829 830 9
830 831 5
831 832 10
832 833 6
833 834 9
834 835 5
835 836 2
836 837 4
837 838 1
838 839 10
839 840 8
840 841 1
841 842 6
842 843 6
843 844 1
844 845 7
845 846 10
846 847 9
847 848 10
848 849 1
849 850 4
850 851 8
851 852 7
852 853 7
853 854 9
854 855 4
855 856 2
856 857 6
857 858 8
858 859 10
859 860 7
860 861 2
861 862 2
862 863 1
863 864 7
864 865 5
865 866 2
866 867 4
867 868 8
868 869 8
869 870 7
870 871 4
871 872 5
872 873 4
873 874 1
874 875 1
875 876 1
876 877 4
877 878 5
878 879 5
879 880 4
880 881 2
881 882 4
882 883 1
883 884 3
884 885 1
885 886 2
886 887 7
887 888 10
888 889 10
889 890 3
890 891 5
891 892 3
892 893 4
893 894 2
894 895 2
895 896 4
896 897 4
897 898 6
898 899 5
899 900 10
900 901 5
901 902 6
902 903 7
903 904 9
904 905 4
905 906 2
906 907 6
907 908 5
908 909 1
909 910 9
910 911 1
911 912 9
912 913 7
913 914 6
914 915 10
915 916 1
916 917 10
917 918 5
918 919 6
919 920 8
920 921 2
921 922 2
922 923 9
923 924 7
924 925 6
925 926 9
926 927 2
927 928 9
928 929 10
929 930 7
930 931 5
931 932 3
932 933 9
933 934 8
934 935 6
935 936 7
936 937 10
937 938 4
938 939 8
939 940 6
940 941 6
941 942 10
942 943 4
943 944 9
944 945 9
945 946 7
946 947 5
947 948 10
948 949 5
949 950 7
950 951 8
951 952 8
952 953 6
953 954 2
954 955 7
955 956 4
956 957 2
957 958 9
958 959 4
959 960 1
960 961 3
961 962 4
962 963 4
963 964 5
964 965 5
965 966 4
966 967 1
967 968 9
968 969 6
969 970 8
970 971 5
971 972 9
972 973 8
973 974 9
974 975 5
975 976 1
976 977 2
977 978 3
978 979 3
979 980 6
980 981 9
981 982 7
982 983 2
983 984 7
984 985 9
985 986 10
986 987 3
987 988 1
988 989 6
989 990 5
990 991 5
991 992 3
992 993 8
993 994 3
994 995 7
995 996 5
996 997 1
997 998 7
998 999 8
999 1000 5
1000 1 8
1 765 5
1 121 9
1 77 5
77 55 1
77 17 4
77 11 6
77 4 4
4 2 4
4 10 9
10 7 4
7 5 1
12 14 8
12 15 9
17 51 10
51 35 2
35 30 7
30 26 5
26 21 9
20 18 3
21 25 3
30 28 10
30 27 5
34 31 4
34 32 10
35 46 1
35 37 3
38 42 10
42 40 6
38 44 5
35 48 9
35 47 6
35 50 1
55 74 6
74 68 5
74 57 4
74 56 10
74 67 1
67 58 7
58 65 10
65 60 4
60 64 5
61 63 7
68 71 6
68 72 5
68 73 2
55 75 8
55 76 3
1 110 3
110 99 9
110 98 5
110 87 1
87 81 10
87 84 10
84 82 3
87 85 3
87 97 9
97 91 4
97 88 8
97 89 7
97 90 6
91 94 3
91 93 6
94 96 3
110 107 1
107 104 8
104 102 5
104 100 7
104 101 5
104 106 7
110 108 5
1 120 2
1 112 1
1 111 3
1 116 5
1 115 4
1 117 3
1 119 3
1 118 9
121 748 3
121 703 8
703 202 1
202 133 2
133 126 6
126 122 9
126 124 5
127 130 4
127 129 1
127 132 1
202 198 3
202 145 1
202 143 2
143 138 1
143 134 4
143 136 3
143 137 3
138 141 5
202 144 9
145 169 8
169 149 10
149 157 2
157 150 10
150 155 2
155 152 5
152 154 8
149 168 2
149 162 4
162 160 4
160 158 2
149 165 7
165 163 5
165 167 7
145 174 2
145 171 3
171 173 1
145 187 5
145 186 6
145 177 10
177 175 2
145 184 6
145 183 3
145 181 4
181 179 2
145 182 2
145 185 5
145 196 4
196 193 3
196 188 1
196 192 3
192 189 5
192 190 5
193 195 9
145 197 7
199 201 3
703 658 10
658 496 7
658 420 10
658 244 10
658 211 6
658 209 7
658 205 8
658 204 5
658 203 5
205 207 9
211 235 3
211 213 2
213 234 7
213 226 3
226 217 1
226 215 5
226 222 1
226 221 1
221 219 3
225 223 4
226 229 8
226 228 9
231 233 10
211 239 4
239 237 10
239 242 10
242 240 5
239 243 3
658 272 5
272 253 7
253 248 10
248 246 7
248 251 6
248 250 6
253 256 7
253 262 5
262 260 4
262 259 8
259 257 2
262 264 1
264 269 4
264 268 8
268 266 9
268 265 4
272 384 4
384 323 6
323 280 4
280 277 1
277 274 1
277 273 10
277 275 5
323 298 1
298 295 9
295 288 4
288 286 5
288 284 10
288 283 8
288 282 10
295 290 2
295 289 2
290 293 9
293 291 1
290 294 3
295 297 2
323 312 3
312 310 8
310 303 5
310 300 6
310 302 10
310 304 2
304 306 2
304 309 4
309 307 8
312 321 1
321 316 8
321 313 4
316 318 2
318 320 9
312 322 9
323 369 6
323 334 1
334 325 9
334 332 10
334 327 10
334 326 6
334 331 2
334 328 1
323 365 9
323 361 10
361 351 2
361 348 5
361 341 2
361 335 5
335 339 5
335 337 9
335 338 5
341 344 8
348 350 9
351 353 3
351 358 9
351 357 3
356 354 2
323 363 9
323 364 10
323 367 1
323 366 7
323 368 1
323 371 4
323 370 9
371 373 2
373 383 1
373 378 8
378 374 7
374 376 2
373 380 8
373 379 7
380 382 2
272 401 2
272 389 5
272 386 9
272 388 10
272 387 9
272 397 5
396 391 3
